/*--------------------------------*- C++ -*----------------------------------*\
| =========                 |                                                 |
| \\      /  F ield         | OpenFOAM: The Open Source CFD Toolbox           |
|  \\    /   O peration     | Version:  2.4.0                                 |
|   \\  /    A nd           | Web:      www.OpenFOAM.org                      |
|    \\/     M anipulation  |                                                 |
\*---------------------------------------------------------------------------*/
FoamFile
{
    version     2.0;
    format      ascii;
    class       volVectorField;
    location    "0.07";
    object      U_0;
}
// * * * * * * * * * * * * * * * * * * * * * * * * * * * * * * * * * * * * * //

dimensions      [0 1 -1 0 0 0 0];

internalField   nonuniform List<vector> 
4400
(
(5.40403 0.316816 0)
(3.31643 0.0607319 0)
(2.58454 0.00136076 0)
(2.23237 -0.00181023 0)
(2.08661 -0.0018102 0)
(1.99462 -0.000535038 0)
(1.95837 -0.000191778 0)
(1.90192 0.000963373 0)
(1.91224 0.00148507 0)
(1.62236 -0.0598589 0)
(8.68326 0.85727 0)
(7.54537 0.344369 0)
(6.62786 0.116405 0)
(5.90809 0.0550514 0)
(5.53737 0.0260233 0)
(5.26304 0.0159218 0)
(5.1597 0.0101814 0)
(5.00544 0.00750348 0)
(5.05294 0.0224415 0)
(4.59821 -0.0883138 0)
(9.88589 0.937196 0)
(10.0008 0.476787 0)
(9.49037 0.214078 0)
(8.74439 0.128842 0)
(8.29873 0.0739769 0)
(7.89675 0.0465179 0)
(7.75697 0.02936 0)
(7.51243 0.0177546 0)
(7.6029 0.0389728 0)
(7.11638 -0.0759797 0)
(10.109 0.806778 0)
(11.13 0.496692 0)
(11.2743 0.268451 0)
(10.8095 0.19466 0)
(10.4864 0.128918 0)
(10.0607 0.0860982 0)
(9.94117 0.0566481 0)
(9.62721 0.0321189 0)
(9.75213 0.0526064 0)
(9.33262 -0.0533752 0)
(10.025 0.647041 0)
(11.3421 0.433513 0)
(11.996 0.251305 0)
(11.9365 0.213643 0)
(11.9188 0.162576 0)
(11.6259 0.120974 0)
(11.6111 0.0837073 0)
(11.2919 0.0519969 0)
(11.4587 0.0566222 0)
(11.1341 -0.0134324 0)
(9.9792 0.516459 0)
(11.2467 0.352796 0)
(12.0772 0.196899 0)
(12.2218 0.181459 0)
(12.4838 0.152058 0)
(12.4434 0.126858 0)
(12.5978 0.0970325 0)
(12.376 0.0634316 0)
(12.6189 0.0554851 0)
(12.4418 0.0396126 0)
(9.95043 0.402433 0)
(11.1812 0.275956 0)
(12.0233 0.146079 0)
(12.1977 0.13926 0)
(12.4788 0.113249 0)
(12.6951 0.106504 0)
(12.8892 0.0852293 0)
(12.8037 0.0632133 0)
(13.1274 0.027567 0)
(13.1462 0.0983626 0)
(9.92831 0.287535 0)
(11.2424 0.191363 0)
(11.9025 0.10671 0)
(12.1625 0.111668 0)
(12.4093 0.0583707 0)
(12.7637 0.0750132 0)
(12.8057 0.0716118 0)
(12.8909 0.0569249 0)
(13.2197 -0.0189244 0)
(13.2626 0.0831129 0)
(9.99771 0.171632 0)
(11.2111 0.105002 0)
(11.748 0.0829498 0)
(12.241 0.0648309 0)
(12.4536 0.015525 0)
(12.5911 0.0511581 0)
(12.7233 0.0605336 0)
(13.0187 0.0186436 0)
(13.2294 -0.0396589 0)
(13.1341 0.0129774 0)
(10.0436 0.054762 0)
(11.075 0.0337542 0)
(11.783 0.0383659 0)
(12.3103 0.0168007 0)
(12.3858 -0.0117085 0)
(12.4976 0.0311884 0)
(12.7894 0.0180665 0)
(13.043 -0.00258834 0)
(13.1422 -0.0576767 0)
(13.1448 -0.0493891 0)
(10.0144 -0.0510866 0)
(11.0599 -0.0532621 0)
(11.8819 -0.0090357 0)
(12.2425 -0.018137 0)
(12.3809 -0.0344464 0)
(12.5645 -0.00794857 0)
(12.7425 -0.0118712 0)
(13.026 -0.0252276 0)
(13.1705 -0.0778632 0)
(13.171 -0.092418 0)
(9.9984 -0.161463 0)
(11.1422 -0.142386 0)
(11.8763 -0.045957 0)
(12.1996 -0.0538401 0)
(12.4595 -0.0761403 0)
(12.5454 -0.0290811 0)
(12.7389 -0.0378159 0)
(13.0846 -0.0607242 0)
(13.1874 -0.0953538 0)
(13.0791 -0.0962034 0)
(10.0447 -0.276302 0)
(11.161 -0.225274 0)
(11.8872 -0.0818789 0)
(12.219 -0.0992998 0)
(12.4929 -0.103217 0)
(12.549 -0.054706 0)
(12.8352 -0.0770183 0)
(13.089 -0.0871383 0)
(13.141 -0.0942721 0)
(13.096 -0.135697 0)
(10.071 -0.396467 0)
(11.1545 -0.295149 0)
(11.9663 -0.126854 0)
(12.2449 -0.140354 0)
(12.5332 -0.139799 0)
(12.5866 -0.086117 0)
(12.8772 -0.104269 0)
(12.956 -0.103289 0)
(13.0247 -0.108446 0)
(12.9388 -0.176947 0)
(10.051 -0.517155 0)
(11.2163 -0.361652 0)
(12.0425 -0.182705 0)
(12.2721 -0.18685 0)
(12.458 -0.1706 0)
(12.4279 -0.110405 0)
(12.5677 -0.118876 0)
(12.4404 -0.10759 0)
(12.4487 -0.109141 0)
(12.2005 -0.175998 0)
(10.0686 -0.647748 0)
(11.3068 -0.436949 0)
(11.9842 -0.243689 0)
(11.9757 -0.21842 0)
(11.866 -0.17537 0)
(11.6376 -0.108867 0)
(11.5688 -0.105188 0)
(11.2949 -0.0887559 0)
(11.2356 -0.0940076 0)
(10.877 -0.151569 0)
(10.1329 -0.807787 0)
(11.1023 -0.498363 0)
(11.275 -0.264632 0)
(10.8347 -0.1977 0)
(10.4332 -0.137629 0)
(10.0751 -0.078656 0)
(9.89777 -0.0732068 0)
(9.58606 -0.0612288 0)
(9.50366 -0.0719015 0)
(9.09349 -0.103235 0)
(9.89646 -0.93744 0)
(9.98231 -0.477251 0)
(9.49543 -0.212612 0)
(8.75796 -0.13008 0)
(8.25565 -0.0796755 0)
(7.90503 -0.0421929 0)
(7.71817 -0.0402824 0)
(7.44414 -0.0355066 0)
(7.36434 -0.0451721 0)
(6.94518 -0.05999 0)
(8.68797 -0.857405 0)
(7.53569 -0.344654 0)
(6.63092 -0.116141 0)
(5.91399 -0.0550498 0)
(5.50902 -0.0291352 0)
(5.26362 -0.0139649 0)
(5.12921 -0.0150693 0)
(4.93752 -0.015271 0)
(4.86901 -0.0197643 0)
(4.51692 -0.0264319 0)
(5.4047 -0.316777 0)
(3.31409 -0.0607323 0)
(2.58391 -0.00144539 0)
(2.23465 0.00221907 0)
(2.07554 0.000942684 0)
(1.99093 0.00116668 0)
(1.94432 -0.00016746 0)
(1.86939 -0.00104587 0)
(1.83033 -0.000796418 0)
(1.6647 0.00852983 0)
(2.65054 0.0876244 0)
(2.42742 0.341307 0)
(3.50473 0.680095 0)
(4.75726 1.33225 0)
(6.27025 1.1359 0)
(7.11697 0.648703 0)
(7.48681 -0.0378703 0)
(7.64902 -0.514716 0)
(7.77511 -0.685613 0)
(8.04988 -1.43397 0)
(8.97797 -2.38523 0)
(9.68869 -2.53678 0)
(10.2557 -2.9329 0)
(11.5173 -3.8901 0)
(11.2313 -3.92434 0)
(10.7015 -3.14352 0)
(10.7648 -2.75981 0)
(10.0596 -1.94796 0)
(9.60882 -0.183132 0)
(9.94974 0.789976 0)
(10.1091 1.05206 0)
(10.6283 1.11834 0)
(11.0898 0.968245 0)
(10.797 0.758845 0)
(11.1513 -0.273889 0)
(11.1629 -0.830809 0)
(10.9763 -1.04046 0)
(11.5044 -2.56217 0)
(11.1892 -3.64054 0)
(10.2149 -3.77871 0)
(9.96094 -4.91116 0)
(9.42172 -6.00397 0)
(7.79566 -5.29645 0)
(6.15196 -4.37218 0)
(5.06066 -5.21138 0)
(5.17585 -6.79955 0)
(4.92977 -7.87574 0)
(6.35026 -7.14392 0)
(5.92758 -6.13189 0)
(6.38968 -4.34794 0)
(7.04453 -2.78026 0)
(7.39247 -1.00075 0)
(7.9818 0.872084 0)
(8.47649 3.05604 0)
(8.50536 4.37563 0)
(8.29424 5.15427 0)
(8.79654 6.00406 0)
(9.04557 7.40109 0)
(9.69948 7.90809 0)
(8.75023 8.05211 0)
(9.0631 6.85252 0)
(7.83224 6.13543 0)
(7.88284 4.27323 0)
(6.71425 4.01088 0)
(7.34256 1.98444 0)
(6.94408 1.71718 0)
(7.3735 -0.979393 0)
(7.084 -0.923012 0)
(7.102 -2.93815 0)
(6.71874 -1.82938 0)
(6.60627 -2.92821 0)
(6.13371 -1.36898 0)
(6.28385 -2.24866 0)
(5.93126 -0.52359 0)
(6.14252 -1.66766 0)
(5.87327 0.00116858 0)
(6.04271 -1.14418 0)
(5.80425 0.171761 0)
(5.99195 -0.883235 0)
(5.73867 0.45686 0)
(5.92988 -0.822122 0)
(5.78414 0.497346 0)
(5.92275 -0.546301 0)
(5.71839 0.570953 0)
(5.97936 -0.526453 0)
(5.79435 0.671564 0)
(5.9286 -0.315824 0)
(5.78094 0.667645 0)
(6.03147 -0.224676 0)
(5.82029 0.768154 0)
(5.9722 -0.0151256 0)
(5.80932 0.780817 0)
(6.08456 0.107158 0)
(5.84063 0.871625 0)
(6.03504 0.411532 0)
(5.87619 0.917754 0)
(6.05109 0.582556 0)
(5.98988 1.08215 0)
(6.05572 0.889499 0)
(6.00781 1.2981 0)
(5.97563 1.10569 0)
(6.03119 1.60951 0)
(5.86523 1.5008 0)
(5.81148 2.09684 0)
(6.10194 1.9956 0)
(5.84107 2.98886 0)
(6.53979 2.69585 0)
(6.01784 4.47412 0)
(7.06217 4.86551 0)
(3.92953 9.0078 0)
(5.22005 0.205664 0)
(4.92753 0.350801 0)
(5.13689 0.394038 0)
(5.78864 0.744695 0)
(6.84804 0.653002 0)
(7.61029 0.418379 0)
(8.22348 -0.163265 0)
(8.54045 -0.709772 0)
(9.14084 -0.90875 0)
(10.0133 -1.56832 0)
(10.8126 -2.62818 0)
(11.3206 -2.8486 0)
(11.7254 -3.08511 0)
(12.6305 -3.94509 0)
(12.1757 -3.78053 0)
(11.2818 -2.98324 0)
(11.3862 -2.68648 0)
(10.5512 -1.83563 0)
(10.0493 -0.183266 0)
(10.5226 0.707902 0)
(10.6198 1.00536 0)
(11.0373 0.99026 0)
(11.2814 0.901093 0)
(10.91 0.761882 0)
(11.2675 -0.289594 0)
(11.244 -0.856213 0)
(11.0288 -1.11917 0)
(11.3888 -2.52677 0)
(10.9364 -3.3753 0)
(10.0667 -3.59519 0)
(9.94843 -4.8124 0)
(9.30406 -5.57327 0)
(7.55185 -4.60836 0)
(5.77785 -3.79615 0)
(4.71003 -4.96508 0)
(4.54751 -6.83139 0)
(4.39918 -7.9913 0)
(5.49949 -7.28237 0)
(4.87092 -6.17987 0)
(5.50211 -4.49096 0)
(6.08143 -3.08741 0)
(6.60945 -1.11866 0)
(7.09447 0.695846 0)
(7.53191 2.94644 0)
(7.79859 4.2937 0)
(7.51201 5.15127 0)
(8.1842 5.79483 0)
(8.37841 7.23148 0)
(9.44932 7.83157 0)
(8.56776 8.15463 0)
(8.94299 6.92654 0)
(7.87648 6.35236 0)
(8.37562 4.43133 0)
(7.38631 4.21255 0)
(7.67788 1.96517 0)
(7.41589 1.75592 0)
(7.81163 -1.05261 0)
(7.5311 -0.851055 0)
(7.47347 -2.93867 0)
(7.12144 -1.69047 0)
(6.90423 -2.85294 0)
(6.37521 -1.17326 0)
(6.36417 -2.24314 0)
(5.92338 -0.346675 0)
(5.92872 -1.7398 0)
(5.78428 0.151969 0)
(5.80509 -1.26712 0)
(5.59716 0.347946 0)
(5.80215 -1.03839 0)
(5.59933 0.617792 0)
(5.74897 -1.01268 0)
(5.61426 0.676866 0)
(5.8808 -0.750411 0)
(5.56891 0.727142 0)
(5.9632 -0.757302 0)
(5.7032 0.853993 0)
(6.04084 -0.567008 0)
(5.71771 0.816775 0)
(6.20334 -0.4629 0)
(5.8691 0.954155 0)
(6.20412 -0.280819 0)
(5.9324 0.95138 0)
(6.3132 -0.126682 0)
(6.07287 1.09542 0)
(6.17109 0.137796 0)
(6.09701 1.1193 0)
(6.12855 0.346086 0)
(6.16182 1.33032 0)
(5.96065 0.624641 0)
(6.11345 1.51158 0)
(6.03982 0.920839 0)
(6.00711 1.84246 0)
(6.24365 1.2601 0)
(6.14216 2.35312 0)
(6.28972 1.82521 0)
(5.92427 3.41771 0)
(6.39365 2.65845 0)
(4.92906 4.78482 0)
(8.61192 4.04819 0)
(6.40065 9.37603 0)
(7.49028 0.176258 0)
(7.41645 0.270693 0)
(7.41256 0.28031 0)
(7.90272 0.50469 0)
(8.5181 0.441211 0)
(9.04602 0.216771 0)
(9.8561 -0.327968 0)
(10.2276 -0.855712 0)
(10.7298 -1.30641 0)
(11.7175 -1.97844 0)
(12.3148 -2.85569 0)
(12.5414 -3.11981 0)
(12.7882 -3.23362 0)
(13.2399 -3.95597 0)
(12.6731 -3.59915 0)
(11.7635 -2.68215 0)
(11.7987 -2.49676 0)
(11.0207 -1.61489 0)
(10.3921 -0.121195 0)
(10.7253 0.601628 0)
(10.8031 0.934279 0)
(11.2855 0.929087 0)
(11.3353 0.8881 0)
(10.97 0.718083 0)
(11.3455 -0.29331 0)
(11.1762 -0.796068 0)
(10.9361 -1.22318 0)
(11.2827 -2.4712 0)
(10.7596 -3.06528 0)
(10.0261 -3.38266 0)
(9.95701 -4.59367 0)
(9.11437 -5.06409 0)
(7.20162 -3.86792 0)
(5.4153 -3.18095 0)
(4.27056 -4.65598 0)
(3.907 -6.81189 0)
(3.76436 -8.02 0)
(4.52963 -7.36608 0)
(4.00472 -6.21028 0)
(4.85656 -4.63977 0)
(5.10275 -3.41936 0)
(5.69859 -1.21484 0)
(6.12578 0.526246 0)
(6.56925 2.83487 0)
(6.84988 4.20008 0)
(6.77238 5.07913 0)
(7.56059 5.58792 0)
(7.6396 6.99008 0)
(8.96206 7.69503 0)
(8.35259 8.25766 0)
(8.80647 6.97952 0)
(7.92667 6.51269 0)
(8.33285 4.44124 0)
(7.92722 4.31761 0)
(8.09261 2.02542 0)
(7.81583 1.77377 0)
(8.17398 -1.08318 0)
(7.95459 -0.747085 0)
(7.71196 -2.84831 0)
(7.32928 -1.53156 0)
(7.12699 -2.7665 0)
(6.58824 -1.03267 0)
(6.66916 -2.22714 0)
(6.11302 -0.173553 0)
(6.16207 -1.80288 0)
(5.92871 0.281771 0)
(5.90669 -1.31462 0)
(5.67289 0.454947 0)
(5.86271 -1.14061 0)
(5.61499 0.767016 0)
(5.7482 -1.1326 0)
(5.61037 0.789605 0)
(5.83581 -0.863051 0)
(5.51899 0.877609 0)
(5.91581 -0.946123 0)
(5.61512 1.01568 0)
(6.02476 -0.727088 0)
(5.60104 0.973872 0)
(6.27243 -0.707569 0)
(5.75318 1.14569 0)
(6.38894 -0.490502 0)
(5.87463 1.10876 0)
(6.7463 -0.396637 0)
(6.06475 1.29579 0)
(6.84731 -0.0574026 0)
(6.25844 1.32964 0)
(7.03314 0.113056 0)
(6.36545 1.53647 0)
(6.9967 0.533433 0)
(6.25615 1.70654 0)
(6.72662 0.738472 0)
(6.09312 1.98491 0)
(6.70413 0.995763 0)
(6.0364 2.44695 0)
(7.09521 1.33724 0)
(6.29622 3.33373 0)
(8.81885 2.43909 0)
(5.64085 5.19357 0)
(9.34439 3.48568 0)
(7.03439 9.60272 0)
(9.50049 0.192254 0)
(9.65159 0.21025 0)
(9.48616 0.137424 0)
(9.96633 0.280457 0)
(10.5132 0.305547 0)
(10.8706 0.0418713 0)
(11.583 -0.601206 0)
(11.9085 -0.990983 0)
(12.4325 -1.51277 0)
(13.189 -2.25522 0)
(13.4431 -2.88891 0)
(13.3906 -3.23124 0)
(13.5045 -3.28733 0)
(13.6409 -3.73307 0)
(12.7636 -3.33039 0)
(11.9791 -2.4557 0)
(11.7943 -2.36469 0)
(10.9803 -1.45814 0)
(10.5355 -0.0390243 0)
(10.7423 0.543197 0)
(10.7422 0.844882 0)
(11.2407 0.88467 0)
(11.254 0.936518 0)
(11.0651 0.704392 0)
(11.3878 -0.211955 0)
(11.0682 -0.696559 0)
(10.967 -1.2758 0)
(11.1797 -2.38175 0)
(10.5467 -2.81026 0)
(9.94154 -3.23582 0)
(9.90374 -4.38318 0)
(8.86127 -4.48681 0)
(6.76754 -3.11133 0)
(4.90294 -2.60965 0)
(3.82492 -4.38437 0)
(3.25746 -6.74248 0)
(3.07377 -8.04576 0)
(3.54793 -7.43249 0)
(3.32825 -6.28467 0)
(4.31905 -4.77963 0)
(3.9967 -3.66846 0)
(4.69083 -1.30405 0)
(5.07901 0.363758 0)
(5.43589 2.73807 0)
(5.99044 4.01303 0)
(5.7922 4.96268 0)
(6.87399 5.35399 0)
(6.93773 6.72765 0)
(8.46089 7.4494 0)
(8.16904 8.22751 0)
(8.66285 7.03155 0)
(7.92893 6.61897 0)
(8.1358 4.36097 0)
(7.84073 4.31105 0)
(8.3004 1.95796 0)
(8.24133 1.81295 0)
(8.34814 -1.14214 0)
(8.32009 -0.635361 0)
(7.73901 -2.75001 0)
(7.38353 -1.33547 0)
(6.99666 -2.67687 0)
(6.4735 -0.831144 0)
(6.50357 -2.24287 0)
(6.06516 0.0375168 0)
(6.03957 -1.89339 0)
(5.88508 0.434368 0)
(5.94451 -1.40723 0)
(5.55376 0.594719 0)
(5.98671 -1.29891 0)
(5.55818 0.936209 0)
(5.8259 -1.30884 0)
(5.51993 0.927391 0)
(6.01322 -1.04261 0)
(5.39126 1.04305 0)
(6.05387 -1.16354 0)
(5.5052 1.1841 0)
(6.205 -0.952889 0)
(5.40289 1.14493 0)
(6.42602 -0.967071 0)
(5.56762 1.36425 0)
(6.58864 -0.807707 0)
(5.60411 1.28673 0)
(7.00458 -0.71783 0)
(5.84397 1.55194 0)
(7.25248 -0.476712 0)
(6.11284 1.53018 0)
(7.75353 -0.2544 0)
(6.50547 1.80427 0)
(7.96032 0.140838 0)
(6.7809 2.07472 0)
(7.98604 0.534962 0)
(6.73819 2.4155 0)
(7.59165 0.885187 0)
(5.97174 2.98301 0)
(7.30248 1.11353 0)
(4.90655 3.56809 0)
(8.91673 1.61338 0)
(5.88387 5.17991 0)
(11.5311 2.22618 0)
(8.82046 8.76741 0)
(11.1266 0.168364 0)
(11.4586 0.110526 0)
(11.4143 0.0505706 0)
(11.7536 0.0887 0)
(12.1155 0.104169 0)
(12.4926 -0.106608 0)
(13.1323 -0.783247 0)
(13.1579 -1.1177 0)
(13.7185 -1.69256 0)
(14.1854 -2.48998 0)
(14.0551 -2.89014 0)
(13.9953 -3.23853 0)
(13.8018 -3.30022 0)
(13.6503 -3.4828 0)
(12.633 -3.06591 0)
(12.1184 -2.248 0)
(12.0526 -2.08632 0)
(11.0113 -1.20934 0)
(10.5786 0.0627163 0)
(10.6829 0.525546 0)
(10.6139 0.768308 0)
(11.0882 0.852855 0)
(11.1464 0.89879 0)
(11.1806 0.600902 0)
(11.3605 -0.135663 0)
(10.9692 -0.572668 0)
(10.9601 -1.32213 0)
(10.9663 -2.27617 0)
(10.2678 -2.51126 0)
(9.83607 -3.07537 0)
(9.72224 -4.16092 0)
(8.60223 -3.86772 0)
(6.41651 -2.28521 0)
(4.57372 -1.99352 0)
(3.42872 -4.00742 0)
(2.67512 -6.60706 0)
(2.38604 -8.00798 0)
(2.60117 -7.52293 0)
(2.62928 -6.36946 0)
(3.53915 -4.89541 0)
(2.74826 -3.77998 0)
(3.59995 -1.34092 0)
(3.87357 0.139313 0)
(4.34291 2.63214 0)
(4.91227 3.81854 0)
(4.92492 4.77979 0)
(6.12095 5.06085 0)
(6.19894 6.4419 0)
(7.64525 7.08071 0)
(7.77645 8.16304 0)
(8.437 7.03081 0)
(8.03239 6.77691 0)
(8.28381 4.50053 0)
(8.07186 4.35766 0)
(8.28696 1.8494 0)
(8.73526 1.80187 0)
(8.46331 -1.14426 0)
(8.60763 -0.508844 0)
(7.86608 -2.5763 0)
(7.64287 -1.13036 0)
(7.06912 -2.5056 0)
(6.69427 -0.648764 0)
(6.34881 -2.19927 0)
(6.20525 0.211407 0)
(5.83793 -1.92172 0)
(5.9306 0.55088 0)
(5.77142 -1.4033 0)
(5.57881 0.692801 0)
(5.73214 -1.3899 0)
(5.60913 1.09466 0)
(5.55266 -1.42005 0)
(5.50671 1.01574 0)
(5.78421 -1.12386 0)
(5.37364 1.1843 0)
(5.75764 -1.35395 0)
(5.47904 1.3191 0)
(5.94614 -1.08065 0)
(5.32323 1.28429 0)
(6.13449 -1.21779 0)
(5.49672 1.53881 0)
(6.3539 -1.0083 0)
(5.42465 1.45201 0)
(6.76927 -1.05949 0)
(5.67046 1.76622 0)
(7.24038 -0.822071 0)
(5.79854 1.69319 0)
(8.03566 -0.795544 0)
(6.26375 2.02121 0)
(9.11457 -0.374132 0)
(6.62674 2.19573 0)
(10.3768 -0.0945407 0)
(7.30017 2.51399 0)
(11.7004 0.634291 0)
(6.87132 3.14963 0)
(12.1655 1.34904 0)
(5.67636 3.93968 0)
(10.9987 1.60573 0)
(5.10943 5.74582 0)
(9.53149 1.26453 0)
(9.00216 8.21229 0)
(12.4243 0.143029 0)
(12.6225 -0.105139 0)
(12.7021 -0.152931 0)
(13.1474 -0.0115556 0)
(13.3157 0.00844695 0)
(13.6569 -0.209439 0)
(14.189 -0.876672 0)
(14.0173 -1.21957 0)
(14.5326 -1.80894 0)
(14.7776 -2.52242 0)
(14.2889 -2.78573 0)
(14.2473 -3.20149 0)
(13.7713 -3.21195 0)
(13.4285 -3.13513 0)
(12.6788 -2.7811 0)
(12.159 -2.12182 0)
(12.1751 -1.89541 0)
(11.1713 -1.01946 0)
(10.8347 0.159487 0)
(11.0575 0.556524 0)
(10.9313 0.738768 0)
(10.9937 0.839283 0)
(10.9021 0.854188 0)
(11.0295 0.530064 0)
(11.0925 -0.0118359 0)
(10.8437 -0.460769 0)
(10.8749 -1.32105 0)
(10.562 -2.09757 0)
(9.81304 -2.30259 0)
(9.64655 -2.97773 0)
(9.59779 -3.86874 0)
(8.23424 -3.22502 0)
(6.02515 -1.49794 0)
(4.20939 -1.3771 0)
(3.04241 -3.6312 0)
(2.10771 -6.40174 0)
(1.64763 -7.92237 0)
(1.70843 -7.5737 0)
(1.78918 -6.43695 0)
(2.46753 -4.95436 0)
(1.40821 -3.76147 0)
(2.50862 -1.4421 0)
(2.57245 -0.125761 0)
(3.13804 2.56668 0)
(3.89015 3.53622 0)
(3.91345 4.56422 0)
(5.35581 4.73782 0)
(5.55661 6.24357 0)
(7.02148 6.63357 0)
(7.37995 7.93607 0)
(8.24472 6.82493 0)
(8.03277 6.81011 0)
(8.25809 4.45138 0)
(8.38147 4.34778 0)
(8.52295 1.72723 0)
(8.93476 1.79946 0)
(8.70957 -1.11739 0)
(8.69619 -0.34134 0)
(8.02974 -2.42855 0)
(7.64206 -0.911063 0)
(7.22673 -2.40345 0)
(6.69402 -0.427435 0)
(6.51658 -2.19693 0)
(6.17012 0.390911 0)
(6.06157 -1.96324 0)
(5.81529 0.671138 0)
(5.96526 -1.47974 0)
(5.53847 0.839585 0)
(5.85483 -1.56239 0)
(5.54919 1.2555 0)
(5.75562 -1.53485 0)
(5.39382 1.12774 0)
(5.94761 -1.28294 0)
(5.32683 1.37425 0)
(5.8215 -1.54892 0)
(5.37712 1.45921 0)
(6.05381 -1.24508 0)
(5.19916 1.47636 0)
(6.10681 -1.45975 0)
(5.34502 1.72725 0)
(6.33021 -1.21474 0)
(5.16876 1.67602 0)
(6.58014 -1.33133 0)
(5.31444 2.00206 0)
(7.03395 -1.05712 0)
(5.13408 2.03037 0)
(7.55255 -1.10535 0)
(5.28171 2.3069 0)
(8.75446 -0.723705 0)
(5.18635 2.54123 0)
(10.0911 -0.644169 0)
(5.67154 2.73999 0)
(12.31 -0.0401377 0)
(6.44462 3.33312 0)
(14.0413 0.473799 0)
(7.71552 4.20901 0)
(14.2866 0.874405 0)
(8.60417 5.86763 0)
(11.502 1.434 0)
(8.92998 7.28355 0)
(13.2658 0.114534 0)
(13.4058 -0.239582 0)
(13.3453 -0.386655 0)
(13.6509 -0.165788 0)
(13.8379 -0.108221 0)
(14.1986 -0.31728 0)
(14.5577 -0.929063 0)
(14.5286 -1.30778 0)
(14.8475 -1.86563 0)
(14.7938 -2.50425 0)
(14.2725 -2.73392 0)
(14.253 -3.09924 0)
(13.6839 -2.99382 0)
(13.1738 -2.86696 0)
(12.9207 -2.66088 0)
(12.4716 -2.01288 0)
(12.4097 -1.67619 0)
(11.6027 -0.866828 0)
(11.2658 0.132909 0)
(11.464 0.508965 0)
(11.2452 0.801167 0)
(10.8937 1.00901 0)
(10.7881 0.845589 0)
(10.9254 0.420472 0)
(10.758 0.0383954 0)
(10.5853 -0.436925 0)
(10.5244 -1.2629 0)
(10.0594 -1.87183 0)
(9.4357 -2.18244 0)
(9.519 -2.98711 0)
(9.42601 -3.56512 0)
(7.9315 -2.48906 0)
(5.62072 -0.674371 0)
(3.84923 -0.792712 0)
(2.71051 -3.21604 0)
(1.64023 -6.11134 0)
(0.958745 -7.76415 0)
(0.905321 -7.6197 0)
(0.882062 -6.49572 0)
(1.32103 -4.88027 0)
(0.250678 -3.7221 0)
(1.44414 -1.54691 0)
(1.25118 -0.394076 0)
(2.0124 2.43347 0)
(2.81311 3.27882 0)
(2.8652 4.2846 0)
(4.48052 4.21543 0)
(4.84358 6.0749 0)
(5.95678 6.09131 0)
(6.65445 7.70989 0)
(7.6548 6.52586 0)
(8.10357 6.77088 0)
(8.20925 4.36367 0)
(8.60197 4.27999 0)
(8.69792 1.63175 0)
(9.12169 1.82884 0)
(8.60165 -1.08101 0)
(8.81817 -0.169087 0)
(7.7426 -2.25235 0)
(7.61892 -0.688838 0)
(6.8916 -2.25432 0)
(6.69022 -0.220242 0)
(6.23234 -2.15142 0)
(6.24551 0.544065 0)
(5.82371 -1.95129 0)
(5.87546 0.760553 0)
(5.71826 -1.50638 0)
(5.64902 0.928542 0)
(5.60654 -1.63993 0)
(5.59649 1.34957 0)
(5.58145 -1.60421 0)
(5.43337 1.18889 0)
(5.66995 -1.4005 0)
(5.40412 1.49453 0)
(5.59553 -1.69923 0)
(5.37759 1.53985 0)
(5.83892 -1.36923 0)
(5.25687 1.59845 0)
(5.83426 -1.67489 0)
(5.3575 1.83591 0)
(6.11657 -1.37696 0)
(5.21638 1.76829 0)
(6.23698 -1.58776 0)
(5.36322 2.07743 0)
(6.60116 -1.25577 0)
(5.18706 2.06701 0)
(6.73243 -1.40672 0)
(5.38082 2.29437 0)
(7.27995 -0.952566 0)
(5.02358 2.63684 0)
(7.33724 -1.08736 0)
(5.16239 3.01042 0)
(8.29623 -0.573848 0)
(5.68507 3.79643 0)
(9.26332 -0.367809 0)
(7.04264 4.76656 0)
(11.501 0.184181 0)
(9.10171 6.0169 0)
(13.3096 1.99929 0)
(9.95841 6.52764 0)
(13.5015 0.106641 0)
(13.8139 -0.286082 0)
(13.5905 -0.428947 0)
(13.4832 -0.185444 0)
(13.7254 -0.252444 0)
(14.15 -0.431305 0)
(14.386 -0.989005 0)
(14.5457 -1.42922 0)
(14.6968 -1.87742 0)
(14.4834 -2.406 0)
(14.2207 -2.5999 0)
(14.0504 -2.95921 0)
(13.5893 -2.81242 0)
(13.2749 -2.65818 0)
(13.2013 -2.58477 0)
(12.6501 -1.94718 0)
(12.554 -1.5598 0)
(12.1691 -0.773959 0)
(11.6257 0.24078 0)
(11.6414 0.602694 0)
(11.4649 0.892723 0)
(10.9464 1.11184 0)
(10.9284 0.832823 0)
(10.7084 0.470702 0)
(10.2844 0.176833 0)
(10.2606 -0.374136 0)
(10.1076 -1.19121 0)
(9.66115 -1.74409 0)
(9.43394 -2.13124 0)
(9.61469 -2.91028 0)
(9.22632 -3.17933 0)
(7.53801 -1.7502 0)
(5.21876 0.122359 0)
(3.58057 -0.210573 0)
(2.48306 -2.7652 0)
(1.30315 -5.73081 0)
(0.372383 -7.57261 0)
(0.154315 -7.62738 0)
(0.0660858 -6.52908 0)
(0.387273 -4.77182 0)
(-0.618958 -3.68984 0)
(0.546598 -1.72394 0)
(0.0347762 -0.58303 0)
(0.971572 2.27217 0)
(1.67045 2.90566 0)
(2.15422 4.04298 0)
(3.48942 3.61822 0)
(4.39614 5.99633 0)
(5.27692 5.63154 0)
(6.1671 7.38293 0)
(6.91053 5.98219 0)
(7.92472 6.632 0)
(7.96936 4.16887 0)
(8.57978 4.14307 0)
(8.42236 1.49536 0)
(9.19964 1.84073 0)
(8.39911 -1.0448 0)
(8.78117 0.0396294 0)
(7.60553 -2.04469 0)
(7.66666 -0.46687 0)
(6.92553 -2.09524 0)
(6.74826 -0.0493074 0)
(6.26832 -2.09651 0)
(6.25385 0.676226 0)
(5.83982 -1.93943 0)
(5.83868 0.854869 0)
(5.77206 -1.54058 0)
(5.58295 1.04814 0)
(5.6646 -1.73581 0)
(5.53326 1.471 0)
(5.64347 -1.68059 0)
(5.3755 1.30494 0)
(5.6802 -1.53405 0)
(5.36449 1.65485 0)
(5.65053 -1.81592 0)
(5.27778 1.64854 0)
(5.81707 -1.52247 0)
(5.22099 1.79179 0)
(5.80273 -1.87788 0)
(5.2181 1.96181 0)
(6.0902 -1.5538 0)
(5.11991 2.00802 0)
(6.13589 -1.87398 0)
(5.18851 2.23682 0)
(6.54596 -1.4961 0)
(5.11622 2.34317 0)
(6.65169 -1.7677 0)
(5.22195 2.42327 0)
(7.1803 -1.27659 0)
(5.33176 2.89797 0)
(7.23113 -1.4765 0)
(5.60717 2.97569 0)
(7.56977 -1.19994 0)
(6.32218 3.93124 0)
(7.6143 -1.10217 0)
(6.86742 4.98154 0)
(9.02585 -0.550619 0)
(8.09234 5.73097 0)
(12.0731 1.73145 0)
(10.7869 5.98375 0)
(13.5333 0.0375823 0)
(13.7793 -0.281241 0)
(13.3083 -0.284369 0)
(13.3173 -0.147704 0)
(13.7247 -0.414992 0)
(14.0897 -0.559966 0)
(14.3302 -1.06899 0)
(14.4031 -1.5008 0)
(14.4439 -1.80156 0)
(14.1907 -2.36801 0)
(14.1251 -2.56516 0)
(13.8887 -2.79183 0)
(13.5241 -2.71722 0)
(13.4224 -2.62025 0)
(13.2204 -2.53915 0)
(12.7109 -1.82672 0)
(12.5468 -1.39401 0)
(12.1092 -0.645045 0)
(11.5933 0.35008 0)
(11.8135 0.638227 0)
(11.3383 1.02165 0)
(10.692 1.27349 0)
(10.8532 0.935424 0)
(10.4317 0.628749 0)
(10.0572 0.273805 0)
(10.036 -0.357626 0)
(9.80843 -1.07436 0)
(9.58519 -1.63384 0)
(9.52043 -2.15381 0)
(9.56304 -2.80367 0)
(8.92727 -2.66164 0)
(7.0591 -0.927354 0)
(4.79368 0.89075 0)
(3.37066 0.342174 0)
(2.35793 -2.31195 0)
(1.11173 -5.29611 0)
(-0.0856102 -7.30155 0)
(-0.533581 -7.55831 0)
(-0.61133 -6.47951 0)
(-0.391455 -4.72268 0)
(-1.19493 -3.69546 0)
(-0.221038 -1.84478 0)
(-1.06402 -0.656319 0)
(0.0244213 2.04548 0)
(0.633592 2.62892 0)
(1.04632 3.69151 0)
(2.44448 2.81813 0)
(3.69751 5.84298 0)
(3.9988 4.9516 0)
(5.43123 7.24461 0)
(5.83853 5.45183 0)
(7.60116 6.49845 0)
(7.45422 3.95565 0)
(8.53434 4.07821 0)
(8.21485 1.44242 0)
(9.06106 1.83041 0)
(8.27478 -0.945682 0)
(8.59684 0.244945 0)
(7.53621 -1.872 0)
(7.60884 -0.312617 0)
(6.84031 -1.93325 0)
(6.70673 0.0965464 0)
(6.20027 -1.98977 0)
(6.22247 0.781831 0)
(5.81766 -1.85027 0)
(5.85252 0.905813 0)
(5.71274 -1.50517 0)
(5.67403 1.09773 0)
(5.56534 -1.73436 0)
(5.59562 1.48199 0)
(5.56366 -1.68003 0)
(5.44037 1.34377 0)
(5.53737 -1.59597 0)
(5.43992 1.69109 0)
(5.52621 -1.89662 0)
(5.33016 1.71692 0)
(5.62804 -1.65001 0)
(5.30256 1.86075 0)
(5.65971 -1.99722 0)
(5.25069 2.059 0)
(5.85301 -1.73166 0)
(5.23557 2.0795 0)
(5.91173 -2.04036 0)
(5.22047 2.33652 0)
(6.18301 -1.73642 0)
(5.22537 2.45973 0)
(6.23014 -2.02079 0)
(5.2821 2.60179 0)
(6.54858 -1.60192 0)
(5.42654 3.10229 0)
(6.59972 -1.86158 0)
(5.58017 3.28087 0)
(7.01593 -1.65755 0)
(6.3711 4.18793 0)
(7.48256 -1.2747 0)
(6.90546 4.82941 0)
(8.10582 -0.688291 0)
(7.75572 5.26845 0)
(9.64973 1.15913 0)
(10.6564 5.36703 0)
(13.4796 0.0149168 0)
(13.453 -0.121607 0)
(13.1645 -0.203906 0)
(13.6048 -0.247986 0)
(13.9333 -0.586068 0)
(14.073 -0.687959 0)
(14.2298 -1.05829 0)
(14.1363 -1.50526 0)
(14.2201 -1.77161 0)
(14.0904 -2.28496 0)
(13.9961 -2.47592 0)
(13.711 -2.67978 0)
(13.4245 -2.70786 0)
(13.3676 -2.5308 0)
(12.8592 -2.36453 0)
(12.4056 -1.71832 0)
(12.2816 -1.2209 0)
(11.7526 -0.480491 0)
(11.4697 0.383009 0)
(11.4928 0.800976 0)
(10.7044 1.32 0)
(10.554 1.34609 0)
(10.5581 1.01159 0)
(9.96057 0.800334 0)
(9.88868 0.333987 0)
(9.8121 -0.276398 0)
(9.61359 -0.955331 0)
(9.61053 -1.58606 0)
(9.46103 -2.11443 0)
(9.13218 -2.5898 0)
(8.34835 -2.0945 0)
(6.48649 -0.134868 0)
(4.41355 1.57392 0)
(3.26201 0.836073 0)
(2.40791 -1.82695 0)
(1.09663 -4.76397 0)
(-0.388882 -6.92275 0)
(-1.14088 -7.39834 0)
(-1.21111 -6.39167 0)
(-1.13298 -4.71509 0)
(-1.66155 -3.66659 0)
(-0.892683 -1.90436 0)
(-2.0814 -0.734903 0)
(-0.718795 1.76047 0)
(-0.562127 2.2598 0)
(0.729693 3.40323 0)
(1.09003 2.03691 0)
(3.2267 5.9111 0)
(3.10918 4.3862 0)
(5.03011 6.97796 0)
(4.74618 4.7253 0)
(7.22165 6.2508 0)
(6.7262 3.59082 0)
(8.092 3.88096 0)
(7.87734 1.28154 0)
(8.78338 1.82818 0)
(7.91272 -0.879624 0)
(8.45946 0.425962 0)
(7.19943 -1.69248 0)
(7.5822 -0.130041 0)
(6.48372 -1.72972 0)
(6.71216 0.238663 0)
(5.94091 -1.87363 0)
(6.2175 0.866061 0)
(5.63979 -1.74493 0)
(5.86916 0.926219 0)
(5.53417 -1.43639 0)
(5.6841 1.14861 0)
(5.45609 -1.70069 0)
(5.55898 1.53845 0)
(5.49242 -1.60109 0)
(5.44314 1.41097 0)
(5.41609 -1.59475 0)
(5.41885 1.79278 0)
(5.49634 -1.86008 0)
(5.2954 1.76819 0)
(5.53727 -1.68619 0)
(5.27153 1.98068 0)
(5.62308 -2.07962 0)
(5.20634 2.1218 0)
(5.78307 -1.87391 0)
(5.17859 2.26246 0)
(5.88457 -2.2458 0)
(5.15003 2.4807 0)
(6.12075 -1.98465 0)
(5.2762 2.6982 0)
(6.26189 -2.31458 0)
(5.28046 2.78151 0)
(6.44895 -2.0063 0)
(5.67972 3.38363 0)
(6.69595 -2.14815 0)
(5.91038 3.42447 0)
(6.7711 -2.0616 0)
(6.59969 4.15959 0)
(7.16625 -1.35336 0)
(7.09868 4.67994 0)
(7.46888 -0.659131 0)
(7.94827 4.69784 0)
(8.38749 0.929666 0)
(10.0324 4.54539 0)
(13.2134 0.0393407 0)
(13.2773 -0.0649713 0)
(13.4292 -0.330107 0)
(13.7805 -0.360189 0)
(13.8407 -0.588983 0)
(13.8547 -0.731905 0)
(14.0022 -1.0427 0)
(13.9935 -1.46871 0)
(14.1115 -1.74281 0)
(13.956 -2.22513 0)
(13.7807 -2.41068 0)
(13.4858 -2.54392 0)
(13.1028 -2.62156 0)
(12.8026 -2.38892 0)
(12.1935 -2.16382 0)
(11.9054 -1.59844 0)
(11.6785 -1.04579 0)
(11.0587 -0.361862 0)
(10.9739 0.431938 0)
(10.8128 1.01321 0)
(10.3439 1.38242 0)
(10.4524 1.30544 0)
(9.96843 1.22162 0)
(9.7034 0.928598 0)
(9.85952 0.331266 0)
(9.53488 -0.196236 0)
(9.33596 -0.930795 0)
(9.33467 -1.5924 0)
(8.99117 -1.99122 0)
(8.43217 -2.25044 0)
(7.56473 -1.50206 0)
(5.83452 0.565686 0)
(4.07497 2.13458 0)
(3.27685 1.22226 0)
(2.61299 -1.35587 0)
(1.2658 -4.18067 0)
(-0.48518 -6.42323 0)
(-1.63508 -7.16993 0)
(-1.79365 -6.27554 0)
(-1.84928 -4.78695 0)
(-2.17535 -3.65603 0)
(-1.74743 -1.85303 0)
(-3.16025 -0.72738 0)
(-1.45478 1.54444 0)
(-1.73247 2.00823 0)
(-0.108766 3.04325 0)
(-0.104109 1.22616 0)
(2.64581 5.70789 0)
(1.51358 3.51463 0)
(4.42632 6.99517 0)
(3.50671 4.00666 0)
(6.75068 6.06049 0)
(5.86471 3.26171 0)
(7.85185 3.70554 0)
(7.38006 1.21788 0)
(8.63618 1.76739 0)
(7.54168 -0.750349 0)
(8.22385 0.561713 0)
(7.00302 -1.52906 0)
(7.47759 0.00796778 0)
(6.34212 -1.54273 0)
(6.68163 0.274773 0)
(5.97918 -1.69073 0)
(6.13417 0.863648 0)
(5.7513 -1.6277 0)
(5.90661 0.937354 0)
(5.57726 -1.37564 0)
(5.73326 1.12174 0)
(5.53614 -1.59702 0)
(5.59366 1.4834 0)
(5.45761 -1.57245 0)
(5.53302 1.40818 0)
(5.3786 -1.5523 0)
(5.45983 1.71701 0)
(5.43583 -1.79496 0)
(5.37285 1.79486 0)
(5.39504 -1.66337 0)
(5.35514 1.95711 0)
(5.52098 -1.99759 0)
(5.26374 2.17749 0)
(5.56735 -1.86439 0)
(5.2761 2.27179 0)
(5.70565 -2.22597 0)
(5.24433 2.51593 0)
(5.82413 -2.10559 0)
(5.35517 2.7433 0)
(5.98593 -2.39292 0)
(5.3833 2.93257 0)
(6.10843 -2.22212 0)
(5.73097 3.42523 0)
(6.42961 -2.26715 0)
(6.01324 3.49589 0)
(6.62241 -2.12113 0)
(6.60003 4.16098 0)
(7.15376 -1.30519 0)
(7.26821 4.36925 0)
(7.63765 -0.519781 0)
(8.16513 4.04515 0)
(8.6646 1.0325 0)
(9.65243 3.67428 0)
(13.1276 0.0125136 0)
(13.4854 -0.139856 0)
(13.5966 -0.389184 0)
(13.6072 -0.326199 0)
(13.6841 -0.555124 0)
(13.7956 -0.784212 0)
(13.8976 -1.05948 0)
(13.85 -1.48168 0)
(13.8793 -1.7307 0)
(13.5585 -2.09129 0)
(13.2222 -2.29973 0)
(12.8309 -2.40595 0)
(12.3015 -2.42107 0)
(11.8087 -2.16385 0)
(11.1998 -1.97681 0)
(10.8978 -1.4891 0)
(10.4766 -0.83769 0)
(10.0167 -0.242986 0)
(10.0945 0.45063 0)
(9.85174 1.10723 0)
(9.8082 1.40049 0)
(9.79976 1.43283 0)
(9.29759 1.37739 0)
(9.41912 0.906822 0)
(9.32577 0.411348 0)
(9.00178 -0.0878893 0)
(9.06852 -0.89575 0)
(8.87999 -1.49762 0)
(8.20951 -1.79036 0)
(7.51185 -1.85213 0)
(6.60641 -0.900084 0)
(5.08823 1.18447 0)
(3.74458 2.53517 0)
(3.40576 1.50104 0)
(2.98434 -0.907413 0)
(1.65136 -3.52662 0)
(-0.354016 -5.79253 0)
(-1.97119 -6.81472 0)
(-2.42493 -6.15698 0)
(-2.66662 -4.81541 0)
(-2.92815 -3.52219 0)
(-2.80023 -1.76037 0)
(-3.9888 -0.758499 0)
(-1.9095 1.25456 0)
(-3.03476 1.68064 0)
(-0.533644 2.57943 0)
(-1.85714 0.663493 0)
(1.80734 5.69883 0)
(0.00277245 2.68144 0)
(4.14772 6.89032 0)
(2.15659 3.1574 0)
(6.47972 5.75485 0)
(4.973 2.78262 0)
(7.59846 3.43037 0)
(6.81149 1.04361 0)
(8.14012 1.64364 0)
(7.21868 -0.662606 0)
(7.83522 0.662448 0)
(6.85845 -1.39086 0)
(7.33229 0.121357 0)
(6.13291 -1.33131 0)
(6.68514 0.284918 0)
(5.79182 -1.52939 0)
(6.13085 0.853385 0)
(5.5806 -1.52014 0)
(5.94642 0.869756 0)
(5.33991 -1.23271 0)
(5.81953 1.0265 0)
(5.29914 -1.48885 0)
(5.62522 1.42914 0)
(5.27079 -1.44246 0)
(5.57351 1.33106 0)
(5.22307 -1.43377 0)
(5.46615 1.69027 0)
(5.28697 -1.71644 0)
(5.40366 1.76438 0)
(5.30264 -1.58798 0)
(5.34923 1.93662 0)
(5.43795 -1.95496 0)
(5.26536 2.17307 0)
(5.50638 -1.83056 0)
(5.29922 2.27994 0)
(5.66851 -2.18083 0)
(5.24058 2.57918 0)
(5.78853 -2.07097 0)
(5.38848 2.83694 0)
(6.01357 -2.38373 0)
(5.45765 2.96611 0)
(6.1129 -2.26185 0)
(5.83154 3.49446 0)
(6.47287 -2.22303 0)
(6.19774 3.49738 0)
(6.70249 -2.0699 0)
(6.67871 3.94246 0)
(7.22183 -1.18649 0)
(7.27598 3.92719 0)
(7.91678 -0.336741 0)
(8.18847 3.37094 0)
(9.04961 1.06912 0)
(9.6761 2.95003 0)
(13.2803 -0.0904277 0)
(13.4876 -0.16799 0)
(13.4048 -0.328351 0)
(13.5126 -0.31496 0)
(13.5926 -0.567835 0)
(13.5996 -0.841768 0)
(13.5889 -1.05363 0)
(13.4009 -1.39429 0)
(13.2011 -1.64072 0)
(12.7585 -1.93145 0)
(12.3401 -2.11973 0)
(11.7405 -2.17721 0)
(11.0138 -2.16422 0)
(10.4469 -1.96767 0)
(9.79183 -1.74418 0)
(9.26877 -1.22201 0)
(8.84704 -0.634171 0)
(8.63163 -0.192377 0)
(8.5606 0.536579 0)
(8.46604 1.19513 0)
(8.80395 1.38308 0)
(8.62754 1.50035 0)
(8.4644 1.39398 0)
(8.73755 0.930417 0)
(8.52433 0.496872 0)
(8.5004 -0.111968 0)
(8.54279 -0.858693 0)
(7.95187 -1.26692 0)
(7.10669 -1.46242 0)
(6.42844 -1.44169 0)
(5.59391 -0.392914 0)
(4.34638 1.66551 0)
(3.49061 2.75335 0)
(3.65035 1.64418 0)
(3.53029 -0.510317 0)
(2.24121 -2.83232 0)
(0.0362916 -5.00324 0)
(-2.06867 -6.27762 0)
(-3.01043 -5.92666 0)
(-3.45753 -4.66096 0)
(-3.79352 -3.23355 0)
(-3.91138 -1.65961 0)
(-4.56778 -0.837127 0)
(-2.4977 1.04591 0)
(-4.42239 1.61168 0)
(-0.573813 2.33925 0)
(-4.76711 0.445339 0)
(1.65979 5.51917 0)
(-2.20526 2.02071 0)
(3.38081 6.7167 0)
(0.434459 2.22334 0)
(5.79925 5.4718 0)
(3.91326 2.26679 0)
(7.36499 3.11182 0)
(6.17511 0.981058 0)
(7.88804 1.49571 0)
(6.72952 -0.499847 0)
(7.71787 0.668172 0)
(6.44619 -1.25141 0)
(7.25098 0.224641 0)
(5.71238 -1.1593 0)
(6.76688 0.239312 0)
(5.53154 -1.29183 0)
(6.15926 0.742801 0)
(5.54338 -1.34806 0)
(5.99193 0.817994 0)
(5.30217 -1.10852 0)
(5.9064 0.903633 0)
(5.28559 -1.28915 0)
(5.65298 1.27556 0)
(5.28574 -1.31791 0)
(5.63698 1.22155 0)
(5.12587 -1.29189 0)
(5.5317 1.48729 0)
(5.25135 -1.54053 0)
(5.42957 1.62814 0)
(5.16891 -1.45598 0)
(5.44285 1.75699 0)
(5.30917 -1.76757 0)
(5.30843 2.06272 0)
(5.31079 -1.73617 0)
(5.38921 2.17692 0)
(5.46973 -2.03624 0)
(5.33289 2.51252 0)
(5.53425 -2.05558 0)
(5.44838 2.73987 0)
(5.78187 -2.2757 0)
(5.57549 2.98455 0)
(5.93764 -2.22604 0)
(5.86848 3.35682 0)
(6.33674 -2.1641 0)
(6.19287 3.34204 0)
(6.68828 -1.90804 0)
(6.622 3.55959 0)
(7.30697 -0.989101 0)
(7.22968 3.36819 0)
(8.09761 -0.147419 0)
(8.1921 2.70499 0)
(9.14305 0.992126 0)
(9.75736 2.42811 0)
(13.0315 -0.100614 0)
(13.1043 -0.114663 0)
(13.0474 -0.313084 0)
(13.0761 -0.340026 0)
(13.0247 -0.5307 0)
(12.9714 -0.815119 0)
(12.7775 -0.998587 0)
(12.4549 -1.27275 0)
(12.1375 -1.49137 0)
(11.5525 -1.73221 0)
(10.9097 -1.8885 0)
(10.1246 -1.88845 0)
(9.34005 -1.86607 0)
(8.65038 -1.67913 0)
(7.89691 -1.40324 0)
(7.42098 -0.984627 0)
(7.16442 -0.543102 0)
(6.91446 -0.0877833 0)
(6.78796 0.587819 0)
(7.08645 1.06157 0)
(7.35433 1.32309 0)
(7.21574 1.51236 0)
(7.52849 1.30821 0)
(7.68211 0.934654 0)
(7.5997 0.517297 0)
(7.85979 -0.140582 0)
(7.64097 -0.697601 0)
(6.73353 -0.943793 0)
(5.87592 -1.14624 0)
(5.26057 -1.05951 0)
(4.56164 0.0634359 0)
(3.6375 1.97816 0)
(3.34218 2.75869 0)
(4.005 1.63021 0)
(4.21854 -0.187371 0)
(3.04347 -2.10824 0)
(0.716836 -4.09218 0)
(-1.83404 -5.53854 0)
(-3.37835 -5.55265 0)
(-3.99769 -4.40925 0)
(-4.44363 -2.96846 0)
(-4.68384 -1.70357 0)
(-4.89501 -0.985829 0)
(-3.61131 0.893014 0)
(-5.88095 1.50042 0)
(-2.47916 1.75429 0)
(-6.92783 0.0665277 0)
(0.927954 5.08385 0)
(-4.87462 1.2549 0)
(3.67183 6.64219 0)
(-0.69807 1.48826 0)
(5.83317 4.9119 0)
(3.41405 1.74148 0)
(7.12724 2.81959 0)
(5.3551 0.854502 0)
(7.66306 1.28959 0)
(6.09772 -0.426864 0)
(7.45228 0.644586 0)
(6.28579 -1.12755 0)
(6.92809 0.308372 0)
(5.78698 -0.992527 0)
(6.77571 0.160762 0)
(5.59263 -1.07151 0)
(6.16687 0.642457 0)
(5.66328 -1.22095 0)
(6.00086 0.748388 0)
(5.25063 -0.973205 0)
(6.02363 0.773896 0)
(5.15512 -1.12691 0)
(5.72982 1.15337 0)
(5.12446 -1.19281 0)
(5.73539 1.09763 0)
(4.97582 -1.11703 0)
(5.60924 1.31345 0)
(5.12871 -1.38831 0)
(5.47319 1.48881 0)
(5.06865 -1.29668 0)
(5.53824 1.53562 0)
(5.21076 -1.59057 0)
(5.32939 1.89574 0)
(5.25004 -1.56171 0)
(5.4899 1.92712 0)
(5.41649 -1.85329 0)
(5.34129 2.33545 0)
(5.51227 -1.84297 0)
(5.50793 2.52447 0)
(5.81712 -2.13644 0)
(5.66753 2.73713 0)
(5.97441 -2.02279 0)
(5.84762 3.08108 0)
(6.41593 -1.9645 0)
(6.25962 2.93496 0)
(6.81248 -1.69702 0)
(6.63651 3.0307 0)
(7.38829 -0.777697 0)
(7.24998 2.76309 0)
(8.18658 0.0184 0)
(8.2613 2.13997 0)
(9.14444 0.880735 0)
(9.79976 1.97966 0)
(12.1941 -0.108712 0)
(12.2042 -0.111693 0)
(12.0816 -0.24652 0)
(12.0524 -0.30039 0)
(11.9612 -0.50094 0)
(11.7606 -0.73583 0)
(11.4589 -0.885493 0)
(11.0628 -1.1218 0)
(10.5666 -1.29829 0)
(9.86462 -1.45221 0)
(9.11341 -1.56011 0)
(8.25584 -1.56052 0)
(7.41421 -1.51584 0)
(6.64176 -1.34936 0)
(5.96322 -1.1495 0)
(5.58753 -0.848289 0)
(5.29908 -0.434059 0)
(5.04696 0.00201671 0)
(5.13094 0.514844 0)
(5.4417 0.964334 0)
(5.58052 1.28668 0)
(5.90441 1.35547 0)
(6.31758 1.19444 0)
(6.40119 0.926336 0)
(6.70359 0.416225 0)
(6.91195 -0.138331 0)
(6.30229 -0.407354 0)
(5.35012 -0.582678 0)
(4.6633 -0.85853 0)
(4.14381 -0.743412 0)
(3.5659 0.419871 0)
(3.00094 2.12054 0)
(3.29625 2.56765 0)
(4.43428 1.4491 0)
(4.99949 0.0215461 0)
(4.02328 -1.40284 0)
(1.67884 -3.08445 0)
(-1.21374 -4.62441 0)
(-3.42902 -5.0228 0)
(-4.31149 -4.10499 0)
(-4.81571 -2.76845 0)
(-5.2253 -1.81826 0)
(-5.23424 -0.998055 0)
(-4.60299 0.93968 0)
(-6.56736 1.66338 0)
(-2.47967 1.73207 0)
(-6.8301 -0.48255 0)
(0.986935 4.99006 0)
(-6.73836 0.872599 0)
(3.19258 5.88617 0)
(-0.992118 0.681677 0)
(5.04606 4.24544 0)
(2.60563 1.26249 0)
(6.45299 2.54715 0)
(4.67614 0.665581 0)
(7.57843 1.0078 0)
(5.62554 -0.265311 0)
(7.50255 0.487737 0)
(6.06908 -0.901039 0)
(6.81119 0.325202 0)
(5.75078 -0.873853 0)
(6.91346 0.102498 0)
(5.18643 -0.81892 0)
(6.50979 0.451089 0)
(5.33063 -1.01018 0)
(6.05265 0.698017 0)
(4.91959 -0.837767 0)
(6.26953 0.616132 0)
(4.71897 -0.889117 0)
(5.81844 0.962284 0)
(4.94641 -0.993599 0)
(5.80234 0.943354 0)
(4.69964 -0.920223 0)
(5.70542 1.0744 0)
(4.97104 -1.12405 0)
(5.488 1.27814 0)
(4.85531 -1.12036 0)
(5.60838 1.29992 0)
(4.98677 -1.29822 0)
(5.39252 1.62353 0)
(4.99905 -1.39557 0)
(5.55336 1.66361 0)
(5.14692 -1.56008 0)
(5.43552 2.02635 0)
(5.24338 -1.67049 0)
(5.58491 2.15318 0)
(5.59173 -1.86065 0)
(5.67176 2.42527 0)
(5.7717 -1.79816 0)
(5.85466 2.60724 0)
(6.31807 -1.73884 0)
(6.18006 2.48353 0)
(6.77119 -1.42144 0)
(6.53719 2.50641 0)
(7.31779 -0.551691 0)
(7.2576 2.17887 0)
(8.17986 0.13273 0)
(8.33899 1.6338 0)
(9.1113 0.740282 0)
(9.77254 1.58261 0)
(10.8006 -0.0889208 0)
(10.7498 -0.0650227 0)
(10.617 -0.195126 0)
(10.5551 -0.277846 0)
(10.3908 -0.417628 0)
(10.1254 -0.619208 0)
(9.76224 -0.749898 0)
(9.27396 -0.91447 0)
(8.69939 -1.04715 0)
(7.94954 -1.15107 0)
(7.10555 -1.2052 0)
(6.19879 -1.19067 0)
(5.3347 -1.16722 0)
(4.58849 -1.06788 0)
(4.01488 -0.92516 0)
(3.64516 -0.678992 0)
(3.38463 -0.334258 0)
(3.25896 0.0236654 0)
(3.36611 0.457998 0)
(3.63839 0.853409 0)
(4.01671 1.07436 0)
(4.48897 1.15454 0)
(4.81749 1.09115 0)
(5.25092 0.760682 0)
(5.69161 0.292677 0)
(5.50278 0.025791 0)
(4.75321 -0.0700715 0)
(4.07672 -0.305746 0)
(3.58794 -0.620387 0)
(3.12943 -0.458884 0)
(2.70076 0.643675 0)
(2.54862 2.02536 0)
(3.36956 2.11969 0)
(4.888 1.07065 0)
(5.77633 0.0871709 0)
(5.07154 -0.756561 0)
(2.83321 -2.02397 0)
(-0.248183 -3.51534 0)
(-3.10336 -4.27065 0)
(-4.51787 -3.6986 0)
(-5.07962 -2.4848 0)
(-5.76546 -1.71469 0)
(-5.95572 -0.763157 0)
(-5.57953 1.07616 0)
(-6.8118 1.5787 0)
(-2.85953 1.10034 0)
(-6.53693 -0.723752 0)
(-0.0581492 4.1805 0)
(-7.72446 0.0431661 0)
(4.37416 4.5792 0)
(-0.365734 0.813338 0)
(4.14211 3.66411 0)
(2.41797 0.961006 0)
(5.9561 2.18665 0)
(4.67093 0.442077 0)
(7.21958 0.83006 0)
(5.01675 -0.191027 0)
(7.50369 0.291689 0)
(5.43285 -0.692315 0)
(6.91647 0.243153 0)
(5.65334 -0.806284 0)
(6.87365 0.145516 0)
(4.9582 -0.651991 0)
(6.88543 0.265382 0)
(4.97682 -0.773227 0)
(6.18404 0.628616 0)
(4.99358 -0.749912 0)
(6.28738 0.530344 0)
(4.59743 -0.639108 0)
(6.05784 0.715524 0)
(4.98315 -0.842237 0)
(5.78322 0.866327 0)
(4.70189 -0.7331 0)
(5.95724 0.789829 0)
(4.90803 -0.911568 0)
(5.57301 1.13651 0)
(4.82552 -0.945386 0)
(5.83546 1.00437 0)
(4.90711 -1.05193 0)
(5.49746 1.40392 0)
(4.97004 -1.16563 0)
(5.72159 1.32196 0)
(5.12003 -1.28622 0)
(5.48656 1.72287 0)
(5.22758 -1.3743 0)
(5.68253 1.74449 0)
(5.59792 -1.569 0)
(5.6511 2.01305 0)
(5.77905 -1.4805 0)
(5.79148 2.12796 0)
(6.30021 -1.44654 0)
(6.14076 1.97325 0)
(6.77177 -1.14112 0)
(6.50133 1.98028 0)
(7.25809 -0.374683 0)
(7.28992 1.64173 0)
(8.17287 0.222132 0)
(8.47018 1.23076 0)
(9.09896 0.605089 0)
(9.74653 1.21505 0)
(8.98055 -0.0621053 0)
(8.90103 -0.0563118 0)
(8.78042 -0.151911 0)
(8.68261 -0.226246 0)
(8.48595 -0.337258 0)
(8.19108 -0.477368 0)
(7.78842 -0.573142 0)
(7.25611 -0.685447 0)
(6.61202 -0.760046 0)
(5.828 -0.805885 0)
(4.96771 -0.835833 0)
(4.09003 -0.839097 0)
(3.30319 -0.843325 0)
(2.63774 -0.813931 0)
(2.11946 -0.731617 0)
(1.74909 -0.543324 0)
(1.52617 -0.264662 0)
(1.45937 0.0412502 0)
(1.60131 0.376928 0)
(1.9561 0.678277 0)
(2.40975 0.890973 0)
(2.93214 0.973331 0)
(3.52452 0.829406 0)
(4.08096 0.532541 0)
(4.19664 0.316809 0)
(3.84365 0.264299 0)
(3.40722 0.167721 0)
(3.10623 -0.147193 0)
(2.75509 -0.455374 0)
(2.34739 -0.265411 0)
(2.0612 0.723408 0)
(2.27575 1.73305 0)
(3.55126 1.50899 0)
(5.25275 0.582038 0)
(6.34611 0.0496239 0)
(5.99613 -0.237158 0)
(4.08109 -1.02103 0)
(1.08363 -2.29663 0)
(-2.24849 -3.26748 0)
(-4.44794 -3.18456 0)
(-5.19711 -2.27261 0)
(-5.83412 -1.55492 0)
(-6.30775 -0.667706 0)
(-5.99439 0.828679 0)
(-6.1537 1.35834 0)
(-1.64302 0.732706 0)
(-7.19714 -0.429711 0)
(-0.173702 4.28586 0)
(-5.61431 -0.434307 0)
(3.2569 2.23993 0)
(-0.994472 0.937493 0)
(4.16592 2.72832 0)
(1.40245 0.6173 0)
(5.90853 1.5595 0)
(3.87697 0.236131 0)
(7.00205 0.721678 0)
(4.70577 -0.202753 0)
(7.80905 0.09127 0)
(5.16859 -0.481159 0)
(7.73077 -0.00324431 0)
(5.44292 -0.630475 0)
(7.25824 0.134153 0)
(5.04288 -0.523049 0)
(7.13366 0.16671 0)
(4.60393 -0.446921 0)
(6.66624 0.393449 0)
(4.73169 -0.545985 0)
(6.23645 0.492331 0)
(4.42777 -0.436607 0)
(6.29152 0.452514 0)
(4.37144 -0.540704 0)
(5.87716 0.692484 0)
(4.45529 -0.566503 0)
(5.9695 0.579366 0)
(4.21162 -0.592466 0)
(5.78028 0.848965 0)
(4.46897 -0.736974 0)
(5.77017 0.78575 0)
(4.26804 -0.727388 0)
(5.70993 1.05222 0)
(4.60587 -0.923295 0)
(5.71149 1.0205 0)
(4.54149 -0.944211 0)
(5.61792 1.33746 0)
(4.93778 -1.10012 0)
(5.79529 1.27927 0)
(5.13527 -1.20267 0)
(5.59272 1.59428 0)
(5.50837 -1.14872 0)
(5.85085 1.56554 0)
(6.08942 -1.14066 0)
(6.0579 1.45781 0)
(6.523 -0.860977 0)
(6.3272 1.52523 0)
(7.11754 -0.220229 0)
(7.33631 1.13829 0)
(8.12525 0.196091 0)
(8.58499 0.863465 0)
(9.17647 0.423427 0)
(9.70267 0.878238 0)
(6.86043 -0.0196398 0)
(6.78471 -0.033526 0)
(6.67913 -0.107598 0)
(6.56429 -0.161077 0)
(6.34974 -0.226174 0)
(6.0352 -0.317118 0)
(5.61346 -0.372827 0)
(5.06957 -0.427163 0)
(4.42727 -0.460406 0)
(3.69482 -0.474461 0)
(2.92844 -0.492721 0)
(2.17837 -0.526434 0)
(1.49853 -0.569222 0)
(0.866462 -0.57931 0)
(0.329347 -0.537656 0)
(-0.0592612 -0.412266 0)
(-0.270468 -0.216769 0)
(-0.300971 0.006528 0)
(-0.108625 0.259083 0)
(0.296401 0.483241 0)
(0.830533 0.624588 0)
(1.47202 0.650411 0)
(2.05275 0.576888 0)
(2.40719 0.479775 0)
(2.50485 0.409688 0)
(2.52746 0.351708 0)
(2.58204 0.204559 0)
(2.52241 -0.066419 0)
(2.16224 -0.277404 0)
(1.72128 -0.0728039 0)
(1.60871 0.692056 0)
(2.3942 1.22199 0)
(4.07027 0.744047 0)
(5.44558 -0.0280207 0)
(6.28313 -0.136528 0)
(6.35611 0.126754 0)
(5.14823 -0.123342 0)
(2.71825 -1.07532 0)
(-0.650717 -2.08587 0)
(-3.69293 -2.4 0)
(-5.23761 -1.9285 0)
(-5.78892 -1.25413 0)
(-6.1801 -0.485985 0)
(-6.14341 0.281148 0)
(-5.70597 0.434919 0)
(-0.542054 0.580543 0)
(-7.56992 -0.0920119 0)
(0.299883 3.49261 0)
(-4.49604 -0.590595 0)
(1.73716 1.49028 0)
(-2.30799 0.583002 0)
(4.80831 2.13445 0)
(1.0414 0.540679 0)
(6.64671 0.898795 0)
(3.49662 0.136001 0)
(7.72514 0.296752 0)
(4.78075 -0.264496 0)
(8.1821 -0.0903636 0)
(4.79922 -0.412882 0)
(7.99236 -0.114338 0)
(4.33813 -0.381556 0)
(7.48866 0.0362434 0)
(4.01115 -0.33767 0)
(7.14219 0.158787 0)
(3.6528 -0.276758 0)
(7.00661 0.230592 0)
(3.63173 -0.283676 0)
(6.70255 0.324266 0)
(3.69323 -0.306318 0)
(6.68207 0.347254 0)
(3.59212 -0.301512 0)
(6.54713 0.415518 0)
(3.86484 -0.360883 0)
(6.43832 0.457825 0)
(3.74841 -0.369375 0)
(6.42989 0.528445 0)
(4.0969 -0.446965 0)
(6.19729 0.600853 0)
(4.04151 -0.466281 0)
(6.23211 0.678277 0)
(4.41138 -0.564842 0)
(5.96157 0.767895 0)
(4.3952 -0.598369 0)
(5.95749 0.881601 0)
(4.81443 -0.720612 0)
(5.80906 0.930951 0)
(4.87377 -0.767132 0)
(5.64572 1.10269 0)
(5.32269 -0.80643 0)
(5.82784 1.06185 0)
(5.70094 -0.779563 0)
(5.8947 1.04161 0)
(6.03343 -0.569541 0)
(6.30676 1.06156 0)
(6.88677 -0.154524 0)
(7.50298 0.683713 0)
(7.82377 0.139633 0)
(8.59751 0.524116 0)
(8.86861 0.286658 0)
(9.62845 0.577185 0)
(4.51702 -0.00517279 0)
(4.44898 -0.0283251 0)
(4.35638 -0.065536 0)
(4.22803 -0.0877324 0)
(4.01706 -0.116279 0)
(3.72212 -0.157932 0)
(3.33696 -0.17628 0)
(2.86857 -0.185964 0)
(2.34964 -0.185565 0)
(1.80488 -0.190113 0)
(1.24675 -0.218201 0)
(0.660708 -0.265912 0)
(0.0384003 -0.320069 0)
(-0.602305 -0.348686 0)
(-1.19012 -0.343557 0)
(-1.65037 -0.278405 0)
(-1.91873 -0.160948 0)
(-1.96574 -0.0243471 0)
(-1.77204 0.148882 0)
(-1.35746 0.308662 0)
(-0.783998 0.408728 0)
(-0.114942 0.449426 0)
(0.506438 0.434065 0)
(1.03801 0.380092 0)
(1.48457 0.313013 0)
(1.90193 0.249626 0)
(2.22979 0.154017 0)
(2.28751 0.0167676 0)
(2.00952 -0.081199 0)
(1.71656 0.0493268 0)
(1.95556 0.41141 0)
(3.18043 0.536161 0)
(4.61647 0.161953 0)
(5.07493 -0.258086 0)
(4.98291 -0.237316 0)
(5.11411 0.151706 0)
(5.12041 0.380279 0)
(4.15869 0.0164992 0)
(1.71324 -0.822716 0)
(-1.46994 -1.42766 0)
(-4.04381 -1.35362 0)
(-5.30435 -0.898481 0)
(-5.57584 -0.306614 0)
(-5.71477 -0.0824515 0)
(-5.71714 -0.224099 0)
(-1.8732 0.507405 0)
(-7.32686 -0.0659562 0)
(1.52762 2.12274 0)
(-3.56542 -0.252155 0)
(1.83322 0.917609 0)
(-1.01309 0.294421 0)
(3.99974 1.04815 0)
(2.2274 0.305231 0)
(5.77837 0.328428 0)
(3.92151 -0.0175656 0)
(6.39396 0.0163268 0)
(4.22465 -0.195829 0)
(6.17174 -0.112408 0)
(3.58481 -0.209743 0)
(5.72553 -0.0585407 0)
(2.8906 -0.174114 0)
(5.4461 0.00784904 0)
(2.4701 -0.137273 0)
(5.30845 0.0553456 0)
(2.25151 -0.120825 0)
(5.33148 0.102938 0)
(2.14967 -0.118376 0)
(5.40713 0.121566 0)
(2.17519 -0.127078 0)
(5.48255 0.148848 0)
(2.18614 -0.132786 0)
(5.64443 0.169628 0)
(2.2657 -0.151967 0)
(5.75582 0.192651 0)
(2.34478 -0.168081 0)
(5.93983 0.221308 0)
(2.4706 -0.192634 0)
(6.04433 0.25704 0)
(2.65939 -0.223336 0)
(6.19544 0.296347 0)
(2.88115 -0.256283 0)
(6.22905 0.350462 0)
(3.17264 -0.300637 0)
(6.31955 0.402068 0)
(3.54029 -0.350185 0)
(6.24192 0.463439 0)
(3.87621 -0.383792 0)
(6.21787 0.530062 0)
(4.42791 -0.415037 0)
(6.19836 0.546611 0)
(4.88527 -0.379276 0)
(6.22162 0.543684 0)
(5.38615 -0.26655 0)
(6.60527 0.502776 0)
(6.29408 -0.0766943 0)
(7.39597 0.309193 0)
(7.04324 0.10685 0)
(8.1995 0.21944 0)
(7.85859 0.152173 0)
(9.14182 0.214342 0)
(1.70248 0.0272146 0)
(1.67145 0.00334026 0)
(1.62054 -0.00475936 0)
(1.53499 -0.00765268 0)
(1.4121 -0.0103743 0)
(1.24875 -0.0132786 0)
(1.05039 -0.00843351 0)
(0.839927 -0.00766462 0)
(0.625326 -0.0130635 0)
(0.403117 -0.0222056 0)
(0.153735 -0.0354206 0)
(-0.158759 -0.0533869 0)
(-0.57545 -0.0781819 0)
(-1.09339 -0.0968962 0)
(-1.66475 -0.109046 0)
(-2.18953 -0.101711 0)
(-2.57427 -0.0761453 0)
(-2.75697 -0.0375547 0)
(-2.68975 0.0214073 0)
(-2.36989 0.0808681 0)
(-1.84635 0.114401 0)
(-1.20139 0.124391 0)
(-0.545677 0.112111 0)
(0.0441204 0.0892884 0)
(0.53472 0.0647579 0)
(0.940964 0.0499869 0)
(1.23895 0.0359812 0)
(1.35674 0.0104573 0)
(1.27202 -0.0233207 0)
(1.20142 -0.0353325 0)
(1.51167 -0.0352512 0)
(2.18889 -0.0427072 0)
(2.59375 -0.064145 0)
(2.36219 -0.0530401 0)
(1.96409 0.00148547 0)
(2.01736 0.117532 0)
(2.56954 0.229414 0)
(3.32645 0.285061 0)
(3.35742 0.090263 0)
(1.9069 -0.252184 0)
(-0.459691 -0.420773 0)
(-2.56359 -0.460208 0)
(-3.48364 -0.259141 0)
(-3.76417 -0.108114 0)
(-4.9284 -0.229829 0)
(-3.22483 0.218227 0)
(-5.55707 -0.117789 0)
(-0.921409 0.674942 0)
(-1.49964 -0.209633 0)
(-0.479529 0.0695917 0)
(-0.298888 0.0645174 0)
(1.06783 0.126305 0)
(1.74872 0.0276517 0)
(2.77178 0.0303602 0)
(2.32442 -0.0155651 0)
(2.93544 0.0117829 0)
(2.21137 -0.0410406 0)
(2.64496 -0.00174201 0)
(1.74063 -0.0433884 0)
(2.30176 0.001141 0)
(1.31551 -0.0415134 0)
(2.07512 0.0103184 0)
(1.04025 -0.0412964 0)
(1.96174 0.018555 0)
(0.883843 -0.0369983 0)
(1.94516 0.0269852 0)
(0.824189 -0.038833 0)
(1.97715 0.0325293 0)
(0.810753 -0.0418999 0)
(2.01977 0.0343454 0)
(0.810816 -0.0419447 0)
(2.10194 0.0415318 0)
(0.842953 -0.0480875 0)
(2.18724 0.0412142 0)
(0.866242 -0.050352 0)
(2.29142 0.0481274 0)
(0.913449 -0.0554218 0)
(2.41713 0.0470746 0)
(0.968959 -0.0598967 0)
(2.54155 0.0536916 0)
(1.04521 -0.0654836 0)
(2.69517 0.053806 0)
(1.1564 -0.075862 0)
(2.83079 0.0664019 0)
(1.31484 -0.0866384 0)
(2.96276 0.0731606 0)
(1.52962 -0.106767 0)
(3.06875 0.0985212 0)
(1.89625 -0.125395 0)
(3.13959 0.112319 0)
(2.29863 -0.130569 0)
(3.23428 0.122491 0)
(2.80717 -0.120787 0)
(3.47728 0.110435 0)
(3.40281 -0.0678902 0)
(3.9032 0.0615807 0)
(3.8667 -0.012189 0)
(4.39385 -0.00469195 0)
(4.2585 0.0101965 0)
(4.97824 -0.0801999 0)
(0.258943 -0.091905 0)
(0.621505 -0.102019 0)
(1.41864 -0.134231 0)
(1.8297 0.0398066 0)
(1.52393 0.0952931 0)
(1.36928 0.141237 0)
(0.342223 0.349854 0)
(-1.36419 0.330095 0)
(-3.36081 0.138109 0)
(-3.90585 0.0818064 0)
(-3.25391 0.0437369 0)
(-2.90859 -0.0693654 0)
(-1.76685 -0.213825 0)
(-0.556443 -0.239677 0)
(0.723023 -0.21107 0)
(1.88981 -0.0895858 0)
(2.70851 0.0705359 0)
(2.7841 0.160484 0)
(2.20598 0.150313 0)
(1.66884 0.0576875 0)
(1.77506 -0.133188 0)
(2.49119 -0.33632 0)
(2.76046 -0.141341 0)
(0.624772 0.319524 0)
(-1.98594 0.453668 0)
(-3.70823 0.376726 0)
(-5.01859 0.326057 0)
(-5.89723 0.243411 0)
(-6.48137 0.204758 0)
(-6.67842 0.139021 0)
(-5.84745 -0.149011 0)
(-4.30056 -0.265053 0)
(-2.22496 -0.380938 0)
(0.201631 -0.365303 0)
(2.39206 -0.208171 0)
(3.98189 -0.0182468 0)
(4.84042 0.109042 0)
(5.10877 0.152122 0)
(4.9816 0.173232 0)
(4.49825 0.15642 0)
(3.75627 0.104868 0)
(2.91529 0.0471532 0)
(2.15618 0.00449665 0)
(1.60846 -0.025387 0)
(1.27972 -0.0311919 0)
(1.05991 -0.00151838 0)
(0.802659 0.039334 0)
(0.475591 0.0579912 0)
(0.149098 0.0515315 0)
(-0.0918858 0.0382056 0)
(-0.264259 0.0274481 0)
(-0.395519 0.02577 0)
(-0.52473 0.0266374 0)
(-0.655148 0.0294385 0)
(-0.754178 0.0207002 0)
(-0.815231 0.0137647 0)
(-0.802078 -0.00402623 0)
(-0.707125 -0.0196719 0)
(-0.553283 -0.0273846 0)
(-0.359038 -0.0323901 0)
(-0.152207 -0.0326291 0)
(0.0403338 -0.0279944 0)
(0.208835 -0.0244015 0)
(0.342408 -0.0178471 0)
(0.449066 -0.0131267 0)
(0.521539 -0.00999906 0)
(0.576778 -0.00529311 0)
(0.609334 -0.00475429 0)
(0.629407 -0.00166938 0)
(0.638517 -0.00105478 0)
(0.636499 0.000180488 0)
(0.630096 0.00137445 0)
(0.61363 0.0020571 0)
(0.593647 0.00273401 0)
(0.5653 0.00386316 0)
(0.531595 0.00421409 0)
(0.490118 0.00546784 0)
(0.441904 0.0060584 0)
(0.38406 0.00741657 0)
(0.318935 0.00792841 0)
(0.242003 0.00960099 0)
(0.156954 0.00988479 0)
(0.0589807 0.0111201 0)
(-0.0459545 0.0117413 0)
(-0.160015 0.0111382 0)
(-0.272563 0.00577137 0)
(-0.367214 -0.00704198 0)
(-0.41332 -0.0222237 0)
(-0.410248 -0.0307842 0)
(-0.370045 -0.0257993 0)
(-0.30291 -0.023898 0)
(-0.170128 -0.0390668 0)
(0.0680144 -0.0697498 0)
(0.346721 -0.0722561 0)
(0.419633 -0.0267132 0)
(-0.0793875 0.101308 0)
(-1.14473 0.20495 0)
(-1.86694 0.158676 0)
(-1.74104 -0.0495846 0)
(-0.67572 -0.260808 0)
(0.249528 -0.291979 0)
(0.682995 -0.369152 0)
(1.55352 -0.446972 0)
(1.4928 -0.0636652 0)
(2.47659 0.126478 0)
(2.02804 0.361508 0)
(1.13586 0.805183 0)
(-0.242008 1.10683 0)
(-2.85701 0.861409 0)
(-4.20454 -0.0126866 0)
(-3.07474 -0.534749 0)
(-2.3164 -0.574658 0)
(-1.11012 -0.862798 0)
(0.15924 -0.884118 0)
(1.49443 -0.862353 0)
(2.64129 -0.767415 0)
(3.79562 -0.420097 0)
(4.40125 0.0786716 0)
(4.24733 0.381231 0)
(4.29587 0.182285 0)
(4.64168 -0.246366 0)
(3.4275 -0.022551 0)
(0.23597 1.0363 0)
(-3.57351 1.62969 0)
(-5.76981 1.29354 0)
(-6.93066 0.891604 0)
(-7.60734 0.59468 0)
(-7.74281 0.251144 0)
(-7.70082 0.0950949 0)
(-7.042 -0.212551 0)
(-5.59349 -0.951059 0)
(-3.91012 -1.2235 0)
(-1.41544 -1.5795 0)
(1.10309 -1.58968 0)
(3.57254 -1.3186 0)
(5.67016 -0.907171 0)
(7.27749 -0.498914 0)
(8.40744 -0.172764 0)
(9.06514 0.117007 0)
(9.21183 0.397023 0)
(8.79888 0.608193 0)
(7.78739 0.674632 0)
(6.39208 0.592115 0)
(4.96667 0.421079 0)
(3.71236 0.264305 0)
(2.74859 0.203793 0)
(2.03855 0.222122 0)
(1.49189 0.228804 0)
(1.05338 0.188486 0)
(0.768545 0.130938 0)
(0.561483 0.0908709 0)
(0.427385 0.0791305 0)
(0.295613 0.0765922 0)
(0.168732 0.0736563 0)
(0.0999113 0.0460232 0)
(0.0544637 0.012604 0)
(0.117215 -0.0419633 0)
(0.266202 -0.0915285 0)
(0.467208 -0.119918 0)
(0.735971 -0.137618 0)
(0.994014 -0.136703 0)
(1.23795 -0.118535 0)
(1.46742 -0.102685 0)
(1.62179 -0.0781636 0)
(1.77813 -0.0575359 0)
(1.86052 -0.0431373 0)
(1.93922 -0.0258121 0)
(1.98399 -0.018291 0)
(2.00419 -0.00781045 0)
(2.02449 -0.00123325 0)
(2.01294 0.00282664 0)
(2.00787 0.0105149 0)
(1.98042 0.0128374 0)
(1.9502 0.0191656 0)
(1.90756 0.0229157 0)
(1.85563 0.029004 0)
(1.79177 0.0331536 0)
(1.71767 0.0410148 0)
(1.62688 0.0460261 0)
(1.52492 0.0544834 0)
(1.40156 0.0616782 0)
(1.26413 0.0699026 0)
(1.10203 0.0771712 0)
(0.922303 0.084563 0)
(0.718908 0.0878235 0)
(0.49638 0.0847909 0)
(0.255539 0.0706442 0)
(0.000345519 0.0442039 0)
(-0.256493 0.0141134 0)
(-0.475882 -0.0189084 0)
(-0.584458 -0.05923 0)
(-0.563264 -0.12381 0)
(-0.445067 -0.166226 0)
(-0.31139 -0.0844024 0)
(-0.484564 0.205173 0)
(-1.18268 0.483289 0)
(-2.0944 0.511498 0)
(-2.27619 0.132677 0)
(-1.8286 -0.406351 0)
(-0.676571 -0.860181 0)
(0.218949 -0.492448 0)
(0.777324 -0.63696 0)
(1.57233 -0.535329 0)
(1.20836 -0.363409 0)
(2.57613 -0.11242 0)
(1.54135 0.613288 0)
(1.31651 1.32642 0)
(-0.0309904 1.79264 0)
(-1.33087 1.69465 0)
(-2.69415 0.226397 0)
(-2.0306 -0.724048 0)
(-1.53545 -0.871426 0)
(-0.949686 -1.26078 0)
(0.178518 -1.36742 0)
(1.42412 -1.30131 0)
(2.57658 -1.17635 0)
(3.65138 -0.725721 0)
(4.42179 -0.0188506 0)
(5.00838 0.285753 0)
(5.46333 0.0211017 0)
(4.35832 0.2204 0)
(1.37544 1.28646 0)
(-2.53478 2.44528 0)
(-5.5886 2.60384 0)
(-6.32528 1.81836 0)
(-7.05995 1.19687 0)
(-7.116 0.715225 0)
(-7.00141 0.190316 0)
(-6.77086 -0.148642 0)
(-5.81351 -0.526087 0)
(-4.33811 -1.54426 0)
(-2.87585 -2.07084 0)
(-0.36446 -2.63193 0)
(1.97073 -2.62181 0)
(4.33982 -2.22914 0)
(6.38155 -1.62539 0)
(8.0162 -1.05502 0)
(9.29497 -0.569009 0)
(10.2861 -0.13317 0)
(10.8282 0.289108 0)
(10.9349 0.710364 0)
(10.5534 1.06181 0)
(9.51913 1.19927 0)
(7.96812 1.09945 0)
(6.2441 0.874953 0)
(4.73966 0.673446 0)
(3.58411 0.558505 0)
(2.77624 0.473239 0)
(2.18874 0.355387 0)
(1.85019 0.231702 0)
(1.60164 0.156276 0)
(1.44571 0.131806 0)
(1.29431 0.128086 0)
(1.12549 0.117228 0)
(1.03711 0.0698857 0)
(0.960344 0.0118431 0)
(0.998382 -0.0824292 0)
(1.17751 -0.162433 0)
(1.37746 -0.216534 0)
(1.69692 -0.252351 0)
(2.00593 -0.248028 0)
(2.26966 -0.217784 0)
(2.57218 -0.189163 0)
(2.72801 -0.144447 0)
(2.93404 -0.108941 0)
(3.02909 -0.0804875 0)
(3.11845 -0.0500145 0)
(3.19098 -0.0355352 0)
(3.2009 -0.0152411 0)
(3.24515 -0.00506159 0)
(3.22695 0.00701928 0)
(3.22935 0.0159041 0)
(3.20483 0.0264433 0)
(3.17132 0.0326628 0)
(3.13221 0.0452129 0)
(3.07635 0.0517856 0)
(3.01032 0.0648923 0)
(2.93328 0.074837 0)
(2.83469 0.0902265 0)
(2.72864 0.10187 0)
(2.59026 0.12167 0)
(2.44578 0.135788 0)
(2.25743 0.156655 0)
(2.0609 0.17371 0)
(1.81464 0.189866 0)
(1.5531 0.20109 0)
(1.24279 0.199748 0)
(0.915082 0.190678 0)
(0.546076 0.160197 0)
(0.177704 0.114513 0)
(-0.180515 0.0263386 0)
(-0.455616 -0.0853537 0)
(-0.631704 -0.180921 0)
(-0.68694 -0.0357969 0)
(-0.932337 0.379806 0)
(-1.50742 0.744826 0)
(-2.0494 0.656696 0)
(-1.96017 0.107227 0)
(-1.61838 -0.699502 0)
(-0.542086 -1.42837 0)
(0.241938 -0.71799 0)
(0.760564 -0.918339 0)
(1.46683 -0.706816 0)
(1.47822 -0.503131 0)
(1.60122 0.000568897 0)
(0.517224 0.860554 0)
(1.11271 1.59776 0)
(-0.21613 2.10974 0)
(-0.0998587 2.12168 0)
(-1.84775 0.473204 0)
(-2.07169 -0.782821 0)
(-1.83462 -0.938469 0)
(-1.73746 -1.47527 0)
(-0.719464 -1.82301 0)
(0.51411 -1.8537 0)
(1.72831 -1.72397 0)
(2.92081 -1.20269 0)
(4.00759 -0.455272 0)
(4.82831 0.0397776 0)
(4.63378 0.425654 0)
(2.5396 1.2861 0)
(-0.938788 2.70547 0)
(-4.40098 3.66535 0)
(-5.98108 3.13686 0)
(-6.04322 2.06825 0)
(-6.35325 1.27715 0)
(-6.20874 0.689681 0)
(-5.85096 0.0466704 0)
(-5.42829 -0.533106 0)
(-4.63751 -0.96765 0)
(-3.0259 -2.18245 0)
(-1.6907 -2.9224 0)
(0.721733 -3.6917 0)
(2.81458 -3.69339 0)
(5.00887 -3.19952 0)
(6.94238 -2.40748 0)
(8.56047 -1.65073 0)
(9.79021 -1.05064 0)
(10.8185 -0.480677 0)
(11.5945 0.134038 0)
(11.8702 0.702558 0)
(11.7661 1.21121 0)
(11.2667 1.61875 0)
(10.0979 1.75122 0)
(8.37879 1.58599 0)
(6.63057 1.28937 0)
(5.16438 1.04075 0)
(4.11624 0.826439 0)
(3.36449 0.593347 0)
(2.9278 0.371436 0)
(2.60657 0.255818 0)
(2.36353 0.21485 0)
(2.12432 0.213661 0)
(1.85387 0.205074 0)
(1.62904 0.124871 0)
(1.50273 0.044282 0)
(1.4342 -0.112154 0)
(1.63259 -0.248772 0)
(1.84284 -0.328203 0)
(2.19704 -0.405568 0)
(2.61561 -0.385453 0)
(2.90456 -0.349085 0)
(3.32112 -0.300838 0)
(3.51265 -0.226395 0)
(3.77663 -0.18093 0)
(3.92408 -0.123448 0)
(4.02219 -0.0873532 0)
(4.14562 -0.0566697 0)
(4.15362 -0.0275426 0)
(4.22488 -0.0110449 0)
(4.22067 0.00565561 0)
(4.22318 0.0245545 0)
(4.22704 0.0311188 0)
(4.18037 0.0533246 0)
(4.17653 0.0564568 0)
(4.10066 0.0837815 0)
(4.07769 0.0847463 0)
(3.97434 0.118864 0)
(3.92572 0.122962 0)
(3.79202 0.159032 0)
(3.70413 0.173205 0)
(3.53622 0.208688 0)
(3.39331 0.233708 0)
(3.17489 0.267366 0)
(2.96595 0.297804 0)
(2.67408 0.322821 0)
(2.37954 0.344476 0)
(1.99881 0.344942 0)
(1.60193 0.338804 0)
(1.13076 0.291625 0)
(0.65787 0.214931 0)
(0.170277 0.0690257 0)
(-0.291851 -0.0595251 0)
(-0.613278 0.0400424 0)
(-0.861282 0.541284 0)
(-1.30491 0.867531 0)
(-1.60508 0.757139 0)
(-1.52369 0.033523 0)
(-1.30765 -0.956233 0)
(-0.233788 -1.86436 0)
(0.238886 -0.928474 0)
(0.620662 -1.1517 0)
(1.02676 -0.875958 0)
(0.761908 -0.375462 0)
(0.464069 0.254406 0)
(-0.48894 0.92929 0)
(0.259869 1.69738 0)
(-0.802629 2.2447 0)
(-0.340419 2.47446 0)
(-2.17019 0.930598 0)
(-3.18645 -0.67738 0)
(-2.82052 -0.928353 0)
(-2.88893 -1.74473 0)
(-1.72536 -2.29022 0)
(-0.350679 -2.36017 0)
(0.805626 -2.24489 0)
(1.98268 -1.6997 0)
(3.08826 -0.808242 0)
(3.6379 0.051524 0)
(2.96467 0.99576 0)
(0.516881 2.42312 0)
(-2.88479 3.94274 0)
(-5.34224 4.42418 0)
(-5.4109 3.31159 0)
(-5.6562 2.21611 0)
(-5.39682 1.21623 0)
(-5.20817 0.572504 0)
(-4.45261 -0.179575 0)
(-3.81073 -0.86785 0)
(-3.26277 -1.32576 0)
(-1.78756 -2.79975 0)
(-0.446822 -3.71987 0)
(1.79236 -4.61272 0)
(3.69755 -4.64466 0)
(5.50523 -4.06125 0)
(7.31339 -3.12302 0)
(8.735 -2.2517 0)
(10.0022 -1.52144 0)
(10.9938 -0.862856 0)
(11.9494 -0.109047 0)
(12.479 0.665837 0)
(12.46 1.31347 0)
(12.1621 1.88284 0)
(11.446 2.27064 0)
(10.0105 2.27566 0)
(8.24864 1.98545 0)
(6.56749 1.62938 0)
(5.33392 1.26994 0)
(4.40473 0.8902 0)
(3.80761 0.557579 0)
(3.34226 0.392752 0)
(2.93972 0.347593 0)
(2.52863 0.346096 0)
(2.12272 0.345969 0)
(1.73926 0.22167 0)
(1.54971 0.105549 0)
(1.41449 -0.138425 0)
(1.61686 -0.347752 0)
(1.82844 -0.466241 0)
(2.24066 -0.587068 0)
(2.71224 -0.56966 0)
(3.05996 -0.506954 0)
(3.56616 -0.463113 0)
(3.8242 -0.335207 0)
(4.15245 -0.283158 0)
(4.39341 -0.192944 0)
(4.48443 -0.137308 0)
(4.73883 -0.0983234 0)
(4.67193 -0.0458486 0)
(4.89854 -0.0354238 0)
(4.77521 0.00871587 0)
(4.95918 0.0100295 0)
(4.80364 0.0484333 0)
(4.96538 0.0454513 0)
(4.78721 0.0865328 0)
(4.91566 0.0813776 0)
(4.7378 0.127014 0)
(4.82079 0.12481 0)
(4.64129 0.177063 0)
(4.68049 0.178262 0)
(4.48554 0.239079 0)
(4.4817 0.249941 0)
(4.25206 0.311903 0)
(4.19235 0.33934 0)
(3.91264 0.395059 0)
(3.77095 0.435547 0)
(3.41568 0.473568 0)
(3.15373 0.510579 0)
(2.69527 0.515083 0)
(2.27292 0.513692 0)
(1.69572 0.443509 0)
(1.11304 0.330788 0)
(0.411663 0.149382 0)
(-0.179093 0.205591 0)
(-0.47211 0.629856 0)
(-0.855069 1.02632 0)
(-1.01142 0.752932 0)
(-1.02331 0.0554723 0)
(-0.93688 -1.18196 0)
(-0.19139 -2.13395 0)
(0.174617 -1.08126 0)
(0.347137 -1.23481 0)
(0.24429 -0.793785 0)
(-0.343491 -0.173813 0)
(-0.921815 0.534115 0)
(-1.72014 1.02234 0)
(-1.12016 1.79199 0)
(-2.16004 2.45991 0)
(-1.59099 2.81924 0)
(-2.51126 1.36255 0)
(-4.77467 -0.375396 0)
(-3.56572 -0.980976 0)
(-4.0282 -1.99011 0)
(-2.78926 -2.8637 0)
(-1.33278 -2.93888 0)
(-0.186048 -2.7545 0)
(0.881295 -2.16789 0)
(1.80753 -1.0964 0)
(2.06814 0.166991 0)
(1.08885 1.71336 0)
(-1.30651 3.59319 0)
(-4.05353 4.99497 0)
(-5.29976 4.79501 0)
(-4.64936 3.36892 0)
(-4.96054 2.28973 0)
(-4.35046 1.06095 0)
(-4.18388 0.370459 0)
(-3.09703 -0.530352 0)
(-2.36368 -1.20373 0)
(-1.57624 -1.6423 0)
(-0.388858 -3.28649 0)
(0.766126 -4.50541 0)
(2.76479 -5.51764 0)
(4.53691 -5.42905 0)
(5.9387 -4.82731 0)
(7.549 -3.76133 0)
(8.79455 -2.77653 0)
(9.91162 -1.99757 0)
(10.9445 -1.26551 0)
(11.8435 -0.447932 0)
(12.6733 0.497782 0)
(12.9169 1.33837 0)
(12.7366 2.0435 0)
(12.2915 2.6277 0)
(11.1948 2.87999 0)
(9.52829 2.69218 0)
(7.81027 2.27812 0)
(6.36069 1.7742 0)
(5.30074 1.2572 0)
(4.4725 0.809543 0)
(3.87711 0.606767 0)
(3.24422 0.551346 0)
(2.74114 0.547694 0)
(2.16896 0.5351 0)
(1.79719 0.359825 0)
(1.47944 0.185791 0)
(1.43119 -0.1589 0)
(1.56598 -0.433443 0)
(1.79561 -0.605938 0)
(2.277 -0.78603 0)
(2.66208 -0.729469 0)
(3.08802 -0.711472 0)
(3.59573 -0.609185 0)
(3.781 -0.480244 0)
(4.35675 -0.403789 0)
(4.26743 -0.272935 0)
(4.8561 -0.220747 0)
(4.6236 -0.142064 0)
(5.11515 -0.0913208 0)
(4.83656 -0.0547224 0)
(5.27846 -0.0226256 0)
(4.92584 0.0167343 0)
(5.34647 0.0219235 0)
(4.99188 0.0659607 0)
(5.33496 0.0678331 0)
(5.00353 0.116826 0)
(5.31095 0.104896 0)
(4.97196 0.180216 0)
(5.23626 0.155696 0)
(4.91754 0.24642 0)
(5.12587 0.230066 0)
(4.81804 0.324813 0)
(4.96152 0.329238 0)
(4.65482 0.421054 0)
(4.73068 0.448598 0)
(4.39714 0.53107 0)
(4.35797 0.579146 0)
(3.98038 0.636659 0)
(3.76513 0.688459 0)
(3.29425 0.698336 0)
(2.82974 0.703974 0)
(2.20107 0.615051 0)
(1.41725 0.497462 0)
(0.551715 0.402457 0)
(0.0164985 0.786586 0)
(-0.103767 1.04365 0)
(-0.365576 0.885867 0)
(-0.465278 0.0679794 0)
(-0.499377 -1.27633 0)
(-0.224987 -2.35847 0)
(0.0702469 -1.13259 0)
(-0.0904728 -1.15708 0)
(-0.597638 -0.570903 0)
(-1.40871 0.141419 0)
(-2.18384 0.781359 0)
(-2.97963 1.14283 0)
(-2.72143 1.86627 0)
(-3.60655 2.43129 0)
(-2.94975 2.8297 0)
(-3.52942 1.78629 0)
(-5.98659 -0.216503 0)
(-4.32081 -1.1613 0)
(-4.79413 -2.24941 0)
(-3.72901 -3.42949 0)
(-2.36879 -3.4856 0)
(-1.11768 -3.16774 0)
(-0.231904 -2.50543 0)
(0.45428 -1.2562 0)
(0.510288 0.422861 0)
(-0.574944 2.46229 0)
(-2.74472 4.48514 0)
(-4.66177 5.58673 0)
(-4.45295 4.69124 0)
(-3.89752 3.26012 0)
(-3.84689 2.24319 0)
(-3.0308 0.849179 0)
(-3.04835 0.0490354 0)
(-1.88548 -1.00245 0)
(-1.29132 -1.68483 0)
(-0.095959 -2.06857 0)
(1.23252 -3.56617 0)
(2.06655 -5.04622 0)
(3.83634 -6.35658 0)
(5.03413 -6.07926 0)
(6.43486 -5.39685 0)
(7.54767 -4.29206 0)
(8.72563 -3.22707 0)
(9.64331 -2.4242 0)
(10.7352 -1.62727 0)
(11.6006 -0.772235 0)
(12.4353 0.227742 0)
(13.0296 1.25353 0)
(13.0762 2.12435 0)
(12.8208 2.8903 0)
(11.9968 3.37302 0)
(10.5738 3.35819 0)
(8.83411 2.95784 0)
(7.30229 2.34899 0)
(6.03363 1.6853 0)
(5.04662 1.13828 0)
(4.20324 0.882909 0)
(3.51799 0.811893 0)
(2.86413 0.785852 0)
(2.3216 0.744892 0)
(1.86434 0.516725 0)
(1.56135 0.274552 0)
(1.50361 -0.183204 0)
(1.60928 -0.486799 0)
(1.90786 -0.802675 0)
(2.39262 -0.92125 0)
(2.69333 -0.945465 0)
(3.30946 -0.864639 0)
(3.44939 -0.771272 0)
(4.18762 -0.637999 0)
(3.95446 -0.479893 0)
(4.77686 -0.403074 0)
(4.44288 -0.278041 0)
(5.05597 -0.201406 0)
(4.74704 -0.138935 0)
(5.30187 -0.0924418 0)
(4.86308 -0.035346 0)
(5.42599 -0.0122835 0)
(4.97197 0.0211552 0)
(5.46755 0.0484804 0)
(4.98827 0.0884503 0)
(5.5022 0.0848128 0)
(5.00227 0.151775 0)
(5.44689 0.142651 0)
(5.00464 0.22093 0)
(5.39528 0.199616 0)
(4.97305 0.312742 0)
(5.2979 0.286188 0)
(4.91202 0.416397 0)
(5.19137 0.402025 0)
(4.81629 0.534165 0)
(5.00507 0.560463 0)
(4.63971 0.667629 0)
(4.71929 0.726853 0)
(4.33567 0.805219 0)
(4.18394 0.873574 0)
(3.73284 0.889989 0)
(3.2158 0.922053 0)
(2.58081 0.821539 0)
(1.5074 0.789478 0)
(0.779508 0.840494 0)
(0.481758 1.21454 0)
(0.325948 0.876494 0)
(0.122423 0.16677 0)
(0.00191319 -1.27342 0)
(-0.061096 -2.43036 0)
(-0.0764289 -1.06368 0)
(-0.534971 -0.959212 0)
(-1.35748 -0.272154 0)
(-2.44291 0.542732 0)
(-3.49786 1.14668 0)
(-4.40313 1.4264 0)
(-4.47915 1.99556 0)
(-5.01001 2.44666 0)
(-4.08706 2.90232 0)
(-4.48249 2.16155 0)
(-6.00299 -0.0949544 0)
(-4.81392 -1.36555 0)
(-4.67323 -2.64377 0)
(-4.36136 -3.84989 0)
(-3.35531 -4.10381 0)
(-1.83662 -3.59267 0)
(-1.18523 -2.75406 0)
(-0.675251 -1.31346 0)
(-0.841503 0.765232 0)
(-1.82794 3.1627 0)
(-3.44992 5.2135 0)
(-4.51362 5.86054 0)
(-3.24453 4.46732 0)
(-2.9828 3.13165 0)
(-2.39722 2.11489 0)
(-1.29198 0.762105 0)
(-1.43446 -0.0695498 0)
(-0.4651 -1.25423 0)
(-0.172852 -2.16635 0)
(0.894687 -2.72603 0)
(2.32141 -3.99104 0)
(3.41813 -5.54631 0)
(4.75636 -6.93624 0)
(5.51811 -6.61545 0)
(6.74599 -5.8675 0)
(7.56569 -4.69545 0)
(8.51415 -3.60815 0)
(9.28415 -2.82929 0)
(10.3698 -2.02177 0)
(11.343 -1.07909 0)
(12.0495 -0.0624949 0)
(12.7798 1.0445 0)
(13.1386 2.0984 0)
(13.0874 3.04058 0)
(12.554 3.75917 0)
(11.3598 3.94955 0)
(9.75791 3.63866 0)
(8.11972 2.9672 0)
(6.68084 2.19664 0)
(5.50811 1.53798 0)
(4.5735 1.22053 0)
(3.76576 1.10149 0)
(3.08605 1.04791 0)
(2.47823 0.962394 0)
(1.99918 0.688327 0)
(1.66775 0.355828 0)
(1.57793 -0.182934 0)
(1.68547 -0.594544 0)
(2.07884 -0.960277 0)
(2.42119 -1.11592 0)
(2.97232 -1.1102 0)
(3.17876 -1.04738 0)
(3.99088 -0.95286 0)
(3.74764 -0.70849 0)
(4.54239 -0.635031 0)
(4.44738 -0.48106 0)
(4.79722 -0.333522 0)
(4.77493 -0.266748 0)
(5.16791 -0.195535 0)
(4.87012 -0.0994808 0)
(5.34269 -0.0745776 0)
(5.00389 -0.0339245 0)
(5.44082 0.0196081 0)
(4.99131 0.0390799 0)
(5.5318 0.076891 0)
(5.01392 0.0907809 0)
(5.51094 0.146238 0)
(4.9944 0.169528 0)
(5.52583 0.185447 0)
(4.97506 0.261129 0)
(5.44851 0.26752 0)
(4.94506 0.369076 0)
(5.408 0.350419 0)
(4.90325 0.499801 0)
(5.30226 0.490827 0)
(4.8155 0.651672 0)
(5.19167 0.660979 0)
(4.71737 0.809249 0)
(4.95083 0.872327 0)
(4.49088 0.980534 0)
(4.45935 1.07251 0)
(3.97464 1.10195 0)
(3.48707 1.19455 0)
(2.75577 1.09783 0)
(1.59991 1.19621 0)
(1.2241 1.16594 0)
(0.963154 1.09303 0)
(0.667484 0.253355 0)
(0.506035 -1.14915 0)
(0.0411526 -2.37675 0)
(-0.22095 -0.84745 0)
(-0.957242 -0.641913 0)
(-2.07547 0.183104 0)
(-3.43039 1.06207 0)
(-4.79391 1.59817 0)
(-5.78684 1.70431 0)
(-5.91988 1.9611 0)
(-5.98312 2.31824 0)
(-4.96514 2.96473 0)
(-4.91838 2.32125 0)
(-4.89012 -0.0993411 0)
(-4.04037 -1.49141 0)
(-4.11604 -2.70184 0)
(-4.15662 -3.94854 0)
(-3.93952 -4.65435 0)
(-2.37868 -4.02264 0)
(-1.78027 -2.90339 0)
(-1.49827 -1.30059 0)
(-1.7485 1.04241 0)
(-2.56932 3.60028 0)
(-3.66587 5.56692 0)
(-3.70568 5.67713 0)
(-1.95759 4.13408 0)
(-1.62758 2.89384 0)
(-0.805677 1.75991 0)
(0.301031 0.510967 0)
(0.15607 -0.22213 0)
(0.9611 -1.39965 0)
(1.36342 -2.37437 0)
(2.12834 -3.14593 0)
(3.05858 -4.4672 0)
(4.76189 -6.18 0)
(5.27783 -7.44876 0)
(6.1439 -6.9913 0)
(6.82677 -6.18268 0)
(7.59139 -4.98903 0)
(8.29345 -3.92121 0)
(9.06463 -3.1635 0)
(9.99262 -2.40507 0)
(11.1007 -1.38879 0)
(11.7444 -0.327046 0)
(12.355 0.80223 0)
(12.9146 1.98243 0)
(13.1079 3.09826 0)
(12.8386 4.02501 0)
(11.9638 4.44994 0)
(10.4783 4.2855 0)
(8.86776 3.63918 0)
(7.28167 2.76694 0)
(5.96603 2.00697 0)
(4.85873 1.59529 0)
(4.00445 1.4302 0)
(3.30016 1.31415 0)
(2.68416 1.20769 0)
(2.16048 0.860994 0)
(1.81369 0.472222 0)
(1.68023 -0.209255 0)
(1.87976 -0.676452 0)
(2.17942 -1.16625 0)
(2.7237 -1.25691 0)
(2.90672 -1.31073 0)
(3.76866 -1.26568 0)
(3.65332 -1.00837 0)
(4.2165 -0.884342 0)
(4.48199 -0.740133 0)
(4.57744 -0.532959 0)
(4.72617 -0.400667 0)
(5.06851 -0.354151 0)
(4.88748 -0.191575 0)
(5.18958 -0.14552 0)
(5.1008 -0.112335 0)
(5.32124 -0.030383 0)
(5.0691 0.00104237 0)
(5.44305 0.0383776 0)
(5.11508 0.0482115 0)
(5.45031 0.12847 0)
(5.05942 0.121301 0)
(5.52784 0.178566 0)
(5.03477 0.186694 0)
(5.47393 0.275027 0)
(4.982 0.289414 0)
(5.50013 0.333121 0)
(4.94313 0.419525 0)
(5.41224 0.4507 0)
(4.88332 0.586973 0)
(5.37019 0.579767 0)
(4.85205 0.75519 0)
(5.26793 0.779488 0)
(4.73712 0.965045 0)
(5.06218 1.02384 0)
(4.58194 1.17384 0)
(4.61053 1.28363 0)
(4.15133 1.36826 0)
(3.63977 1.53082 0)
(2.82656 1.39632 0)
(1.98163 1.52442 0)
(1.59168 1.04621 0)
(1.29765 0.430116 0)
(0.96339 -0.930928 0)
(0.189317 -2.22894 0)
(-0.308902 -0.570951 0)
(-1.29159 -0.216874 0)
(-2.61756 0.71261 0)
(-4.21944 1.63252 0)
(-5.77573 2.08312 0)
(-6.7222 1.95322 0)
(-6.74883 1.86767 0)
(-6.47896 2.10538 0)
(-5.34983 2.70537 0)
(-4.48243 1.91359 0)
(-3.50067 -0.323571 0)
(-2.87533 -1.43684 0)
(-2.91731 -2.57406 0)
(-3.1553 -3.77667 0)
(-3.55823 -4.92938 0)
(-2.92525 -4.45672 0)
(-1.9725 -3.01917 0)
(-1.92326 -1.28216 0)
(-2.00953 1.23883 0)
(-2.62045 3.89678 0)
(-3.26287 5.69121 0)
(-2.39064 5.32169 0)
(-0.763416 3.69989 0)
(0.00295928 2.58029 0)
(0.927795 1.37682 0)
(1.89773 0.296755 0)
(1.78659 -0.396898 0)
(2.13633 -1.66725 0)
(2.5316 -2.85583 0)
(3.51937 -3.44583 0)
(4.14177 -4.69145 0)
(5.82892 -6.52783 0)
(5.98056 -7.83771 0)
(6.60654 -7.28032 0)
(6.90778 -6.39052 0)
(7.56391 -5.21261 0)
(8.07139 -4.21712 0)
(9.01846 -3.47432 0)
(9.83896 -2.76561 0)
(10.9313 -1.71554 0)
(11.5684 -0.558671 0)
(12.0398 0.579599 0)
(12.516 1.81505 0)
(12.9148 3.05272 0)
(12.8785 4.16156 0)
(12.314 4.83908 0)
(11.0821 4.88873 0)
(9.4828 4.31118 0)
(7.87254 3.39462 0)
(6.35878 2.52967 0)
(5.25675 2.01119 0)
(4.28873 1.76911 0)
(3.6256 1.57965 0)
(2.88253 1.47097 0)
(2.40644 1.03807 0)
(1.93037 0.607207 0)
(1.93653 -0.245337 0)
(1.99395 -0.778424 0)
(2.54632 -1.34982 0)
(2.73467 -1.41781 0)
(3.4862 -1.56075 0)
(3.67813 -1.3436 0)
(3.94813 -1.15881 0)
(4.44146 -1.02967 0)
(4.48643 -0.798561 0)
(4.64708 -0.577188 0)
(4.92302 -0.532018 0)
(5.00546 -0.340719 0)
(4.93728 -0.238078 0)
(5.2643 -0.194949 0)
(5.13544 -0.122558 0)
(5.22646 -0.0336022 0)
(5.24176 -0.013547 0)
(5.33493 -0.00389756 0)
(5.2571 0.103797 0)
(5.24454 0.0814614 0)
(5.39068 0.150311 0)
(5.21133 0.139876 0)
(5.36593 0.253309 0)
(5.11935 0.234247 0)
(5.4592 0.30836 0)
(5.06431 0.335344 0)
(5.39163 0.435325 0)
(4.98641 0.485438 0)
(5.41152 0.539171 0)
(4.9537 0.653243 0)
(5.37025 0.69725 0)
(4.82802 0.892159 0)
(5.3079 0.910222 0)
(4.74924 1.12044 0)
(5.15984 1.19004 0)
(4.65428 1.38644 0)
(4.69563 1.53693 0)
(4.34036 1.69534 0)
(3.6649 1.8367 0)
(3.02063 1.60806 0)
(2.37306 1.4948 0)
(1.74321 0.553206 0)
(1.42546 -0.76322 0)
(0.432594 -1.93284 0)
(-0.497085 -0.143735 0)
(-1.57952 0.290841 0)
(-2.9992 1.28793 0)
(-4.67429 2.25652 0)
(-6.14086 2.57111 0)
(-6.71251 2.14148 0)
(-6.45619 1.69677 0)
(-5.99754 1.7535 0)
(-4.80562 2.13435 0)
(-3.23339 1.281 0)
(-2.39387 -0.533385 0)
(-1.87861 -1.5315 0)
(-1.8829 -2.48787 0)
(-1.87608 -3.51059 0)
(-2.27649 -4.69656 0)
(-3.22346 -4.77389 0)
(-1.78725 -3.24253 0)
(-1.73664 -1.29783 0)
(-1.84394 1.32515 0)
(-2.27166 3.97735 0)
(-2.32545 5.50383 0)
(-0.78031 4.87037 0)
(0.774539 3.22745 0)
(1.77146 2.18797 0)
(2.78666 1.0238 0)
(3.53687 0.116651 0)
(3.4331 -0.260711 0)
(3.70331 -1.47432 0)
(3.68601 -3.13989 0)
(4.42505 -3.86947 0)
(5.21037 -5.01534 0)
(6.58153 -6.80311 0)
(6.6665 -8.09941 0)
(6.98498 -7.37837 0)
(7.03317 -6.46969 0)
(7.51536 -5.37252 0)
(7.92101 -4.53915 0)
(8.9568 -3.8237 0)
(9.96883 -3.08822 0)
(10.8202 -2.04795 0)
(11.5855 -0.780451 0)
(11.8942 0.450423 0)
(12.2 1.67705 0)
(12.5389 2.94925 0)
(12.7465 4.19352 0)
(12.4357 5.10863 0)
(11.5092 5.41371 0)
(10.023 4.98063 0)
(8.37867 4.0457 0)
(6.85389 3.09222 0)
(5.56913 2.44804 0)
(4.62685 2.12008 0)
(3.85581 1.86534 0)
(3.18158 1.73621 0)
(2.62028 1.2331 0)
(2.20861 0.734312 0)
(2.16425 -0.294416 0)
(2.36194 -0.879318 0)
(2.71614 -1.54686 0)
(3.22915 -1.63025 0)
(3.65023 -1.70976 0)
(3.91757 -1.46961 0)
(4.321 -1.30554 0)
(4.49209 -1.12011 0)
(4.66687 -0.815622 0)
(4.71572 -0.714437 0)
(5.16839 -0.550045 0)
(4.73402 -0.356333 0)
(5.35156 -0.30186 0)
(5.00929 -0.224593 0)
(5.35647 -0.0973463 0)
(5.04355 -0.0731186 0)
(5.5289 -0.0443815 0)
(5.08354 0.0338507 0)
(5.41616 0.0801397 0)
(5.22689 0.0807735 0)
(5.42505 0.122185 0)
(5.19803 0.207437 0)
(5.31697 0.199799 0)
(5.3373 0.265325 0)
(5.24788 0.278556 0)
(5.30521 0.39909 0)
(5.12544 0.409349 0)
(5.39499 0.488944 0)
(5.08112 0.550722 0)
(5.3703 0.643591 0)
(4.9463 0.774091 0)
(5.35968 0.825319 0)
(4.89082 1.00295 0)
(5.3534 1.05744 0)
(4.77913 1.28787 0)
(5.26159 1.39796 0)
(4.61208 1.62863 0)
(4.79294 1.84732 0)
(4.4263 1.96142 0)
(3.7437 2.0911 0)
(3.29531 1.46716 0)
(2.70447 1.03371 0)
(2.21495 -0.280772 0)
(0.716871 -1.4455 0)
(-0.533812 0.314965 0)
(-1.73953 0.81666 0)
(-3.19284 1.83754 0)
(-4.63725 2.78497 0)
(-5.62165 2.93362 0)
(-5.59349 2.22409 0)
(-5.04256 1.52568 0)
(-4.63696 1.36442 0)
(-3.60496 1.44566 0)
(-1.85752 0.697827 0)
(-1.07904 -0.671452 0)
(-0.608414 -1.63493 0)
(-0.870064 -2.56476 0)
(-0.907336 -3.53264 0)
(-0.80628 -4.31519 0)
(-2.56386 -4.82649 0)
(-1.42044 -3.56598 0)
(-1.21521 -1.3231 0)
(-1.22877 1.32395 0)
(-1.52369 3.9728 0)
(-0.979601 5.06676 0)
(0.790042 4.14459 0)
(2.33315 2.64905 0)
(3.38306 1.65631 0)
(4.43625 0.70262 0)
(4.94611 0.0307884 0)
(4.50826 -0.251179 0)
(4.77935 -1.58274 0)
(5.03027 -3.41165 0)
(5.44098 -4.18328 0)
(6.05601 -5.35026 0)
(7.39518 -7.08922 0)
(7.20446 -8.31092 0)
(7.29632 -7.43922 0)
(7.16405 -6.48305 0)
(7.42895 -5.47434 0)
(7.87468 -4.89216 0)
(8.84622 -4.26351 0)
(10.1038 -3.434 0)
(10.8371 -2.37857 0)
(11.5681 -1.00625 0)
(11.9285 0.367295 0)
(12.0436 1.6269 0)
(12.1552 2.84758 0)
(12.4239 4.15107 0)
(12.3942 5.26286 0)
(11.7128 5.84384 0)
(10.5141 5.59506 0)
(8.85561 4.7062 0)
(7.26067 3.69445 0)
(5.98158 2.91449 0)
(4.9091 2.50644 0)
(4.26863 2.12798 0)
(3.39948 2.04331 0)
(3.04716 1.38223 0)
(2.39771 0.903838 0)
(2.68638 -0.397452 0)
(2.57843 -0.925102 0)
(3.23087 -1.81033 0)
(3.5202 -1.75365 0)
(3.96288 -1.90781 0)
(4.3791 -1.5825 0)
(4.43158 -1.42104 0)
(4.8911 -1.14912 0)
(4.57597 -0.904226 0)
(5.23228 -0.769697 0)
(4.76138 -0.55329 0)
(5.2871 -0.405474 0)
(5.00342 -0.361536 0)
(5.4024 -0.185577 0)
(4.9683 -0.148799 0)
(5.57034 -0.0885298 0)
(5.05762 -0.0486477 0)
(5.48358 0.0669965 0)
(5.12905 0.0218633 0)
(5.56811 0.101023 0)
(5.09373 0.145614 0)
(5.46197 0.193374 0)
(5.22145 0.200316 0)
(5.43322 0.247173 0)
(5.19054 0.348655 0)
(5.29364 0.353013 0)
(5.32076 0.438386 0)
(5.24086 0.454684 0)
(5.31934 0.606356 0)
(5.08032 0.649998 0)
(5.36163 0.760606 0)
(5.05779 0.856185 0)
(5.3715 0.963994 0)
(4.97889 1.14618 0)
(5.38218 1.22338 0)
(4.76919 1.52415 0)
(5.21966 1.64173 0)
(4.65197 1.92471 0)
(4.82657 2.10852 0)
(4.60401 2.11316 0)
(3.86355 2.10601 0)
(2.97596 1.06881 0)
(2.11176 0.145034 0)
(0.864163 -1.06214 0)
(-0.499316 0.816186 0)
(-1.60997 1.32972 0)
(-2.89401 2.30555 0)
(-3.99929 3.17087 0)
(-4.43134 3.11964 0)
(-3.91755 2.16559 0)
(-3.314 1.3903 0)
(-2.89632 1.13873 0)
(-2.04848 0.923518 0)
(-0.618165 0.157363 0)
(0.343585 -0.99845 0)
(1.00591 -1.70512 0)
(0.979889 -2.4769 0)
(0.154768 -3.48645 0)
(0.3448 -4.032 0)
(-0.98507 -4.53958 0)
(-1.08292 -3.82126 0)
(-0.484034 -1.40426 0)
(-0.327964 1.29328 0)
(-0.407418 3.82926 0)
(0.666954 4.47122 0)
(2.35504 3.48113 0)
(3.66787 2.06927 0)
(4.52386 1.07273 0)
(5.32998 0.30066 0)
(5.57385 0.00936017 0)
(5.2314 -0.125057 0)
(5.75536 -1.58799 0)
(6.18473 -3.63587 0)
(6.52879 -4.38318 0)
(6.99435 -5.52135 0)
(8.12146 -7.21466 0)
(7.67992 -8.28895 0)
(7.55811 -7.38242 0)
(7.20286 -6.41853 0)
(7.22893 -5.59885 0)
(8.0026 -5.23985 0)
(8.69781 -4.73708 0)
(10.1053 -3.82981 0)
(10.8831 -2.67659 0)
(11.4304 -1.26997 0)
(12.0069 0.303508 0)
(11.9844 1.66254 0)
(11.9117 2.81411 0)
(11.9777 4.06286 0)
(12.1962 5.32845 0)
(11.8058 6.15474 0)
(10.7755 6.14772 0)
(9.34189 5.3439 0)
(7.66207 4.3039 0)
(6.42779 3.39378 0)
(5.23512 2.88877 0)
(4.60908 2.40604 0)
(3.67956 2.31964 0)
(3.4396 1.56102 0)
(2.77284 1.00913 0)
(3.17202 -0.4617 0)
(2.97225 -1.00971 0)
(3.68263 -2.01817 0)
(3.7587 -1.88855 0)
(4.49737 -2.1032 0)
(4.46639 -1.63691 0)
(5.0247 -1.53119 0)
(4.82292 -1.16327 0)
(5.13599 -0.962238 0)
(5.01103 -0.78026 0)
(5.21909 -0.576583 0)
(5.0457 -0.451597 0)
(5.38981 -0.35012 0)
(5.05089 -0.219131 0)
(5.45743 -0.153861 0)
(5.14681 -0.129312 0)
(5.47518 0.00880883 0)
(5.11322 -0.0137051 0)
(5.59609 0.0607701 0)
(5.09171 0.0776574 0)
(5.53826 0.186133 0)
(5.13213 0.133186 0)
(5.58508 0.231989 0)
(5.08637 0.264037 0)
(5.46803 0.344787 0)
(5.19565 0.346639 0)
(5.43611 0.414905 0)
(5.20238 0.523988 0)
(5.25808 0.570567 0)
(5.30364 0.677712 0)
(5.20181 0.723013 0)
(5.36297 0.886873 0)
(5.09854 0.969708 0)
(5.40328 1.11601 0)
(4.92061 1.33329 0)
(5.35396 1.47691 0)
(4.85993 1.71191 0)
(5.44689 1.86171 0)
(4.84923 2.13329 0)
(4.95246 2.27086 0)
(4.70721 2.07968 0)
(3.82214 1.93867 0)
(2.51492 0.487204 0)
(1.381 -0.0476576 0)
(-0.323615 1.22598 0)
(-1.20668 1.78512 0)
(-2.23864 2.63985 0)
(-2.98373 3.35714 0)
(-2.9402 3.09663 0)
(-2.16041 1.95127 0)
(-1.77639 1.1343 0)
(-1.28427 0.829452 0)
(-0.444582 0.460451 0)
(0.852294 -0.328388 0)
(1.62553 -1.35109 0)
(2.38221 -1.81024 0)
(2.68472 -2.14518 0)
(1.65625 -3.14883 0)
(1.37392 -3.80574 0)
(0.849059 -4.16735 0)
(-0.320882 -3.85399 0)
(0.425576 -1.59953 0)
(0.816991 1.18726 0)
(1.02742 3.51803 0)
(2.47793 3.83193 0)
(3.81065 2.99947 0)
(5.00105 1.70776 0)
(5.4774 0.718516 0)
(5.73975 0.0807461 0)
(5.74248 -0.0652622 0)
(5.80222 -0.169401 0)
(6.81467 -1.75672 0)
(7.33078 -3.92077 0)
(7.44376 -4.59556 0)
(7.81625 -5.65802 0)
(8.58933 -7.33197 0)
(7.98979 -8.24741 0)
(7.64248 -7.25002 0)
(7.09692 -6.2898 0)
(7.00134 -5.76314 0)
(7.98655 -5.65084 0)
(8.723 -5.17388 0)
(9.97491 -4.27409 0)
(10.7944 -2.96918 0)
(11.2331 -1.52189 0)
(11.8793 0.196968 0)
(12.0366 1.71768 0)
(11.7041 2.86714 0)
(11.6169 3.99215 0)
(11.797 5.30906 0)
(11.7779 6.36243 0)
(10.9624 6.60429 0)
(9.68734 5.9413 0)
(8.0834 4.92836 0)
(6.73971 3.89565 0)
(5.60715 3.30718 0)
(4.96717 2.6821 0)
(4.02316 2.62035 0)
(3.97967 1.6837 0)
(3.22071 1.16387 0)
(3.75882 -0.583734 0)
(3.44042 -1.02901 0)
(4.03426 -2.26683 0)
(4.21409 -2.00017 0)
(4.61213 -2.29073 0)
(4.99399 -1.71896 0)
(5.11316 -1.6239 0)
(5.28248 -1.1347 0)
(5.19238 -1.02171 0)
(5.40597 -0.760078 0)
(5.13232 -0.59634 0)
(5.3757 -0.445211 0)
(5.22553 -0.381395 0)
(5.35685 -0.194874 0)
(5.21573 -0.197275 0)
(5.46513 -0.0892134 0)
(5.17342 -0.0382402 0)
(5.52376 0.0211944 0)
(5.17853 0.0211532 0)
(5.54292 0.144783 0)
(5.13695 0.0999688 0)
(5.62132 0.20756 0)
(5.08765 0.185059 0)
(5.58704 0.331332 0)
(5.0999 0.267038 0)
(5.62086 0.4017 0)
(5.07635 0.412104 0)
(5.50348 0.537966 0)
(5.16057 0.572196 0)
(5.45316 0.649381 0)
(5.24562 0.77636 0)
(5.3148 0.846657 0)
(5.32263 1.0116 0)
(5.13344 1.15993 0)
(5.32216 1.31318 0)
(5.10207 1.49422 0)
(5.46461 1.62334 0)
(4.91634 1.97213 0)
(5.42763 2.13064 0)
(4.81094 2.4154 0)
(4.49923 2.49712 0)
(4.25638 1.95492 0)
(2.93044 1.55553 0)
(0.327077 0.219877 0)
(-0.159817 1.51606 0)
(-0.615727 2.12089 0)
(-1.21161 2.87258 0)
(-1.62864 3.44374 0)
(-1.30047 3.03844 0)
(-0.459737 1.77792 0)
(-0.18638 0.966324 0)
(0.37959 0.53608 0)
(1.18768 0.0279901 0)
(2.47538 -0.70423 0)
(2.92475 -1.59671 0)
(3.01399 -2.01014 0)
(3.39004 -2.03979 0)
(2.88024 -2.83352 0)
(2.49337 -3.6853 0)
(2.5822 -3.8779 0)
(1.23866 -3.71433 0)
(1.37801 -1.88832 0)
(2.14315 0.925763 0)
(2.52207 3.08851 0)
(4.4027 3.31242 0)
(5.21159 2.69377 0)
(6.37243 1.53081 0)
(6.66052 0.640421 0)
(6.5771 0.0837064 0)
(6.41024 -0.135624 0)
(6.64869 -0.353351 0)
(7.91766 -2.02506 0)
(8.45924 -4.17451 0)
(8.29805 -4.7151 0)
(8.56973 -5.65957 0)
(8.98368 -7.32684 0)
(8.316 -8.06054 0)
(7.66088 -7.03952 0)
(6.91923 -6.10962 0)
(6.95721 -5.95072 0)
(7.78781 -6.13063 0)
(8.73409 -5.57437 0)
(9.67445 -4.67671 0)
(10.5886 -3.24901 0)
(10.9078 -1.75259 0)
(11.5698 0.0393412 0)
(11.9432 1.78008 0)
(11.578 2.97425 0)
(11.2563 3.9943 0)
(11.3895 5.24316 0)
(11.545 6.47811 0)
(11.0726 6.96485 0)
(9.88569 6.49279 0)
(8.39119 5.54033 0)
(7.2305 4.39042 0)
(5.82459 3.71573 0)
(5.50177 2.9458 0)
(4.24039 2.86723 0)
(4.61978 1.80317 0)
(3.57204 1.26382 0)
(4.42313 -0.648176 0)
(3.71236 -1.06124 0)
(4.61423 -2.46621 0)
(4.29131 -2.07338 0)
(5.08268 -2.5398 0)
(5.0024 -1.75999 0)
(5.45949 -1.74134 0)
(5.4402 -1.11525 0)
(5.56378 -1.07995 0)
(5.5471 -0.691604 0)
(5.38131 -0.617841 0)
(5.5432 -0.436228 0)
(5.34363 -0.384314 0)
(5.40599 -0.17671 0)
(5.3548 -0.225989 0)
(5.42061 -0.0914816 0)
(5.31543 -0.0314843 0)
(5.39498 -0.00112567 0)
(5.37132 0.0410729 0)
(5.34538 0.101357 0)
(5.40837 0.155356 0)
(5.29796 0.144697 0)
(5.45526 0.258914 0)
(5.23445 0.238636 0)
(5.52213 0.357697 0)
(5.17545 0.32268 0)
(5.51812 0.496464 0)
(5.16142 0.457216 0)
(5.54954 0.613937 0)
(5.18797 0.62991 0)
(5.46682 0.768519 0)
(5.27662 0.885529 0)
(5.33977 0.986401 0)
(5.40837 1.16913 0)
(5.33019 1.25983 0)
(5.5529 1.49357 0)
(5.21093 1.70987 0)
(5.49757 1.91503 0)
(4.85 2.21206 0)
(5.49413 2.35178 0)
(4.8209 2.60003 0)
(4.3789 2.63345 0)
(3.4911 1.66619 0)
(2.12431 1.52798 0)
(0.0602116 1.63891 0)
(0.0255187 2.29878 0)
(-0.0867801 2.97477 0)
(-0.175592 3.38915 0)
(0.417317 2.80115 0)
(1.25324 1.54652 0)
(1.55827 0.757627 0)
(2.09087 0.231899 0)
(2.68784 -0.394997 0)
(3.72727 -1.01787 0)
(4.23207 -1.60951 0)
(3.82226 -2.00885 0)
(3.85401 -2.16212 0)
(3.96801 -2.86447 0)
(3.78557 -3.73709 0)
(4.04407 -3.6794 0)
(3.17386 -3.43732 0)
(2.53879 -2.17064 0)
(3.51062 0.553596 0)
(4.03175 2.60591 0)
(6.05804 2.78596 0)
(6.55407 2.39335 0)
(7.48135 1.32712 0)
(7.70967 0.581848 0)
(7.63645 0.0935526 0)
(7.54363 -0.245039 0)
(7.7657 -0.521953 0)
(9.04896 -2.18603 0)
(9.53647 -4.19883 0)
(8.98806 -4.65384 0)
(9.08946 -5.59336 0)
(9.27652 -7.28951 0)
(8.45327 -7.81963 0)
(7.60496 -6.72237 0)
(6.6166 -5.98507 0)
(7.04342 -6.14514 0)
(7.52434 -6.56042 0)
(8.51954 -5.91551 0)
(9.2611 -5.06616 0)
(10.149 -3.49549 0)
(10.4441 -1.93359 0)
(11.04 -0.140249 0)
(11.6712 1.7551 0)
(11.403 3.10868 0)
(10.9269 4.04499 0)
(10.9454 5.18742 0)
(11.2389 6.49312 0)
(10.9823 7.25202 0)
(10.139 6.94352 0)
(8.5985 6.12439 0)
(7.64308 4.88021 0)
(6.13926 4.15857 0)
(5.91876 3.18967 0)
(4.63748 3.13357 0)
(5.03639 1.8671 0)
(4.22756 1.39243 0)
(4.86744 -0.728282 0)
(4.30958 -1.03446 0)
(4.9642 -2.63474 0)
(4.78854 -2.13225 0)
(5.25879 -2.70614 0)
(5.10009 -1.77545 0)
(5.63151 -1.92593 0)
(5.4885 -1.0744 0)
(5.77796 -1.17189 0)
(5.64098 -0.582293 0)
(5.71585 -0.686599 0)
(5.6471 -0.336745 0)
(5.59318 -0.403327 0)
(5.52288 -0.12105 0)
(5.56501 -0.268711 0)
(5.45121 -0.0144582 0)
(5.46928 -0.0752156 0)
(5.44719 0.0368022 0)
(5.443 0.0100627 0)
(5.39672 0.15883 0)
(5.39739 0.098374 0)
(5.42553 0.207534 0)
(5.33911 0.202553 0)
(5.44906 0.313528 0)
(5.27398 0.282374 0)
(5.50666 0.418785 0)
(5.194 0.403004 0)
(5.58688 0.550729 0)
(5.13674 0.534805 0)
(5.60267 0.717232 0)
(5.117 0.723554 0)
(5.56749 0.90496 0)
(5.17535 0.976241 0)
(5.49387 1.12999 0)
(5.31155 1.31375 0)
(5.35567 1.45393 0)
(5.48019 1.71954 0)
(5.19105 2.00042 0)
(5.50718 2.22106 0)
(4.74025 2.55774 0)
(5.16361 2.64994 0)
(4.71875 2.8421 0)
(3.14427 3.04773 0)
(0.796393 1.93065 0)
(0.272462 1.55982 0)
(0.718398 2.24474 0)
(1.16537 2.95117 0)
(1.35752 3.26551 0)
(2.16587 2.58587 0)
(3.02162 1.41015 0)
(3.41523 0.637479 0)
(3.93461 0.0678243 0)
(4.18649 -0.66954 0)
(4.52079 -1.36042 0)
(4.94026 -1.74643 0)
(4.74975 -1.89389 0)
(4.88132 -2.08482 0)
(5.35632 -2.80049 0)
(5.40401 -3.68969 0)
(5.36322 -3.56819 0)
(5.07384 -3.14838 0)
(4.22468 -2.27979 0)
(4.65805 0.118269 0)
(5.48966 2.07518 0)
(7.39622 2.34043 0)
(7.86558 2.15353 0)
(8.45254 1.20133 0)
(8.51856 0.527253 0)
(8.62773 0.0330274 0)
(8.71501 -0.350018 0)
(8.88907 -0.643482 0)
(9.95567 -2.37349 0)
(10.2558 -4.30291 0)
(9.53905 -4.6679 0)
(9.45233 -5.55313 0)
(9.49696 -7.1523 0)
(8.47383 -7.45827 0)
(7.40998 -6.33615 0)
(6.35324 -5.86258 0)
(6.93098 -6.37336 0)
(7.0413 -6.90167 0)
(8.17835 -6.17917 0)
(8.72266 -5.37442 0)
(9.53777 -3.72693 0)
(9.84935 -2.09784 0)
(10.3777 -0.340448 0)
(11.1335 1.66539 0)
(11.1378 3.22616 0)
(10.5715 4.1365 0)
(10.506 5.1604 0)
(10.8719 6.43445 0)
(10.787 7.42719 0)
(10.1849 7.37148 0)
(8.83845 6.64868 0)
(8.01094 5.3758 0)
(6.48245 4.55181 0)
(6.42395 3.46268 0)
(5.03695 3.35061 0)
(5.62329 1.96329 0)
(4.72871 1.44716 0)
(5.46755 -0.750725 0)
(4.77567 -1.04337 0)
(5.58787 -2.76088 0)
(5.22226 -2.11089 0)
(5.63231 -2.78347 0)
(5.38897 -1.78284 0)
(5.73278 -2.0414 0)
(5.49083 -1.05345 0)
(5.78845 -1.28402 0)
(5.71293 -0.549984 0)
(5.801 -0.746109 0)
(5.76846 -0.264683 0)
(5.75347 -0.450158 0)
(5.75551 -0.0513612 0)
(5.67253 -0.294319 0)
(5.70451 0.0433042 0)
(5.5823 -0.101246 0)
(5.68985 0.0816638 0)
(5.47051 0.00547525 0)
(5.63701 0.171062 0)
(5.42551 0.103911 0)
(5.57945 0.210051 0)
(5.36013 0.219363 0)
(5.52831 0.294788 0)
(5.35672 0.313083 0)
(5.47002 0.369926 0)
(5.37467 0.450797 0)
(5.41966 0.477531 0)
(5.47967 0.616564 0)
(5.37912 0.61085 0)
(5.58901 0.804691 0)
(5.37426 0.829477 0)
(5.69855 1.04299 0)
(5.39428 1.11618 0)
(5.61301 1.29719 0)
(5.4629 1.4923 0)
(5.35205 1.70135 0)
(5.57201 1.94779 0)
(5.4509 2.2155 0)
(5.80469 2.52666 0)
(4.77548 2.93782 0)
(4.97134 3.1097 0)
(4.12836 3.00734 0)
(2.26587 3.69162 0)
(0.426985 1.28334 0)
(1.23024 1.99475 0)
(2.17097 2.71743 0)
(2.69071 2.99121 0)
(3.64819 2.30434 0)
(4.48579 1.14791 0)
(4.84826 0.35294 0)
(5.56576 -0.0986966 0)
(5.84459 -0.641003 0)
(5.55341 -1.3815 0)
(5.49513 -1.87768 0)
(5.30099 -1.95287 0)
(5.80798 -2.17105 0)
(6.60167 -2.91816 0)
(6.9529 -3.67802 0)
(6.81906 -3.47126 0)
(6.7688 -2.97819 0)
(6.21734 -2.20152 0)
(5.83868 -0.183274 0)
(6.70666 1.52797 0)
(8.32693 1.90759 0)
(9.00261 1.9268 0)
(9.48536 1.20643 0)
(9.31067 0.559288 0)
(9.48025 -0.11337 0)
(9.63952 -0.53422 0)
(9.75852 -0.754749 0)
(10.7207 -2.43039 0)
(10.823 -4.21147 0)
(9.97045 -4.48062 0)
(9.75953 -5.3768 0)
(9.60435 -6.94385 0)
(8.44367 -7.0138 0)
(7.1449 -5.89664 0)
(6.14153 -5.74352 0)
(6.63581 -6.51712 0)
(6.46797 -7.19322 0)
(7.7698 -6.40788 0)
(8.18361 -5.64714 0)
(8.82264 -3.90163 0)
(9.21456 -2.23158 0)
(9.59851 -0.537738 0)
(10.4535 1.48516 0)
(10.6734 3.2837 0)
(10.2358 4.23295 0)
(10.0029 5.14182 0)
(10.4417 6.39066 0)
(10.45 7.50526 0)
(10.2186 7.64221 0)
(8.99604 7.1239 0)
(8.3923 5.77579 0)
(6.67357 4.97155 0)
(6.81968 3.64953 0)
(5.57276 3.60281 0)
(6.08618 1.96669 0)
(5.26109 1.5689 0)
(5.94636 -0.847466 0)
(5.46397 -1.01151 0)
(6.04413 -2.89165 0)
(5.72456 -2.05409 0)
(6.08317 -2.86429 0)
(5.75592 -1.65238 0)
(5.94745 -2.10183 0)
(5.5791 -0.916416 0)
(5.77965 -1.43548 0)
(5.67379 -0.42351 0)
(5.70818 -0.892504 0)
(5.73605 -0.154381 0)
(5.78083 -0.575584 0)
(5.76485 0.0741641 0)
(5.77373 -0.420228 0)
(5.8177 0.179055 0)
(5.77519 -0.223953 0)
(5.79957 0.228268 0)
(5.73824 -0.0999441 0)
(5.78312 0.305565 0)
(5.70387 0.0111216 0)
(5.67747 0.336985 0)
(5.65394 0.152007 0)
(5.58246 0.395903 0)
(5.57999 0.259239 0)
(5.43844 0.46267 0)
(5.46249 0.411389 0)
(5.39286 0.531171 0)
(5.36244 0.543494 0)
(5.34157 0.676387 0)
(5.27334 0.71686 0)
(5.51898 0.866655 0)
(5.32052 0.917187 0)
(5.69806 1.1665 0)
(5.43959 1.26012 0)
(5.77238 1.52254 0)
(5.49932 1.74038 0)
(5.56146 1.95353 0)
(5.39826 2.25096 0)
(5.36129 2.62619 0)
(5.65826 2.92199 0)
(4.66151 3.75792 0)
(3.75754 4.11763 0)
(1.42548 4.16102 0)
(0.516907 0.940989 0)
(1.54546 1.49921 0)
(3.15221 2.20645 0)
(3.93911 2.56785 0)
(4.95933 2.00686 0)
(5.81832 1.0067 0)
(6.07618 0.109612 0)
(6.57221 -0.39417 0)
(6.83387 -0.638113 0)
(6.69843 -1.14673 0)
(6.61222 -1.7332 0)
(6.2859 -2.07312 0)
(7.01165 -2.52499 0)
(8.19583 -3.35692 0)
(8.52262 -3.86586 0)
(8.33775 -3.48231 0)
(8.34222 -2.96141 0)
(7.95992 -2.10295 0)
(7.24005 -0.26387 0)
(7.80767 1.0953 0)
(8.94022 1.4933 0)
(9.81935 1.65009 0)
(10.2951 1.16525 0)
(9.99832 0.630367 0)
(10.2335 -0.221008 0)
(10.3434 -0.692553 0)
(10.2571 -0.857718 0)
(11.1446 -2.54652 0)
(11.1931 -4.10155 0)
(10.1979 -4.27854 0)
(9.90181 -5.25105 0)
(9.5797 -6.72069 0)
(8.29402 -6.53712 0)
(6.82057 -5.44645 0)
(5.80572 -5.6105 0)
(6.25494 -6.62821 0)
(5.91204 -7.42436 0)
(7.44035 -6.63293 0)
(7.63331 -5.83888 0)
(8.09142 -4.05948 0)
(8.57214 -2.36009 0)
(8.84304 -0.7341 0)
(9.65092 1.287 0)
(10.0688 3.24731 0)
(9.77593 4.34124 0)
(9.51289 5.12434 0)
(9.95636 6.29017 0)
(10.0748 7.53391 0)
(10.0617 7.82745 0)
(9.03118 7.54389 0)
(8.75434 6.21221 0)
(6.9803 5.34744 0)
(7.03231 3.85389 0)
(6.01212 3.72643 0)
(6.58957 2.04832 0)
(5.76415 1.63249 0)
(6.5634 -0.874591 0)
(6.02946 -1.02501 0)
(6.47616 -2.96097 0)
(6.08269 -2.07581 0)
(6.37608 -2.91566 0)
(6.04155 -1.59424 0)
(6.26342 -2.09678 0)
(5.81851 -0.793678 0)
(5.94857 -1.47673 0)
(5.70506 -0.312419 0)
(5.71754 -0.958559 0)
(5.63087 -0.0908189 0)
(5.73963 -0.658221 0)
(5.62694 0.160483 0)
(5.73011 -0.520563 0)
(5.72736 0.239592 0)
(5.81674 -0.283591 0)
(5.74169 0.28706 0)
(5.87295 -0.177127 0)
(5.85047 0.364708 0)
(5.89584 -0.0244445 0)
(5.85976 0.378369 0)
(5.94093 0.112745 0)
(5.89856 0.448214 0)
(5.89582 0.26504 0)
(5.84887 0.525046 0)
(5.83173 0.397814 0)
(5.85072 0.598537 0)
(5.6315 0.613028 0)
(5.67119 0.718774 0)
(5.53975 0.72257 0)
(5.5635 0.857318 0)
(5.43464 0.995615 0)
(5.42362 1.06568 0)
(5.63661 1.25973 0)
(5.57348 1.42855 0)
(5.96077 1.70699 0)
(5.88692 2.00344 0)
(5.78408 2.21458 0)
(5.74187 2.72846 0)
(5.17878 2.95905 0)
(5.63391 3.69149 0)
(4.96928 4.297 0)
(2.65814 6.36174 0)
(0.908376 0.380792 0)
(1.46883 0.84485 0)
(3.45608 1.5006 0)
(4.67166 2.10604 0)
(5.99339 1.71632 0)
(6.85068 0.906207 0)
(7.11208 0.041621 0)
(7.25855 -0.485683 0)
(7.02738 -0.723339 0)
(6.9566 -1.29909 0)
(7.67709 -1.90945 0)
(7.95964 -2.17511 0)
(8.63479 -2.71337 0)
(10.116 -3.603 0)
(10.1819 -3.83305 0)
(9.85953 -3.28514 0)
(9.78191 -2.90521 0)
(9.25504 -2.04517 0)
(8.6144 -0.225751 0)
(8.92827 0.869226 0)
(9.49103 1.1863 0)
(10.2815 1.35424 0)
(10.805 1.08589 0)
(10.5202 0.721874 0)
(10.7927 -0.289129 0)
(10.8357 -0.783673 0)
(10.7086 -0.939718 0)
(11.4671 -2.55778 0)
(11.3014 -3.88295 0)
(10.231 -4.07135 0)
(9.93674 -5.10979 0)
(9.56131 -6.34539 0)
(8.12316 -5.89811 0)
(6.51536 -4.88919 0)
(5.45482 -5.42318 0)
(5.73286 -6.70821 0)
(5.43793 -7.68903 0)
(7.00862 -6.89067 0)
(6.91706 -6.01684 0)
(7.29658 -4.18711 0)
(7.87515 -2.53098 0)
(8.1192 -0.881194 0)
(8.83046 1.0679 0)
(9.29664 3.17526 0)
(9.24918 4.37742 0)
(8.89254 5.16382 0)
(9.39565 6.16924 0)
(9.59757 7.49396 0)
(9.97375 7.87961 0)
(8.93695 7.84356 0)
(9.01465 6.57815 0)
(7.3277 5.73945 0)
(7.28058 4.00842 0)
(6.29251 3.87765 0)
(7.02199 2.01899 0)
(6.37421 1.71916 0)
(6.98677 -0.966875 0)
(6.55412 -0.964183 0)
(6.76885 -3.00474 0)
(6.31726 -1.95917 0)
(6.45291 -3.00209 0)
(6.09197 -1.49831 0)
(6.36279 -2.20127 0)
(5.9713 -0.642339 0)
(6.16603 -1.56568 0)
(5.84673 -0.135744 0)
(5.8846 -1.05983 0)
(5.70499 0.0647065 0)
(5.76145 -0.789329 0)
(5.60554 0.321387 0)
(5.61719 -0.690296 0)
(5.66257 0.398512 0)
(5.61473 -0.465691 0)
(5.6014 0.458972 0)
(5.60938 -0.380743 0)
(5.74514 0.533048 0)
(5.59109 -0.22854 0)
(5.745 0.54742 0)
(5.66916 -0.0901547 0)
(5.87589 0.605456 0)
(5.69019 0.0637415 0)
(5.86982 0.649658 0)
(5.82734 0.233415 0)
(5.9504 0.746981 0)
(5.80461 0.472371 0)
(5.92931 0.810808 0)
(5.88034 0.672966 0)
(5.7972 1.00028 0)
(5.7243 0.908661 0)
(5.69343 1.18825 0)
(5.49007 1.17279 0)
(5.66883 1.53199 0)
(5.41765 1.51296 0)
(5.9463 2.09441 0)
(5.84637 2.15751 0)
(5.93477 2.89677 0)
(5.91595 3.08624 0)
(4.70292 4.40882 0)
(5.42374 4.56323 0)
(2.51444 6.91564 0)
(4.89757 0.508884 0)
(-2.1705 -0.0191606 0)
(1.5132 -0.0589456 0)
(0.758166 -0.00770105 0)
(1.39724 -0.00480195 0)
(1.46308 2.21136e-05 0)
(1.53193 -0.000171064 0)
(1.58375 0.000273804 0)
(1.59862 0.00035437 0)
(1.62095 2.42125e-05 0)
(9.80543 0.741693 0)
(-0.875269 0.273314 0)
(3.92991 -0.268356 0)
(2.76373 -0.0225171 0)
(3.62951 -0.0592206 0)
(3.874 -0.0217378 0)
(4.02255 -0.0137586 0)
(4.15437 -0.00740998 0)
(4.19843 -0.00411102 0)
(4.26663 -0.00304816 0)
(12.7124 1.21954 0)
(1.99168 0.511054 0)
(5.97546 -0.414683 0)
(4.87794 -0.0471686 0)
(5.61054 -0.111538 0)
(5.9448 -0.0576834 0)
(6.12207 -0.0349726 0)
(6.3012 -0.020447 0)
(6.36125 -0.0126037 0)
(6.46539 -0.00876127 0)
(15.0138 1.56582 0)
(5.33691 0.781922 0)
(8.10712 -0.474755 0)
(7.14482 -0.0721952 0)
(7.60947 -0.150513 0)
(7.92401 -0.0961996 0)
(8.07867 -0.0597674 0)
(8.26532 -0.0366099 0)
(8.32397 -0.0241338 0)
(8.44702 -0.0165569 0)
(16.2677 1.7735 0)
(8.51414 1.06611 0)
(10.2313 -0.439968 0)
(9.41888 -0.084431 0)
(9.60326 -0.164445 0)
(9.82975 -0.12423 0)
(9.92447 -0.0806199 0)
(10.0781 -0.0509349 0)
(10.1173 -0.0354967 0)
(10.2343 -0.0249484 0)
(16.2449 1.51434 0)
(10.9251 1.19209 0)
(12.0062 -0.381584 0)
(11.4431 -0.0948954 0)
(11.4512 -0.157771 0)
(11.587 -0.137367 0)
(11.6164 -0.0931134 0)
(11.7177 -0.0595215 0)
(11.7275 -0.0430818 0)
(11.8167 -0.0318323 0)
(15.7275 1.32616 0)
(12.5267 1.20406 0)
(13.2486 -0.326373 0)
(12.9808 -0.124697 0)
(12.946 -0.149084 0)
(13.0442 -0.142183 0)
(13.0431 -0.0999709 0)
(13.1051 -0.0632521 0)
(13.0938 -0.0459927 0)
(13.151 -0.035852 0)
(15.0962 1.2866 0)
(13.5477 1.18332 0)
(14.0317 -0.251966 0)
(13.9456 -0.157825 0)
(13.9069 -0.144418 0)
(14.0074 -0.143116 0)
(14.0108 -0.105691 0)
(14.08 -0.0664524 0)
(14.0708 -0.0478894 0)
(14.1305 -0.0386256 0)
(14.0276 1.1492 0)
(13.8834 1.0757 0)
(14.2644 -0.191877 0)
(14.2645 -0.188879 0)
(14.1996 -0.147671 0)
(14.3183 -0.144086 0)
(14.3149 -0.112614 0)
(14.4372 -0.072202 0)
(14.4333 -0.0528088 0)
(14.5518 -0.0440597 0)
(12.6908 0.905157 0)
(13.492 0.873819 0)
(13.9095 -0.161941 0)
(13.9933 -0.213583 0)
(13.9186 -0.157124 0)
(14.0731 -0.146604 0)
(14.0646 -0.11991 0)
(14.245 -0.0804624 0)
(14.2435 -0.0606523 0)
(14.4224 -0.0529191 0)
(11.7152 0.698012 0)
(12.8099 0.651023 0)
(13.3253 -0.155808 0)
(13.5103 -0.236238 0)
(13.463 -0.176242 0)
(13.6524 -0.155229 0)
(13.6581 -0.131264 0)
(13.8776 -0.0930397 0)
(13.8845 -0.0728617 0)
(14.099 -0.0652028 0)
(11.372 0.570888 0)
(12.3115 0.475161 0)
(12.8864 -0.150851 0)
(13.1398 -0.253939 0)
(13.1462 -0.198925 0)
(13.3362 -0.165979 0)
(13.3685 -0.143447 0)
(13.5944 -0.1067 0)
(13.6141 -0.0871334 0)
(13.8358 -0.0786817 0)
(11.3869 0.471845 0)
(12.1511 0.325905 0)
(12.7703 -0.161738 0)
(13.0152 -0.279073 0)
(13.1105 -0.231154 0)
(13.2361 -0.184239 0)
(13.3245 -0.160686 0)
(13.4823 -0.123039 0)
(13.533 -0.104972 0)
(13.6883 -0.0926629 0)
(11.4262 0.34498 0)
(12.1603 0.184969 0)
(12.8356 -0.174334 0)
(13.0429 -0.298605 0)
(13.225 -0.259509 0)
(13.2394 -0.200809 0)
(13.3685 -0.174159 0)
(13.3478 -0.133011 0)
(13.4097 -0.116642 0)
(13.3589 -0.0975455 0)
(11.3623 0.205204 0)
(12.2048 0.0412559 0)
(12.895 -0.206472 0)
(13.0976 -0.326442 0)
(13.1884 -0.285089 0)
(13.0185 -0.211975 0)
(12.9871 -0.173074 0)
(12.7432 -0.127444 0)
(12.7117 -0.108764 0)
(12.4568 -0.0860181 0)
(11.2902 0.0487275 0)
(12.2441 -0.0885959 0)
(12.8768 -0.247451 0)
(12.8279 -0.334757 0)
(12.5298 -0.272427 0)
(12.0699 -0.185448 0)
(11.8215 -0.139584 0)
(11.4457 -0.0983924 0)
(11.3407 -0.0817454 0)
(11.0105 -0.0639698 0)
(11.2114 -0.128931 0)
(12.0711 -0.206187 0)
(12.1801 -0.265364 0)
(11.5769 -0.287567 0)
(10.9136 -0.207713 0)
(10.3082 -0.127489 0)
(9.97973 -0.0910094 0)
(9.60017 -0.0631735 0)
(9.48079 -0.0524093 0)
(9.16198 -0.0417084 0)
(10.7232 -0.275009 0)
(10.7125 -0.225937 0)
(10.1648 -0.197525 0)
(9.28327 -0.183229 0)
(8.53158 -0.119668 0)
(7.96921 -0.0672401 0)
(7.67207 -0.0468341 0)
(7.36547 -0.0328665 0)
(7.26333 -0.0273746 0)
(7.0064 -0.0224481 0)
(8.54167 -0.256137 0)
(7.77201 -0.13163 0)
(7.01533 -0.0938066 0)
(6.22151 -0.0800735 0)
(5.61228 -0.0459292 0)
(5.21756 -0.0224047 0)
(5.02123 -0.0155156 0)
(4.82363 -0.011398 0)
(4.75671 -0.00935963 0)
(4.58888 -0.00833376 0)
(3.68682 -0.124684 0)
(3.14483 -0.0132101 0)
(2.70322 -0.00400847 0)
(2.32586 -0.00349616 0)
(2.05842 0.000757357 0)
(1.91758 0.00161518 0)
(1.85748 0.00066922 0)
(1.79255 0.000151025 0)
(1.77021 0.000305331 0)
(1.71185 -0.000272633 0)
)
;

boundaryField
{
    inlet
    {
        type            fixedValue;
        value           uniform (10 0 0);
    }
    outlet
    {
        type            zeroGradient;
    }
    walls
    {
        type            fixedValue;
        value           uniform (0 0 0);
    }
    frontAndBack
    {
        type            empty;
    }
}


// ************************************************************************* //
