/*--------------------------------*- C++ -*----------------------------------*\
| =========                 |                                                 |
| \\      /  F ield         | OpenFOAM: The Open Source CFD Toolbox           |
|  \\    /   O peration     | Version:  2.4.0                                 |
|   \\  /    A nd           | Web:      www.OpenFOAM.org                      |
|    \\/     M anipulation  |                                                 |
\*---------------------------------------------------------------------------*/
FoamFile
{
    version     2.0;
    format      ascii;
    class       volVectorField;
    location    "0.078";
    object      UMean;
}
// * * * * * * * * * * * * * * * * * * * * * * * * * * * * * * * * * * * * * //

dimensions      [0 1 -1 0 0 0 0];

internalField   nonuniform List<vector> 
4400
(
(5.46339 0.310638 0)
(3.49489 0.0620001 0)
(2.77594 0.00162636 0)
(2.45043 -0.00236363 0)
(2.31783 -0.00153515 0)
(2.26561 -0.000757912 0)
(2.22506 -0.000184455 0)
(2.23167 -0.000541535 0)
(2.23413 -0.000965605 0)
(2.10142 -0.0486724 0)
(8.6604 0.832721 0)
(7.69935 0.334213 0)
(6.81765 0.110731 0)
(6.15634 0.049017 0)
(5.79892 0.0207549 0)
(5.63486 0.0113869 0)
(5.50272 0.00517557 0)
(5.5142 0.000953115 0)
(5.39391 0.00917219 0)
(5.61006 -0.174955 0)
(9.79963 0.904051 0)
(10.0738 0.457683 0)
(9.5911 0.200526 0)
(8.91928 0.11634 0)
(8.46248 0.0607367 0)
(8.21906 0.034819 0)
(8.02983 0.0157408 0)
(8.00807 0.0114494 0)
(7.87201 -0.00933812 0)
(8.04401 -0.175684 0)
(10.0036 0.775157 0)
(11.1317 0.47302 0)
(11.2596 0.2476 0)
(10.8644 0.176932 0)
(10.488 0.107003 0)
(10.229 0.0671389 0)
(10.0537 0.0321197 0)
(9.96175 0.0235969 0)
(9.91578 -0.0131256 0)
(9.86528 -0.175015 0)
(9.93218 0.622165 0)
(11.3198 0.413127 0)
(11.9091 0.228751 0)
(11.8898 0.194104 0)
(11.7833 0.138107 0)
(11.5921 0.091994 0)
(11.5471 0.0550638 0)
(11.3874 0.0280899 0)
(11.4464 0.00119187 0)
(11.3099 -0.196664 0)
(9.9066 0.495224 0)
(11.2385 0.34113 0)
(11.9668 0.174956 0)
(12.1489 0.166221 0)
(12.2914 0.131552 0)
(12.276 0.098581 0)
(12.3672 0.0582952 0)
(12.3111 0.0397385 0)
(12.3836 -0.0132892 0)
(12.3208 -0.160325 0)
(9.90091 0.382144 0)
(11.1805 0.272191 0)
(11.8974 0.12829 0)
(12.1414 0.124261 0)
(12.3254 0.105405 0)
(12.4438 0.0785726 0)
(12.5938 0.0514608 0)
(12.6886 0.0271197 0)
(12.7835 -0.0196184 0)
(12.8269 -0.126206 0)
(9.89489 0.266135 0)
(11.1455 0.204419 0)
(11.8427 0.0832467 0)
(12.1158 0.0924492 0)
(12.2802 0.0693943 0)
(12.4287 0.0624018 0)
(12.5873 0.0241796 0)
(12.7267 0.0212684 0)
(12.8436 -0.0489465 0)
(12.915 -0.127451 0)
(9.88908 0.161252 0)
(11.1229 0.121581 0)
(11.8123 0.0500551 0)
(12.0965 0.052543 0)
(12.2485 0.0439311 0)
(12.408 0.0330725 0)
(12.5601 0.0129898 0)
(12.7011 -0.0047926 0)
(12.8139 -0.0569167 0)
(12.8721 -0.166627 0)
(9.8912 0.0513513 0)
(11.1075 0.0438878 0)
(11.7994 0.0119352 0)
(12.0813 0.0215686 0)
(12.2387 0.00833007 0)
(12.3957 0.0138982 0)
(12.5473 -0.0100189 0)
(12.6825 -0.0175473 0)
(12.794 -0.0780951 0)
(12.835 -0.184626 0)
(9.89493 -0.0531675 0)
(11.1031 -0.0393293 0)
(11.8005 -0.0192618 0)
(12.0809 -0.0164804 0)
(12.2403 -0.0204302 0)
(12.394 -0.012916 0)
(12.5476 -0.0260419 0)
(12.6783 -0.0365436 0)
(12.7862 -0.096052 0)
(12.8134 -0.196497 0)
(9.89691 -0.161831 0)
(11.1155 -0.118388 0)
(11.8178 -0.0557156 0)
(12.0907 -0.0501217 0)
(12.252 -0.0529686 0)
(12.4048 -0.0356315 0)
(12.557 -0.0447591 0)
(12.6847 -0.0544079 0)
(12.7866 -0.111554 0)
(12.8069 -0.207438 0)
(9.91125 -0.269439 0)
(11.1327 -0.198469 0)
(11.8573 -0.0915641 0)
(12.0995 -0.0857207 0)
(12.2867 -0.0838712 0)
(12.4175 -0.0589478 0)
(12.5854 -0.0632818 0)
(12.6919 -0.0701396 0)
(12.7962 -0.126484 0)
(12.7866 -0.21823 0)
(9.92276 -0.38238 0)
(11.1594 -0.270774 0)
(11.9165 -0.132142 0)
(12.1176 -0.121442 0)
(12.3402 -0.115277 0)
(12.4174 -0.0814835 0)
(12.5993 -0.0812932 0)
(12.6268 -0.08476 0)
(12.7161 -0.137156 0)
(12.5946 -0.222583 0)
(9.91738 -0.497879 0)
(11.2259 -0.337901 0)
(11.9745 -0.179964 0)
(12.1361 -0.161073 0)
(12.2962 -0.143625 0)
(12.257 -0.0978608 0)
(12.3533 -0.0918192 0)
(12.239 -0.08741 0)
(12.2548 -0.13534 0)
(11.9773 -0.205765 0)
(9.94157 -0.623338 0)
(11.3076 -0.411111 0)
(11.9169 -0.232122 0)
(11.8762 -0.190519 0)
(11.7892 -0.148141 0)
(11.5646 -0.0928806 0)
(11.5255 -0.0816756 0)
(11.2896 -0.0736305 0)
(11.2496 -0.11823 0)
(10.8508 -0.166708 0)
(10.0073 -0.77632 0)
(11.1215 -0.471684 0)
(11.2677 -0.25016 0)
(10.8461 -0.174115 0)
(10.5053 -0.115705 0)
(10.1731 -0.0660653 0)
(10.0634 -0.0575367 0)
(9.78655 -0.0519094 0)
(9.73218 -0.0921611 0)
(9.25181 -0.115483 0)
(9.79994 -0.90446 0)
(10.0682 -0.456927 0)
(9.59587 -0.201945 0)
(8.90528 -0.115012 0)
(8.47569 -0.0658469 0)
(8.16124 -0.0353726 0)
(8.04335 -0.0322485 0)
(7.79308 -0.0312091 0)
(7.7366 -0.0612851 0)
(7.2241 -0.0643272 0)
(8.66 -0.832926 0)
(7.69673 -0.333938 0)
(6.81933 -0.111373 0)
(6.14783 -0.0485661 0)
(5.80434 -0.0230869 0)
(5.59057 -0.0121008 0)
(5.50246 -0.0125696 0)
(5.32398 -0.0144123 0)
(5.26223 -0.029475 0)
(4.81643 -0.0269499 0)
(5.46294 -0.310671 0)
(3.49423 -0.0619405 0)
(2.77577 -0.00174 0)
(2.44725 0.00245881 0)
(2.31727 0.00130297 0)
(2.24577 0.000475882 0)
(2.21137 -0.000374514 0)
(2.13884 -0.00132631 0)
(2.08814 -0.00295122 0)
(1.868 0.0102733 0)
(3.49001 -0.476472 0)
(3.8689 -0.289205 0)
(4.62287 -0.277447 0)
(5.15263 -0.304281 0)
(5.81826 -0.502531 0)
(6.25127 -0.663278 0)
(6.67047 -0.832876 0)
(7.0633 -0.98939 0)
(7.44247 -1.20595 0)
(7.72545 -1.42618 0)
(7.9475 -1.57549 0)
(8.10871 -1.6783 0)
(8.30464 -1.80233 0)
(8.48339 -1.92514 0)
(8.65845 -2.03458 0)
(8.84811 -2.12065 0)
(9.06043 -2.19964 0)
(9.23466 -2.24291 0)
(9.35368 -2.24199 0)
(9.44682 -2.21581 0)
(9.47616 -2.1851 0)
(9.45504 -2.13311 0)
(9.40441 -2.10065 0)
(9.39862 -2.12127 0)
(9.36131 -2.16248 0)
(9.25502 -2.1815 0)
(9.03821 -2.15918 0)
(8.72883 -2.07085 0)
(8.36573 -1.93144 0)
(8.00277 -1.75343 0)
(7.66533 -1.55085 0)
(7.38758 -1.35231 0)
(7.14307 -1.15946 0)
(6.94888 -0.942976 0)
(6.75433 -0.751059 0)
(6.65427 -0.538133 0)
(6.50274 -0.374877 0)
(6.47809 -0.14675 0)
(6.39042 -0.0430849 0)
(6.42089 0.151488 0)
(6.39394 0.265025 0)
(6.4208 0.525474 0)
(6.43175 0.67601 0)
(6.40779 0.936549 0)
(6.46063 1.0239 0)
(6.38431 1.25428 0)
(6.48897 1.22863 0)
(6.28231 1.40966 0)
(6.45597 1.23659 0)
(6.15958 1.38541 0)
(6.30248 1.01565 0)
(6.00183 1.20252 0)
(6.16968 0.700946 0)
(5.78563 0.920146 0)
(6.01317 0.286816 0)
(5.63494 0.60892 0)
(5.88117 -0.0846642 0)
(5.53997 0.375551 0)
(5.81156 -0.339203 0)
(5.49707 0.224147 0)
(5.76805 -0.523146 0)
(5.4596 0.119102 0)
(5.7338 -0.631177 0)
(5.43189 0.0992092 0)
(5.71346 -0.641838 0)
(5.41685 0.16415 0)
(5.7041 -0.57446 0)
(5.41259 0.263096 0)
(5.71141 -0.494145 0)
(5.42532 0.352998 0)
(5.73098 -0.427207 0)
(5.45169 0.419597 0)
(5.75945 -0.366608 0)
(5.48999 0.469871 0)
(5.79192 -0.306601 0)
(5.53823 0.51513 0)
(5.81691 -0.232787 0)
(5.58735 0.558487 0)
(5.82992 -0.141036 0)
(5.63013 0.608231 0)
(5.82011 -0.0263593 0)
(5.64936 0.663942 0)
(5.78603 0.113277 0)
(5.62869 0.730313 0)
(5.71517 0.287977 0)
(5.55956 0.820994 0)
(5.62054 0.492305 0)
(5.45514 0.949016 0)
(5.52784 0.735148 0)
(5.36805 1.14974 0)
(5.48433 1.03715 0)
(5.37692 1.50141 0)
(5.52363 1.44994 0)
(5.43478 2.12994 0)
(5.58851 2.0359 0)
(5.27616 3.07199 0)
(6.01709 3.00743 0)
(5.21701 4.93022 0)
(6.16377 5.34184 0)
(3.55295 9.64099 0)
(5.8676 -0.493787 0)
(6.00447 -0.402555 0)
(6.33277 -0.447565 0)
(6.55986 -0.514185 0)
(6.97771 -0.696635 0)
(7.31981 -0.845655 0)
(7.66458 -0.998891 0)
(7.97092 -1.15396 0)
(8.27212 -1.3437 0)
(8.47 -1.53238 0)
(8.62874 -1.67284 0)
(8.79125 -1.76985 0)
(9.02492 -1.88543 0)
(9.24105 -2.00451 0)
(9.42883 -2.11085 0)
(9.58722 -2.19004 0)
(9.71831 -2.25134 0)
(9.7889 -2.27643 0)
(9.8148 -2.26521 0)
(9.79995 -2.22615 0)
(9.72486 -2.16829 0)
(9.64066 -2.11118 0)
(9.57495 -2.08685 0)
(9.54229 -2.10352 0)
(9.4303 -2.11379 0)
(9.22847 -2.08861 0)
(8.92214 -2.02858 0)
(8.55194 -1.91901 0)
(8.15913 -1.77581 0)
(7.7852 -1.60859 0)
(7.44247 -1.42773 0)
(7.15641 -1.24612 0)
(6.9043 -1.06217 0)
(6.68815 -0.859294 0)
(6.48903 -0.679453 0)
(6.37027 -0.4844 0)
(6.21806 -0.335 0)
(6.19221 -0.126277 0)
(6.10663 -0.0374314 0)
(6.14356 0.154404 0)
(6.12012 0.254015 0)
(6.16124 0.52674 0)
(6.18097 0.663316 0)
(6.17266 0.943452 0)
(6.26007 1.00934 0)
(6.17402 1.26167 0)
(6.3511 1.22291 0)
(6.13812 1.42979 0)
(6.36076 1.2351 0)
(6.09863 1.43196 0)
(6.27552 1.02536 0)
(5.96946 1.25622 0)
(6.19914 0.713913 0)
(5.80516 0.991164 0)
(6.03454 0.283172 0)
(5.66685 0.672778 0)
(5.9191 -0.103391 0)
(5.5687 0.433846 0)
(5.84993 -0.374734 0)
(5.51814 0.282419 0)
(5.80853 -0.565001 0)
(5.4671 0.183875 0)
(5.76877 -0.684145 0)
(5.41735 0.171687 0)
(5.74138 -0.706221 0)
(5.37518 0.246327 0)
(5.72967 -0.652579 0)
(5.34759 0.35413 0)
(5.73926 -0.589184 0)
(5.33836 0.453071 0)
(5.7696 -0.538771 0)
(5.34679 0.529526 0)
(5.81909 -0.496121 0)
(5.37096 0.589599 0)
(5.88366 -0.454945 0)
(5.41577 0.644576 0)
(5.95679 -0.398696 0)
(5.47795 0.696829 0)
(6.03044 -0.319147 0)
(5.55699 0.757501 0)
(6.08405 -0.20796 0)
(5.64034 0.82798 0)
(6.098 -0.0632067 0)
(5.70875 0.913602 0)
(6.0425 0.118448 0)
(5.72893 1.02482 0)
(5.89468 0.326254 0)
(5.67475 1.17612 0)
(5.66234 0.551374 0)
(5.55782 1.38831 0)
(5.45231 0.806249 0)
(5.48325 1.73278 0)
(5.50929 1.18382 0)
(5.54978 2.36001 0)
(5.88646 1.91578 0)
(5.40108 3.42845 0)
(5.85519 2.78169 0)
(4.87684 5.08765 0)
(8.22921 4.54798 0)
(5.80893 10.0806 0)
(8.11414 -0.459323 0)
(8.07895 -0.454332 0)
(8.27153 -0.527248 0)
(8.40485 -0.608669 0)
(8.61803 -0.775009 0)
(8.81952 -0.931097 0)
(9.01204 -1.08198 0)
(9.19254 -1.23932 0)
(9.35748 -1.41075 0)
(9.46706 -1.57668 0)
(9.56168 -1.71764 0)
(9.67789 -1.84105 0)
(9.85815 -1.96747 0)
(10.0328 -2.08107 0)
(10.1582 -2.16945 0)
(10.2248 -2.225 0)
(10.2364 -2.25769 0)
(10.1911 -2.26366 0)
(10.1265 -2.24417 0)
(10.0027 -2.18938 0)
(9.86731 -2.12728 0)
(9.76604 -2.08495 0)
(9.68288 -2.06436 0)
(9.58536 -2.05741 0)
(9.37255 -2.02446 0)
(9.07841 -1.95948 0)
(8.70526 -1.87339 0)
(8.30139 -1.75245 0)
(7.89382 -1.61405 0)
(7.51279 -1.46306 0)
(7.1656 -1.29814 0)
(6.87248 -1.13132 0)
(6.60766 -0.960204 0)
(6.38394 -0.775307 0)
(6.18605 -0.608782 0)
(6.06511 -0.433992 0)
(5.91244 -0.291735 0)
(5.8869 -0.102264 0)
(5.79359 -0.0266079 0)
(5.84261 0.157145 0)
(5.81367 0.242061 0)
(5.87308 0.523997 0)
(5.89602 0.643599 0)
(5.91608 0.940469 0)
(6.01853 0.987092 0)
(5.94571 1.25497 0)
(6.16291 1.20625 0)
(5.97937 1.43743 0)
(6.21186 1.21682 0)
(6.02585 1.45828 0)
(6.21463 1.03307 0)
(5.93156 1.29143 0)
(6.15735 0.711746 0)
(5.83786 1.04208 0)
(6.03519 0.287514 0)
(5.70831 0.721482 0)
(5.93425 -0.113254 0)
(5.62609 0.478013 0)
(5.8676 -0.396096 0)
(5.57286 0.326746 0)
(5.82083 -0.591184 0)
(5.52084 0.233608 0)
(5.77101 -0.7197 0)
(5.46307 0.226542 0)
(5.73065 -0.75203 0)
(5.40809 0.305893 0)
(5.70451 -0.711411 0)
(5.36932 0.420002 0)
(5.70572 -0.661589 0)
(5.34886 0.525536 0)
(5.73122 -0.627971 0)
(5.34671 0.609642 0)
(5.78522 -0.601352 0)
(5.36035 0.680894 0)
(5.86184 -0.581213 0)
(5.39438 0.74822 0)
(5.96301 -0.548855 0)
(5.45242 0.812397 0)
(6.09197 -0.49749 0)
(5.54518 0.884403 0)
(6.24005 -0.410905 0)
(5.67311 0.965272 0)
(6.39887 -0.280674 0)
(5.829 1.07306 0)
(6.53234 -0.0938924 0)
(5.97364 1.21085 0)
(6.59063 0.147264 0)
(6.03055 1.38681 0)
(6.50049 0.430609 0)
(5.8985 1.59914 0)
(6.23571 0.715437 0)
(5.57187 1.87861 0)
(6.03593 1.01357 0)
(5.38438 2.36354 0)
(6.60148 1.51597 0)
(5.73636 3.54306 0)
(7.92706 2.6267 0)
(4.89545 5.52786 0)
(8.83203 3.887 0)
(6.74523 10.1395 0)
(9.98346 -0.488897 0)
(9.87082 -0.531965 0)
(9.94749 -0.603416 0)
(10.0527 -0.679965 0)
(10.1702 -0.8142 0)
(10.2773 -0.971065 0)
(10.3517 -1.12648 0)
(10.4229 -1.28517 0)
(10.4736 -1.44105 0)
(10.5157 -1.59512 0)
(10.5681 -1.73742 0)
(10.628 -1.87152 0)
(10.6872 -2.00356 0)
(10.7295 -2.11369 0)
(10.725 -2.18543 0)
(10.6694 -2.22085 0)
(10.5703 -2.22766 0)
(10.4385 -2.21532 0)
(10.2954 -2.18407 0)
(10.1054 -2.12443 0)
(9.96246 -2.07664 0)
(9.84846 -2.04639 0)
(9.709 -2.01042 0)
(9.51157 -1.96522 0)
(9.19367 -1.89215 0)
(8.82785 -1.79998 0)
(8.41074 -1.70069 0)
(7.98627 -1.57979 0)
(7.56856 -1.45271 0)
(7.18373 -1.31378 0)
(6.83288 -1.1653 0)
(6.5312 -1.01476 0)
(6.26573 -0.854985 0)
(6.03645 -0.68548 0)
(5.853 -0.536598 0)
(5.72816 -0.379735 0)
(5.58311 -0.248844 0)
(5.55454 -0.0816194 0)
(5.45953 -0.0192725 0)
(5.52251 0.159108 0)
(5.48531 0.228 0)
(5.56291 0.520498 0)
(5.59512 0.619493 0)
(5.63221 0.934859 0)
(5.76106 0.958272 0)
(5.68953 1.24365 0)
(5.95825 1.16593 0)
(5.8081 1.44131 0)
(6.05358 1.18074 0)
(5.89428 1.46673 0)
(6.15469 1.0204 0)
(5.88251 1.33293 0)
(6.12206 0.702069 0)
(5.80946 1.09252 0)
(6.0529 0.2813 0)
(5.71133 0.777862 0)
(5.95506 -0.131535 0)
(5.63547 0.528468 0)
(5.89325 -0.428351 0)
(5.5786 0.376825 0)
(5.84637 -0.629438 0)
(5.51726 0.2927 0)
(5.79862 -0.765793 0)
(5.44563 0.295332 0)
(5.75381 -0.807777 0)
(5.37189 0.384424 0)
(5.72288 -0.781926 0)
(5.31497 0.505691 0)
(5.72108 -0.7489 0)
(5.27735 0.619941 0)
(5.74554 -0.730496 0)
(5.256 0.712595 0)
(5.80148 -0.721276 0)
(5.24613 0.794855 0)
(5.88546 -0.719648 0)
(5.25259 0.876257 0)
(6.00381 -0.708763 0)
(5.27179 0.957196 0)
(6.16565 -0.685622 0)
(5.32085 1.04826 0)
(6.37928 -0.635404 0)
(5.4086 1.14481 0)
(6.65975 -0.547363 0)
(5.56111 1.26248 0)
(6.99896 -0.399512 0)
(5.78377 1.40707 0)
(7.35926 -0.170254 0)
(6.05311 1.61066 0)
(7.62137 0.158731 0)
(6.24705 1.90591 0)
(7.59148 0.549398 0)
(6.11237 2.29387 0)
(7.05472 0.891797 0)
(5.4379 2.84633 0)
(6.5392 1.02096 0)
(4.8823 3.66797 0)
(8.54769 1.88002 0)
(5.6731 5.47536 0)
(11.1363 2.70056 0)
(8.21999 9.47996 0)
(11.4044 -0.427741 0)
(11.3452 -0.485656 0)
(11.3232 -0.591337 0)
(11.3484 -0.697147 0)
(11.3955 -0.82758 0)
(11.4324 -0.981606 0)
(11.4364 -1.13571 0)
(11.4284 -1.29047 0)
(11.4124 -1.44193 0)
(11.4039 -1.59687 0)
(11.3996 -1.74437 0)
(11.3739 -1.87256 0)
(11.3102 -1.99005 0)
(11.2205 -2.0849 0)
(11.0932 -2.1441 0)
(10.9388 -2.17067 0)
(10.7549 -2.16675 0)
(10.5703 -2.15 0)
(10.3722 -2.11474 0)
(10.1767 -2.06418 0)
(10.0412 -2.02707 0)
(9.87404 -1.98633 0)
(9.63516 -1.91498 0)
(9.32251 -1.83178 0)
(8.91514 -1.73045 0)
(8.50285 -1.62531 0)
(8.05518 -1.52244 0)
(7.6197 -1.40686 0)
(7.19468 -1.28824 0)
(6.80964 -1.1627 0)
(6.45571 -1.03095 0)
(6.1616 -0.89619 0)
(5.89856 -0.750587 0)
(5.67846 -0.601618 0)
(5.49662 -0.465076 0)
(5.36351 -0.325609 0)
(5.22308 -0.204707 0)
(5.19295 -0.0618546 0)
(5.09955 -0.00766043 0)
(5.17715 0.158446 0)
(5.1272 0.211462 0)
(5.23197 0.512495 0)
(5.26644 0.587019 0)
(5.32619 0.918533 0)
(5.4844 0.925211 0)
(5.4285 1.21983 0)
(5.70742 1.11835 0)
(5.62148 1.427 0)
(5.87604 1.14262 0)
(5.77413 1.4651 0)
(6.01992 0.989984 0)
(5.82785 1.34985 0)
(6.0574 0.689395 0)
(5.80429 1.12427 0)
(6.0075 0.275332 0)
(5.75001 0.815404 0)
(5.94145 -0.133887 0)
(5.68202 0.564481 0)
(5.88489 -0.441713 0)
(5.63006 0.412279 0)
(5.83851 -0.64523 0)
(5.56806 0.336261 0)
(5.78649 -0.788208 0)
(5.48788 0.345085 0)
(5.72677 -0.839846 0)
(5.40654 0.439659 0)
(5.68444 -0.827752 0)
(5.34214 0.564431 0)
(5.66929 -0.811844 0)
(5.29942 0.683429 0)
(5.68389 -0.809538 0)
(5.27137 0.781937 0)
(5.72546 -0.816454 0)
(5.25417 0.873324 0)
(5.79058 -0.834302 0)
(5.24898 0.96423 0)
(5.88815 -0.843694 0)
(5.25134 1.05688 0)
(6.02659 -0.847301 0)
(5.2723 1.16387 0)
(6.22282 -0.831119 0)
(5.31513 1.28178 0)
(6.50896 -0.795734 0)
(5.40744 1.4248 0)
(6.93101 -0.725061 0)
(5.58031 1.5868 0)
(7.54895 -0.600919 0)
(5.89663 1.79347 0)
(8.39864 -0.360854 0)
(6.35064 2.07177 0)
(9.42325 0.0400221 0)
(6.75661 2.48495 0)
(10.3604 0.649956 0)
(6.51212 3.13234 0)
(10.6562 1.37429 0)
(4.9544 3.97561 0)
(10.1333 1.72292 0)
(4.62067 5.98758 0)
(10.1664 1.50387 0)
(8.91334 8.78579 0)
(12.3639 -0.422307 0)
(12.3255 -0.539381 0)
(12.2812 -0.646249 0)
(12.2619 -0.742926 0)
(12.2645 -0.851036 0)
(12.2416 -0.979321 0)
(12.1928 -1.11983 0)
(12.1307 -1.26958 0)
(12.0688 -1.42386 0)
(11.9974 -1.57721 0)
(11.9099 -1.72112 0)
(11.7895 -1.83597 0)
(11.6403 -1.93349 0)
(11.4677 -2.00934 0)
(11.2713 -2.0604 0)
(11.0622 -2.08784 0)
(10.8397 -2.08862 0)
(10.6307 -2.07304 0)
(10.4258 -2.04041 0)
(10.2485 -1.99785 0)
(10.075 -1.95341 0)
(9.80254 -1.8794 0)
(9.45504 -1.76852 0)
(9.04117 -1.65711 0)
(8.57543 -1.54242 0)
(8.12969 -1.43548 0)
(7.6597 -1.33574 0)
(7.2125 -1.22749 0)
(6.78455 -1.12295 0)
(6.40023 -1.01331 0)
(6.05904 -0.89889 0)
(5.76926 -0.776784 0)
(5.51581 -0.647493 0)
(5.30327 -0.517216 0)
(5.12703 -0.398755 0)
(4.99033 -0.273713 0)
(4.86033 -0.162246 0)
(4.8248 -0.0393251 0)
(4.73702 0.00200945 0)
(4.82261 0.154759 0)
(4.76229 0.194159 0)
(4.89172 0.498661 0)
(4.9266 0.545497 0)
(5.01633 0.894516 0)
(5.18471 0.878112 0)
(5.16096 1.18805 0)
(5.45437 1.04251 0)
(5.42068 1.41527 0)
(5.67297 1.06449 0)
(5.62022 1.45018 0)
(5.91662 0.94833 0)
(5.73464 1.36722 0)
(5.98809 0.668536 0)
(5.76384 1.15439 0)
(5.97882 0.26206 0)
(5.726 0.850466 0)
(5.94679 -0.147139 0)
(5.68124 0.604605 0)
(5.90048 -0.456715 0)
(5.62423 0.453699 0)
(5.85285 -0.666676 0)
(5.55464 0.385425 0)
(5.79817 -0.816719 0)
(5.46249 0.404624 0)
(5.73704 -0.876791 0)
(5.37075 0.506831 0)
(5.69338 -0.879681 0)
(5.29645 0.639101 0)
(5.67809 -0.879579 0)
(5.24234 0.764569 0)
(5.69293 -0.895074 0)
(5.20413 0.871303 0)
(5.73842 -0.918897 0)
(5.17612 0.973421 0)
(5.80638 -0.954664 0)
(5.15478 1.075 0)
(5.90647 -0.982464 0)
(5.13546 1.18026 0)
(6.04156 -1.00799 0)
(5.12411 1.30116 0)
(6.22845 -1.01269 0)
(5.11215 1.43761 0)
(6.48974 -0.998636 0)
(5.10338 1.60722 0)
(6.87373 -0.946804 0)
(5.08695 1.81005 0)
(7.46652 -0.863421 0)
(5.08499 2.05436 0)
(8.42055 -0.717471 0)
(5.15313 2.32894 0)
(9.89812 -0.465215 0)
(5.47804 2.69486 0)
(11.8854 -0.00683906 0)
(6.14642 3.24574 0)
(13.7323 0.632177 0)
(6.89316 4.25187 0)
(13.7772 1.05454 0)
(7.54253 6.12819 0)
(10.8873 1.3158 0)
(8.88226 7.99746 0)
(12.8156 -0.433328 0)
(12.7941 -0.570435 0)
(12.7699 -0.646737 0)
(12.743 -0.715594 0)
(12.7046 -0.807901 0)
(12.6371 -0.928163 0)
(12.5529 -1.07096 0)
(12.4626 -1.22857 0)
(12.3597 -1.38671 0)
(12.2325 -1.5335 0)
(12.0798 -1.667 0)
(11.903 -1.77209 0)
(11.7129 -1.8593 0)
(11.508 -1.9257 0)
(11.296 -1.97714 0)
(11.0833 -2.00832 0)
(10.8737 -2.01379 0)
(10.674 -1.99629 0)
(10.4788 -1.96461 0)
(10.2713 -1.9172 0)
(9.99714 -1.84493 0)
(9.60717 -1.72775 0)
(9.16536 -1.58537 0)
(8.68115 -1.46097 0)
(8.17907 -1.34525 0)
(7.71417 -1.24269 0)
(7.22404 -1.14928 0)
(6.77803 -1.05276 0)
(6.3531 -0.961776 0)
(5.98757 -0.869126 0)
(5.66287 -0.772723 0)
(5.38467 -0.665972 0)
(5.13281 -0.550462 0)
(4.92404 -0.435951 0)
(4.75076 -0.330766 0)
(4.61417 -0.21993 0)
(4.48928 -0.119202 0)
(4.44697 -0.018978 0)
(4.36828 0.0119263 0)
(4.46138 0.149232 0)
(4.39372 0.176153 0)
(4.55137 0.481327 0)
(4.58526 0.500624 0)
(4.70179 0.864622 0)
(4.8959 0.834131 0)
(4.89071 1.15311 0)
(5.17682 0.957641 0)
(5.23177 1.39254 0)
(5.47928 1.00978 0)
(5.46645 1.4225 0)
(5.73689 0.884167 0)
(5.65895 1.35697 0)
(5.87768 0.64062 0)
(5.73505 1.16428 0)
(5.92256 0.258288 0)
(5.73599 0.869854 0)
(5.89744 -0.148231 0)
(5.71136 0.623775 0)
(5.87027 -0.454942 0)
(5.6592 0.475725 0)
(5.82316 -0.665729 0)
(5.59281 0.41575 0)
(5.76662 -0.816777 0)
(5.50344 0.44215 0)
(5.69904 -0.883772 0)
(5.40743 0.547375 0)
(5.64308 -0.900211 0)
(5.32842 0.681133 0)
(5.61633 -0.91563 0)
(5.27032 0.809711 0)
(5.6176 -0.946224 0)
(5.22725 0.92179 0)
(5.64484 -0.987545 0)
(5.19427 1.03171 0)
(5.69518 -1.04182 0)
(5.16751 1.1422 0)
(5.77398 -1.08959 0)
(5.14354 1.25745 0)
(5.88038 -1.13771 0)
(5.12575 1.38621 0)
(6.02658 -1.16532 0)
(5.10865 1.52387 0)
(6.21671 -1.17755 0)
(5.09379 1.68538 0)
(6.46553 -1.14835 0)
(5.06299 1.87366 0)
(6.77552 -1.08243 0)
(4.99461 2.11757 0)
(7.17686 -0.965149 0)
(4.85975 2.46466 0)
(7.72546 -0.805374 0)
(4.76509 2.98052 0)
(8.63394 -0.553897 0)
(5.18083 3.6715 0)
(10.0872 -0.175187 0)
(6.71228 4.72774 0)
(11.7865 0.324454 0)
(8.74704 6.28014 0)
(12.6158 1.72876 0)
(9.70797 7.1206 0)
(12.8596 -0.398135 0)
(12.8548 -0.547631 0)
(12.8505 -0.641881 0)
(12.8152 -0.714481 0)
(12.7557 -0.805009 0)
(12.6784 -0.922487 0)
(12.5876 -1.05939 0)
(12.4847 -1.20907 0)
(12.3556 -1.35292 0)
(12.2012 -1.48459 0)
(12.0239 -1.6033 0)
(11.8371 -1.7021 0)
(11.6445 -1.78477 0)
(11.4521 -1.85062 0)
(11.2623 -1.90273 0)
(11.0768 -1.93459 0)
(10.8865 -1.93861 0)
(10.6832 -1.91831 0)
(10.4482 -1.8744 0)
(10.1495 -1.79828 0)
(9.75638 -1.68277 0)
(9.26999 -1.52822 0)
(8.77136 -1.37477 0)
(8.24277 -1.25367 0)
(7.73011 -1.14239 0)
(7.25159 -1.04346 0)
(6.75756 -0.959284 0)
(6.32228 -0.876821 0)
(5.91626 -0.802932 0)
(5.57114 -0.725395 0)
(5.26058 -0.64401 0)
(4.99333 -0.554872 0)
(4.75204 -0.461373 0)
(4.55488 -0.36461 0)
(4.39165 -0.270212 0)
(4.25819 -0.170819 0)
(4.14036 -0.083826 0)
(4.09154 -0.00187647 0)
(4.02633 0.0125978 0)
(4.11483 0.135949 0)
(4.04693 0.151876 0)
(4.22562 0.446498 0)
(4.25009 0.441269 0)
(4.40824 0.815475 0)
(4.5854 0.766614 0)
(4.65246 1.10099 0)
(4.90663 0.847488 0)
(5.02538 1.35602 0)
(5.24175 0.883104 0)
(5.32117 1.40325 0)
(5.58675 0.816107 0)
(5.5458 1.35426 0)
(5.77221 0.597997 0)
(5.66978 1.16648 0)
(5.85402 0.239272 0)
(5.71701 0.880128 0)
(5.87062 -0.152516 0)
(5.70397 0.639421 0)
(5.85674 -0.454116 0)
(5.66366 0.496185 0)
(5.81764 -0.66447 0)
(5.59693 0.444205 0)
(5.76395 -0.8174 0)
(5.50068 0.479099 0)
(5.69221 -0.891776 0)
(5.39523 0.593 0)
(5.63412 -0.921475 0)
(5.30634 0.732422 0)
(5.60715 -0.954315 0)
(5.24297 0.866918 0)
(5.61232 -1.00075 0)
(5.19467 0.986395 0)
(5.64112 -1.05723 0)
(5.15551 1.10582 0)
(5.69166 -1.12725 0)
(5.11934 1.22571 0)
(5.76819 -1.19456 0)
(5.08585 1.3534 0)
(5.87254 -1.26805 0)
(5.05443 1.4947 0)
(6.01535 -1.32312 0)
(5.02402 1.64949 0)
(6.20078 -1.3678 0)
(4.99912 1.82376 0)
(6.44384 -1.37457 0)
(4.98278 2.01446 0)
(6.73709 -1.34899 0)
(4.99068 2.23397 0)
(7.06862 -1.27225 0)
(5.0677 2.53455 0)
(7.35142 -1.16168 0)
(5.27523 2.99027 0)
(7.4811 -1.05021 0)
(5.72353 3.77347 0)
(7.62149 -0.983168 0)
(6.6028 5.04568 0)
(8.95609 -0.447935 0)
(8.04519 6.23849 0)
(11.734 1.65773 0)
(10.4304 6.50674 0)
(12.8072 -0.386969 0)
(12.8044 -0.50506 0)
(12.8137 -0.592317 0)
(12.788 -0.664682 0)
(12.7344 -0.753443 0)
(12.6521 -0.865889 0)
(12.5478 -0.996406 0)
(12.4248 -1.13707 0)
(12.2806 -1.27452 0)
(12.1236 -1.40283 0)
(11.9552 -1.52109 0)
(11.7877 -1.6229 0)
(11.6157 -1.70811 0)
(11.4472 -1.7772 0)
(11.2685 -1.82753 0)
(11.0794 -1.85543 0)
(10.8588 -1.8538 0)
(10.5973 -1.82002 0)
(10.2666 -1.74386 0)
(9.8534 -1.62661 0)
(9.35209 -1.47448 0)
(8.80743 -1.30495 0)
(8.27877 -1.15863 0)
(7.73361 -1.04785 0)
(7.22425 -0.938314 0)
(6.74077 -0.844275 0)
(6.25682 -0.772004 0)
(5.84664 -0.70565 0)
(5.46309 -0.649485 0)
(5.13472 -0.589849 0)
(4.82407 -0.526275 0)
(4.56766 -0.450356 0)
(4.33954 -0.370886 0)
(4.16203 -0.290288 0)
(4.01447 -0.208682 0)
(3.89678 -0.121523 0)
(3.79729 -0.0445215 0)
(3.75408 0.0151409 0)
(3.70879 0.0163804 0)
(3.79451 0.125931 0)
(3.73593 0.13522 0)
(3.93187 0.413321 0)
(3.94592 0.392124 0)
(4.14102 0.770122 0)
(4.31065 0.707976 0)
(4.43422 1.05048 0)
(4.63985 0.731124 0)
(4.86601 1.33346 0)
(5.03609 0.806301 0)
(5.16633 1.35133 0)
(5.38019 0.717537 0)
(5.46666 1.32235 0)
(5.63124 0.557119 0)
(5.64321 1.14743 0)
(5.75684 0.23623 0)
(5.71224 0.867562 0)
(5.80378 -0.140321 0)
(5.73379 0.63322 0)
(5.80085 -0.427024 0)
(5.70279 0.492276 0)
(5.76679 -0.632105 0)
(5.63706 0.447346 0)
(5.70916 -0.779597 0)
(5.53869 0.489793 0)
(5.62968 -0.853988 0)
(5.43311 0.605436 0)
(5.56422 -0.892219 0)
(5.34673 0.743881 0)
(5.52795 -0.93727 0)
(5.2833 0.878367 0)
(5.5202 -0.999527 0)
(5.23523 1.00243 0)
(5.53553 -1.07544 0)
(5.1955 1.12999 0)
(5.57152 -1.16672 0)
(5.15802 1.26235 0)
(5.62852 -1.25634 0)
(5.1234 1.40358 0)
(5.70861 -1.35086 0)
(5.09018 1.55842 0)
(5.8168 -1.43034 0)
(5.05994 1.72423 0)
(5.95566 -1.5068 0)
(5.03404 1.91352 0)
(6.1311 -1.55766 0)
(5.01689 2.13478 0)
(6.33362 -1.58363 0)
(5.01993 2.40925 0)
(6.56299 -1.56877 0)
(5.09538 2.77467 0)
(6.81367 -1.5401 0)
(5.33916 3.26559 0)
(7.10717 -1.51842 0)
(5.91143 4.00641 0)
(7.485 -1.39199 0)
(6.80937 4.99537 0)
(8.19182 -0.741882 0)
(7.78804 5.8186 0)
(9.79824 1.17102 0)
(10.4583 5.79523 0)
(12.7561 -0.359486 0)
(12.7486 -0.449399 0)
(12.7573 -0.536179 0)
(12.7276 -0.623538 0)
(12.6636 -0.722129 0)
(12.5639 -0.836448 0)
(12.4434 -0.96116 0)
(12.3161 -1.09436 0)
(12.1868 -1.22796 0)
(12.0537 -1.3545 0)
(11.9121 -1.46999 0)
(11.7612 -1.56851 0)
(11.5965 -1.6494 0)
(11.4139 -1.71151 0)
(11.2007 -1.74992 0)
(10.955 -1.76237 0)
(10.6569 -1.74211 0)
(10.2939 -1.67773 0)
(9.85133 -1.56532 0)
(9.3329 -1.41682 0)
(8.76776 -1.24501 0)
(8.2121 -1.07359 0)
(7.68509 -0.939718 0)
(7.14792 -0.834479 0)
(6.6565 -0.725592 0)
(6.18315 -0.644479 0)
(5.72502 -0.591637 0)
(5.34213 -0.539684 0)
(4.98186 -0.500644 0)
(4.67492 -0.461794 0)
(4.38495 -0.419323 0)
(4.14756 -0.35963 0)
(3.9376 -0.296385 0)
(3.77447 -0.230177 0)
(3.63902 -0.162403 0)
(3.53452 -0.0862886 0)
(3.44945 -0.0235188 0)
(3.41395 0.0168527 0)
(3.3892 0.00805309 0)
(3.46472 0.0992772 0)
(3.41798 0.106214 0)
(3.62653 0.356053 0)
(3.62421 0.326339 0)
(3.87046 0.698933 0)
(3.98905 0.617979 0)
(4.24097 0.975662 0)
(4.33556 0.611789 0)
(4.66698 1.26942 0)
(4.73762 0.647257 0)
(5.03898 1.33491 0)
(5.17809 0.627146 0)
(5.34914 1.29993 0)
(5.4702 0.48999 0)
(5.57481 1.12408 0)
(5.66393 0.216111 0)
(5.69114 0.850007 0)
(5.73268 -0.138424 0)
(5.73149 0.620478 0)
(5.76171 -0.407707 0)
(5.71082 0.487493 0)
(5.73624 -0.605576 0)
(5.64784 0.449727 0)
(5.6791 -0.746736 0)
(5.54966 0.498994 0)
(5.59963 -0.820306 0)
(5.44319 0.615932 0)
(5.53473 -0.86346 0)
(5.35735 0.75452 0)
(5.50095 -0.913781 0)
(5.29312 0.892894 0)
(5.49372 -0.979868 0)
(5.24328 1.02347 0)
(5.50719 -1.06157 0)
(5.1999 1.15743 0)
(5.54229 -1.1639 0)
(5.15881 1.29539 0)
(5.59685 -1.27269 0)
(5.12074 1.44591 0)
(5.6761 -1.39858 0)
(5.08494 1.61444 0)
(5.78404 -1.52297 0)
(5.05477 1.80504 0)
(5.92078 -1.64311 0)
(5.03843 2.02262 0)
(6.08788 -1.73737 0)
(5.0551 2.26916 0)
(6.27423 -1.81403 0)
(5.13261 2.55877 0)
(6.46228 -1.86571 0)
(5.32398 2.93754 0)
(6.6304 -1.90236 0)
(5.67707 3.44106 0)
(6.7838 -1.87351 0)
(6.24135 4.10094 0)
(7.03695 -1.58859 0)
(6.97869 4.87485 0)
(7.59372 -0.70041 0)
(7.89505 5.30332 0)
(8.54894 0.96318 0)
(9.98301 4.96508 0)
(12.725 -0.333175 0)
(12.7143 -0.404714 0)
(12.7277 -0.491775 0)
(12.702 -0.586018 0)
(12.6397 -0.688732 0)
(12.5416 -0.801676 0)
(12.4269 -0.919424 0)
(12.3088 -1.04297 0)
(12.1862 -1.16748 0)
(12.0465 -1.28481 0)
(11.8869 -1.39057 0)
(11.7038 -1.47947 0)
(11.4988 -1.55036 0)
(11.2572 -1.60074 0)
(10.9735 -1.62308 0)
(10.637 -1.61491 0)
(10.2337 -1.5668 0)
(9.75877 -1.47325 0)
(9.21133 -1.33767 0)
(8.63067 -1.1781 0)
(8.05251 -1.00672 0)
(7.5097 -0.847085 0)
(6.99447 -0.730734 0)
(6.4848 -0.630534 0)
(6.04399 -0.524705 0)
(5.61079 -0.453476 0)
(5.18414 -0.417618 0)
(4.83426 -0.383848 0)
(4.49715 -0.36216 0)
(4.22517 -0.331627 0)
(3.96652 -0.299311 0)
(3.76066 -0.257329 0)
(3.5802 -0.208663 0)
(3.43808 -0.158331 0)
(3.32142 -0.101686 0)
(3.23629 -0.0396041 0)
(3.17178 0.00937794 0)
(3.14994 0.0274435 0)
(3.14335 0.0133537 0)
(3.20951 0.0838409 0)
(3.17486 0.0890031 0)
(3.3831 0.310754 0)
(3.35751 0.281673 0)
(3.6459 0.635067 0)
(3.7102 0.536348 0)
(4.08901 0.901146 0)
(4.02655 0.500101 0)
(4.55959 1.23662 0)
(4.46857 0.556297 0)
(4.88546 1.25859 0)
(4.92696 0.497584 0)
(5.26934 1.24674 0)
(5.29304 0.425136 0)
(5.54299 1.07596 0)
(5.52673 0.206456 0)
(5.69845 0.806721 0)
(5.64141 -0.112596 0)
(5.75816 0.581654 0)
(5.67863 -0.365725 0)
(5.75645 0.454208 0)
(5.65642 -0.549744 0)
(5.70086 0.420907 0)
(5.5967 -0.679414 0)
(5.60446 0.47397 0)
(5.51259 -0.749942 0)
(5.50069 0.589079 0)
(5.441 -0.7968 0)
(5.41706 0.722868 0)
(5.39932 -0.853731 0)
(5.35622 0.858462 0)
(5.38362 -0.926749 0)
(5.3095 0.989047 0)
(5.38642 -1.01317 0)
(5.26854 1.12618 0)
(5.40673 -1.11655 0)
(5.23015 1.27533 0)
(5.44183 -1.227 0)
(5.1952 1.44029 0)
(5.49772 -1.35466 0)
(5.16164 1.62752 0)
(5.57771 -1.49528 0)
(5.13507 1.82792 0)
(5.685 -1.65267 0)
(5.12447 2.06086 0)
(5.82079 -1.80859 0)
(5.14847 2.3397 0)
(5.98643 -1.95951 0)
(5.23328 2.68239 0)
(6.17591 -2.06805 0)
(5.43553 3.09839 0)
(6.40275 -2.11268 0)
(5.81351 3.56685 0)
(6.68375 -2.02889 0)
(6.40343 4.11884 0)
(7.06815 -1.60133 0)
(7.15199 4.61835 0)
(7.66817 -0.639767 0)
(8.0883 4.6365 0)
(8.66911 1.02722 0)
(9.65403 4.04183 0)
(12.7119 -0.311885 0)
(12.6962 -0.363466 0)
(12.7003 -0.438256 0)
(12.6646 -0.528863 0)
(12.591 -0.633403 0)
(12.4845 -0.749431 0)
(12.3605 -0.868828 0)
(12.2243 -0.987922 0)
(12.0715 -1.10546 0)
(11.8924 -1.21337 0)
(11.687 -1.30944 0)
(11.4507 -1.38585 0)
(11.179 -1.44212 0)
(10.855 -1.47404 0)
(10.4779 -1.47503 0)
(10.0332 -1.43897 0)
(9.52282 -1.36119 0)
(8.95188 -1.24171 0)
(8.3517 -1.09408 0)
(7.7589 -0.935416 0)
(7.18048 -0.772294 0)
(6.64741 -0.629131 0)
(6.14332 -0.53107 0)
(5.67926 -0.445056 0)
(5.31322 -0.348814 0)
(4.93092 -0.285374 0)
(4.54464 -0.269107 0)
(4.24188 -0.252605 0)
(3.94409 -0.25039 0)
(3.71029 -0.236423 0)
(3.48574 -0.220791 0)
(3.31624 -0.189174 0)
(3.16407 -0.15147 0)
(3.04975 -0.110621 0)
(2.95512 -0.0626565 0)
(2.89336 -0.0109063 0)
(2.85364 0.0259479 0)
(2.85178 0.028148 0)
(2.86803 0.0107717 0)
(2.92882 0.0596026 0)
(2.92231 0.0679086 0)
(3.12133 0.257025 0)
(3.09248 0.229954 0)
(3.42495 0.552708 0)
(3.4026 0.444122 0)
(3.93514 0.805474 0)
(3.69438 0.413595 0)
(4.4039 1.142 0)
(4.11661 0.416134 0)
(4.79695 1.22172 0)
(4.667 0.399298 0)
(5.17117 1.20352 0)
(5.07001 0.337742 0)
(5.49323 1.02562 0)
(5.38159 0.174402 0)
(5.6775 0.759008 0)
(5.5419 -0.103433 0)
(5.77427 0.542601 0)
(5.60022 -0.332448 0)
(5.78226 0.422151 0)
(5.59102 -0.50251 0)
(5.73148 0.392373 0)
(5.53351 -0.619416 0)
(5.63754 0.445654 0)
(5.45145 -0.683491 0)
(5.53884 0.553817 0)
(5.38274 -0.728768 0)
(5.46056 0.67864 0)
(5.3415 -0.785008 0)
(5.4002 0.808835 0)
(5.32528 -0.857317 0)
(5.35347 0.938882 0)
(5.32738 -0.944425 0)
(5.31244 1.08031 0)
(5.34851 -1.05258 0)
(5.27444 1.23448 0)
(5.38564 -1.17215 0)
(5.24044 1.40454 0)
(5.44337 -1.31221 0)
(5.20922 1.59805 0)
(5.52329 -1.45833 0)
(5.18844 1.81883 0)
(5.62785 -1.61714 0)
(5.18838 2.0824 0)
(5.7587 -1.77998 0)
(5.23293 2.38536 0)
(5.92084 -1.95553 0)
(5.35369 2.72171 0)
(6.10506 -2.09932 0)
(5.59956 3.11649 0)
(6.3206 -2.14693 0)
(5.99665 3.56706 0)
(6.60295 -1.99317 0)
(6.53597 4.01095 0)
(7.06897 -1.50413 0)
(7.19168 4.19471 0)
(7.85278 -0.445396 0)
(8.10478 3.95318 0)
(9.00958 1.10932 0)
(9.62658 3.26419 0)
(12.6738 -0.288281 0)
(12.6452 -0.319942 0)
(12.6305 -0.387833 0)
(12.5765 -0.48227 0)
(12.482 -0.592513 0)
(12.3521 -0.71064 0)
(12.1972 -0.824247 0)
(12.0224 -0.931462 0)
(11.8249 -1.03314 0)
(11.5969 -1.12404 0)
(11.3317 -1.20108 0)
(11.0204 -1.25955 0)
(10.6554 -1.29611 0)
(10.2299 -1.30546 0)
(9.7452 -1.28112 0)
(9.19988 -1.21849 0)
(8.61166 -1.11942 0)
(8.00151 -0.990058 0)
(7.40767 -0.848278 0)
(6.83524 -0.69896 0)
(6.29337 -0.544568 0)
(5.80541 -0.415533 0)
(5.32407 -0.336529 0)
(4.90569 -0.276319 0)
(4.60444 -0.193197 0)
(4.28594 -0.136816 0)
(3.95595 -0.132554 0)
(3.70557 -0.125845 0)
(3.45318 -0.136765 0)
(3.2593 -0.139003 0)
(3.0797 -0.135894 0)
(2.94222 -0.11916 0)
(2.82321 -0.0950357 0)
(2.73649 -0.0646731 0)
(2.66302 -0.0272091 0)
(2.61836 0.0116828 0)
(2.59602 0.0352443 0)
(2.60845 0.0244836 0)
(2.63453 0.0061315 0)
(2.68525 0.0364847 0)
(2.70649 0.0519094 0)
(2.87281 0.208564 0)
(2.85601 0.19228 0)
(3.20295 0.476629 0)
(3.11316 0.386168 0)
(3.73622 0.726158 0)
(3.28889 0.356845 0)
(4.33408 1.07555 0)
(3.75848 0.349816 0)
(4.67611 1.11601 0)
(4.33539 0.258028 0)
(5.10112 1.1148 0)
(4.8062 0.245327 0)
(5.46443 0.9509 0)
(5.20443 0.151559 0)
(5.68704 0.688981 0)
(5.4059 -0.081629 0)
(5.80334 0.478579 0)
(5.48924 -0.283964 0)
(5.82982 0.369785 0)
(5.48393 -0.436154 0)
(5.78993 0.344278 0)
(5.42322 -0.537132 0)
(5.70375 0.39614 0)
(5.34036 -0.594695 0)
(5.61205 0.49439 0)
(5.26845 -0.638424 0)
(5.53926 0.605836 0)
(5.22108 -0.692197 0)
(5.4819 0.723059 0)
(5.19607 -0.761549 0)
(5.43634 0.842517 0)
(5.18499 -0.843579 0)
(5.39664 0.973488 0)
(5.19158 -0.944539 0)
(5.3585 1.12261 0)
(5.21122 -1.05861 0)
(5.3264 1.29379 0)
(5.25082 -1.19605 0)
(5.29657 1.50028 0)
(5.31278 -1.35275 0)
(5.28067 1.73853 0)
(5.4041 -1.53283 0)
(5.28611 2.01641 0)
(5.53019 -1.72279 0)
(5.33506 2.33181 0)
(5.70359 -1.90773 0)
(5.45341 2.69213 0)
(5.92928 -2.05111 0)
(5.68442 3.08933 0)
(6.23199 -2.09473 0)
(6.05882 3.45431 0)
(6.64228 -1.91479 0)
(6.55786 3.66943 0)
(7.22566 -1.33298 0)
(7.16296 3.62969 0)
(8.03994 -0.265946 0)
(8.11028 3.24479 0)
(9.14138 1.06491 0)
(9.72584 2.65432 0)
(12.4433 -0.254631 0)
(12.3921 -0.267441 0)
(12.3484 -0.327468 0)
(12.264 -0.420741 0)
(12.1367 -0.529414 0)
(11.9662 -0.641247 0)
(11.7628 -0.744206 0)
(11.5293 -0.837479 0)
(11.2632 -0.923269 0)
(10.9553 -0.998032 0)
(10.6008 -1.0581 0)
(10.1902 -1.0988 0)
(9.72444 -1.1145 0)
(9.20231 -1.09898 0)
(8.6354 -1.04928 0)
(8.03191 -0.967563 0)
(7.42358 -0.86075 0)
(6.83526 -0.740488 0)
(6.28367 -0.615024 0)
(5.76745 -0.481011 0)
(5.30714 -0.343217 0)
(4.88623 -0.228141 0)
(4.46178 -0.17304 0)
(4.10694 -0.144912 0)
(3.8651 -0.0802655 0)
(3.62882 -0.0280888 0)
(3.37384 -0.0342748 0)
(3.19062 -0.0391576 0)
(2.99437 -0.0579385 0)
(2.8473 -0.0704103 0)
(2.71255 -0.0770164 0)
(2.61164 -0.0707429 0)
(2.53235 -0.0541316 0)
(2.4753 -0.0308273 0)
(2.4278 -0.00189764 0)
(2.40195 0.0264941 0)
(2.39675 0.0369184 0)
(2.41991 0.0157299 0)
(2.45035 -0.00619188 0)
(2.48933 0.00878419 0)
(2.53038 0.0336186 0)
(2.65386 0.155027 0)
(2.66484 0.149114 0)
(2.97417 0.391893 0)
(2.8425 0.321448 0)
(3.44787 0.636878 0)
(3.00464 0.258257 0)
(4.24512 0.943381 0)
(3.37017 0.26412 0)
(4.64702 1.02077 0)
(3.87777 0.208304 0)
(5.03262 1.03855 0)
(4.48528 0.163165 0)
(5.41659 0.861503 0)
(5.00465 0.104833 0)
(5.67702 0.613906 0)
(5.28743 -0.0665635 0)
(5.81522 0.419684 0)
(5.38302 -0.244086 0)
(5.86441 0.3219 0)
(5.38703 -0.375833 0)
(5.83345 0.300932 0)
(5.33001 -0.460304 0)
(5.75596 0.348711 0)
(5.2533 -0.509253 0)
(5.6732 0.436635 0)
(5.18485 -0.54747 0)
(5.607 0.534826 0)
(5.1366 -0.595895 0)
(5.55192 0.639201 0)
(5.11124 -0.659631 0)
(5.50848 0.746838 0)
(5.10112 -0.735167 0)
(5.47189 0.864573 0)
(5.10943 -0.829751 0)
(5.43596 1.00023 0)
(5.13217 -0.937682 0)
(5.40616 1.15448 0)
(5.1735 -1.06643 0)
(5.37649 1.34442 0)
(5.23812 -1.21227 0)
(5.36171 1.56958 0)
(5.33161 -1.38117 0)
(5.36548 1.84686 0)
(5.46256 -1.56839 0)
(5.41559 2.16903 0)
(5.64504 -1.76527 0)
(5.53546 2.5203 0)
(5.88647 -1.91673 0)
(5.76048 2.85923 0)
(6.2161 -1.93837 0)
(6.10144 3.1111 0)
(6.67103 -1.70799 0)
(6.52924 3.191 0)
(7.28448 -1.09816 0)
(7.1004 3.01689 0)
(8.07928 -0.0803257 0)
(8.15042 2.61477 0)
(9.13829 0.984807 0)
(9.7918 2.15848 0)
(11.7834 -0.207735 0)
(11.7075 -0.20955 0)
(11.6287 -0.265334 0)
(11.51 -0.357079 0)
(11.3469 -0.460853 0)
(11.1361 -0.562716 0)
(10.8844 -0.652938 0)
(10.5932 -0.730636 0)
(10.2605 -0.798316 0)
(9.88138 -0.85358 0)
(9.45283 -0.892435 0)
(8.97296 -0.909964 0)
(8.44681 -0.901646 0)
(7.87798 -0.864266 0)
(7.28582 -0.800392 0)
(6.69171 -0.717125 0)
(6.12878 -0.622057 0)
(5.59816 -0.518443 0)
(5.10727 -0.406576 0)
(4.66535 -0.288439 0)
(4.28805 -0.16596 0)
(3.95832 -0.0617893 0)
(3.63906 -0.0245797 0)
(3.36179 -0.0259076 0)
(3.18028 0.0147952 0)
(3.03382 0.0576051 0)
(2.86121 0.0444064 0)
(2.74668 0.0316829 0)
(2.62099 0.00464195 0)
(2.52556 -0.0186328 0)
(2.43414 -0.0333047 0)
(2.37115 -0.0365132 0)
(2.32435 -0.0284549 0)
(2.29298 -0.0110433 0)
(2.26985 0.0125647 0)
(2.26261 0.0313799 0)
(2.27198 0.0318144 0)
(2.30083 0.00536217 0)
(2.32844 -0.0175438 0)
(2.35384 -0.013501 0)
(2.39962 0.0172501 0)
(2.48334 0.102581 0)
(2.53633 0.112205 0)
(2.80575 0.321793 0)
(2.66997 0.273174 0)
(3.34187 0.533149 0)
(2.87416 0.141179 0)
(4.10234 0.84479 0)
(2.97859 0.247439 0)
(4.47267 0.89486 0)
(3.45639 0.0946632 0)
(5.05235 0.892154 0)
(4.15688 0.0770691 0)
(5.4293 0.748621 0)
(4.77437 0.0664351 0)
(5.68643 0.508087 0)
(5.11815 -0.0523035 0)
(5.86317 0.338508 0)
(5.22979 -0.197423 0)
(5.9293 0.253877 0)
(5.24172 -0.306798 0)
(5.90936 0.239129 0)
(5.1884 -0.373171 0)
(5.8453 0.282515 0)
(5.11544 -0.411647 0)
(5.7684 0.359849 0)
(5.04523 -0.443978 0)
(5.70283 0.444258 0)
(4.98876 -0.484674 0)
(5.64467 0.533597 0)
(4.95657 -0.539867 0)
(5.59674 0.62728 0)
(4.93539 -0.60545 0)
(5.55833 0.729268 0)
(4.93236 -0.68705 0)
(5.52 0.848806 0)
(4.94161 -0.783304 0)
(5.49131 0.986402 0)
(4.96879 -0.899277 0)
(5.4643 1.15626 0)
(5.02015 -1.03754 0)
(5.45424 1.35787 0)
(5.10523 -1.19932 0)
(5.46245 1.60319 0)
(5.23927 -1.38035 0)
(5.51095 1.88815 0)
(5.44674 -1.56317 0)
(5.61602 2.20042 0)
(5.74697 -1.70158 0)
(5.80226 2.48557 0)
(6.16545 -1.71337 0)
(6.08045 2.65431 0)
(6.69544 -1.4731 0)
(6.45988 2.6357 0)
(7.31758 -0.868417 0)
(7.08286 2.40584 0)
(8.07981 0.0432897 0)
(8.24941 2.04878 0)
(9.13801 0.875126 0)
(9.83004 1.70597 0)
(10.6398 -0.152765 0)
(10.5471 -0.154601 0)
(10.4428 -0.205523 0)
(10.3019 -0.288139 0)
(10.116 -0.377677 0)
(9.87796 -0.462282 0)
(9.59244 -0.534256 0)
(9.26088 -0.592529 0)
(8.8848 -0.639236 0)
(8.46236 -0.672536 0)
(7.99492 -0.689308 0)
(7.48473 -0.687308 0)
(6.93872 -0.663472 0)
(6.3715 -0.617883 0)
(5.80978 -0.557764 0)
(5.27439 -0.487656 0)
(4.77724 -0.407548 0)
(4.31412 -0.317339 0)
(3.90912 -0.225121 0)
(3.56371 -0.137024 0)
(3.2917 -0.0405122 0)
(3.08098 0.0456499 0)
(2.87536 0.065209 0)
(2.70049 0.0469774 0)
(2.59515 0.0707552 0)
(2.52954 0.102648 0)
(2.44304 0.0887313 0)
(2.40099 0.069581 0)
(2.34651 0.0405457 0)
(2.30088 0.0139588 0)
(2.25436 -0.00661058 0)
(2.22699 -0.0190866 0)
(2.20794 -0.0175666 0)
(2.19944 -0.00566239 0)
(2.19876 0.0122648 0)
(2.20967 0.0241013 0)
(2.23146 0.0178636 0)
(2.26176 -0.00880293 0)
(2.27841 -0.0298614 0)
(2.28625 -0.0301081 0)
(2.32356 0.00120268 0)
(2.37189 0.0566875 0)
(2.43232 0.0837668 0)
(2.65708 0.25819 0)
(2.5318 0.223984 0)
(3.25227 0.432335 0)
(2.72947 0.0886183 0)
(3.83755 0.732553 0)
(2.84572 0.196251 0)
(4.50838 0.740363 0)
(3.60344 0.00367547 0)
(5.08342 0.746427 0)
(4.10749 0.0462602 0)
(5.43361 0.601002 0)
(4.61491 0.0478662 0)
(5.69232 0.397235 0)
(4.939 -0.0426088 0)
(5.89534 0.261188 0)
(5.06357 -0.152974 0)
(5.97705 0.19254 0)
(5.07959 -0.238963 0)
(5.97432 0.183747 0)
(5.02951 -0.289424 0)
(5.9289 0.221515 0)
(4.95541 -0.31685 0)
(5.86506 0.288375 0)
(4.88501 -0.342002 0)
(5.80635 0.359533 0)
(4.82528 -0.375152 0)
(5.76001 0.430907 0)
(4.79262 -0.422987 0)
(5.71942 0.509069 0)
(4.77742 -0.479706 0)
(5.69124 0.591139 0)
(4.78187 -0.548563 0)
(5.65893 0.691339 0)
(4.80518 -0.631355 0)
(5.63333 0.804619 0)
(4.84646 -0.727865 0)
(5.6034 0.947066 0)
(4.91424 -0.844366 0)
(5.58365 1.11532 0)
(5.01307 -0.980369 0)
(5.5726 1.32359 0)
(5.15837 -1.1377 0)
(5.59231 1.56195 0)
(5.37291 -1.30244 0)
(5.65266 1.81792 0)
(5.67789 -1.42715 0)
(5.77841 2.03917 0)
(6.09768 -1.42904 0)
(5.99846 2.15109 0)
(6.62143 -1.1926 0)
(6.38303 2.09513 0)
(7.24375 -0.639108 0)
(7.11451 1.8618 0)
(8.03484 0.146105 0)
(8.36442 1.55183 0)
(9.15595 0.743953 0)
(9.8561 1.30078 0)
(9.0611 -0.0951431 0)
(8.96311 -0.109943 0)
(8.84703 -0.155005 0)
(8.69969 -0.220075 0)
(8.50827 -0.289334 0)
(8.26041 -0.353395 0)
(7.95973 -0.405823 0)
(7.60859 -0.444624 0)
(7.21288 -0.471369 0)
(6.77412 -0.485593 0)
(6.29787 -0.485589 0)
(5.79082 -0.470314 0)
(5.26821 -0.438295 0)
(4.75284 -0.394576 0)
(4.2643 -0.344383 0)
(3.81125 -0.285479 0)
(3.40772 -0.221064 0)
(3.05851 -0.155624 0)
(2.77491 -0.0910475 0)
(2.54848 -0.0279443 0)
(2.39263 0.0457608 0)
(2.30505 0.113237 0)
(2.22723 0.120248 0)
(2.1633 0.0938336 0)
(2.13571 0.10099 0)
(2.15148 0.118056 0)
(2.15157 0.101063 0)
(2.171 0.0788644 0)
(2.17243 0.0511472 0)
(2.17295 0.0238588 0)
(2.16521 0.000549971 0)
(2.16088 -0.0148538 0)
(2.15389 -0.0149139 0)
(2.1559 -0.00619099 0)
(2.16822 0.00675259 0)
(2.19415 0.0118206 0)
(2.22516 0.0021427 0)
(2.25189 -0.0197214 0)
(2.25346 -0.0333552 0)
(2.23831 -0.0376637 0)
(2.25756 -0.018111 0)
(2.29791 0.013813 0)
(2.36579 0.0493364 0)
(2.56471 0.183893 0)
(2.43994 0.143997 0)
(3.17948 0.320748 0)
(2.496 0.0754618 0)
(3.70119 0.617517 0)
(2.90127 0.106292 0)
(4.54881 0.528911 0)
(3.54075 -0.0300038 0)
(4.99538 0.541003 0)
(3.87296 0.0205729 0)
(5.3767 0.42921 0)
(4.33904 0.0279603 0)
(5.7029 0.275081 0)
(4.63184 -0.0345438 0)
(5.94985 0.167747 0)
(4.76961 -0.109795 0)
(6.06456 0.115101 0)
(4.79683 -0.169919 0)
(6.082 0.112748 0)
(4.75524 -0.20163 0)
(6.04139 0.148801 0)
(4.67858 -0.212809 0)
(5.97405 0.206205 0)
(4.6033 -0.225304 0)
(5.90442 0.265247 0)
(4.54319 -0.247479 0)
(5.84983 0.319953 0)
(4.50298 -0.281405 0)
(5.80255 0.380091 0)
(4.48586 -0.325457 0)
(5.76495 0.444445 0)
(4.48062 -0.377717 0)
(5.73363 0.522031 0)
(4.49741 -0.444568 0)
(5.70628 0.612633 0)
(4.52983 -0.52353 0)
(5.68786 0.723398 0)
(4.59469 -0.623405 0)
(5.67641 0.855228 0)
(4.6963 -0.74013 0)
(5.67709 1.01411 0)
(4.86126 -0.875108 0)
(5.693 1.19218 0)
(5.10599 -1.01026 0)
(5.72308 1.38151 0)
(5.45715 -1.1086 0)
(5.79337 1.53845 0)
(5.92343 -1.10561 0)
(5.95518 1.61158 0)
(6.48665 -0.910466 0)
(6.34523 1.55071 0)
(7.14926 -0.454507 0)
(7.16169 1.3527 0)
(8.0042 0.175385 0)
(8.44292 1.0995 0)
(9.18882 0.556796 0)
(9.86985 0.929497 0)
(7.1088 -0.0375487 0)
(7.0193 -0.0684213 0)
(6.9088 -0.105394 0)
(6.76928 -0.148583 0)
(6.58287 -0.194489 0)
(6.33621 -0.236432 0)
(6.03373 -0.267712 0)
(5.68117 -0.286721 0)
(5.28998 -0.294811 0)
(4.86756 -0.293461 0)
(4.4252 -0.282234 0)
(3.97592 -0.262213 0)
(3.54001 -0.234995 0)
(3.12906 -0.20296 0)
(2.75597 -0.167628 0)
(2.42895 -0.129017 0)
(2.15701 -0.0893119 0)
(1.93411 -0.0510178 0)
(1.77221 -0.0132004 0)
(1.67091 0.0235943 0)
(1.63563 0.0705823 0)
(1.66294 0.115584 0)
(1.69533 0.115297 0)
(1.72326 0.0896822 0)
(1.7668 0.0884295 0)
(1.84678 0.0956436 0)
(1.91048 0.0810057 0)
(1.97585 0.0607783 0)
(2.02313 0.0366226 0)
(2.05606 0.0110375 0)
(2.06718 -0.0091543 0)
(2.06662 -0.022654 0)
(2.06065 -0.0244809 0)
(2.06479 -0.0215335 0)
(2.07737 -0.0155816 0)
(2.09941 -0.0147656 0)
(2.11487 -0.0220372 0)
(2.11503 -0.0334686 0)
(2.09127 -0.0357928 0)
(2.04663 -0.0365108 0)
(2.0226 -0.0288196 0)
(2.0278 -0.0162666 0)
(2.0795 0.0153055 0)
(2.23321 0.11051 0)
(2.15804 0.0788718 0)
(2.85003 0.239575 0)
(2.18293 0.0469686 0)
(3.4268 0.41136 0)
(2.61381 -0.0159495 0)
(4.27966 0.286374 0)
(2.93255 -0.0170253 0)
(4.60254 0.415875 0)
(3.40161 -0.003989 0)
(5.01691 0.282341 0)
(3.84853 0.0125386 0)
(5.35404 0.160963 0)
(4.10348 -0.0296491 0)
(5.59959 0.0819848 0)
(4.19072 -0.0782142 0)
(5.74104 0.0479305 0)
(4.15363 -0.113978 0)
(5.79829 0.0513633 0)
(4.0497 -0.12759 0)
(5.81053 0.0845815 0)
(3.94169 -0.126337 0)
(5.82468 0.129915 0)
(3.87394 -0.129174 0)
(5.85597 0.171509 0)
(3.85272 -0.143301 0)
(5.89811 0.209267 0)
(3.86129 -0.165092 0)
(5.93956 0.249442 0)
(3.89822 -0.19313 0)
(5.97023 0.295756 0)
(3.95407 -0.226606 0)
(5.98989 0.350467 0)
(4.03414 -0.267796 0)
(5.98812 0.416721 0)
(4.13319 -0.318104 0)
(5.97046 0.496565 0)
(4.25844 -0.381515 0)
(5.92782 0.593221 0)
(4.40979 -0.45971 0)
(5.8691 0.706615 0)
(4.60218 -0.554491 0)
(5.79298 0.833337 0)
(4.84252 -0.656628 0)
(5.71747 0.964006 0)
(5.15797 -0.742236 0)
(5.69028 1.07386 0)
(5.56256 -0.758896 0)
(5.81105 1.13225 0)
(6.07665 -0.630282 0)
(6.25955 1.08778 0)
(6.75803 -0.293865 0)
(7.1842 0.899405 0)
(7.70736 0.153036 0)
(8.48391 0.684729 0)
(8.97318 0.356334 0)
(9.86813 0.575673 0)
(4.82365 -0.0146694 0)
(4.74215 -0.0483391 0)
(4.64053 -0.0657535 0)
(4.5086 -0.084815 0)
(4.32913 -0.106858 0)
(4.09517 -0.125792 0)
(3.81475 -0.136469 0)
(3.49931 -0.138306 0)
(3.1656 -0.132722 0)
(2.82358 -0.123168 0)
(2.48563 -0.110672 0)
(2.16258 -0.0960848 0)
(1.85927 -0.0804403 0)
(1.58416 -0.0638407 0)
(1.35206 -0.0491988 0)
(1.16367 -0.0350135 0)
(1.0292 -0.015956 0)
(0.944836 0.00294295 0)
(0.908584 0.0192556 0)
(0.913032 0.0355831 0)
(0.96664 0.0587693 0)
(1.07297 0.0841086 0)
(1.18942 0.0834371 0)
(1.28778 0.0641665 0)
(1.37602 0.056524 0)
(1.48582 0.0551156 0)
(1.57981 0.042961 0)
(1.65632 0.0270312 0)
(1.71171 0.0112966 0)
(1.73821 -0.00492709 0)
(1.73858 -0.0172199 0)
(1.72018 -0.02719 0)
(1.69363 -0.0307552 0)
(1.67064 -0.0303647 0)
(1.65094 -0.0258964 0)
(1.63649 -0.0226411 0)
(1.61334 -0.0209541 0)
(1.57802 -0.0225049 0)
(1.53335 -0.0191092 0)
(1.48517 -0.0196549 0)
(1.44087 -0.0230591 0)
(1.40501 -0.0191927 0)
(1.43009 0.00661614 0)
(1.50217 0.0503353 0)
(1.44227 0.0141153 0)
(2.08323 0.149735 0)
(1.556 -0.00746441 0)
(2.8545 0.248001 0)
(1.94208 -0.0373592 0)
(3.25151 0.179639 0)
(2.21814 -0.0182511 0)
(3.58317 0.249229 0)
(2.77543 -0.000432916 0)
(3.80496 0.134521 0)
(3.12496 0.00739483 0)
(4.04323 0.0682348 0)
(3.281 -0.0259885 0)
(4.18915 0.0262698 0)
(3.26853 -0.0515698 0)
(4.25666 0.0107936 0)
(3.13865 -0.0632908 0)
(4.27649 0.0184192 0)
(2.96914 -0.0599932 0)
(4.31116 0.0378996 0)
(2.83716 -0.0548014 0)
(4.39817 0.0574398 0)
(2.76125 -0.0551879 0)
(4.52754 0.0735028 0)
(2.72242 -0.060611 0)
(4.68249 0.087971 0)
(2.70446 -0.0694405 0)
(4.85589 0.103708 0)
(2.70387 -0.0807408 0)
(5.04329 0.122543 0)
(2.72431 -0.0951216 0)
(5.24171 0.146194 0)
(2.77283 -0.113487 0)
(5.44429 0.176278 0)
(2.86099 -0.137564 0)
(5.64214 0.215103 0)
(3.00005 -0.169339 0)
(5.82049 0.26487 0)
(3.20426 -0.211203 0)
(5.96287 0.32696 0)
(3.48316 -0.263293 0)
(6.04961 0.40114 0)
(3.84159 -0.320556 0)
(6.07918 0.481256 0)
(4.2826 -0.368384 0)
(6.08738 0.552568 0)
(4.80446 -0.377306 0)
(6.1833 0.591592 0)
(5.42392 -0.306421 0)
(6.54301 0.560963 0)
(6.17799 -0.125577 0)
(7.29527 0.419468 0)
(7.08731 0.103662 0)
(8.35473 0.27602 0)
(8.14805 0.170711 0)
(9.47063 0.209185 0)
(1.92956 0.0274543 0)
(1.87423 -0.00624552 0)
(1.79848 -0.0104527 0)
(1.69948 -0.0138151 0)
(1.57349 -0.0168059 0)
(1.42096 -0.0172021 0)
(1.25091 -0.0155621 0)
(1.07524 -0.013275 0)
(0.904382 -0.0112051 0)
(0.743484 -0.00975382 0)
(0.600284 -0.00677922 0)
(0.479113 -0.00160386 0)
(0.378655 0.00277647 0)
(0.301552 0.00558671 0)
(0.243288 0.00553481 0)
(0.19687 0.00381462 0)
(0.166495 0.00283957 0)
(0.155219 0.00280579 0)
(0.164623 0.00334782 0)
(0.19017 0.00298371 0)
(0.241638 0.00504907 0)
(0.334716 0.0126321 0)
(0.452885 0.0136878 0)
(0.547547 0.0048173 0)
(0.612611 -0.00284288 0)
(0.678162 -0.00554429 0)
(0.733158 -0.00901959 0)
(0.765626 -0.0134099 0)
(0.778304 -0.0156181 0)
(0.77159 -0.0172096 0)
(0.746547 -0.0176914 0)
(0.709959 -0.0174152 0)
(0.665075 -0.0157738 0)
(0.624011 -0.0128266 0)
(0.588712 -0.0090383 0)
(0.564566 -0.00583326 0)
(0.543059 -0.004195 0)
(0.523574 -0.00473858 0)
(0.499524 -0.00566902 0)
(0.482141 -0.00872176 0)
(0.452672 -0.0139906 0)
(0.390504 -0.0209628 0)
(0.391265 -0.0127117 0)
(0.446962 0.00474378 0)
(0.34187 -0.020871 0)
(0.755098 0.0291035 0)
(0.411062 -0.0549567 0)
(0.981108 0.0630899 0)
(0.76007 -0.0264029 0)
(1.15665 0.0519066 0)
(0.950426 -0.0216174 0)
(1.41854 0.0404632 0)
(1.33067 -0.0100608 0)
(1.62875 0.0225668 0)
(1.54077 -0.00725366 0)
(1.79999 0.00961449 0)
(1.59427 -0.0150804 0)
(1.83909 0.00434837 0)
(1.54621 -0.0175655 0)
(1.81462 0.00642849 0)
(1.44733 -0.0172026 0)
(1.78103 0.0106432 0)
(1.35301 -0.0182896 0)
(1.77262 0.0133645 0)
(1.28711 -0.0203801 0)
(1.79625 0.016827 0)
(1.25103 -0.0222419 0)
(1.84572 0.0206517 0)
(1.23504 -0.0249719 0)
(1.91207 0.0240749 0)
(1.22929 -0.0283815 0)
(1.99139 0.027589 0)
(1.23029 -0.0321789 0)
(2.08416 0.0311305 0)
(1.2377 -0.0361686 0)
(2.19226 0.034724 0)
(1.25314 -0.040538 0)
(2.31786 0.0381016 0)
(1.27934 -0.0452546 0)
(2.46231 0.0414632 0)
(1.32147 -0.0506234 0)
(2.62572 0.0452628 0)
(1.38906 -0.0575464 0)
(2.80246 0.0510816 0)
(1.49873 -0.0681722 0)
(2.98007 0.0619433 0)
(1.68049 -0.08536 0)
(3.14005 0.0808843 0)
(1.97291 -0.108058 0)
(3.2729 0.105844 0)
(2.4014 -0.127528 0)
(3.41055 0.127125 0)
(2.95789 -0.127832 0)
(3.65215 0.127882 0)
(3.58386 -0.0931066 0)
(4.11367 0.0798809 0)
(4.1589 -0.0241624 0)
(4.74576 0.00267668 0)
(4.6348 0.0138992 0)
(5.39542 -0.0865323 0)
(0.177295 -0.0802535 0)
(0.517421 -0.0760149 0)
(0.917577 -0.0578162 0)
(1.21074 -0.018112 0)
(1.36056 0.0208152 0)
(1.41515 0.0789003 0)
(1.08187 0.141893 0)
(0.4394 0.13136 0)
(-0.290444 0.0828775 0)
(-0.828324 0.0311582 0)
(-0.976235 0.0133854 0)
(-0.936167 0.00172283 0)
(-0.737951 -0.0241707 0)
(-0.56546 -0.0171415 0)
(-0.429263 0.0115476 0)
(-0.347589 0.0337733 0)
(-0.253477 0.0363752 0)
(-0.190772 0.0415312 0)
(-0.16451 0.0398009 0)
(-0.219627 0.0240946 0)
(-0.283473 0.0103374 0)
(-0.326436 0.00177705 0)
(-0.398319 0.018929 0)
(-0.565967 0.0490153 0)
(-0.703835 0.0565826 0)
(-0.754269 0.0366067 0)
(-0.729963 0.0161622 0)
(-0.616626 0.00338354 0)
(-0.431837 -0.0134435 0)
(-0.143976 -0.0187044 0)
(0.181973 -0.0384473 0)
(0.565901 -0.0426078 0)
(0.982509 -0.054799 0)
(1.3631 -0.0375834 0)
(1.70807 -0.0246435 0)
(1.95581 -0.00709716 0)
(2.11121 0.0129315 0)
(2.15831 0.0257418 0)
(2.12475 0.0303487 0)
(2.0353 0.0284039 0)
(1.91536 0.0231195 0)
(1.78382 0.017136 0)
(1.65291 0.0117102 0)
(1.52934 0.00720848 0)
(1.41899 0.00340783 0)
(1.32652 0.00154087 0)
(1.25365 0.00262007 0)
(1.19724 0.00480155 0)
(1.15095 0.00600214 0)
(1.11198 0.00619898 0)
(1.0769 0.0058669 0)
(1.05087 0.00441161 0)
(1.03491 0.00250406 0)
(1.02998 0.000967781 0)
(1.03426 -0.000580125 0)
(1.04182 -0.000655231 0)
(1.05153 -0.000975927 0)
(1.0632 -0.00133382 0)
(1.07636 -0.00162923 0)
(1.09232 -0.00217875 0)
(1.11242 -0.00319522 0)
(1.13432 -0.00328231 0)
(1.158 -0.00382378 0)
(1.18112 -0.00356249 0)
(1.20251 -0.00319579 0)
(1.21952 -0.00250238 0)
(1.23294 -0.00186684 0)
(1.24092 -0.00112986 0)
(1.24455 -0.000481032 0)
(1.24351 0.000150676 0)
(1.23853 0.000663574 0)
(1.22969 0.00119436 0)
(1.21729 0.0016068 0)
(1.2014 0.0021517 0)
(1.18171 0.00255241 0)
(1.15837 0.00316027 0)
(1.13028 0.00364871 0)
(1.09793 0.00440594 0)
(1.05921 0.00502693 0)
(1.01526 0.00602454 0)
(0.962783 0.00678511 0)
(0.903762 0.00807349 0)
(0.833783 0.00889753 0)
(0.756025 0.0105192 0)
(0.665671 0.0110317 0)
(0.568235 0.0118076 0)
(0.462314 0.00920697 0)
(0.359765 0.00703691 0)
(0.260938 0.00175049 0)
(0.175273 0.000869616 0)
(0.100795 -0.0043709 0)
(0.0518172 -0.00767046 0)
(0.0254833 -0.0161117 0)
(-0.00313238 -0.00777855 0)
(-0.11847 0.0121478 0)
(-0.400202 0.052701 0)
(-0.780376 0.0672542 0)
(-0.967782 0.0324319 0)
(-0.794525 -0.0593734 0)
(-0.29101 -0.126061 0)
(0.134537 -0.218483 0)
(0.346816 -0.243927 0)
(0.768982 -0.240175 0)
(1.01348 -0.168381 0)
(1.36117 -0.10888 0)
(1.46491 0.053396 0)
(1.27212 0.305807 0)
(0.676094 0.420262 0)
(-0.0230557 0.428368 0)
(-0.734243 0.261541 0)
(-1.1382 0.0283552 0)
(-1.22409 -0.0867438 0)
(-1.14001 -0.138454 0)
(-1.08979 -0.114828 0)
(-0.974952 -0.091113 0)
(-0.773366 -0.0843684 0)
(-0.561444 -0.0821052 0)
(-0.327435 -0.0615845 0)
(-0.156016 -0.0087501 0)
(-0.0780534 0.0292332 0)
(-0.187298 0.0492806 0)
(-0.243584 0.0400637 0)
(-0.42833 0.0695069 0)
(-0.517073 0.0785842 0)
(-0.585141 0.0516984 0)
(-0.439269 -0.0224609 0)
(-0.300343 -0.0833933 0)
(0.0845367 -0.142741 0)
(0.440896 -0.188259 0)
(0.937958 -0.221238 0)
(1.43226 -0.264274 0)
(1.94156 -0.268905 0)
(2.50864 -0.294552 0)
(2.93782 -0.248027 0)
(3.43999 -0.219362 0)
(3.77873 -0.152091 0)
(4.06218 -0.0848158 0)
(4.23305 -0.0199099 0)
(4.30894 0.0312842 0)
(4.29955 0.0669493 0)
(4.21949 0.0882454 0)
(4.08576 0.0982127 0)
(3.91389 0.100187 0)
(3.71452 0.0965078 0)
(3.50362 0.0872899 0)
(3.29234 0.0721673 0)
(3.09738 0.0539372 0)
(2.9426 0.0389256 0)
(2.83397 0.0301871 0)
(2.7651 0.0246874 0)
(2.7148 0.0200472 0)
(2.68609 0.0131209 0)
(2.66951 0.00574287 0)
(2.66763 -0.000579477 0)
(2.67792 -0.00527027 0)
(2.68929 -0.0065129 0)
(2.70674 -0.00779054 0)
(2.72502 -0.00900621 0)
(2.74462 -0.0102494 0)
(2.76959 -0.0122648 0)
(2.79754 -0.0145866 0)
(2.82599 -0.0151399 0)
(2.8597 -0.01574 0)
(2.8873 -0.0147942 0)
(2.91624 -0.012368 0)
(2.93681 -0.00997345 0)
(2.95382 -0.00647984 0)
(2.96301 -0.00339014 0)
(2.96683 -4.51609e-05 0)
(2.96377 0.00269947 0)
(2.9559 0.0056039 0)
(2.94181 0.00805005 0)
(2.92354 0.0107458 0)
(2.89921 0.0131917 0)
(2.87026 0.0161894 0)
(2.83501 0.0189449 0)
(2.7934 0.0227233 0)
(2.74472 0.0261677 0)
(2.68699 0.0311149 0)
(2.62055 0.0355892 0)
(2.54171 0.0420471 0)
(2.45133 0.0477027 0)
(2.34506 0.0557679 0)
(2.22309 0.0623128 0)
(2.08228 0.0713737 0)
(1.92108 0.0765456 0)
(1.73955 0.0827728 0)
(1.53376 0.0811927 0)
(1.31019 0.0805722 0)
(1.07091 0.0701573 0)
(0.841643 0.061658 0)
(0.626868 0.0392224 0)
(0.436855 0.0373814 0)
(0.243467 0.066239 0)
(-0.021343 0.154421 0)
(-0.408241 0.206723 0)
(-0.766067 0.176855 0)
(-0.851296 -0.013815 0)
(-0.673969 -0.225392 0)
(-0.226496 -0.373741 0)
(0.0584579 -0.280029 0)
(0.187058 -0.358347 0)
(0.438185 -0.352627 0)
(0.583906 -0.289431 0)
(0.967405 -0.196792 0)
(0.888391 0.0869495 0)
(0.850545 0.480435 0)
(0.297062 0.625557 0)
(-0.0949993 0.658968 0)
(-0.640787 0.498744 0)
(-1.13495 0.204266 0)
(-1.41182 -0.000535364 0)
(-1.53611 -0.11623 0)
(-1.51566 -0.143273 0)
(-1.38663 -0.161692 0)
(-1.0787 -0.183281 0)
(-0.845206 -0.191075 0)
(-0.513299 -0.175697 0)
(-0.290722 -0.0904063 0)
(-0.0663477 -0.00240569 0)
(-0.126833 0.0691788 0)
(-0.106383 0.0651258 0)
(-0.282994 0.106406 0)
(-0.279687 0.0996645 0)
(-0.257661 0.0304159 0)
(0.000321783 -0.112847 0)
(0.284574 -0.232066 0)
(0.799427 -0.330634 0)
(1.2724 -0.382189 0)
(1.813 -0.423982 0)
(2.34947 -0.485496 0)
(2.85143 -0.484418 0)
(3.45699 -0.509217 0)
(3.87296 -0.437036 0)
(4.36868 -0.396775 0)
(4.72569 -0.285906 0)
(5.02942 -0.183267 0)
(5.24139 -0.0807219 0)
(5.37204 0.00340487 0)
(5.43026 0.0674513 0)
(5.42413 0.113222 0)
(5.3609 0.144558 0)
(5.24968 0.165576 0)
(5.09445 0.177603 0)
(4.90307 0.178474 0)
(4.6875 0.169648 0)
(4.45632 0.148218 0)
(4.23401 0.115554 0)
(4.04778 0.081195 0)
(3.92677 0.0552048 0)
(3.8476 0.0385301 0)
(3.80887 0.0229964 0)
(3.78798 0.00950994 0)
(3.78236 -0.002614 0)
(3.7928 -0.0107262 0)
(3.80282 -0.0123982 0)
(3.81828 -0.0159844 0)
(3.83932 -0.0167877 0)
(3.85655 -0.0196837 0)
(3.88341 -0.0232744 0)
(3.91612 -0.0266933 0)
(3.94419 -0.0276332 0)
(3.98679 -0.0294009 0)
(4.0176 -0.0264792 0)
(4.05307 -0.0236327 0)
(4.0797 -0.0178989 0)
(4.10119 -0.0128002 0)
(4.11522 -0.00606074 0)
(4.12228 -0.00093578 0)
(4.12184 0.00523933 0)
(4.11611 0.00948795 0)
(4.10301 0.0151942 0)
(4.0858 0.0188899 0)
(4.06164 0.024905 0)
(4.03256 0.0287944 0)
(3.99741 0.0357934 0)
(3.95409 0.0407304 0)
(3.906 0.0495295 0)
(3.84423 0.0561389 0)
(3.77916 0.0676958 0)
(3.6928 0.0765109 0)
(3.60441 0.0917071 0)
(3.48518 0.102964 0)
(3.3646 0.122284 0)
(3.20201 0.135166 0)
(3.0382 0.157309 0)
(2.82058 0.167936 0)
(2.60219 0.188459 0)
(2.31937 0.189751 0)
(2.04092 0.200103 0)
(1.69828 0.178996 0)
(1.38511 0.16729 0)
(1.03059 0.134992 0)
(0.742476 0.19236 0)
(0.38506 0.2845 0)
(0.0130205 0.366155 0)
(-0.332115 0.26266 0)
(-0.429564 0.0132702 0)
(-0.415801 -0.328408 0)
(-0.145174 -0.544471 0)
(0.00039946 -0.325479 0)
(0.0648534 -0.403563 0)
(0.130113 -0.428159 0)
(0.223606 -0.397802 0)
(0.41672 -0.237837 0)
(0.245065 0.123912 0)
(0.267561 0.599748 0)
(-0.208547 0.78059 0)
(-0.478996 0.814731 0)
(-0.856653 0.705292 0)
(-1.33927 0.385724 0)
(-1.67764 0.105469 0)
(-1.8744 -0.0830094 0)
(-1.79648 -0.189183 0)
(-1.63654 -0.26324 0)
(-1.26475 -0.30561 0)
(-1.00492 -0.314731 0)
(-0.634885 -0.307076 0)
(-0.368962 -0.188011 0)
(-0.0712553 -0.0590573 0)
(-0.0171557 0.0549172 0)
(0.0352394 0.0742474 0)
(-0.0595239 0.118052 0)
(-0.0354467 0.0861497 0)
(0.0632208 -0.0330509 0)
(0.383841 -0.251805 0)
(0.807067 -0.431163 0)
(1.37878 -0.556153 0)
(1.88189 -0.61459 0)
(2.42421 -0.647187 0)
(2.98341 -0.714985 0)
(3.45182 -0.713207 0)
(4.02895 -0.737507 0)
(4.44854 -0.634145 0)
(4.8945 -0.575192 0)
(5.22868 -0.431913 0)
(5.51036 -0.293834 0)
(5.7121 -0.157107 0)
(5.84365 -0.0424738 0)
(5.91422 0.0464299 0)
(5.93617 0.1144 0)
(5.91318 0.165298 0)
(5.85252 0.204323 0)
(5.75471 0.234871 0)
(5.6191 0.251114 0)
(5.44851 0.253566 0)
(5.25363 0.24104 0)
(5.03872 0.208764 0)
(4.82045 0.160055 0)
(4.65015 0.109047 0)
(4.53145 0.0717427 0)
(4.4674 0.0401374 0)
(4.43363 0.0179266 0)
(4.41965 -0.000890223 0)
(4.41819 -0.0139912 0)
(4.42791 -0.0159761 0)
(4.43049 -0.0215341 0)
(4.4512 -0.0244804 0)
(4.4633 -0.0269296 0)
(4.48697 -0.03619 0)
(4.52572 -0.0398744 0)
(4.55397 -0.0438458 0)
(4.60825 -0.046346 0)
(4.64517 -0.0436266 0)
(4.69237 -0.0376221 0)
(4.72827 -0.031736 0)
(4.76069 -0.0206039 0)
(4.78213 -0.0135995 0)
(4.80089 -0.0020302 0)
(4.80317 0.00382966 0)
(4.81066 0.0141566 0)
(4.7952 0.0190809 0)
(4.79435 0.028368 0)
(4.76281 0.0334114 0)
(4.75512 0.0431276 0)
(4.70756 0.0490342 0)
(4.69253 0.0608771 0)
(4.62682 0.068572 0)
(4.6019 0.0839267 0)
(4.51379 0.0943449 0)
(4.47426 0.114814 0)
(4.35721 0.128652 0)
(4.29545 0.155893 0)
(4.14037 0.173192 0)
(4.04485 0.208204 0)
(3.83973 0.226875 0)
(3.69427 0.268035 0)
(3.4235 0.281942 0)
(3.20913 0.323356 0)
(2.85563 0.320583 0)
(2.56053 0.347519 0)
(2.12194 0.307648 0)
(1.7594 0.31796 0)
(1.2902 0.315308 0)
(0.979259 0.466128 0)
(0.514858 0.477425 0)
(0.242564 0.403833 0)
(-0.0153321 0.0383863 0)
(-0.0979686 -0.324675 0)
(-0.0974859 -0.64038 0)
(-0.0241551 -0.306336 0)
(-0.122113 -0.420566 0)
(-0.177417 -0.434194 0)
(-0.2429 -0.409919 0)
(-0.228347 -0.222936 0)
(-0.424068 0.173812 0)
(-0.428607 0.71129 0)
(-0.806739 0.924154 0)
(-1.068 0.929473 0)
(-1.26759 0.873529 0)
(-1.70994 0.538624 0)
(-1.94879 0.203179 0)
(-2.11668 -0.0745579 0)
(-1.87716 -0.259338 0)
(-1.7291 -0.360125 0)
(-1.33876 -0.431813 0)
(-1.04329 -0.445549 0)
(-0.667714 -0.44642 0)
(-0.335948 -0.316141 0)
(0.00816299 -0.147907 0)
(0.183783 0.00478992 0)
(0.293585 0.0600996 0)
(0.267438 0.106297 0)
(0.350393 0.0549156 0)
(0.497763 -0.116124 0)
(0.907165 -0.422268 0)
(1.40261 -0.649665 0)
(1.98259 -0.783351 0)
(2.49101 -0.840634 0)
(2.99457 -0.861141 0)
(3.54227 -0.928829 0)
(4.01521 -0.914039 0)
(4.51477 -0.931443 0)
(4.91647 -0.810203 0)
(5.29947 -0.722 0)
(5.58392 -0.55142 0)
(5.81809 -0.38242 0)
(5.98288 -0.215937 0)
(6.08358 -0.0769193 0)
(6.13775 0.0321785 0)
(6.14672 0.115503 0)
(6.12932 0.181054 0)
(6.07777 0.231877 0)
(6.00388 0.275265 0)
(5.89737 0.305079 0)
(5.76085 0.319243 0)
(5.59593 0.315093 0)
(5.41683 0.293491 0)
(5.20454 0.244011 0)
(5.00824 0.177573 0)
(4.8502 0.117531 0)
(4.7506 0.0664757 0)
(4.69114 0.0298563 0)
(4.66316 0.00461834 0)
(4.6432 -0.0161604 0)
(4.65026 -0.0168526 0)
(4.63745 -0.0268302 0)
(4.66204 -0.0300034 0)
(4.66001 -0.0365123 0)
(4.69993 -0.0487111 0)
(4.72806 -0.0586979 0)
(4.77676 -0.0611498 0)
(4.82907 -0.0715955 0)
(4.88458 -0.0616177 0)
(4.93162 -0.0613861 0)
(4.99154 -0.0460919 0)
(5.01366 -0.0383255 0)
(5.07352 -0.0213601 0)
(5.06748 -0.0126212 0)
(5.12218 0.00294582 0)
(5.08999 0.0101114 0)
(5.14007 0.0241015 0)
(5.08514 0.0297923 0)
(5.13213 0.0432841 0)
(5.05675 0.0492468 0)
(5.10198 0.0636395 0)
(5.00675 0.0717034 0)
(5.04949 0.0888172 0)
(4.93327 0.100236 0)
(4.97032 0.122248 0)
(4.83066 0.138076 0)
(4.85555 0.167439 0)
(4.68843 0.188424 0)
(4.69059 0.227819 0)
(4.48933 0.253538 0)
(4.45261 0.304764 0)
(4.20571 0.331685 0)
(4.10685 0.393782 0)
(3.79498 0.412955 0)
(3.60508 0.478622 0)
(3.20043 0.470844 0)
(2.89718 0.518957 0)
(2.36685 0.460843 0)
(1.98159 0.536827 0)
(1.46089 0.570752 0)
(1.18993 0.693396 0)
(0.659791 0.474718 0)
(0.559088 0.198641 0)
(0.0793292 -0.316876 0)
(0.178509 -0.633877 0)
(-0.0738647 -0.2618 0)
(-0.353734 -0.338788 0)
(-0.54934 -0.379171 0)
(-0.772378 -0.365552 0)
(-0.8761 -0.15971 0)
(-1.12935 0.24183 0)
(-1.11916 0.798035 0)
(-1.41171 1.03116 0)
(-1.61929 0.999791 0)
(-1.66956 0.967154 0)
(-2.09328 0.647182 0)
(-2.08985 0.243275 0)
(-2.19768 -0.124204 0)
(-1.83248 -0.369591 0)
(-1.70214 -0.474846 0)
(-1.33356 -0.575512 0)
(-0.992641 -0.600167 0)
(-0.640706 -0.599037 0)
(-0.251252 -0.475217 0)
(0.133661 -0.271013 0)
(0.418485 -0.0766931 0)
(0.622467 0.0198992 0)
(0.688644 0.0738139 0)
(0.820366 0.00266456 0)
(1.04672 -0.218118 0)
(1.52458 -0.607397 0)
(2.0477 -0.871807 0)
(2.61265 -1.00719 0)
(3.10093 -1.05731 0)
(3.59557 -1.06519 0)
(4.08326 -1.13796 0)
(4.55867 -1.11844 0)
(4.99514 -1.11458 0)
(5.36795 -0.971494 0)
(5.6867 -0.85005 0)
(5.91759 -0.653898 0)
(6.09965 -0.456834 0)
(6.22222 -0.262029 0)
(6.28732 -0.101684 0)
(6.31357 0.0239738 0)
(6.30602 0.120718 0)
(6.27295 0.196375 0)
(6.21964 0.257492 0)
(6.13903 0.310319 0)
(6.04031 0.351141 0)
(5.913 0.377247 0)
(5.76215 0.379679 0)
(5.59933 0.367559 0)
(5.41489 0.327003 0)
(5.2057 0.256091 0)
(5.02762 0.180436 0)
(4.88086 0.107059 0)
(4.80166 0.0551609 0)
(4.73425 0.0166159 0)
(4.71669 -0.00966924 0)
(4.68784 -0.0154115 0)
(4.6942 -0.0274955 0)
(4.69083 -0.0348667 0)
(4.70459 -0.043684 0)
(4.73758 -0.0656302 0)
(4.7727 -0.0715884 0)
(4.81745 -0.0883053 0)
(4.88801 -0.0891891 0)
(4.9203 -0.0905051 0)
(5.01403 -0.0784368 0)
(5.00983 -0.0700597 0)
(5.12257 -0.0508475 0)
(5.08233 -0.0394475 0)
(5.19898 -0.0188397 0)
(5.12525 -0.00886918 0)
(5.245 0.010076 0)
(5.1428 0.0179566 0)
(5.26503 0.034445 0)
(5.1365 0.042768 0)
(5.26231 0.0575608 0)
(5.1106 0.0682444 0)
(5.23947 0.0836483 0)
(5.06602 0.098493 0)
(5.19617 0.116691 0)
(5.00171 0.137375 0)
(5.12897 0.161136 0)
(4.91338 0.188882 0)
(5.02998 0.221636 0)
(4.79283 0.257202 0)
(4.88521 0.302679 0)
(4.6245 0.345008 0)
(4.67005 0.406494 0)
(4.3786 0.450237 0)
(4.34268 0.528609 0)
(4.00158 0.560376 0)
(3.83733 0.648045 0)
(3.41044 0.640842 0)
(3.06736 0.715944 0)
(2.49792 0.658151 0)
(2.10373 0.822229 0)
(1.62626 0.764148 0)
(1.35665 0.730066 0)
(0.796222 0.265157 0)
(0.58644 -0.10577 0)
(0.0206901 -0.572283 0)
(-0.154518 -0.121632 0)
(-0.528335 -0.223246 0)
(-0.907837 -0.252756 0)
(-1.30437 -0.251562 0)
(-1.4979 -0.0854654 0)
(-1.77815 0.31059 0)
(-1.76598 0.864342 0)
(-1.96998 1.09458 0)
(-2.08747 1.02866 0)
(-2.06246 1.01317 0)
(-2.31523 0.684125 0)
(-2.05243 0.21546 0)
(-2.02814 -0.201081 0)
(-1.68688 -0.478729 0)
(-1.49455 -0.59603 0)
(-1.19471 -0.714734 0)
(-0.809552 -0.750955 0)
(-0.476244 -0.747681 0)
(-0.0863432 -0.635042 0)
(0.322323 -0.421591 0)
(0.709283 -0.193994 0)
(0.994047 -0.0598466 0)
(1.17865 0.00558626 0)
(1.36536 -0.0831835 0)
(1.65906 -0.358817 0)
(2.2051 -0.819237 0)
(2.70102 -1.10533 0)
(3.24751 -1.23443 0)
(3.70066 -1.27392 0)
(4.19422 -1.26811 0)
(4.64325 -1.33249 0)
(5.09134 -1.30593 0)
(5.46331 -1.27629 0)
(5.80064 -1.11171 0)
(6.05709 -0.950273 0)
(6.23478 -0.727012 0)
(6.36443 -0.508182 0)
(6.44905 -0.287918 0)
(6.48141 -0.110025 0)
(6.487 0.027636 0)
(6.46611 0.134333 0)
(6.4216 0.217893 0)
(6.35876 0.287449 0)
(6.2718 0.349945 0)
(6.16144 0.398105 0)
(6.03666 0.434885 0)
(5.88358 0.442382 0)
(5.72748 0.435905 0)
(5.55563 0.402955 0)
(5.36697 0.338654 0)
(5.16435 0.252326 0)
(5.0052 0.163333 0)
(4.8782 0.091322 0)
(4.80516 0.0393193 0)
(4.74952 0.00202755 0)
(4.72885 -0.00743652 0)
(4.71377 -0.0295187 0)
(4.71817 -0.0309787 0)
(4.72071 -0.0599632 0)
(4.76613 -0.0707386 0)
(4.77619 -0.0964502 0)
(4.85923 -0.103834 0)
(4.87328 -0.11906 0)
(4.99452 -0.110511 0)
(4.95694 -0.101625 0)
(5.11426 -0.0880911 0)
(5.04724 -0.0709567 0)
(5.20102 -0.0499658 0)
(5.10064 -0.0324709 0)
(5.26044 -0.0137369 0)
(5.13022 0.00164932 0)
(5.29589 0.0173243 0)
(5.13517 0.0318183 0)
(5.30906 0.0451328 0)
(5.12184 0.0604244 0)
(5.3046 0.0725873 0)
(5.09103 0.0924238 0)
(5.28318 0.104466 0)
(5.04392 0.131564 0)
(5.2448 0.145534 0)
(4.97933 0.182484 0)
(5.18565 0.201154 0)
(4.8945 0.249866 0)
(5.09966 0.277123 0)
(4.78386 0.338454 0)
(4.97331 0.379389 0)
(4.63494 0.451426 0)
(4.78162 0.511564 0)
(4.4196 0.586359 0)
(4.47591 0.670077 0)
(4.07642 0.72782 0)
(3.96911 0.831874 0)
(3.49468 0.836022 0)
(3.12201 0.942636 0)
(2.56082 0.896211 0)
(2.20181 1.05722 0)
(1.70585 0.779468 0)
(1.40994 0.592227 0)
(0.649203 -0.0505108 0)
(0.467621 -0.324799 0)
(-0.205364 0.0289525 0)
(-0.72376 -0.0236478 0)
(-1.24688 -0.0605019 0)
(-1.74642 -0.103053 0)
(-2.04371 0.0140825 0)
(-2.35314 0.38762 0)
(-2.31749 0.914027 0)
(-2.42289 1.12742 0)
(-2.42429 1.05442 0)
(-2.30956 1.0287 0)
(-2.24036 0.645287 0)
(-1.89592 0.141809 0)
(-1.64675 -0.300969 0)
(-1.41239 -0.576923 0)
(-1.10236 -0.705968 0)
(-0.881711 -0.838662 0)
(-0.508958 -0.903369 0)
(-0.176053 -0.896354 0)
(0.206057 -0.788745 0)
(0.60561 -0.579942 0)
(1.04949 -0.34052 0)
(1.41533 -0.171648 0)
(1.70902 -0.0947421 0)
(1.96799 -0.189883 0)
(2.34653 -0.510384 0)
(2.9454 -1.01918 0)
(3.3951 -1.31189 0)
(3.90569 -1.43657 0)
(4.31862 -1.47231 0)
(4.78228 -1.4609 0)
(5.19353 -1.51273 0)
(5.61263 -1.47536 0)
(5.91786 -1.41632 0)
(6.20314 -1.23015 0)
(6.39355 -1.03133 0)
(6.5211 -0.780651 0)
(6.60297 -0.544238 0)
(6.65289 -0.302012 0)
(6.66269 -0.110627 0)
(6.65298 0.0352437 0)
(6.62938 0.150306 0)
(6.57602 0.241376 0)
(6.50595 0.318675 0)
(6.41073 0.392775 0)
(6.28988 0.447248 0)
(6.15404 0.493715 0)
(6.00064 0.506006 0)
(5.83344 0.503647 0)
(5.67275 0.472349 0)
(5.49178 0.418527 0)
(5.30178 0.328635 0)
(5.11442 0.228843 0)
(4.97964 0.138625 0)
(4.86619 0.0693506 0)
(4.81023 0.021909 0)
(4.76197 -0.000777793 0)
(4.75356 -0.0227711 0)
(4.73395 -0.0357503 0)
(4.76198 -0.0658048 0)
(4.76491 -0.085872 0)
(4.82527 -0.110777 0)
(4.8387 -0.130653 0)
(4.96289 -0.143731 0)
(4.91883 -0.127521 0)
(5.07428 -0.127818 0)
(5.03786 -0.108258 0)
(5.16519 -0.0872974 0)
(5.09992 -0.0610165 0)
(5.23327 -0.0440877 0)
(5.14241 -0.0207684 0)
(5.27785 -0.00468018 0)
(5.15569 0.0155005 0)
(5.29994 0.0296168 0)
(5.15029 0.0472935 0)
(5.3069 0.0605439 0)
(5.12673 0.0800551 0)
(5.29834 0.0935657 0)
(5.08779 0.117966 0)
(5.27687 0.132649 0)
(5.03283 0.166381 0)
(5.24016 0.183383 0)
(4.96078 0.230389 0)
(5.18683 0.251052 0)
(4.86968 0.315643 0)
(5.1096 0.342767 0)
(4.75526 0.427764 0)
(4.9967 0.465388 0)
(4.60874 0.570176 0)
(4.82199 0.625321 0)
(4.40388 0.740337 0)
(4.53232 0.823032 0)
(4.07411 0.918696 0)
(4.02323 1.0375 0)
(3.4831 1.05385 0)
(3.10713 1.19634 0)
(2.60859 1.09692 0)
(2.17901 1.13889 0)
(1.66603 0.664599 0)
(1.02233 0.3892 0)
(0.0469043 -0.198665 0)
(-0.282042 0.275845 0)
(-0.871226 0.207275 0)
(-1.51886 0.164224 0)
(-2.0926 0.086272 0)
(-2.47899 0.135012 0)
(-2.79141 0.451858 0)
(-2.70728 0.916044 0)
(-2.67 1.10802 0)
(-2.54884 1.03826 0)
(-2.30743 0.948541 0)
(-1.96051 0.518591 0)
(-1.65357 0.00759561 0)
(-1.21204 -0.441341 0)
(-1.0158 -0.690838 0)
(-0.628753 -0.821896 0)
(-0.410326 -0.945607 0)
(-0.0503303 -1.04365 0)
(0.24093 -1.049 0)
(0.605339 -0.951068 0)
(0.990059 -0.754094 0)
(1.43859 -0.514056 0)
(1.85851 -0.323279 0)
(2.26798 -0.233246 0)
(2.59759 -0.336155 0)
(3.07549 -0.71129 0)
(3.69531 -1.22936 0)
(4.10394 -1.50894 0)
(4.56648 -1.62464 0)
(4.93938 -1.64888 0)
(5.36497 -1.63345 0)
(5.72938 -1.67471 0)
(6.10177 -1.62202 0)
(6.33916 -1.53132 0)
(6.57152 -1.31658 0)
(6.68753 -1.08462 0)
(6.77446 -0.809918 0)
(6.81038 -0.561482 0)
(6.83412 -0.302741 0)
(6.82786 -0.102647 0)
(6.81057 0.0462311 0)
(6.78722 0.167488 0)
(6.73186 0.267197 0)
(6.65488 0.353386 0)
(6.54985 0.438865 0)
(6.42223 0.502208 0)
(6.26978 0.554823 0)
(6.11467 0.571974 0)
(5.93723 0.57347 0)
(5.76903 0.538849 0)
(5.60157 0.495133 0)
(5.41268 0.403895 0)
(5.22926 0.302221 0)
(5.06783 0.191947 0)
(4.94786 0.111455 0)
(4.86254 0.0427963 0)
(4.81731 0.016152 0)
(4.78166 -0.0204463 0)
(4.78671 -0.032195 0)
(4.77404 -0.0781661 0)
(4.82573 -0.0915471 0)
(4.80979 -0.133125 0)
(4.94326 -0.157541 0)
(4.89559 -0.154341 0)
(5.0274 -0.157525 0)
(5.03431 -0.150182 0)
(5.12737 -0.128754 0)
(5.1017 -0.0947706 0)
(5.20016 -0.0791957 0)
(5.16142 -0.0495561 0)
(5.24824 -0.0322246 0)
(5.18516 -0.00437248 0)
(5.27251 0.00927541 0)
(5.19085 0.0319852 0)
(5.2847 0.0451008 0)
(5.17657 0.0661044 0)
(5.28248 0.0811642 0)
(5.14635 0.102366 0)
(5.2709 0.120465 0)
(5.09991 0.146556 0)
(5.24691 0.169348 0)
(5.03711 0.204096 0)
(5.21247 0.231843 0)
(4.95586 0.281283 0)
(5.16344 0.314784 0)
(4.85323 0.385289 0)
(5.09515 0.424401 0)
(4.7274 0.522795 0)
(4.99328 0.568814 0)
(4.57094 0.699738 0)
(4.82741 0.7567 0)
(4.36194 0.914536 0)
(4.54001 0.993551 0)
(4.02595 1.14227 0)
(4.02344 1.26272 0)
(3.37561 1.28801 0)
(3.11048 1.4303 0)
(2.48397 1.17657 0)
(2.05686 1.11568 0)
(1.25588 0.485708 0)
(0.811411 0.225324 0)
(-0.300216 0.506513 0)
(-0.99816 0.483703 0)
(-1.6995 0.425982 0)
(-2.30579 0.283408 0)
(-2.72939 0.256968 0)
(-3.00494 0.502274 0)
(-2.868 0.87107 0)
(-2.65599 1.03605 0)
(-2.43137 0.959079 0)
(-2.04191 0.779373 0)
(-1.53372 0.348391 0)
(-1.19579 -0.145214 0)
(-0.670291 -0.591079 0)
(-0.45452 -0.821415 0)
(-0.0762641 -0.957438 0)
(0.163156 -1.07079 0)
(0.540659 -1.17136 0)
(0.801651 -1.17674 0)
(1.15179 -1.09532 0)
(1.47523 -0.921503 0)
(1.90395 -0.704203 0)
(2.3477 -0.512478 0)
(2.84222 -0.406414 0)
(3.25927 -0.513473 0)
(3.82175 -0.935559 0)
(4.4268 -1.43252 0)
(4.8017 -1.69585 0)
(5.19474 -1.79839 0)
(5.52287 -1.81896 0)
(5.90684 -1.79494 0)
(6.22769 -1.81487 0)
(6.54954 -1.74233 0)
(6.71552 -1.62266 0)
(6.89198 -1.37584 0)
(6.93712 -1.11522 0)
(6.98616 -0.82215 0)
(6.98841 -0.567529 0)
(6.99004 -0.297952 0)
(6.9784 -0.0949884 0)
(6.95871 0.0564806 0)
(6.93338 0.18049 0)
(6.886 0.294098 0)
(6.7973 0.389772 0)
(6.6882 0.488923 0)
(6.55111 0.56026 0)
(6.38543 0.620613 0)
(6.22439 0.63874 0)
(6.03945 0.647488 0)
(5.86324 0.604 0)
(5.6941 0.568774 0)
(5.51976 0.47484 0)
(5.33119 0.37902 0)
(5.1687 0.248999 0)
(5.02206 0.160679 0)
(4.94174 0.069502 0)
(4.85916 0.0382118 0)
(4.85531 -0.0160305 0)
(4.80314 -0.0261326 0)
(4.85625 -0.087792 0)
(4.81305 -0.0946469 0)
(4.91963 -0.164452 0)
(4.90442 -0.161016 0)
(4.97965 -0.185474 0)
(5.02909 -0.17903 0)
(5.09166 -0.175642 0)
(5.10555 -0.132948 0)
(5.16392 -0.118842 0)
(5.18821 -0.0849223 0)
(5.21206 -0.0647995 0)
(5.22585 -0.0304164 0)
(5.23095 -0.0138709 0)
(5.2451 0.0116155 0)
(5.24235 0.0269951 0)
(5.24254 0.0497898 0)
(5.2405 0.0661884 0)
(5.22409 0.0864894 0)
(5.23248 0.106007 0)
(5.18911 0.128069 0)
(5.21435 0.153467 0)
(5.13751 0.179841 0)
(5.19047 0.212246 0)
(5.06718 0.247888 0)
(5.15735 0.289457 0)
(4.97492 0.33941 0)
(5.11516 0.39071 0)
(4.85842 0.462039 0)
(5.05785 0.523534 0)
(4.7121 0.625926 0)
(4.96854 0.696546 0)
(4.53489 0.839638 0)
(4.80942 0.918312 0)
(4.31531 1.10594 0)
(4.49979 1.19739 0)
(3.98612 1.39301 0)
(3.91183 1.49973 0)
(3.28665 1.51236 0)
(2.93683 1.59823 0)
(2.21946 1.18862 0)
(1.36051 1.09684 0)
(0.237759 0.44827 0)
(-0.357991 0.821027 0)
(-1.07347 0.769011 0)
(-1.73127 0.676884 0)
(-2.34216 0.487732 0)
(-2.7331 0.376922 0)
(-2.92561 0.520982 0)
(-2.71578 0.777032 0)
(-2.36574 0.90245 0)
(-2.03931 0.801497 0)
(-1.51769 0.543416 0)
(-0.966729 0.149706 0)
(-0.528967 -0.324122 0)
(0.00964075 -0.746655 0)
(0.264128 -0.937051 0)
(0.62217 -1.06637 0)
(0.871105 -1.18685 0)
(1.22047 -1.30151 0)
(1.46069 -1.3095 0)
(1.7883 -1.23544 0)
(2.06631 -1.07542 0)
(2.46556 -0.893311 0)
(2.9057 -0.71757 0)
(3.43647 -0.617574 0)
(3.9695 -0.731513 0)
(4.58387 -1.15778 0)
(5.14862 -1.61975 0)
(5.48632 -1.85245 0)
(5.80067 -1.93199 0)
(6.07188 -1.95469 0)
(6.4041 -1.92929 0)
(6.6782 -1.93379 0)
(6.94583 -1.8347 0)
(7.04559 -1.68105 0)
(7.156 -1.40266 0)
(7.13746 -1.12213 0)
(7.15852 -0.8184 0)
(7.13324 -0.562326 0)
(7.12192 -0.288654 0)
(7.11351 -0.0870132 0)
(7.08981 0.0652127 0)
(7.07222 0.193439 0)
(7.01935 0.320629 0)
(6.93575 0.430566 0)
(6.81543 0.541504 0)
(6.67641 0.623058 0)
(6.49792 0.689905 0)
(6.32963 0.708303 0)
(6.13864 0.725726 0)
(5.95434 0.672005 0)
(5.77817 0.642494 0)
(5.61255 0.541382 0)
(5.42963 0.457514 0)
(5.26364 0.307367 0)
(5.11342 0.216833 0)
(5.00585 0.0971845 0)
(4.93963 0.0628867 0)
(4.89325 -0.0102164 0)
(4.88588 -0.0209215 0)
(4.87508 -0.0943003 0)
(4.90505 -0.107973 0)
(4.92578 -0.177122 0)
(4.9678 -0.179704 0)
(5.01071 -0.208944 0)
(5.06899 -0.202482 0)
(5.1045 -0.184197 0)
(5.13206 -0.156903 0)
(5.20519 -0.129378 0)
(5.18498 -0.100496 0)
(5.25882 -0.0641928 0)
(5.20201 -0.0402125 0)
(5.28802 -0.0124573 0)
(5.21125 0.00491777 0)
(5.2957 0.0320297 0)
(5.20598 0.0473284 0)
(5.28982 0.0714149 0)
(5.197 0.0874996 0)
(5.26888 0.112435 0)
(5.17885 0.133689 0)
(5.23257 0.160323 0)
(5.15712 0.188834 0)
(5.17974 0.221111 0)
(5.12779 0.260323 0)
(5.10672 0.301693 0)
(5.09458 0.353213 0)
(5.01011 0.409268 0)
(5.05608 0.475298 0)
(4.87983 0.554517 0)
(5.00856 0.6355 0)
(4.70908 0.747783 0)
(4.93911 0.842959 0)
(4.48854 1.00206 0)
(4.80094 1.1108 0)
(4.21561 1.32169 0)
(4.48803 1.4405 0)
(3.84734 1.65227 0)
(3.80688 1.74828 0)
(3.0567 1.68273 0)
(2.67271 1.74515 0)
(1.81228 1.12752 0)
(0.945862 1.11726 0)
(-0.329598 1.0872 0)
(-1.05024 1.05044 0)
(-1.61524 0.909773 0)
(-2.15181 0.671499 0)
(-2.41767 0.465987 0)
(-2.49005 0.50824 0)
(-2.21704 0.653414 0)
(-1.78716 0.734604 0)
(-1.35911 0.607796 0)
(-0.775724 0.307821 0)
(-0.241373 -0.0491936 0)
(0.273522 -0.50622 0)
(0.804393 -0.906225 0)
(1.04191 -1.06867 0)
(1.40976 -1.18906 0)
(1.64892 -1.30561 0)
(1.99336 -1.41398 0)
(2.21325 -1.42137 0)
(2.51158 -1.35411 0)
(2.7368 -1.21131 0)
(3.11485 -1.0735 0)
(3.5344 -0.921074 0)
(4.06948 -0.852314 0)
(4.67417 -0.985768 0)
(5.31913 -1.3903 0)
(5.82265 -1.79114 0)
(6.10632 -1.98523 0)
(6.34355 -2.05263 0)
(6.56563 -2.08342 0)
(6.84866 -2.06171 0)
(7.07733 -2.04094 0)
(7.28148 -1.90413 0)
(7.31355 -1.71398 0)
(7.35989 -1.40528 0)
(7.28862 -1.11361 0)
(7.29312 -0.805192 0)
(7.24437 -0.553921 0)
(7.23342 -0.27864 0)
(7.22277 -0.0856421 0)
(7.20876 0.0725017 0)
(7.1874 0.20372 0)
(7.13482 0.348062 0)
(7.05698 0.471819 0)
(6.92742 0.598018 0)
(6.79407 0.68742 0)
(6.6034 0.763952 0)
(6.43664 0.777985 0)
(6.23466 0.805528 0)
(6.05299 0.741159 0)
(5.86001 0.717846 0)
(5.70675 0.603359 0)
(5.51799 0.536518 0)
(5.36972 0.362916 0)
(5.19347 0.283492 0)
(5.11409 0.123095 0)
(4.99521 0.104299 0)
(4.99769 -0.013863 0)
(4.92266 0.00168647 0)
(4.97517 -0.114967 0)
(4.93992 -0.0971852 0)
(4.99985 -0.206256 0)
(5.01313 -0.181526 0)
(5.04842 -0.240657 0)
(5.11689 -0.206482 0)
(5.10668 -0.211862 0)
(5.21342 -0.167136 0)
(5.16734 -0.147137 0)
(5.27698 -0.102512 0)
(5.19537 -0.0745562 0)
(5.31207 -0.039689 0)
(5.20687 -0.0200998 0)
(5.32563 0.010924 0)
(5.19869 0.0269332 0)
(5.32729 0.0545863 0)
(5.18694 0.0677531 0)
(5.31896 0.0968339 0)
(5.16571 0.112844 0)
(5.2988 0.142685 0)
(5.14083 0.1646 0)
(5.26596 0.19781 0)
(5.10819 0.230937 0)
(5.21635 0.268883 0)
(5.0726 0.316062 0)
(5.14865 0.362551 0)
(5.03229 0.427991 0)
(5.05416 0.489234 0)
(4.98824 0.574727 0)
(4.92632 0.659619 0)
(4.93927 0.765682 0)
(4.74711 0.890073 0)
(4.86958 1.01315 0)
(4.49979 1.19592 0)
(4.7281 1.33062 0)
(4.16661 1.57893 0)
(4.37272 1.71183 0)
(3.69092 1.94025 0)
(3.51032 2.01728 0)
(2.57802 1.86282 0)
(1.68692 1.9791 0)
(0.325332 1.2488 0)
(-0.288042 1.37868 0)
(-0.893939 1.282 0)
(-1.28221 1.07975 0)
(-1.68571 0.80285 0)
(-1.81251 0.524117 0)
(-1.76925 0.465057 0)
(-1.45565 0.512464 0)
(-1.01376 0.55079 0)
(-0.482421 0.395259 0)
(0.0942884 0.0856102 0)
(0.618649 -0.272016 0)
(1.1776 -0.709373 0)
(1.67548 -1.05616 0)
(1.89979 -1.18678 0)
(2.24954 -1.29369 0)
(2.49138 -1.41258 0)
(2.81579 -1.51813 0)
(3.00525 -1.5264 0)
(3.26554 -1.46187 0)
(3.47063 -1.33935 0)
(3.84063 -1.24313 0)
(4.21751 -1.12122 0)
(4.75315 -1.10098 0)
(5.35573 -1.26297 0)
(5.98594 -1.62817 0)
(6.41358 -1.93868 0)
(6.64545 -2.09448 0)
(6.83441 -2.14885 0)
(7.03472 -2.1822 0)
(7.2701 -2.16129 0)
(7.43726 -2.10798 0)
(7.56125 -1.93259 0)
(7.51842 -1.70875 0)
(7.50342 -1.37869 0)
(7.39388 -1.08982 0)
(7.38928 -0.786016 0)
(7.32197 -0.542064 0)
(7.31748 -0.27034 0)
(7.30675 -0.085207 0)
(7.29692 0.0800509 0)
(7.27246 0.215757 0)
(7.22792 0.375292 0)
(7.14859 0.516516 0)
(7.02171 0.65445 0)
(6.89205 0.754559 0)
(6.70006 0.840463 0)
(6.53375 0.852599 0)
(6.32907 0.888804 0)
(6.1484 0.813432 0)
(5.94661 0.795606 0)
(5.79535 0.66428 0)
(5.61256 0.613917 0)
(5.46599 0.417811 0)
(5.29063 0.347959 0)
(5.19979 0.151503 0)
(5.08085 0.139874 0)
(5.07832 -0.0116492 0)
(4.99521 0.0207612 0)
(5.05522 -0.129278 0)
(4.9883 -0.0897984 0)
(5.07964 -0.230623 0)
(5.03223 -0.180278 0)
(5.13322 -0.269862 0)
(5.10978 -0.212019 0)
(5.20277 -0.236775 0)
(5.17629 -0.172549 0)
(5.266 -0.161749 0)
(5.21776 -0.108016 0)
(5.30484 -0.0804537 0)
(5.23529 -0.0445545 0)
(5.32471 -0.0171041 0)
(5.22923 0.00656895 0)
(5.32913 0.0339775 0)
(5.21392 0.0486912 0)
(5.32777 0.0789419 0)
(5.19054 0.0915024 0)
(5.31871 0.126081 0)
(5.16332 0.138542 0)
(5.30162 0.179199 0)
(5.12845 0.198127 0)
(5.27152 0.244688 0)
(5.09011 0.274519 0)
(5.22773 0.327695 0)
(5.04723 0.376054 0)
(5.16213 0.437766 0)
(5.00292 0.510091 0)
(5.06986 0.584099 0)
(4.95948 0.686849 0)
(4.93432 0.782708 0)
(4.91378 0.918977 0)
(4.73679 1.05249 0)
(4.85167 1.21824 0)
(4.45113 1.41613 0)
(4.70813 1.59283 0)
(4.05777 1.86807 0)
(4.27422 2.01808 0)
(3.46557 2.23442 0)
(3.19458 2.34899 0)
(2.04209 1.97017 0)
(1.12683 2.23685 0)
(-0.163247 1.56325 0)
(-0.568415 1.46371 0)
(-0.803538 1.21306 0)
(-1.02263 0.888398 0)
(-0.996119 0.531241 0)
(-0.871049 0.386715 0)
(-0.533822 0.361802 0)
(-0.112345 0.350651 0)
(0.504576 0.170326 0)
(1.07215 -0.135335 0)
(1.59883 -0.479125 0)
(2.15003 -0.890693 0)
(2.58845 -1.19043 0)
(2.80325 -1.3042 0)
(3.09585 -1.41308 0)
(3.35285 -1.5258 0)
(3.65119 -1.61869 0)
(3.81998 -1.61265 0)
(4.04662 -1.55174 0)
(4.25728 -1.45522 0)
(4.62319 -1.39287 0)
(4.9821 -1.305 0)
(5.49944 -1.33704 0)
(6.07619 -1.52871 0)
(6.61062 -1.82829 0)
(6.94376 -2.05718 0)
(7.13392 -2.18086 0)
(7.30018 -2.22956 0)
(7.47817 -2.26947 0)
(7.65154 -2.24066 0)
(7.72972 -2.14786 0)
(7.75816 -1.93255 0)
(7.64882 -1.68068 0)
(7.58572 -1.3431 0)
(7.4555 -1.06509 0)
(7.44786 -0.766153 0)
(7.36335 -0.532852 0)
(7.37381 -0.265825 0)
(7.35353 -0.086288 0)
(7.33977 0.088 0)
(7.32848 0.22496 0)
(7.27546 0.404908 0)
(7.2097 0.557422 0)
(7.08423 0.711728 0)
(6.96724 0.816202 0)
(6.77764 0.91672 0)
(6.62366 0.923231 0)
(6.41244 0.972682 0)
(6.24778 0.885004 0)
(6.0266 0.877472 0)
(5.89525 0.720364 0)
(5.69089 0.695188 0)
(5.58565 0.466551 0)
(5.37389 0.424368 0)
(5.32326 0.176613 0)
(5.16805 0.19273 0)
(5.17873 -0.0166655 0)
(5.089 0.0522221 0)
(5.12567 -0.152587 0)
(5.08164 -0.0678306 0)
(5.12508 -0.263837 0)
(5.13003 -0.166589 0)
(5.14908 -0.308821 0)
(5.20254 -0.201649 0)
(5.18946 -0.271526 0)
(5.2691 -0.163861 0)
(5.23341 -0.189343 0)
(5.30834 -0.0966518 0)
(5.25532 -0.0994998 0)
(5.32899 -0.0319678 0)
(5.26075 -0.029657 0)
(5.33384 0.0199113 0)
(5.24836 0.0248951 0)
(5.33078 0.0630037 0)
(5.2263 0.0710725 0)
(5.32466 0.107306 0)
(5.19852 0.117601 0)
(5.31727 0.157087 0)
(5.16329 0.171483 0)
(5.30402 0.218748 0)
(5.12139 0.238383 0)
(5.28417 0.295794 0)
(5.07196 0.326305 0)
(5.25177 0.39581 0)
(5.01721 0.443573 0)
(5.20358 0.525742 0)
(4.96053 0.600485 0)
(5.12553 0.699239 0)
(4.90371 0.810849 0)
(4.99684 0.934107 0)
(4.84643 1.09119 0)
(4.77818 1.2552 0)
(4.77381 1.45585 0)
(4.4178 1.69141 0)
(4.59635 1.9117 0)
(3.87331 2.24911 0)
(3.93762 2.41027 0)
(2.96186 2.67032 0)
(2.12836 2.94396 0)
(0.380729 2.26174 0)
(-0.0832331 1.6977 0)
(-0.0978158 1.53388 0)
(-0.14109 1.25533 0)
(-0.184623 0.897107 0)
(-0.0157248 0.49907 0)
(0.14423 0.294247 0)
(0.515622 0.207552 0)
(0.903982 0.137347 0)
(1.55294 -0.0683481 0)
(2.10628 -0.36869 0)
(2.62772 -0.687296 0)
(3.13423 -1.06164 0)
(3.52025 -1.3192 0)
(3.71469 -1.41371 0)
(3.97152 -1.50913 0)
(4.2167 -1.61843 0)
(4.48648 -1.69955 0)
(4.62578 -1.69342 0)
(4.83641 -1.64908 0)
(5.07147 -1.58355 0)
(5.42928 -1.54109 0)
(5.78523 -1.48681 0)
(6.29109 -1.55602 0)
(6.83019 -1.74273 0)
(7.21994 -1.97289 0)
(7.44988 -2.14209 0)
(7.6044 -2.24895 0)
(7.74103 -2.30484 0)
(7.87281 -2.33608 0)
(7.95847 -2.27712 0)
(7.93761 -2.13568 0)
(7.8779 -1.88983 0)
(7.71537 -1.62562 0)
(7.62061 -1.29335 0)
(7.47829 -1.03024 0)
(7.46712 -0.743052 0)
(7.36856 -0.522339 0)
(7.39581 -0.260612 0)
(7.34545 -0.0839762 0)
(7.35326 0.0948694 0)
(7.32985 0.238014 0)
(7.28373 0.432058 0)
(7.22668 0.598686 0)
(7.11103 0.765851 0)
(7.01004 0.877552 0)
(6.83051 0.991332 0)
(6.6933 0.995625 0)
(6.48443 1.05495 0)
(6.33449 0.957002 0)
(6.10771 0.960309 0)
(5.98713 0.77862 0)
(5.77248 0.77065 0)
(5.69197 0.515702 0)
(5.45428 0.494105 0)
(5.44225 0.200609 0)
(5.22723 0.243716 0)
(5.30896 -0.0229657 0)
(5.12502 0.0894038 0)
(5.25529 -0.171374 0)
(5.10095 -0.0416897 0)
(5.24532 -0.295722 0)
(5.13194 -0.146514 0)
(5.25301 -0.344381 0)
(5.19499 -0.187249 0)
(5.27911 -0.307368 0)
(5.25604 -0.15196 0)
(5.30157 -0.214846 0)
(5.29201 -0.0839389 0)
(5.31472 -0.117254 0)
(5.30839 -0.0220001 0)
(5.316 -0.0388654 0)
(5.30615 0.0277062 0)
(5.30832 0.0239172 0)
(5.29159 0.0664968 0)
(5.29564 0.0765246 0)
(5.26793 0.105967 0)
(5.28261 0.129079 0)
(5.23923 0.151356 0)
(5.27029 0.188307 0)
(5.2039 0.20997 0)
(5.25741 0.259832 0)
(5.16067 0.286238 0)
(5.24058 0.351078 0)
(5.10873 0.387799 0)
(5.21836 0.468421 0)
(5.04981 0.523604 0)
(5.18351 0.622123 0)
(4.98651 0.70783 0)
(5.12545 0.826865 0)
(4.92455 0.957548 0)
(5.01745 1.10472 0)
(4.86523 1.2949 0)
(4.80175 1.48795 0)
(4.78611 1.73868 0)
(4.37602 2.01145 0)
(4.57999 2.29044 0)
(3.69122 2.68925 0)
(3.64467 2.91006 0)
(2.41776 2.99928 0)
(1.37934 3.54751 0)
(0.0202364 1.67675 0)
(0.349118 1.51738 0)
(0.546997 1.23718 0)
(0.723167 0.870906 0)
(1.05102 0.428352 0)
(1.23864 0.184831 0)
(1.65311 0.0471208 0)
(2.02097 -0.0629782 0)
(2.65908 -0.298161 0)
(3.17301 -0.583622 0)
(3.67158 -0.877769 0)
(4.1167 -1.20736 0)
(4.42392 -1.43918 0)
(4.6056 -1.51871 0)
(4.82634 -1.60146 0)
(5.05706 -1.70815 0)
(5.2856 -1.78137 0)
(5.42035 -1.77888 0)
(5.65058 -1.74732 0)
(5.90064 -1.70615 0)
(6.25045 -1.68725 0)
(6.59198 -1.67022 0)
(7.06319 -1.76198 0)
(7.51995 -1.91621 0)
(7.77295 -2.07139 0)
(7.92314 -2.19418 0)
(8.03449 -2.29739 0)
(8.12802 -2.3558 0)
(8.18899 -2.36204 0)
(8.17284 -2.26883 0)
(8.0578 -2.09233 0)
(7.92238 -1.83245 0)
(7.72441 -1.56408 0)
(7.60851 -1.24392 0)
(7.45973 -0.999432 0)
(7.44086 -0.722615 0)
(7.33675 -0.513717 0)
(7.35829 -0.253927 0)
(7.29808 -0.0822629 0)
(7.30863 0.103049 0)
(7.28689 0.248465 0)
(7.23691 0.45919 0)
(7.20303 0.631312 0)
(7.09153 0.813981 0)
(7.01816 0.927797 0)
(6.85114 1.0595 0)
(6.73859 1.05891 0)
(6.53465 1.13688 0)
(6.40949 1.02233 0)
(6.17273 1.04404 0)
(6.08212 0.831275 0)
(5.84465 0.851556 0)
(5.80139 0.556168 0)
(5.55532 0.572636 0)
(5.54261 0.222722 0)
(5.34903 0.302017 0)
(5.38794 -0.0292116 0)
(5.243 0.132075 0)
(5.31511 -0.199199 0)
(5.22362 -0.00725867 0)
(5.28705 -0.334099 0)
(5.23927 -0.110715 0)
(5.29195 -0.394074 0)
(5.28403 -0.151339 0)
(5.30477 -0.359685 0)
(5.32105 -0.109416 0)
(5.31866 -0.265384 0)
(5.34937 -0.0399395 0)
(5.32923 -0.163915 0)
(5.35633 0.0247026 0)
(5.32523 -0.0806295 0)
(5.35019 0.0735643 0)
(5.31599 -0.0130045 0)
(5.33767 0.109081 0)
(5.29791 0.0464784 0)
(5.318 0.143457 0)
(5.27347 0.105153 0)
(5.29752 0.183771 0)
(5.24441 0.169946 0)
(5.27845 0.238475 0)
(5.21024 0.245073 0)
(5.26161 0.313523 0)
(5.16787 0.338283 0)
(5.24635 0.415988 0)
(5.11469 0.45739 0)
(5.22902 0.553292 0)
(5.04761 0.615716 0)
(5.20334 0.736059 0)
(4.9674 0.830748 0)
(5.15242 0.981657 0)
(4.88207 1.12897 0)
(5.04331 1.31845 0)
(4.79813 1.54247 0)
(4.79443 1.79151 0)
(4.67568 2.10604 0)
(4.20111 2.46698 0)
(4.31976 2.8116 0)
(3.26657 3.42014 0)
(2.58933 3.87783 0)
(0.639651 3.6153 0)
(0.151265 1.61846 0)
(0.84231 1.34649 0)
(1.34589 1.10344 0)
(1.66293 0.748155 0)
(2.15959 0.327068 0)
(2.393 0.0524034 0)
(2.83305 -0.113125 0)
(3.16664 -0.260467 0)
(3.74246 -0.525876 0)
(4.20734 -0.803185 0)
(4.68659 -1.07004 0)
(5.04652 -1.34626 0)
(5.30489 -1.54087 0)
(5.45102 -1.61549 0)
(5.65761 -1.69074 0)
(5.86768 -1.79047 0)
(6.05778 -1.85257 0)
(6.21521 -1.8627 0)
(6.45484 -1.8558 0)
(6.72559 -1.83399 0)
(7.06117 -1.83749 0)
(7.39614 -1.84473 0)
(7.78081 -1.92772 0)
(8.10473 -2.03251 0)
(8.24541 -2.12569 0)
(8.33867 -2.22581 0)
(8.40902 -2.32775 0)
(8.44652 -2.37528 0)
(8.4169 -2.34992 0)
(8.29833 -2.22594 0)
(8.10369 -2.01786 0)
(7.91057 -1.74688 0)
(7.69023 -1.48456 0)
(7.56057 -1.18928 0)
(7.40491 -0.961342 0)
(7.37716 -0.695675 0)
(7.25845 -0.498921 0)
(7.27681 -0.240416 0)
(7.19621 -0.0756734 0)
(7.22057 0.111441 0)
(7.18537 0.260684 0)
(7.15407 0.482614 0)
(7.12373 0.657977 0)
(7.03579 0.855513 0)
(6.98375 0.973328 0)
(6.83535 1.1204 0)
(6.75516 1.11768 0)
(6.55461 1.21034 0)
(6.47176 1.0869 0)
(6.20899 1.12493 0)
(6.18166 0.883528 0)
(5.88081 0.928008 0)
(5.92541 0.594636 0)
(5.59427 0.647113 0)
(5.68245 0.24142 0)
(5.38618 0.359173 0)
(5.52967 -0.0343278 0)
(5.28422 0.174525 0)
(5.46038 -0.221297 0)
(5.26192 0.0299646 0)
(5.42901 -0.363549 0)
(5.27192 -0.0834103 0)
(5.42016 -0.430318 0)
(5.29826 -0.122591 0)
(5.41441 -0.397471 0)
(5.33209 -0.0813201 0)
(5.41502 -0.302533 0)
(5.3578 -0.0109133 0)
(5.40798 -0.195034 0)
(5.36444 0.0550318 0)
(5.39302 -0.106627 0)
(5.35979 0.10031 0)
(5.3744 -0.0332232 0)
(5.34848 0.132012 0)
(5.35064 0.03453 0)
(5.33101 0.160502 0)
(5.32166 0.102693 0)
(5.30721 0.193478 0)
(5.28944 0.177232 0)
(5.27993 0.240116 0)
(5.25972 0.260188 0)
(5.25153 0.307444 0)
(5.23627 0.358625 0)
(5.22231 0.404241 0)
(5.22256 0.48211 0)
(5.18921 0.538622 0)
(5.21946 0.643354 0)
(5.1442 0.722916 0)
(5.21872 0.860115 0)
(5.07523 0.975426 0)
(5.19828 1.15446 0)
(4.97888 1.3293 0)
(5.1114 1.56209 0)
(4.87793 1.83507 0)
(4.84635 2.1449 0)
(4.76298 2.55904 0)
(4.03787 3.03224 0)
(4.20507 3.47026 0)
(2.92196 4.09949 0)
(1.59953 5.20862 0)
(0.544847 1.27787 0)
(1.31807 1.12885 0)
(2.06306 0.899217 0)
(2.55541 0.568669 0)
(3.1899 0.177925 0)
(3.52665 -0.0956025 0)
(3.97314 -0.269873 0)
(4.29255 -0.443524 0)
(4.79098 -0.715756 0)
(5.22747 -0.986945 0)
(5.64624 -1.22222 0)
(5.93463 -1.4439 0)
(6.13553 -1.61337 0)
(6.24348 -1.6998 0)
(6.45249 -1.77319 0)
(6.63079 -1.86329 0)
(6.80792 -1.92581 0)
(7.0155 -1.9567 0)
(7.25292 -1.97539 0)
(7.52091 -1.96477 0)
(7.82699 -1.97967 0)
(8.12715 -1.98994 0)
(8.38905 -2.03861 0)
(8.56768 -2.09302 0)
(8.63106 -2.15536 0)
(8.69205 -2.24487 0)
(8.7184 -2.33321 0)
(8.67865 -2.35728 0)
(8.54744 -2.29815 0)
(8.33659 -2.14114 0)
(8.07653 -1.91249 0)
(7.83835 -1.65251 0)
(7.60927 -1.41021 0)
(7.46805 -1.13715 0)
(7.30791 -0.92139 0)
(7.26188 -0.666728 0)
(7.13776 -0.48052 0)
(7.13625 -0.219724 0)
(7.05579 -0.0703373 0)
(7.07615 0.123433 0)
(7.04487 0.268661 0)
(7.01998 0.500642 0)
(7.01074 0.670918 0)
(6.92959 0.887499 0)
(6.91213 1.00175 0)
(6.77847 1.17129 0)
(6.73689 1.16285 0)
(6.54246 1.27879 0)
(6.50664 1.13727 0)
(6.22886 1.20172 0)
(6.25497 0.928462 0)
(5.93529 1.00446 0)
(6.00225 0.624686 0)
(5.68365 0.724342 0)
(5.77414 0.255896 0)
(5.46712 0.429276 0)
(5.63434 -0.052217 0)
(5.36276 0.231944 0)
(5.56535 -0.256884 0)
(5.33064 0.0823579 0)
(5.52883 -0.413025 0)
(5.33071 -0.0289459 0)
(5.50187 -0.488396 0)
(5.34578 -0.0621207 0)
(5.48949 -0.465645 0)
(5.37567 -0.0153069 0)
(5.47972 -0.373371 0)
(5.39959 0.0635618 0)
(5.45971 -0.26846 0)
(5.41557 0.135647 0)
(5.43603 -0.181797 0)
(5.42279 0.185988 0)
(5.40639 -0.109987 0)
(5.41909 0.221262 0)
(5.37418 -0.0431853 0)
(5.40832 0.251296 0)
(5.33774 0.0270693 0)
(5.38466 0.282448 0)
(5.29574 0.107044 0)
(5.34777 0.324391 0)
(5.25096 0.198917 0)
(5.30097 0.382364 0)
(5.20795 0.308003 0)
(5.2532 0.465875 0)
(5.17149 0.440608 0)
(5.21669 0.586679 0)
(5.14381 0.611157 0)
(5.20297 0.761444 0)
(5.11981 0.837175 0)
(5.21157 1.01188 0)
(5.06892 1.14809 0)
(5.21015 1.37166 0)
(4.95229 1.5836 0)
(5.12572 1.89068 0)
(4.77908 2.22611 0)
(4.79601 2.65969 0)
(4.65251 3.21065 0)
(3.67823 4.09109 0)
(3.42749 4.65153 0)
(1.10713 5.46675 0)
(0.780984 0.857803 0)
(1.83361 0.680603 0)
(2.8828 0.566392 0)
(3.47397 0.309309 0)
(4.15405 -0.0269475 0)
(4.55945 -0.281153 0)
(4.99783 -0.443124 0)
(5.33486 -0.62472 0)
(5.76444 -0.90156 0)
(6.16756 -1.16609 0)
(6.51283 -1.36847 0)
(6.72779 -1.53611 0)
(6.87705 -1.68341 0)
(7.00204 -1.78222 0)
(7.1953 -1.86361 0)
(7.36 -1.94426 0)
(7.55334 -2.01769 0)
(7.80472 -2.0653 0)
(8.03751 -2.08784 0)
(8.26854 -2.07782 0)
(8.51373 -2.0931 0)
(8.72302 -2.09046 0)
(8.84741 -2.09675 0)
(8.91437 -2.12037 0)
(8.94014 -2.17301 0)
(8.97203 -2.24941 0)
(8.93259 -2.31052 0)
(8.80178 -2.30176 0)
(8.57481 -2.2041 0)
(8.28869 -2.02517 0)
(7.98143 -1.79833 0)
(7.72195 -1.55644 0)
(7.49306 -1.3281 0)
(7.33775 -1.07712 0)
(7.16594 -0.872111 0)
(7.10404 -0.630248 0)
(6.96443 -0.451523 0)
(6.95536 -0.197737 0)
(6.86939 -0.0622323 0)
(6.8922 0.134149 0)
(6.8601 0.274985 0)
(6.85553 0.514003 0)
(6.85047 0.682855 0)
(6.79322 0.911301 0)
(6.79334 1.02289 0)
(6.68936 1.21089 0)
(6.68599 1.19834 0)
(6.49636 1.33577 0)
(6.52547 1.18555 0)
(6.21664 1.26926 0)
(6.31634 0.968278 0)
(5.97379 1.0768 0)
(6.07551 0.653964 0)
(5.7375 0.788744 0)
(5.88563 0.273856 0)
(5.53126 0.482443 0)
(5.76058 -0.0590741 0)
(5.43151 0.272521 0)
(5.70026 -0.278471 0)
(5.39425 0.119578 0)
(5.66294 -0.445048 0)
(5.38616 0.0093838 0)
(5.6386 -0.529489 0)
(5.394 -0.0230911 0)
(5.62704 -0.515555 0)
(5.41104 0.0282576 0)
(5.62101 -0.42585 0)
(5.42923 0.112235 0)
(5.61434 -0.322055 0)
(5.44635 0.187526 0)
(5.60606 -0.234033 0)
(5.46225 0.240821 0)
(5.59386 -0.157714 0)
(5.46837 0.27697 0)
(5.57679 -0.0872057 0)
(5.46795 0.305679 0)
(5.55314 -0.0104584 0)
(5.45545 0.332167 0)
(5.52096 0.0789998 0)
(5.42759 0.364568 0)
(5.47565 0.186728 0)
(5.38279 0.412811 0)
(5.41887 0.313736 0)
(5.32829 0.484299 0)
(5.35571 0.459668 0)
(5.27613 0.591285 0)
(5.29812 0.632803 0)
(5.2456 0.753522 0)
(5.26986 0.853468 0)
(5.2405 1.0021 0)
(5.28457 1.15523 0)
(5.23874 1.3736 0)
(5.31342 1.59246 0)
(5.14859 1.92177 0)
(5.25857 2.24088 0)
(4.93102 2.77747 0)
(4.77236 3.17292 0)
(4.81109 4.13978 0)
(3.9227 5.03473 0)
(2.19971 7.38605 0)
(1.6407 0.0463806 0)
(2.34355 0.165117 0)
(3.63581 0.164415 0)
(4.30615 0.0403623 0)
(5.04492 -0.222469 0)
(5.462 -0.443059 0)
(5.89093 -0.617117 0)
(6.28708 -0.781421 0)
(6.67772 -1.03747 0)
(7.01732 -1.29508 0)
(7.28785 -1.47483 0)
(7.44495 -1.6119 0)
(7.59378 -1.74188 0)
(7.74853 -1.85082 0)
(7.91867 -1.94453 0)
(8.09987 -2.02398 0)
(8.32071 -2.10795 0)
(8.55943 -2.16453 0)
(8.75501 -2.17894 0)
(8.9288 -2.16436 0)
(9.0762 -2.16453 0)
(9.16339 -2.13606 0)
(9.1711 -2.11078 0)
(9.18337 -2.12609 0)
(9.18644 -2.17841 0)
(9.16317 -2.23325 0)
(9.03904 -2.25603 0)
(8.81543 -2.20381 0)
(8.50773 -2.07634 0)
(8.17105 -1.89418 0)
(7.84229 -1.67612 0)
(7.57468 -1.45222 0)
(7.34012 -1.24441 0)
(7.16459 -1.01485 0)
(6.98479 -0.816782 0)
(6.89843 -0.586453 0)
(6.75327 -0.416298 0)
(6.73257 -0.170845 0)
(6.64444 -0.0538305 0)
(6.66898 0.143634 0)
(6.64157 0.269167 0)
(6.64993 0.52051 0)
(6.66016 0.680394 0)
(6.60905 0.927447 0)
(6.6477 1.02856 0)
(6.55161 1.24058 0)
(6.60525 1.21851 0)
(6.40418 1.38054 0)
(6.5202 1.21671 0)
(6.18609 1.33428 0)
(6.33219 0.993594 0)
(5.99781 1.14756 0)
(6.13851 0.677209 0)
(5.76009 0.863524 0)
(5.97667 0.278966 0)
(5.5732 0.556051 0)
(5.84314 -0.07781 0)
(5.47647 0.333635 0)
(5.77975 -0.31678 0)
(5.4291 0.181461 0)
(5.73452 -0.495447 0)
(5.4051 0.0732083 0)
(5.70428 -0.591724 0)
(5.39392 0.0478325 0)
(5.68575 -0.590453 0)
(5.3945 0.1064 0)
(5.6746 -0.512308 0)
(5.4009 0.199699 0)
(5.67153 -0.41921 0)
(5.41534 0.28287 0)
(5.6685 -0.341007 0)
(5.43782 0.343265 0)
(5.66327 -0.270602 0)
(5.46174 0.387288 0)
(5.64919 -0.20378 0)
(5.48588 0.42423 0)
(5.62048 -0.129318 0)
(5.50439 0.459078 0)
(5.57719 -0.0410139 0)
(5.51359 0.497958 0)
(5.51519 0.0654056 0)
(5.50181 0.549961 0)
(5.43515 0.193102 0)
(5.46628 0.626925 0)
(5.33994 0.343297 0)
(5.40793 0.732695 0)
(5.2501 0.52107 0)
(5.34324 0.88373 0)
(5.19434 0.747618 0)
(5.29848 1.10939 0)
(5.20029 1.06418 0)
(5.30718 1.46173 0)
(5.23069 1.52865 0)
(5.3468 2.02829 0)
(5.17011 2.19224 0)
(5.35707 2.99116 0)
(5.01659 3.30551 0)
(4.28509 4.67384 0)
(5.07591 4.98188 0)
(2.0917 7.87393 0)
(5.09075 0.489052 0)
(-2.00015 -0.0139829 0)
(1.81778 -0.0534602 0)
(1.10073 -0.00708595 0)
(1.76072 -0.00529939 0)
(1.83092 -0.00018918 0)
(1.91014 -0.00018475 0)
(1.96286 0.000181601 0)
(1.98079 0.00026026 0)
(2.00381 -4.66327e-05 0)
(9.95346 0.647894 0)
(-0.802157 0.237217 0)
(4.39303 -0.284895 0)
(3.31899 -0.0290904 0)
(4.25224 -0.0620293 0)
(4.50785 -0.0234401 0)
(4.6829 -0.0147215 0)
(4.81941 -0.00796309 0)
(4.87112 -0.00459382 0)
(4.94067 -0.00319433 0)
(12.8852 1.1064 0)
(2.00382 0.45737 0)
(6.36094 -0.46175 0)
(5.40303 -0.0672413 0)
(6.25849 -0.121252 0)
(6.62009 -0.0623045 0)
(6.84043 -0.0379745 0)
(7.03257 -0.0220498 0)
(7.10604 -0.0137901 0)
(7.21437 -0.00904153 0)
(14.9659 1.4036 0)
(5.17742 0.697056 0)
(8.29527 -0.551027 0)
(7.47301 -0.111767 0)
(8.09385 -0.17332 0)
(8.45305 -0.106998 0)
(8.66473 -0.0668918 0)
(8.87581 -0.0404026 0)
(8.95423 -0.0265986 0)
(9.08715 -0.0172226 0)
(16.2061 1.58108 0)
(8.21643 0.942984 0)
(10.1996 -0.540875 0)
(9.47817 -0.141413 0)
(9.81114 -0.200898 0)
(10.0808 -0.14238 0)
(10.233 -0.0932755 0)
(10.4174 -0.0583843 0)
(10.4804 -0.0403215 0)
(10.613 -0.0264788 0)
(16.245 1.43328 0)
(10.5593 1.08262 0)
(11.7955 -0.489845 0)
(11.2408 -0.163256 0)
(11.3545 -0.206509 0)
(11.5093 -0.162329 0)
(11.5799 -0.110852 0)
(11.7007 -0.0709129 0)
(11.7306 -0.0510651 0)
(11.8312 -0.0348268 0)
(15.7 1.22557 0)
(12.1246 1.09537 0)
(12.9099 -0.434199 0)
(12.5654 -0.191274 0)
(12.5762 -0.202121 0)
(12.6522 -0.169308 0)
(12.6707 -0.118841 0)
(12.7258 -0.0759295 0)
(12.7288 -0.0551735 0)
(12.7759 -0.0391824 0)
(14.9845 1.18418 0)
(13.078 1.0761 0)
(13.5777 -0.356427 0)
(13.3763 -0.216543 0)
(13.3415 -0.195792 0)
(13.376 -0.169365 0)
(13.3789 -0.12272 0)
(13.4048 -0.0781936 0)
(13.4046 -0.056382 0)
(13.4243 -0.0408215 0)
(14.0272 1.06197 0)
(13.4565 0.979277 0)
(13.8053 -0.289551 0)
(13.6774 -0.238043 0)
(13.605 -0.192217 0)
(13.6218 -0.165553 0)
(13.6107 -0.123658 0)
(13.6465 -0.0793093 0)
(13.6483 -0.0571294 0)
(13.6878 -0.0420889 0)
(12.8939 0.865333 0)
(13.2577 0.810756 0)
(13.6012 -0.243543 0)
(13.5482 -0.252879 0)
(13.4682 -0.192645 0)
(13.4996 -0.1618 0)
(13.4852 -0.124117 0)
(13.5497 -0.0814234 0)
(13.5529 -0.059656 0)
(13.6271 -0.0453112 0)
(12.0335 0.666635 0)
(12.7903 0.615018 0)
(13.2142 -0.219003 0)
(13.2543 -0.265621 0)
(13.2 -0.200763 0)
(13.2618 -0.162289 0)
(13.2621 -0.127144 0)
(13.3563 -0.0860951 0)
(13.3645 -0.0649854 0)
(13.467 -0.050693 0)
(11.6407 0.536921 0)
(12.4016 0.448673 0)
(12.9052 -0.202558 0)
(13.0232 -0.276056 0)
(13.0116 -0.214208 0)
(13.0884 -0.166462 0)
(13.1125 -0.132294 0)
(13.2187 -0.0925664 0)
(13.2351 -0.0724602 0)
(13.3475 -0.0574577 0)
(11.5714 0.421037 0)
(12.2576 0.301369 0)
(12.8063 -0.202545 0)
(12.9524 -0.291774 0)
(12.9953 -0.234896 0)
(13.0452 -0.176591 0)
(13.1041 -0.141197 0)
(13.1734 -0.101102 0)
(13.2071 -0.0822159 0)
(13.2748 -0.0646002 0)
(11.5444 0.299006 0)
(12.2699 0.165929 0)
(12.8431 -0.2098 0)
(12.9979 -0.306687 0)
(13.0809 -0.255003 0)
(13.0618 -0.187277 0)
(13.121 -0.148191 0)
(13.0731 -0.105914 0)
(13.0961 -0.0872436 0)
(13.0256 -0.0655388 0)
(11.4813 0.153661 0)
(12.3192 0.0301029 0)
(12.8995 -0.231796 0)
(13.0567 -0.325894 0)
(13.0384 -0.269738 0)
(12.8641 -0.190103 0)
(12.7759 -0.141947 0)
(12.5709 -0.0977495 0)
(12.5151 -0.0775634 0)
(12.3205 -0.0555221 0)
(11.4205 0.00346468 0)
(12.366 -0.0956794 0)
(12.8971 -0.263319 0)
(12.7999 -0.326619 0)
(12.4369 -0.251089 0)
(12.0197 -0.161769 0)
(11.7633 -0.11114 0)
(11.4721 -0.0727683 0)
(11.3675 -0.0558583 0)
(11.1402 -0.0398131 0)
(11.3887 -0.172529 0)
(12.2153 -0.211332 0)
(12.2377 -0.270673 0)
(11.6262 -0.275268 0)
(10.9591 -0.18767 0)
(10.4297 -0.108701 0)
(10.1269 -0.0702325 0)
(9.84638 -0.0449348 0)
(9.74097 -0.0343568 0)
(9.53564 -0.0251043 0)
(10.9283 -0.309677 0)
(10.9058 -0.228171 0)
(10.314 -0.199098 0)
(9.44974 -0.174167 0)
(8.72808 -0.106692 0)
(8.24529 -0.0560339 0)
(7.98679 -0.034882 0)
(7.76959 -0.0223923 0)
(7.68721 -0.0172132 0)
(7.53014 -0.0131256 0)
(8.82152 -0.280937 0)
(8.02328 -0.135562 0)
(7.23827 -0.0948007 0)
(6.46362 -0.0754842 0)
(5.89224 -0.0401936 0)
(5.55933 -0.0180436 0)
(5.39569 -0.010861 0)
(5.26266 -0.00722456 0)
(5.21307 -0.00558282 0)
(5.1148 -0.00475274 0)
(3.96257 -0.137086 0)
(3.36308 -0.0140235 0)
(2.9089 -0.00412965 0)
(2.54169 -0.00309761 0)
(2.2949 0.000880426 0)
(2.18007 0.0014844 0)
(2.13357 0.000686991 0)
(2.09353 0.000221168 0)
(2.07896 0.000208997 0)
(2.04603 -0.000174596 0)
)
;

boundaryField
{
    inlet
    {
        type            calculated;
        value           uniform (10 0 0);
    }
    outlet
    {
        type            calculated;
        value           nonuniform List<vector> 
20
(
(2.00381 -4.66327e-05 0)
(4.94067 -0.00319433 0)
(7.21437 -0.00904153 0)
(9.08715 -0.0172226 0)
(10.613 -0.0264788 0)
(11.8312 -0.0348268 0)
(12.7759 -0.0391824 0)
(13.4243 -0.0408215 0)
(13.6878 -0.0420889 0)
(13.6271 -0.0453112 0)
(13.467 -0.050693 0)
(13.3475 -0.0574577 0)
(13.2748 -0.0646002 0)
(13.0256 -0.0655388 0)
(12.3205 -0.0555221 0)
(11.1402 -0.0398131 0)
(9.53564 -0.0251043 0)
(7.53014 -0.0131256 0)
(5.1148 -0.00475274 0)
(2.04603 -0.000174596 0)
)
;
    }
    walls
    {
        type            calculated;
        value           uniform (0 0 0);
    }
    frontAndBack
    {
        type            empty;
    }
}


// ************************************************************************* //
