/*--------------------------------*- C++ -*----------------------------------*\
| =========                 |                                                 |
| \\      /  F ield         | OpenFOAM: The Open Source CFD Toolbox           |
|  \\    /   O peration     | Version:  2.4.0                                 |
|   \\  /    A nd           | Web:      www.OpenFOAM.org                      |
|    \\/     M anipulation  |                                                 |
\*---------------------------------------------------------------------------*/
FoamFile
{
    version     2.0;
    format      ascii;
    class       volScalarField;
    location    "0.198";
    object      nuSgs;
}
// * * * * * * * * * * * * * * * * * * * * * * * * * * * * * * * * * * * * * //

dimensions      [0 2 -1 0 0 0 0];

internalField   nonuniform List<scalar> 
4400
(
0.002052
0.00193755
0.00169532
0.00153079
0.00143105
0.00136417
0.00134031
0.00128569
0.00130715
0.0012368
0.00139525
0.00172923
0.00172484
0.00166808
0.00158817
0.00151544
0.00149013
0.00142879
0.00143769
0.00140558
0.000718686
0.00118247
0.00136485
0.00141433
0.00140704
0.00137045
0.0013564
0.00131405
0.00130972
0.00129451
0.000268862
0.000646143
0.00087049
0.00100715
0.0010914
0.00110611
0.00112635
0.00112121
0.00111487
0.00111148
8.7343e-05
0.000259842
0.000432677
0.000566845
0.000698269
0.00076195
0.000819109
0.000855746
0.000868604
0.000876711
2.54811e-05
8.75925e-05
0.000158882
0.00023126
0.000337466
0.000411156
0.000477805
0.000539873
0.000576294
0.000600386
7.75648e-06
2.62941e-05
4.54479e-05
7.10403e-05
0.000118913
0.000154424
0.000197651
0.00026149
0.000289057
0.00032768
4.19921e-06
1.09999e-05
1.42831e-05
1.95064e-05
3.19776e-05
4.10438e-05
5.64235e-05
8.68315e-05
9.90022e-05
0.000122266
3.88494e-06
7.74868e-06
9.81306e-06
1.02509e-05
1.15145e-05
1.23052e-05
1.47671e-05
2.14802e-05
2.35199e-05
2.74141e-05
3.84469e-06
7.33671e-06
9.16185e-06
9.60492e-06
9.60039e-06
9.40197e-06
9.44885e-06
9.93884e-06
1.04502e-05
1.10362e-05
3.82952e-06
7.59614e-06
8.80492e-06
9.21337e-06
9.28836e-06
9.46406e-06
9.81865e-06
1.02027e-05
1.0952e-05
1.52923e-05
3.89021e-06
7.35876e-06
8.71237e-06
9.98098e-06
1.09161e-05
1.30667e-05
1.53437e-05
2.00445e-05
2.79953e-05
5.42295e-05
4.22347e-06
1.01302e-05
1.35026e-05
1.94463e-05
2.81681e-05
4.48669e-05
5.91337e-05
8.51908e-05
0.000110122
0.000176542
7.82218e-06
2.56611e-05
4.38894e-05
7.33802e-05
0.00010879
0.000165338
0.000201177
0.000264749
0.000304372
0.000403736
2.56343e-05
8.62001e-05
0.000151978
0.00024168
0.000327977
0.000418912
0.000477236
0.00055162
0.000590952
0.000678724
8.76472e-05
0.000256809
0.000429037
0.00057184
0.00069425
0.000767529
0.000822361
0.000863373
0.000886331
0.000933506
0.000269693
0.000642073
0.000871748
0.00100862
0.00108952
0.00111099
0.00112836
0.00112672
0.00112897
0.00113703
0.000720586
0.00117943
0.00136679
0.00141352
0.00140718
0.00137329
0.00135499
0.00131793
0.00130861
0.00128987
0.0013957
0.0017274
0.00172598
0.00166597
0.00159034
0.0015145
0.00148264
0.00142834
0.001412
0.00136299
0.00205211
0.0019359
0.00169754
0.00152724
0.00143281
0.00135949
0.00132846
0.00127506
0.00125387
0.00117245
0.000517104
0.00046486
0.000408826
0.000407101
0.000383383
0.000378507
0.000372006
0.000367711
0.000368986
0.00036656
0.000359206
0.000326454
0.000265037
0.000253443
0.000245863
0.000236038
0.000210085
0.0001953
0.000200426
0.000227624
0.000253077
0.000253012
0.000244115
0.000211784
0.000147297
0.00010519
8.06028e-05
6.92279e-05
6.55886e-05
6.58346e-05
7.00081e-05
7.12995e-05
7.64242e-05
9.53093e-05
0.000151153
0.00021494
0.000227767
0.000220064
0.000210907
0.000196645
0.000173773
0.000163812
0.000162078
0.000159194
0.000151875
0.0001238
0.000109564
0.000106838
0.000108522
0.000129179
0.000216535
0.000263785
0.000257941
0.000193874
0.000145354
0.000134683
0.000136276
0.000135657
0.000134065
0.000138606
0.000149348
0.000155549
0.00018122
0.000231219
0.000249893
0.000246673
0.00022886
0.000192603
0.000160436
0.000141186
0.00012546
0.000124545
0.000126297
0.000138684
0.00015645
0.000159228
0.000156286
0.000155015
0.000145723
0.000139863
0.000132965
0.000125645
0.000122812
0.00012139
0.000110239
9.82522e-05
9.62968e-05
8.63834e-05
7.68888e-05
7.73751e-05
8.88615e-05
0.000100598
0.000108017
0.000105535
0.000110709
0.000111675
0.000126087
0.000137302
0.000196462
0.000312123
0.000658978
0.000580475
0.000504726
0.000476633
0.000445873
0.0004207
0.00040266
0.000384418
0.000375124
0.000371933
0.000373264
0.000372649
0.000362533
0.000334654
0.000290351
0.000256521
0.000243156
0.000246313
0.00026258
0.000266845
0.00026288
0.000249622
0.000213912
0.000144074
9.98523e-05
7.44789e-05
6.4589e-05
6.29501e-05
6.36711e-05
6.51963e-05
7.07701e-05
7.18925e-05
7.19895e-05
7.70435e-05
0.000101798
0.000165864
0.00020568
0.00021156
0.000208325
0.000200511
0.000183119
0.000171765
0.000166127
0.000160744
0.000146379
0.000116069
0.000103651
0.000101285
0.000102576
0.000122587
0.00021486
0.000272574
0.000265267
0.000195516
0.000145945
0.000135666
0.00013657
0.00013541
0.000132564
0.000136475
0.000150415
0.000154672
0.000167935
0.000211078
0.000238872
0.000241805
0.000232357
0.000204236
0.000170166
0.00014594
0.000134322
0.00012889
0.000129833
0.00013613
0.0001391
0.000149907
0.000147405
0.000148305
0.00014591
0.000142729
0.000135095
0.000127128
0.000122365
0.000118445
0.000101322
9.18471e-05
9.11508e-05
8.52956e-05
7.62143e-05
7.71719e-05
9.34655e-05
0.000101108
0.000115319
0.000112422
0.000123024
0.000119716
0.000138816
0.00014158
0.000196826
0.00029165
0.000641145
0.00058167
0.000523347
0.000483016
0.000460598
0.000435077
0.000410526
0.000392193
0.000371872
0.000352526
0.000348559
0.000349148
0.000352842
0.00035213
0.000344605
0.000325874
0.000310183
0.000296127
0.000286549
0.000274764
0.000251112
0.000203184
0.000139685
9.34143e-05
6.92277e-05
5.98341e-05
6.03356e-05
6.23866e-05
6.72833e-05
7.41314e-05
8.09127e-05
8.10291e-05
7.61288e-05
7.49415e-05
8.14952e-05
0.000112479
0.000174113
0.000196266
0.000198316
0.000195243
0.0001844
0.000173607
0.000167246
0.000159394
0.00013668
0.000108555
9.79596e-05
9.68201e-05
9.82727e-05
0.000118659
0.000214431
0.000278582
0.000270953
0.000198367
0.000146279
0.000136731
0.000137261
0.000134886
0.00013064
0.000134335
0.000152737
0.00015576
0.000160933
0.000191047
0.000225156
0.000234435
0.000230353
0.000213724
0.000189753
0.00015806
0.000145024
0.000143495
0.00014519
0.000142632
0.00013881
0.000136917
0.000132199
0.000132998
0.000132274
0.000131158
0.000127736
0.000123596
0.00011526
0.000110561
9.4525e-05
8.91161e-05
8.88175e-05
8.30272e-05
7.56043e-05
7.65562e-05
9.59337e-05
0.000102846
0.0001232
0.000118331
0.000142914
0.00013071
0.000162645
0.000151266
0.000191408
0.000260584
0.000568327
0.000524315
0.00048031
0.000440573
0.000418149
0.000409257
0.00039349
0.0003742
0.00035938
0.000336002
0.000314819
0.000306313
0.000306417
0.000310575
0.000313064
0.000309873
0.000300449
0.00028614
0.00026214
0.000234933
0.000175622
0.000123474
8.50496e-05
6.25544e-05
5.54251e-05
5.64559e-05
6.39849e-05
7.39368e-05
8.92284e-05
0.000103236
0.000103169
0.000100148
8.94313e-05
7.84116e-05
7.81937e-05
8.82887e-05
0.00012829
0.000173147
0.000181574
0.000180569
0.000177078
0.000170789
0.000164285
0.000151054
0.000122434
9.95089e-05
9.3899e-05
9.39087e-05
9.59165e-05
0.000116396
0.00021242
0.000281546
0.000278015
0.000206329
0.000147668
0.000138726
0.000138595
0.000134641
0.000128456
0.000131482
0.000152177
0.000159147
0.000159171
0.000173699
0.000209761
0.000224911
0.000224233
0.000214892
0.000196268
0.00018057
0.000161726
0.000160455
0.000160066
0.000152544
0.00014737
0.000134887
0.000121659
0.000116992
0.000115947
0.00011536
0.000112787
0.000110046
0.000103523
9.92634e-05
8.67819e-05
8.4607e-05
8.52622e-05
8.14097e-05
7.58996e-05
7.68721e-05
9.72339e-05
0.000104496
0.000126206
0.000126292
0.000158524
0.000147816
0.000197514
0.000176072
0.000194368
0.000238665
0.000459145
0.000436986
0.000397995
0.000360001
0.000335604
0.000327973
0.000327139
0.000323804
0.000315876
0.000300213
0.000278319
0.00025987
0.000247891
0.000244714
0.000245388
0.00024225
0.000232836
0.000217564
0.000181455
0.000140904
0.000101833
7.15878e-05
5.44632e-05
5.02967e-05
5.24342e-05
6.12261e-05
8.71907e-05
0.000105925
0.000131089
0.000140616
0.000138551
0.000130846
0.000112198
9.01969e-05
8.06542e-05
8.20777e-05
9.63862e-05
0.000141078
0.000158064
0.000160831
0.000161003
0.00015929
0.000153324
0.000136715
0.000108904
9.38301e-05
9.22356e-05
9.28498e-05
9.54041e-05
0.000115527
0.000207279
0.000286494
0.000288427
0.000215519
0.000148533
0.0001413
0.000141654
0.000135032
0.000126652
0.000129288
0.000149832
0.000163551
0.000159896
0.000164648
0.000191803
0.000213975
0.000215273
0.000211616
0.000196428
0.000188523
0.000171863
0.000164474
0.000162991
0.00015344
0.000149153
0.00013562
0.000119641
0.000107858
0.000104845
0.000104154
0.000101322
9.82429e-05
9.51911e-05
8.96875e-05
8.30423e-05
8.17169e-05
8.21444e-05
7.89871e-05
7.64867e-05
7.80896e-05
9.82798e-05
0.000105731
0.000122016
0.000129732
0.000156721
0.000153119
0.00021358
0.00018996
0.000196031
0.000219523
0.000320629
0.000311509
0.000288622
0.000247752
0.00022166
0.000217609
0.000221448
0.000228282
0.000230665
0.000229349
0.000218192
0.000197466
0.000173328
0.000159895
0.000157788
0.000152479
0.000140987
0.000124307
9.94745e-05
7.64207e-05
5.70742e-05
4.45089e-05
4.45176e-05
4.80352e-05
6.09297e-05
8.68395e-05
0.000130263
0.00015878
0.000183015
0.000184999
0.000180013
0.000164436
0.000141526
0.000111782
8.9148e-05
8.3961e-05
8.71227e-05
0.000111025
0.000129058
0.000138775
0.000144188
0.000143375
0.000137361
0.000117518
9.79699e-05
9.13378e-05
9.17244e-05
9.30906e-05
9.60376e-05
0.000115349
0.000199233
0.00029441
0.00029975
0.000223024
0.000149573
0.000142436
0.000144042
0.000136127
0.000124603
0.000126349
0.000143876
0.000164071
0.000161836
0.000161355
0.00017551
0.000203237
0.000206165
0.000203855
0.000193962
0.000186181
0.000173995
0.000160443
0.000155082
0.000145231
0.000142593
0.000134839
0.000120215
0.000106001
0.000101007
9.9378e-05
9.54109e-05
9.25227e-05
8.87874e-05
8.30201e-05
8.13272e-05
8.06206e-05
8.11911e-05
7.84996e-05
7.84123e-05
8.11868e-05
0.000103658
0.000109622
0.000128751
0.000132831
0.000186914
0.00016651
0.000341222
0.000244078
0.000232709
0.000224177
0.000177094
0.000172892
0.000158565
0.000132802
0.000116156
0.000114124
0.000118354
0.000131033
0.000137634
0.000137423
0.000130838
0.000115811
9.76582e-05
8.35719e-05
7.92656e-05
7.48078e-05
6.76568e-05
5.88434e-05
4.88985e-05
3.97804e-05
3.597e-05
3.75339e-05
4.3636e-05
6.05894e-05
9.29994e-05
0.00014055
0.00019062
0.000222508
0.000237964
0.000237414
0.000229367
0.000207061
0.000175086
0.000138114
0.000104638
8.91827e-05
8.84469e-05
9.58481e-05
0.000105717
0.000119062
0.000128313
0.000128138
0.000121294
0.000104282
9.33731e-05
9.17205e-05
9.5331e-05
9.69349e-05
9.89111e-05
0.000116063
0.000190871
0.000301475
0.000308642
0.000230636
0.000152104
0.000143267
0.00014424
0.00013726
0.000124127
0.000124741
0.000137436
0.00016253
0.000163171
0.000159196
0.000165511
0.000189591
0.000197895
0.000196286
0.000190263
0.000181108
0.000172492
0.00015757
0.000147121
0.000141893
0.000139608
0.000133137
0.000120906
0.00010696
0.000100485
9.63002e-05
9.11069e-05
8.87566e-05
8.38601e-05
8.03704e-05
8.08215e-05
8.05558e-05
8.18592e-05
8.05185e-05
8.292e-05
8.83107e-05
0.00011345
0.000116265
0.000144859
0.000144392
0.000193323
0.000186689
0.00029544
0.000278465
0.000358993
0.000260253
6.65404e-05
6.50715e-05
5.91711e-05
5.0344e-05
4.515e-05
4.48877e-05
4.83361e-05
5.82557e-05
6.33213e-05
6.35658e-05
6.04781e-05
5.15421e-05
4.26976e-05
3.49743e-05
3.1863e-05
3.05086e-05
2.80866e-05
2.64727e-05
2.69163e-05
2.82577e-05
3.2354e-05
4.37858e-05
6.46374e-05
9.80755e-05
0.0001535
0.000211444
0.000259919
0.00028002
0.000279037
0.000272766
0.000261233
0.000242677
0.000212494
0.000174392
0.000132877
0.000103035
9.21893e-05
9.38743e-05
9.78935e-05
0.00010821
0.000115646
0.000114703
0.000106857
9.72151e-05
9.36567e-05
9.61163e-05
0.000105155
0.000105098
0.000104763
0.000117912
0.000182943
0.000302156
0.00031659
0.000243558
0.000157443
0.000144628
0.000143838
0.000138539
0.000125468
0.000123136
0.000129794
0.000155148
0.000163414
0.000158688
0.000160419
0.000176564
0.00019021
0.000189533
0.000185706
0.000176448
0.000167469
0.000154132
0.000144283
0.000141613
0.000139379
0.000133248
0.000122371
0.000110542
0.000100772
9.33132e-05
8.62397e-05
8.37817e-05
8.0972e-05
8.04898e-05
8.2676e-05
8.36886e-05
8.61204e-05
8.59521e-05
9.23326e-05
9.85608e-05
0.000123821
0.000126722
0.000160959
0.000160425
0.000173803
0.000182319
0.000182311
0.0002498
0.000350258
0.000319651
1.53713e-05
1.5276e-05
1.4667e-05
1.39609e-05
1.36154e-05
1.36374e-05
1.46602e-05
1.75879e-05
1.88928e-05
1.90172e-05
1.78325e-05
1.67667e-05
1.64351e-05
1.64593e-05
1.66543e-05
1.7233e-05
1.85976e-05
2.12675e-05
2.59848e-05
3.43801e-05
4.91762e-05
7.49967e-05
0.000108846
0.000157136
0.000230436
0.000289622
0.000305335
0.000301607
0.000292207
0.00027811
0.0002651
0.000255497
0.000237611
0.000196554
0.000152741
0.000121003
0.00010051
9.74538e-05
9.93582e-05
0.000104466
0.000105709
0.000104295
9.93338e-05
9.70818e-05
9.87435e-05
0.000108771
0.000117048
0.000115084
0.000112692
0.000121799
0.000176019
0.000297933
0.0003271
0.000261822
0.000164995
0.000146763
0.000145513
0.000142586
0.00013096
0.000122714
0.000126967
0.00014813
0.000161988
0.000158529
0.000157933
0.000165444
0.000180075
0.000179584
0.000176165
0.000168303
0.00016123
0.000151935
0.000144472
0.000142522
0.000140124
0.000134533
0.000124699
0.000113202
0.000101987
9.27382e-05
8.46718e-05
8.18706e-05
8.06998e-05
8.17617e-05
8.70786e-05
8.91271e-05
9.00056e-05
9.16149e-05
0.000104121
0.000111879
0.000138754
0.000142056
0.000172008
0.000172821
0.000185606
0.000178754
0.000177726
0.000227903
0.000229153
0.000339357
6.2286e-06
6.4749e-06
7.25013e-06
7.87147e-06
8.10212e-06
8.67646e-06
8.71943e-06
8.64455e-06
8.76813e-06
9.16852e-06
1.02716e-05
1.26894e-05
1.79479e-05
2.22482e-05
2.59867e-05
2.90197e-05
3.33425e-05
3.92939e-05
5.01785e-05
6.55287e-05
8.87795e-05
0.000126966
0.000170352
0.000238958
0.000308153
0.000323883
0.000318541
0.000304867
0.000286734
0.000270781
0.000260968
0.00025511
0.00024519
0.000213982
0.000177211
0.000141517
0.00011261
0.000106025
0.000105074
0.000102212
0.000100881
0.000100059
0.000100275
0.00010284
0.000113668
0.000128621
0.000130922
0.000125451
0.000119839
0.000125914
0.00016865
0.000287503
0.000340067
0.000283342
0.000174957
0.000150775
0.000154232
0.000147767
0.000141891
0.000125451
0.000127399
0.000135354
0.000154673
0.000157377
0.000157571
0.000160047
0.000171829
0.000172103
0.000170185
0.000165554
0.000159292
0.000151917
0.000148649
0.00014623
0.000142473
0.000137189
0.000128219
0.000115985
0.000103582
9.34188e-05
8.47128e-05
8.17611e-05
8.13615e-05
8.55948e-05
9.05288e-05
9.21529e-05
9.40558e-05
9.93495e-05
0.000123006
0.00013234
0.00015619
0.000156435
0.000180006
0.00018131
0.000200354
0.000183389
0.000164227
0.000204515
0.00022461
0.000349746
9.54219e-06
9.8953e-06
1.129e-05
1.51007e-05
1.65722e-05
1.96209e-05
1.96776e-05
1.94711e-05
2.03033e-05
2.25387e-05
2.57951e-05
3.34914e-05
4.44156e-05
4.97231e-05
5.61174e-05
6.11441e-05
6.65297e-05
7.59112e-05
9.36932e-05
0.000112887
0.000144422
0.000190022
0.00025078
0.000317655
0.000338341
0.000333828
0.000315676
0.000285015
0.000263042
0.0002492
0.000247768
0.000248655
0.00024612
0.000233686
0.000198441
0.000159877
0.000132361
0.000120451
0.000109917
0.000102886
0.000102002
0.000103556
0.000108566
0.000119082
0.000141556
0.000149149
0.000147899
0.000134892
0.000125835
0.000129373
0.000161808
0.000270453
0.000353606
0.000308159
0.000189164
0.000154913
0.000159814
0.000152258
0.000149086
0.000129451
0.000131205
0.000133971
0.000146934
0.000154542
0.00015684
0.000159798
0.0001713
0.000172192
0.000170792
0.000167143
0.000160599
0.000157452
0.000158545
0.000157479
0.000152396
0.000144046
0.000131491
0.000117464
0.000106235
9.55481e-05
8.6543e-05
8.37103e-05
8.34229e-05
8.81499e-05
9.10312e-05
9.55575e-05
0.000104355
0.000123806
0.000156747
0.000159768
0.000169056
0.000164857
0.000184743
0.000186209
0.000221279
0.000191408
0.000172416
0.000189417
0.000215429
0.000328606
3.40636e-05
3.432e-05
3.70074e-05
4.5302e-05
4.78515e-05
5.32619e-05
5.45405e-05
5.45652e-05
5.69952e-05
6.18145e-05
6.64961e-05
7.98539e-05
9.25726e-05
9.70989e-05
0.000104865
0.000109941
0.000116473
0.000131239
0.000150061
0.000172303
0.000211208
0.000272929
0.000323504
0.000346925
0.00034562
0.000326475
0.000281098
0.000263515
0.000253675
0.000243874
0.000239778
0.000241445
0.000243599
0.000239196
0.000212706
0.000179248
0.000149702
0.000130942
0.000115451
0.000108738
0.000110195
0.000117523
0.000127551
0.000150512
0.000168214
0.000167706
0.000160955
0.000141724
0.000132331
0.000133701
0.000156258
0.000248123
0.000359415
0.000335831
0.000211748
0.000159893
0.000160389
0.000149265
0.000159651
0.000136329
0.000142717
0.000135138
0.000142294
0.00014798
0.000156056
0.000161125
0.000174056
0.00017833
0.000177797
0.000175209
0.000172807
0.000173561
0.000172594
0.000164415
0.000156232
0.000146648
0.000130965
0.000117365
0.000110188
9.94423e-05
9.05041e-05
8.77964e-05
8.73173e-05
8.9245e-05
9.34074e-05
0.00010829
0.00013697
0.000179134
0.000186931
0.000183859
0.000185131
0.000173089
0.000197106
0.000190611
0.00025619
0.000207513
0.000203073
0.000190235
0.000205209
0.000266111
0.000103606
0.000103233
0.000105748
0.000114837
0.000117056
0.000122029
0.000123269
0.000123124
0.000126566
0.000131727
0.000137299
0.000152935
0.000160408
0.000163044
0.000168686
0.000173313
0.00018082
0.000195992
0.000213656
0.000244249
0.000296328
0.000330629
0.00034946
0.00035233
0.000335738
0.000283772
0.000263441
0.000257831
0.000252661
0.000247244
0.000239867
0.000235885
0.000236891
0.000236669
0.000225206
0.000192164
0.00016285
0.000141443
0.000127472
0.00012615
0.000131959
0.000140514
0.000158004
0.000183262
0.000183024
0.000175537
0.000161063
0.00014618
0.000138559
0.000138232
0.000151234
0.000222786
0.000356689
0.000366318
0.000246651
0.000171117
0.000160398
0.000161806
0.000192395
0.000140442
0.000159918
0.000136521
0.000142092
0.000147432
0.00015477
0.000162242
0.000175058
0.000184434
0.000186566
0.000185665
0.000184028
0.000182239
0.000174592
0.000162982
0.000156837
0.000143765
0.00012538
0.000117114
0.000114009
0.000105136
9.68995e-05
9.23067e-05
9.13149e-05
9.35188e-05
0.000105595
0.000153842
0.000198259
0.000218705
0.000216235
0.000203869
0.000194025
0.000185738
0.000223709
0.000202346
0.000284556
0.000226081
0.000223908
0.000195847
0.000197182
0.000218932
0.000221101
0.000217868
0.000218606
0.000220417
0.000218233
0.000217828
0.000215758
0.000213633
0.000215647
0.000219628
0.000224047
0.000233145
0.000234402
0.000234696
0.000236605
0.000240495
0.000246058
0.000256843
0.000282268
0.000318631
0.000339034
0.000350453
0.000353724
0.000339855
0.000285463
0.000260532
0.000256194
0.00025547
0.000252617
0.000250658
0.000245039
0.000238234
0.000236959
0.000237217
0.000229069
0.000201944
0.000175789
0.000159745
0.000153886
0.000155005
0.000160177
0.000168922
0.000192858
0.000196541
0.000187161
0.000168342
0.000157318
0.000148518
0.000141188
0.000138675
0.000145034
0.00019856
0.000341392
0.00039965
0.00029344
0.000189024
0.000169362
0.000184313
0.000190776
0.000156967
0.0002131
0.000140944
0.000146867
0.000148974
0.000154615
0.000163022
0.000174297
0.000183225
0.000187766
0.000186548
0.000184003
0.000177374
0.000161666
0.000155314
0.000146636
0.000131645
0.00011989
0.00011778
0.000116512
0.000112816
0.000104009
9.83497e-05
9.95296e-05
0.000110775
0.00014884
0.000224968
0.000234211
0.000236542
0.000226796
0.000204817
0.000192741
0.000193776
0.000247695
0.000230883
0.000358696
0.000262036
0.000261121
0.00021396
0.00019543
0.00020111
0.000363146
0.000348769
0.000340233
0.000334888
0.000320957
0.000314646
0.000304436
0.000297682
0.00029859
0.000298721
0.000298836
0.00029972
0.000298151
0.000291784
0.000291584
0.000292757
0.000297385
0.000313774
0.000338964
0.000348677
0.000352763
0.000352885
0.000339358
0.000283638
0.000251875
0.0002504
0.000250249
0.000250361
0.000251436
0.000251897
0.000249774
0.000244526
0.000241328
0.00024165
0.000235199
0.000219883
0.000201324
0.000191796
0.00018268
0.000183036
0.000186788
0.000197864
0.00020732
0.000199063
0.000157195
0.000147199
0.000149721
0.000146777
0.000142799
0.000137755
0.00013941
0.00017575
0.00031252
0.000412496
0.000352211
0.000216405
0.000178341
0.000187605
0.000206444
0.000216799
0.00022479
0.000146369
0.000179804
0.000155847
0.000159234
0.000165359
0.000176864
0.000184074
0.000186339
0.000184268
0.000178017
0.000165378
0.00015692
0.000146877
0.000132028
0.000121971
0.000120665
0.000123178
0.000123236
0.000122398
0.000115332
0.000115199
0.000126415
0.0001632
0.000235725
0.000253789
0.000246037
0.000240172
0.00021144
0.000197687
0.000187892
0.00019711
0.000252812
0.000298082
0.000464243
0.000323977
0.000309367
0.000249015
0.000204956
0.000199144
0.0004892
0.000460562
0.000439227
0.000418412
0.000396746
0.00038361
0.000368465
0.000359702
0.000357627
0.000352051
0.000347765
0.000343163
0.000332065
0.000328484
0.000329402
0.000332561
0.000342104
0.000354767
0.000357026
0.000356284
0.000351026
0.000331499
0.00027275
0.000234022
0.00023645
0.000246475
0.000247968
0.000246445
0.000248236
0.000251498
0.000252193
0.000251089
0.000250349
0.000248847
0.000244232
0.000232793
0.000219917
0.000208791
0.000203819
0.000206443
0.000213175
0.000214497
0.000206608
0.000164462
0.000137952
0.000135919
0.000138951
0.000144669
0.000148593
0.000143944
0.000142254
0.00016201
0.000272115
0.000411523
0.000419942
0.00026492
0.000190534
0.000188317
0.000223802
0.000245848
0.000191669
0.000157552
0.000191665
0.00017865
0.000175281
0.000173406
0.000186231
0.00018933
0.000188849
0.00018601
0.000176874
0.000166261
0.000153251
0.000135427
0.000127154
0.000128481
0.000137894
0.000145016
0.0001465
0.000148348
0.000148432
0.000159329
0.000197669
0.000256608
0.000267832
0.000257995
0.000220683
0.000189223
0.000173403
0.000176712
0.00018202
0.000209898
0.000263917
0.000443084
0.000503056
0.000399372
0.000346867
0.000294345
0.000249252
0.00021636
0.000583934
0.000537558
0.000498471
0.000464952
0.000439772
0.000421074
0.000404616
0.000396366
0.000388432
0.000378906
0.000373332
0.000365897
0.000359604
0.000358997
0.000360773
0.00036263
0.000363579
0.000362971
0.000357503
0.00034209
0.000306827
0.000249682
0.000209162
0.000207783
0.000230534
0.000246585
0.000249385
0.000245929
0.000244349
0.000246313
0.000250097
0.000252573
0.00025481
0.000256432
0.000255933
0.000246815
0.000239887
0.000232229
0.000228944
0.000224375
0.000216825
0.000193377
0.000152229
0.000143929
0.000143581
0.000138321
0.000133889
0.000150786
0.000179946
0.000175877
0.000161012
0.000168528
0.00023298
0.000392292
0.000460451
0.000350435
0.000225583
0.000198222
0.000225145
0.000243323
0.000237788
0.00017246
0.000183176
0.000201819
0.000192792
0.000190026
0.000201098
0.00020223
0.000201064
0.000196052
0.000182601
0.000164016
0.000152588
0.000153319
0.000159009
0.000179433
0.000198485
0.000205286
0.000210435
0.000214343
0.000223171
0.000262907
0.000286785
0.000288366
0.000263798
0.000193224
0.000159334
0.000140325
0.000145104
0.000150967
0.000167259
0.000196237
0.000243442
0.000382178
0.00050326
0.000417476
0.00034403
0.000289087
0.000300583
0.000275824
0.00063833
0.000567094
0.000516589
0.000479415
0.000453994
0.000435462
0.000422293
0.000413204
0.000403615
0.000396249
0.000390714
0.000383171
0.000378191
0.00037629
0.000373195
0.000368054
0.000358331
0.000340744
0.000309772
0.000264917
0.000213535
0.000176585
0.000171961
0.000195284
0.00023934
0.000273427
0.000282552
0.000269106
0.000255349
0.000248008
0.000245994
0.000249515
0.00025383
0.000256784
0.000258381
0.000251856
0.000244617
0.000235847
0.000226796
0.000201272
0.000166108
0.000143369
0.000140952
0.000162447
0.000157416
0.000140206
0.000148
0.000188679
0.000261632
0.000261623
0.000234231
0.000215433
0.000234559
0.000348267
0.000467418
0.000455638
0.00032391
0.00025218
0.000237528
0.000269269
0.000282669
0.000198544
0.000185182
0.000218248
0.000222237
0.00022994
0.000228003
0.000227106
0.000219435
0.000206092
0.00021013
0.000221929
0.000240698
0.000268922
0.000293105
0.000311678
0.000320124
0.000320101
0.000322436
0.000328787
0.000338537
0.000333225
0.00031503
0.000260446
0.000192401
0.000153501
0.000129819
0.000123106
0.000130609
0.000149647
0.000155805
0.000182193
0.000190559
0.000385734
0.000556272
0.000470885
0.000370731
0.000309638
0.000307517
0.000293267
0.000638012
0.000555761
0.000506185
0.000474791
0.000455641
0.000441995
0.000431272
0.000421409
0.000411155
0.000402543
0.000393705
0.00038449
0.000376041
0.00036569
0.000350089
0.000328505
0.000299846
0.000258486
0.000209272
0.000164771
0.000140003
0.000138597
0.000156273
0.000198659
0.000252246
0.00030624
0.000349872
0.000372117
0.00036123
0.000327755
0.000283346
0.000254376
0.000244932
0.000246428
0.00024756
0.000244069
0.00023332
0.000216668
0.000205026
0.000191819
0.000188646
0.000198498
0.000223763
0.000226357
0.000210535
0.000204831
0.000232354
0.00031888
0.000359883
0.000362967
0.000352072
0.000335264
0.000329209
0.000346199
0.000442681
0.000488675
0.000482985
0.00041207
0.000374518
0.000385779
0.000420363
0.000261574
0.000246519
0.000277906
0.00025352
0.000284053
0.000283167
0.000298213
0.000329108
0.000393365
0.000449304
0.000487751
0.000511636
0.000513021
0.000502438
0.000488434
0.000469986
0.00044413
0.000420584
0.000401004
0.000377434
0.000317445
0.000256786
0.000205358
0.000181534
0.000168841
0.000151645
0.000160598
0.000162476
0.000197701
0.000213942
0.00025188
0.000310769
0.000366647
0.000573044
0.00060188
0.000497153
0.000389763
0.000382029
0.000404212
0.000515551
0.000464231
0.000438136
0.000422016
0.000410149
0.000397398
0.000382781
0.000366909
0.000350313
0.000334865
0.000320488
0.000306279
0.000291429
0.000273811
0.000250442
0.000222147
0.00019254
0.000164198
0.000143281
0.000135771
0.000138839
0.000152102
0.000172012
0.000188452
0.000203444
0.000243732
0.000340456
0.000452886
0.000544952
0.000586965
0.000591513
0.0005332
0.000433479
0.000330748
0.000257791
0.000209338
0.000188005
0.000198817
0.000235484
0.00027069
0.000287828
0.000309269
0.000310032
0.000276044
0.000267816
0.000315672
0.000371129
0.000368998
0.000341967
0.000352681
0.000407615
0.000482625
0.000540417
0.000549155
0.000470711
0.000409481
0.0005085
0.000589008
0.000612458
0.000654962
0.000746536
0.000547127
0.000524595
0.000294189
0.000289171
0.000373829
0.000494782
0.000673442
0.000783
0.000825061
0.000819938
0.000795934
0.000737276
0.000682266
0.000619987
0.000567374
0.000515845
0.00047278
0.000420099
0.000367547
0.000319381
0.000281608
0.000246362
0.000242384
0.000226985
0.000230049
0.00021842
0.000294501
0.00027469
0.000466392
0.0004268
0.000724213
0.000549738
0.000905611
0.000678545
0.000573639
0.000734343
0.000749303
0.000820597
0.000948624
5.88621e-05
5.27732e-05
0.000100696
0.000193615
0.0002066
0.000168077
0.000141384
0.000151914
0.000180236
0.000249681
0.000272588
0.000233405
0.000148464
0.000159651
0.000183876
0.000221642
0.000371482
0.000539788
0.000611024
0.000622615
0.000589516
0.000551713
0.000518138
0.000435813
0.000322653
0.000271892
0.000218231
0.000188097
0.000193436
0.000235621
0.000291972
0.000376031
0.000439943
0.000445865
0.000384265
0.000404821
0.000551973
0.000613555
0.000620642
0.000574331
0.000409903
0.000307528
0.000225023
0.000196115
0.000208614
0.00023669
0.000261234
0.000291557
0.000342771
0.000423963
0.000540817
0.000666158
0.000761899
0.000816954
0.000814422
0.000700088
0.000519205
0.000378653
0.0003047
0.000260524
0.000215946
0.000167173
0.000134627
0.000124368
0.000124564
0.000135416
0.000186357
0.000210194
0.000187575
0.000159178
0.000166106
0.000179705
0.000171529
0.000184083
0.0002612
0.000383235
0.000499026
0.000552839
0.000576403
0.000606941
0.000579244
0.000459046
0.000426972
0.000322716
0.000266502
0.000232759
0.000199533
0.000181668
0.000169899
0.000162438
0.000154572
0.000150774
0.00015887
0.000170929
0.000174179
0.000162304
0.000134466
0.000112343
8.72105e-05
5.27731e-05
6.53945e-05
6.37365e-05
0.000120129
0.0001153
0.000135031
0.000131087
0.000109256
9.76448e-05
9.9665e-05
0.00010953
0.00014487
0.000181333
0.000164052
0.000200797
0.000265829
0.000367111
0.000453021
0.000479936
0.000409933
0.000358006
0.000326837
0.000310464
0.000306613
0.000291018
0.000266536
0.000254588
0.000258586
0.000247373
0.000217562
0.00019929
0.000195868
0.000205487
0.000225211
0.000291244
0.000470092
0.000500767
0.000476976
0.000373119
0.000299444
0.000232578
0.000188778
0.00018778
0.000185928
0.000161702
0.000163808
0.000175973
0.000185614
0.000213944
0.000245332
0.000270066
0.000297182
0.000333509
0.000381761
0.000464074
0.000621154
0.000675644
0.000653039
0.000485811
0.000285623
0.000169574
0.000127002
0.000102416
8.94036e-05
8.97532e-05
9.55053e-05
0.000105603
0.000117262
0.000145088
0.000151938
0.000139474
0.000143269
0.000184985
0.000269957
0.000315266
0.000359896
0.000387218
0.000391463
0.000327889
0.000301869
0.000310661
0.000197335
0.000179362
0.000170423
0.000152841
0.000149205
0.000144998
0.000144943
0.000145682
0.000155177
0.000171272
0.000203718
0.000237851
0.000246323
0.00021718
0.000179908
0.000152184
0.000133812
0.000123082
0.000108295
7.33257e-05
7.10304e-05
8.16551e-05
0.000108088
9.89665e-05
9.9552e-05
0.00010227
9.88382e-05
9.58946e-05
9.79884e-05
9.45042e-05
9.92878e-05
0.000125632
0.00015879
0.00022159
0.000296256
0.000369454
0.000393102
0.000295141
0.000243668
0.000229394
0.000235293
0.000242767
0.000256824
0.000268393
0.000284599
0.000290497
0.000293711
0.000291504
0.000262952
0.000207506
0.000177112
0.000168445
0.000193115
0.000361057
0.00048834
0.000428851
0.000273947
0.000190695
0.000156305
0.00014614
0.000145075
0.000166787
0.000179149
0.000145715
0.000126455
0.000130551
0.000160479
0.000207573
0.00023429
0.000250655
0.000253277
0.00025238
0.000248836
0.000252045
0.000281745
0.000412219
0.00057129
0.000564537
0.000445162
0.000251845
0.000147168
0.00010214
8.79644e-05
8.81854e-05
9.38349e-05
9.7537e-05
0.000118868
0.000120735
0.000119705
0.000125055
0.000162004
0.000228425
0.000270831
0.000290816
0.000298584
0.000279169
0.00021585
0.000186185
0.000176886
0.000186975
0.000157865
0.000152217
0.000162334
0.000142386
0.000147272
0.000140328
0.000138107
0.000132757
0.000128482
0.000129437
0.000139316
0.000171366
0.000226817
0.000240803
0.000229135
0.000178674
0.000130301
0.000108025
9.90903e-05
7.93185e-05
7.39674e-05
0.000108463
0.000106636
9.61174e-05
8.98939e-05
9.49526e-05
9.49271e-05
9.95399e-05
0.000108135
0.000105611
9.98924e-05
0.000111512
0.000161274
0.000241161
0.000303425
0.000337375
0.000268877
0.000202283
0.000185138
0.00018473
0.000192635
0.000196058
0.000198951
0.000210333
0.000220406
0.000246555
0.000258641
0.000281335
0.00027661
0.000233594
0.000197868
0.000194845
0.000248003
0.000415874
0.000461867
0.000286934
0.00017539
0.000140637
0.000130415
0.000127323
0.000128395
0.000145882
0.000164384
0.0001569
0.000121293
0.000125465
0.000174331
0.00020856
0.000220135
0.000241522
0.000244143
0.00023694
0.000238528
0.000229286
0.000227642
0.000248579
0.000359158
0.000512247
0.000502636
0.000383622
0.000209438
0.000120139
9.34003e-05
8.98889e-05
8.95296e-05
9.03433e-05
9.80587e-05
0.000108662
0.000109778
0.000125782
0.000179165
0.000226262
0.000240049
0.000225428
0.000220299
0.000196487
0.00016056
0.000151929
0.000151801
0.000153388
0.000143793
0.000136266
0.000145895
0.00012645
0.000125444
0.000128715
0.00012968
0.000131466
0.0001271
0.000119279
0.000120321
0.000122183
0.00014419
0.000195428
0.000217148
0.000206848
0.000164792
0.000115286
9.47103e-05
7.88952e-05
7.79784e-05
0.000114609
0.00010748
9.03208e-05
8.52183e-05
9.59673e-05
9.79239e-05
0.000114287
0.000123329
0.00011974
0.000106709
0.000113445
0.000173761
0.000259003
0.000291435
0.00027599
0.000202969
0.000182578
0.000191897
0.000201096
0.00020099
0.000204966
0.000193674
0.000192002
0.000191149
0.000194071
0.000205588
0.000234806
0.000257296
0.000251589
0.000214599
0.000220415
0.000302476
0.0004208
0.000372572
0.000196242
0.000134506
0.000125431
0.000124739
0.000122295
0.000122432
0.000130269
0.000150424
0.000168212
0.000129631
0.000129626
0.000176677
0.00020058
0.000202063
0.000208564
0.000233418
0.000219707
0.000208798
0.000219781
0.000218989
0.000222722
0.00024953
0.000379746
0.000473979
0.000448652
0.00029934
0.000158896
0.000107027
9.43894e-05
8.9522e-05
9.03895e-05
9.40736e-05
0.000101761
0.000103462
0.00012944
0.000181693
0.000205318
0.000190722
0.00017772
0.000171808
0.000164464
0.000148226
0.000143907
0.000144266
0.000136552
0.000123756
0.000121841
0.000131071
0.000102597
9.43812e-05
9.60704e-05
0.000105053
0.000115281
0.000122073
0.000117727
0.000114962
0.00011525
0.000113008
0.000127357
0.000167982
0.000188457
0.000182338
0.000144845
9.57176e-05
7.9429e-05
8.56958e-05
0.000114522
0.000105011
8.59699e-05
8.44211e-05
9.95161e-05
0.000105151
0.000140098
0.000140522
0.000134792
0.000118708
0.000120325
0.000201789
0.000258238
0.000267553
0.000215798
0.000180803
0.000180116
0.000196264
0.000203995
0.000205215
0.000209876
0.000195563
0.000180002
0.000180773
0.000179438
0.000188543
0.000213951
0.000241981
0.000259404
0.00023611
0.000247226
0.000331839
0.000409818
0.000277581
0.000152866
0.000122754
0.00011755
0.000119004
0.000121076
0.000122309
0.000126992
0.000144233
0.000169854
0.000150423
0.000135071
0.000168971
0.000190981
0.000200093
0.000199602
0.000220175
0.000222688
0.000189495
0.000186583
0.000198667
0.000206808
0.000219529
0.000266008
0.000409529
0.000437163
0.000377275
0.000214988
0.000130562
0.000103488
9.30705e-05
9.39636e-05
9.64853e-05
9.92529e-05
0.000101059
0.000129956
0.000176886
0.000179472
0.000155446
0.000147095
0.000142501
0.000138081
0.000132293
0.000131765
0.000128243
0.000119255
0.000115948
0.00012031
0.000130246
9.96961e-05
8.74734e-05
8.53637e-05
9.64956e-05
0.000112077
0.00011554
0.000117118
0.000108206
0.000109712
0.000109276
0.000108172
0.000118277
0.000152493
0.000175486
0.000167773
0.000104483
7.3285e-05
9.37506e-05
0.000113641
0.000102258
8.25097e-05
8.35138e-05
0.00010577
0.000122093
0.000158327
0.000150174
0.000143565
0.000130154
0.000126703
0.000222277
0.000252709
0.000231955
0.00018669
0.000172972
0.000178309
0.000181292
0.000177441
0.000181773
0.000179438
0.000193853
0.000172513
0.000172138
0.000168152
0.000176241
0.000200538
0.000238608
0.000252623
0.000269559
0.000272797
0.000341808
0.000373181
0.000219016
0.000137253
0.000123523
0.000118058
0.000118805
0.0001229
0.000124086
0.000126379
0.000138205
0.000169778
0.000180163
0.000151459
0.00015963
0.000185014
0.000200881
0.000199423
0.000200094
0.000226259
0.000199171
0.000169135
0.000174082
0.000188016
0.00020066
0.000222781
0.000321866
0.000415902
0.000400702
0.000279952
0.000160538
0.000118517
0.000101875
9.83887e-05
0.000101535
9.92325e-05
0.00010193
0.00012942
0.000162296
0.000166821
0.000144052
0.000139478
0.00013972
0.000129227
0.000125291
0.000115849
0.000113069
0.000111478
0.000111007
0.000122153
0.000127924
0.000110057
9.11651e-05
8.56265e-05
9.51032e-05
0.000106978
0.000123159
0.00011845
0.00011398
0.00010448
0.000106609
0.000103171
0.000103345
0.000117233
0.000158169
0.000170671
0.000142139
8.20105e-05
0.00010121
0.000115647
0.000100116
8.09534e-05
8.48762e-05
0.00012206
0.000148349
0.000163495
0.000151928
0.000145514
0.000135364
0.00014062
0.000224291
0.000240319
0.000200995
0.000174512
0.000170965
0.000172647
0.000166047
0.000158396
0.000164244
0.000156511
0.00016093
0.000168643
0.000171219
0.000165477
0.00017438
0.000186758
0.000233705
0.00024989
0.000293113
0.00029784
0.000344042
0.000335775
0.000189323
0.000125
0.000123237
0.00012206
0.000120304
0.000124532
0.000125083
0.000127008
0.00013184
0.000164806
0.00019196
0.00017339
0.000161043
0.000181048
0.000200777
0.000203977
0.000198642
0.000218574
0.000213661
0.000171355
0.00016283
0.000171621
0.000185425
0.000200658
0.000247701
0.000372342
0.000391285
0.000330203
0.000196914
0.000136205
0.000116593
0.000105612
0.000105986
0.000104486
0.000106272
0.000129203
0.000153366
0.000148707
0.000131646
0.000137533
0.000154507
0.00013492
0.000134035
0.000109008
0.000109186
0.000112543
0.000114238
0.000122827
0.000127645
0.000133518
0.000107915
9.86838e-05
9.85766e-05
0.000105118
0.000121971
0.000124915
0.000120455
0.000106994
0.000102786
0.000102581
0.000100348
0.000104949
0.000135756
0.000161113
0.000153513
9.92703e-05
0.000106867
0.000119106
9.86562e-05
8.17014e-05
9.40093e-05
0.000139286
0.000156612
0.000161431
0.000150136
0.000143745
0.000137491
0.000159811
0.000221027
0.000223171
0.000184139
0.000169604
0.000167603
0.000163395
0.00015779
0.000151629
0.000152484
0.000151139
0.000145686
0.000145148
0.000153183
0.000159413
0.000175169
0.000184845
0.000213073
0.000251096
0.000294765
0.000323155
0.000341798
0.000298611
0.000164184
0.00011565
0.000114768
0.000120382
0.000118385
0.000119402
0.000124006
0.000128571
0.000130209
0.000150314
0.000187775
0.000184007
0.000163867
0.000177172
0.000200429
0.000209322
0.000202022
0.000203139
0.000216244
0.000186394
0.00015854
0.000160691
0.000173471
0.000186164
0.000211668
0.000313613
0.000376379
0.000355657
0.000238191
0.000154255
0.000128517
0.000116353
0.000113932
0.000107846
0.00011033
0.000124881
0.000153914
0.000135756
0.000124368
0.000123488
0.000161496
0.000145949
0.00015217
0.000110099
0.000107281
0.000116867
0.000120505
0.000120434
0.000129888
0.000144454
0.000135839
0.000127502
0.00011378
0.000105491
0.000121145
0.000124462
0.000122092
0.000110305
0.000100207
0.000101424
0.000100486
0.000100953
0.000115345
0.000152603
0.000153847
0.000111991
0.000112246
0.000121785
9.85195e-05
8.84475e-05
0.000104744
0.000143871
0.000152891
0.000150771
0.000143635
0.000141818
0.000139983
0.000168469
0.000211378
0.000209163
0.00017751
0.000166569
0.000163704
0.00016203
0.000159514
0.000159796
0.000153747
0.000149579
0.000144842
0.000138174
0.000135495
0.000142121
0.000172682
0.000189825
0.00020584
0.000247886
0.000284718
0.000341372
0.000342555
0.000266855
0.000149927
0.000115439
0.000110124
0.000112378
0.000115785
0.000117181
0.000119435
0.000128196
0.000130431
0.000141459
0.000167274
0.000184709
0.000168926
0.000173102
0.00019899
0.00021114
0.000210432
0.000202354
0.000211776
0.000191732
0.000157007
0.000154026
0.000163724
0.00017572
0.000192154
0.000256759
0.000354259
0.00035281
0.000279954
0.000179845
0.000141191
0.000124889
0.000122056
0.00011196
0.000114093
0.000120739
0.000153183
0.000135039
0.000129852
0.000117102
0.000150377
0.000145287
0.000156268
0.000117586
0.000108112
0.000119062
0.000121532
0.000121771
0.000126298
0.000146054
0.000146787
0.000140245
0.000135592
0.000112257
0.000109212
0.000116415
0.000117048
0.000111497
9.80999e-05
9.74403e-05
0.000100266
0.000100892
0.000108177
0.000142448
0.000159596
0.000114723
0.000116306
0.000125077
0.000101024
9.32096e-05
0.000111884
0.000140637
0.000146049
0.000146952
0.000141612
0.000141479
0.000143816
0.000169535
0.000201507
0.00019366
0.000174005
0.000164308
0.000157113
0.000162888
0.000166865
0.000171369
0.000167466
0.000150171
0.000145605
0.000140845
0.00013574
0.000140473
0.000173738
0.000205248
0.000207634
0.000236253
0.000267127
0.000343887
0.000345807
0.000264402
0.000150992
0.000119247
0.000111516
0.000111958
0.00011635
0.000118656
0.000117507
0.00012344
0.000132705
0.000137096
0.000156254
0.000186831
0.000176063
0.000172188
0.000195071
0.000211402
0.000218411
0.000208209
0.000202915
0.000190706
0.000155073
0.000149188
0.000155297
0.000167187
0.000179724
0.000216464
0.000320037
0.000346331
0.000309294
0.000205916
0.00015479
0.000133597
0.000129457
0.000118318
0.000125888
0.000124603
0.000145655
0.000134597
0.000130271
0.000124443
0.000129805
0.00013342
0.000148146
0.000135611
0.000115502
0.000122084
0.000122275
0.00012646
0.0001227
0.000136623
0.000145768
0.000142627
0.00013742
0.000119017
9.75906e-05
0.000107921
0.000113463
0.000112172
9.94082e-05
9.48552e-05
9.93322e-05
0.000101713
0.000107413
0.000138288
0.000159308
0.000130969
0.000119525
0.000129041
0.000104535
9.64476e-05
0.000112696
0.000135323
0.000142827
0.000148681
0.000145035
0.000145113
0.00014989
0.000168303
0.000193675
0.000186582
0.000168306
0.000159857
0.000154517
0.000162387
0.000172057
0.000171358
0.000169145
0.000154135
0.000143463
0.000146619
0.0001491
0.000156877
0.000177288
0.000216838
0.000217928
0.000227091
0.000257514
0.000326102
0.000341702
0.000270515
0.000159244
0.000131225
0.000120561
0.000116447
0.000119694
0.000120369
0.000117492
0.000118925
0.000133081
0.000135559
0.000151759
0.000183178
0.000180554
0.000171849
0.000189034
0.000210907
0.000221403
0.000217781
0.000201224
0.000184733
0.000152153
0.000144284
0.000147805
0.000159324
0.000170301
0.000192712
0.000280152
0.00033235
0.000319266
0.000236182
0.000172187
0.000141209
0.000135186
0.000123594
0.000129657
0.000124504
0.000130646
0.000130823
0.000123159
0.000124496
0.000127103
0.000122614
0.000126139
0.000135337
0.000130649
0.000133183
0.000131226
0.000128735
0.00012066
0.000119754
0.000132537
0.000140791
0.000131261
0.000114511
9.47702e-05
9.93538e-05
0.000112923
0.000114749
0.000105592
9.45286e-05
9.72158e-05
0.000105536
0.000109144
0.000129984
0.000162472
0.000138746
0.000121758
0.000134118
0.000111863
9.73892e-05
0.000110103
0.000129421
0.000148026
0.000164553
0.000161783
0.00015575
0.000156743
0.000168783
0.000179834
0.000180273
0.000160434
0.000152496
0.000154387
0.000163024
0.000173801
0.000173315
0.000165224
0.000154461
0.000146099
0.000150552
0.000162122
0.000189591
0.000199191
0.000220382
0.000225699
0.000224719
0.000250118
0.000302395
0.00032847
0.000280368
0.000179525
0.00014295
0.000131352
0.000127084
0.000127434
0.000126341
0.000120552
0.000118459
0.00013101
0.000135201
0.000146225
0.000164545
0.000173603
0.000168435
0.000180479
0.000210231
0.000222014
0.000222476
0.00020334
0.000180929
0.000150074
0.000141205
0.000142916
0.000152531
0.000162577
0.000178267
0.000241129
0.000315603
0.000315629
0.000263685
0.000191523
0.000150678
0.000139422
0.00012791
0.000130262
0.000119847
0.000127081
0.000123937
0.000122072
0.000115693
0.000132656
0.000124116
0.000123959
0.000135436
0.000139033
0.000150588
0.000139547
0.000128493
0.000120114
0.0001166
0.000117868
0.000131095
0.000126449
0.000107019
9.27162e-05
9.31597e-05
0.000105758
0.000114346
0.000110986
9.57016e-05
9.45613e-05
0.000103888
0.000110513
0.000129209
0.000162444
0.000158901
0.000123517
0.000139164
0.000124796
9.96044e-05
0.000102612
0.000117655
0.000142817
0.000178642
0.00019074
0.000175047
0.000167679
0.000171385
0.000175043
0.000172687
0.000155132
0.00015104
0.000153906
0.000161674
0.000174167
0.000178138
0.00016997
0.000153501
0.00015709
0.000171767
0.000185671
0.000218578
0.000225656
0.000226446
0.000229975
0.000222257
0.000239531
0.000285312
0.000323588
0.000296921
0.000203008
0.000155908
0.000140639
0.000136218
0.000134335
0.000128813
0.00012305
0.00011881
0.000126571
0.00013566
0.00014201
0.00014813
0.000160433
0.000160313
0.000169706
0.000207072
0.000222423
0.000225055
0.000209365
0.000178499
0.000148637
0.000138848
0.000139847
0.000146735
0.000156063
0.000168292
0.000206809
0.000294068
0.000309969
0.000282115
0.000210694
0.000164411
0.00014388
0.00012972
0.000141953
0.000121323
0.000133839
0.000126568
0.000134943
0.000118497
0.000128101
0.000142237
0.000136345
0.000145825
0.000141736
0.000148106
0.000131802
0.000117832
0.000117754
0.000117071
0.000115936
0.000120727
0.000119042
0.000106315
9.16049e-05
8.98144e-05
9.7473e-05
0.000104394
0.000108494
9.98335e-05
9.46682e-05
0.000100205
0.000110052
0.000126965
0.00016638
0.000171615
0.000121379
0.000146924
0.000146852
0.000113866
0.000105589
9.91606e-05
0.000125835
0.000174137
0.000207927
0.000214137
0.00018239
0.00017671
0.000178047
0.00017248
0.000155259
0.000153711
0.000154979
0.000158686
0.000175015
0.000182065
0.000175853
0.000159388
0.000163772
0.000198025
0.00022528
0.000238569
0.000240262
0.000234865
0.000231216
0.00021431
0.000221709
0.000263163
0.000320996
0.00031492
0.000248295
0.000181496
0.000153957
0.000146305
0.000141355
0.000129486
0.000122804
0.000120143
0.000124592
0.000138096
0.000140846
0.000143247
0.000150834
0.000153002
0.000159666
0.000200714
0.000224039
0.000229355
0.000217101
0.000177654
0.000147232
0.000137161
0.000137867
0.000142469
0.000150742
0.000160994
0.000185731
0.000265507
0.000299717
0.000287741
0.000233658
0.000178263
0.000151128
0.000130353
0.000148923
0.000129045
0.000158026
0.000145026
0.000150289
0.000139277
0.000131969
0.000148337
0.000144828
0.000149468
0.000141851
0.000136154
0.000117134
0.000113505
0.000116945
0.000119167
0.00011692
0.000117236
0.000116262
0.000107067
9.12192e-05
8.74074e-05
9.60839e-05
9.90149e-05
0.000103396
0.000101558
9.65156e-05
0.000100693
0.000110318
0.00012698
0.000164971
0.00018627
0.000115593
0.000151578
0.000163358
0.000139018
0.00010508
9.17132e-05
0.000103804
0.000136709
0.000204142
0.000236576
0.000228714
0.000191188
0.000187648
0.000176698
0.000158798
0.000159501
0.000156228
0.000159743
0.000182784
0.000184844
0.000175546
0.000169188
0.000174678
0.000209276
0.000241077
0.000244151
0.000244064
0.000237364
0.000221964
0.000194616
0.000194229
0.000226496
0.000306259
0.000315062
0.000286024
0.000212258
0.000172599
0.000157267
0.000149953
0.000135659
0.000125669
0.000124027
0.000125706
0.000139864
0.000141127
0.000140985
0.000144541
0.000147153
0.000151229
0.000190337
0.000226314
0.000235389
0.000224454
0.000178379
0.000145926
0.000135857
0.000137198
0.000139383
0.000145419
0.000154719
0.000171717
0.000235339
0.000286504
0.000285058
0.000251575
0.000193034
0.000165654
0.000133355
0.000148548
0.000132316
0.000153103
0.000149293
0.000155754
0.000156991
0.000143612
0.000149123
0.0001437
0.000144939
0.000136099
0.000125331
0.000113983
0.000114157
0.000119221
0.00012003
0.000117313
0.000116133
0.000114714
0.000105041
9.04153e-05
8.6149e-05
9.54993e-05
9.93801e-05
9.94591e-05
9.86349e-05
9.70038e-05
0.00010125
0.000113295
0.000127545
0.000164559
0.000212845
0.000107624
0.000145486
0.000177674
0.000175994
0.000108833
9.98892e-05
9.9096e-05
0.000119862
0.000154844
0.000222133
0.000267078
0.00022872
0.000210294
0.000186962
0.000165966
0.000162105
0.000158681
0.000171998
0.000194388
0.000188203
0.000174297
0.000175655
0.000189963
0.000221596
0.000244146
0.000244334
0.000240107
0.000226203
0.000192211
0.000162204
0.000157265
0.000180915
0.000260183
0.000304204
0.000293335
0.000245566
0.000196413
0.000170923
0.000160203
0.000145941
0.000131337
0.000128896
0.000129906
0.000141653
0.000143274
0.00013865
0.000138357
0.000139915
0.000142993
0.000176647
0.000229015
0.00024111
0.000230338
0.000179474
0.000144726
0.000134513
0.000136714
0.000138285
0.000141376
0.000150255
0.000162757
0.000207134
0.000271325
0.000279718
0.000264781
0.000212492
0.000181567
0.000139636
0.000138375
0.000135023
0.000134136
0.000142893
0.00016116
0.00015728
0.000144942
0.000145048
0.000136149
0.000133908
0.000127326
0.000124416
0.000116976
0.000115054
0.000118533
0.000119501
0.000116005
0.000112956
0.000111242
0.000101434
8.70661e-05
8.45943e-05
9.43312e-05
0.000102479
0.000101426
9.79203e-05
9.59086e-05
9.98333e-05
0.000115874
0.000130558
0.000161735
0.000236043
9.74825e-05
0.000106059
0.000183157
0.000215118
0.000164661
0.000129351
0.00013491
0.000143915
0.000135158
0.000162826
0.000238967
0.000266442
0.000257916
0.000211975
0.00018049
0.0001712
0.000174115
0.000203352
0.000204995
0.000183719
0.000177957
0.00018752
0.000224961
0.000239391
0.00024078
0.000236507
0.000220147
0.000183326
0.000135455
0.000114751
0.000112074
0.000128062
0.000186998
0.000272535
0.000282216
0.000266623
0.00022063
0.000187722
0.000172954
0.000158906
0.000139963
0.000135284
0.000136231
0.000144929
0.000146453
0.000137868
0.000131971
0.000132203
0.00013428
0.000160263
0.000229154
0.000246189
0.00023572
0.000181076
0.000143949
0.000133636
0.000136416
0.000137452
0.000138868
0.000146205
0.000156098
0.000184483
0.000251365
0.000271285
0.000265677
0.000227461
0.000197872
0.000152736
0.000129472
0.000136074
0.0001263
0.000132053
0.000143775
0.000150129
0.000145924
0.000141367
0.000130286
0.000128409
0.000124905
0.000124246
0.000119833
0.000114877
0.000117495
0.000119592
0.000116137
0.000110475
0.000106981
9.52292e-05
8.23796e-05
8.09471e-05
9.26686e-05
0.000104343
0.000104439
0.000100423
9.65183e-05
9.816e-05
0.000115006
0.000132397
0.000166564
0.00026685
0.000110241
0.000112299
0.000148414
0.000232676
0.000275771
0.00020743
0.000217815
0.000227392
0.000197588
0.000183657
0.000181946
0.000230695
0.000264449
0.000252306
0.000224826
0.000214626
0.000221007
0.000222819
0.000198432
0.000177055
0.000183371
0.000219543
0.000243229
0.000243938
0.000236101
0.000216003
0.000165937
0.000125269
9.58485e-05
8.73578e-05
8.74925e-05
9.38525e-05
0.0001265
0.0002056
0.000257847
0.000258421
0.000240409
0.000205548
0.000187087
0.000172741
0.000151027
0.000143588
0.000144438
0.000149716
0.000149782
0.000136311
0.000123867
0.000123374
0.000125409
0.000147826
0.000224873
0.000249971
0.000241804
0.000185138
0.000143964
0.000133443
0.00013618
0.000136813
0.000137051
0.000143214
0.000152056
0.000170139
0.000226648
0.000261766
0.000263293
0.000244058
0.000206913
0.000172762
0.000133946
0.000132957
0.000122971
0.000130384
0.000129962
0.000148086
0.000148427
0.000141807
0.000132941
0.000131277
0.000127074
0.000125276
0.000119358
0.000115683
0.000118115
0.000119944
0.000114264
0.00010721
0.000103375
9.07054e-05
7.95948e-05
7.88094e-05
8.95299e-05
0.000104308
0.000104411
0.000101611
9.84445e-05
9.93055e-05
0.00011199
0.000136182
0.000171237
0.000283093
0.000239272
0.000243245
0.000243301
0.000274905
0.000317635
0.000319074
0.000313346
0.000324061
0.000319398
0.000302275
0.000247434
0.000224388
0.000231097
0.000246169
0.000243157
0.000237331
0.000232398
0.00020937
0.000182795
0.000185106
0.000215585
0.000246193
0.000247277
0.000239706
0.000211282
0.000155381
0.000113813
8.87475e-05
7.42709e-05
7.20751e-05
7.43386e-05
7.74542e-05
9.2695e-05
0.000132784
0.000215001
0.000243941
0.000239072
0.000218721
0.00020184
0.000186573
0.000163016
0.000153324
0.000153651
0.00015487
0.000151982
0.000131849
0.000116547
0.000114571
0.000116587
0.000138151
0.000219935
0.000255426
0.000249142
0.000189956
0.000144215
0.000133672
0.000136054
0.000135912
0.000135383
0.000140541
0.000148838
0.00016055
0.000204326
0.000247052
0.000257604
0.000248235
0.000216739
0.000186266
0.000148513
0.000135298
0.000121967
0.000126041
0.000127715
0.000149368
0.000157777
0.000152403
0.000147053
0.000144521
0.000136171
0.000130348
0.000123959
0.000120008
0.000121273
0.000121317
0.000113163
0.00010146
9.8692e-05
8.81649e-05
7.80725e-05
7.78448e-05
8.75679e-05
0.000102839
0.000103032
0.000101602
0.000101585
0.000102828
0.000114991
0.000135738
0.000184666
0.000317824
0.00247236
0.00148562
0.000825468
0.000576528
0.000816123
0.000866914
0.000969675
0.00101747
0.00102569
0.00103653
0.00188291
0.00133556
0.00106402
0.000875913
0.000949137
0.00100614
0.00104792
0.00108476
0.00109909
0.00112628
0.0013704
0.0012498
0.00101365
0.00104277
0.000994694
0.000982999
0.000970484
0.000978688
0.000988143
0.00101912
0.00104702
0.00128138
0.00106768
0.00113685
0.00104572
0.000970264
0.000903019
0.000878054
0.00086796
0.00088407
0.000750927
0.00132471
0.00114208
0.00118974
0.00106617
0.000942679
0.000848906
0.000799473
0.000762544
0.000761762
0.000572766
0.0012787
0.00115871
0.0011831
0.00102281
0.000854935
0.000760041
0.000713721
0.000676041
0.000662492
0.000493768
0.00116541
0.00109609
0.00109793
0.000904213
0.000706514
0.000616431
0.000588485
0.000576924
0.000576922
0.000499604
0.00102146
0.000969651
0.000939877
0.000729969
0.000549787
0.000463395
0.000448744
0.000451829
0.00047964
0.000528858
0.000884351
0.000820362
0.000735532
0.000562497
0.000444202
0.00036701
0.000346284
0.000347392
0.000379611
0.000600577
0.000761649
0.000685377
0.00057128
0.000467913
0.000391447
0.000327665
0.000294937
0.000287281
0.000301265
0.000750482
0.000719369
0.000621831
0.00050964
0.000435114
0.000373393
0.000319847
0.00027906
0.000260868
0.000262636
0.000937483
0.000758658
0.000635992
0.000524853
0.000439731
0.000371784
0.000323332
0.000280728
0.000265499
0.00026866
0.000896
0.000780088
0.000682478
0.000563096
0.000464809
0.000385746
0.000338296
0.000313785
0.000317585
0.000363979
0.000690357
0.000744462
0.000701015
0.000582756
0.000509281
0.000446563
0.000430128
0.000435341
0.000469704
0.000589748
0.000479757
0.00071449
0.000674916
0.000619053
0.00064394
0.000651362
0.000673372
0.000710562
0.000791301
0.000890912
0.000447135
0.000668624
0.00066049
0.000758418
0.000954999
0.00100305
0.0010485
0.00107069
0.00112202
0.00113317
0.000516303
0.000585002
0.000793412
0.00119694
0.00137101
0.00138027
0.00137435
0.00135208
0.00134616
0.00130313
0.000643857
0.00082944
0.00138978
0.00171759
0.00171047
0.00164801
0.0015881
0.00152486
0.00148973
0.00140085
0.0011271
0.00156725
0.00203804
0.00201521
0.00186089
0.00174338
0.00167346
0.00159947
0.00154648
0.00144112
0.0017878
0.00199904
0.00212429
0.0018206
0.00154557
0.00146307
0.00142865
0.00138086
0.0013371
0.00124771
)
;

boundaryField
{
    inlet
    {
        type            zeroGradient;
    }
    outlet
    {
        type            zeroGradient;
    }
    walls
    {
        type            zeroGradient;
    }
    frontAndBack
    {
        type            empty;
    }
}


// ************************************************************************* //
