/*--------------------------------*- C++ -*----------------------------------*\
| =========                 |                                                 |
| \\      /  F ield         | OpenFOAM: The Open Source CFD Toolbox           |
|  \\    /   O peration     | Version:  2.4.0                                 |
|   \\  /    A nd           | Web:      www.OpenFOAM.org                      |
|    \\/     M anipulation  |                                                 |
\*---------------------------------------------------------------------------*/
FoamFile
{
    version     2.0;
    format      ascii;
    class       volVectorField;
    location    "0.11";
    object      UMean;
}
// * * * * * * * * * * * * * * * * * * * * * * * * * * * * * * * * * * * * * //

dimensions      [0 1 -1 0 0 0 0];

internalField   nonuniform List<vector> 
4400
(
(5.44618 0.31243 0)
(3.44313 0.061627 0)
(2.71936 0.00158483 0)
(2.38846 -0.00230574 0)
(2.24829 -0.00149307 0)
(2.18875 -0.000749714 0)
(2.14453 -0.000184585 0)
(2.14002 -0.00042487 0)
(2.13019 0.000158603 0)
(2.01292 -0.0461309 0)
(8.66748 0.839838 0)
(7.65475 0.337262 0)
(6.76015 0.112365 0)
(6.0887 0.0506152 0)
(5.71543 0.02263 0)
(5.53344 0.0125055 0)
(5.39465 0.00681647 0)
(5.37591 0.00284976 0)
(5.26048 0.0103241 0)
(5.41068 -0.131757 0)
(9.82558 0.913594 0)
(10.053 0.463528 0)
(9.55752 0.204209 0)
(8.877 0.119945 0)
(8.40207 0.065176 0)
(8.13649 0.0377056 0)
(7.93752 0.0200519 0)
(7.88075 0.0145128 0)
(7.74578 -0.000581431 0)
(7.85633 -0.128318 0)
(10.036 0.784162 0)
(11.1327 0.480578 0)
(11.2563 0.252965 0)
(10.8617 0.182243 0)
(10.4703 0.114299 0)
(10.1944 0.071791 0)
(10.0038 0.0394687 0)
(9.88809 0.0286131 0)
(9.82289 0.000332507 0)
(9.74935 -0.12693 0)
(9.96149 0.628941 0)
(11.3304 0.420407 0)
(11.9221 0.233953 0)
(11.9211 0.200151 0)
(11.8038 0.146689 0)
(11.6168 0.099054 0)
(11.5458 0.0634428 0)
(11.3875 0.0374035 0)
(11.4148 0.0149593 0)
(11.2695 -0.146056 0)
(9.93006 0.500427 0)
(11.2496 0.347168 0)
(11.9816 0.178927 0)
(12.1905 0.170857 0)
(12.3335 0.140075 0)
(12.3331 0.104959 0)
(12.4157 0.069423 0)
(12.3609 0.0475432 0)
(12.4279 0.00918111 0)
(12.3523 -0.120177 0)
(9.92915 0.386099 0)
(11.1824 0.277216 0)
(11.918 0.130971 0)
(12.1747 0.127583 0)
(12.3765 0.111758 0)
(12.5016 0.0843334 0)
(12.6673 0.0599665 0)
(12.758 0.0374261 0)
(12.8717 -0.00123162 0)
(12.9085 -0.0775371 0)
(9.92687 0.26924 0)
(11.1448 0.207605 0)
(11.8627 0.0855725 0)
(12.1453 0.0944825 0)
(12.3301 0.0743314 0)
(12.4862 0.0655966 0)
(12.6589 0.0319389 0)
(12.8038 0.02914 0)
(12.9377 -0.0305407 0)
(13.0215 -0.0788442 0)
(9.9215 0.163437 0)
(11.1228 0.122846 0)
(11.8278 0.0520373 0)
(12.129 0.0534352 0)
(12.2968 0.0471926 0)
(12.4656 0.0347967 0)
(12.6269 0.0185166 0)
(12.7828 0.00160897 0)
(12.907 -0.0402584 0)
(12.9847 -0.126477 0)
(9.92426 0.0523638 0)
(11.1061 0.0437208 0)
(11.8164 0.0132222 0)
(12.1142 0.0213897 0)
(12.2874 0.00996913 0)
(12.4506 0.0143817 0)
(12.6158 -0.00683677 0)
(12.7627 -0.0123952 0)
(12.889 -0.0643932 0)
(12.946 -0.14736 0)
(9.92451 -0.0530702 0)
(11.1068 -0.0415697 0)
(11.8161 -0.0183078 0)
(12.1148 -0.0178422 0)
(12.2873 -0.0199842 0)
(12.4512 -0.01454 0)
(12.6145 -0.0243417 0)
(12.7615 -0.0341385 0)
(12.8804 -0.0830364 0)
(12.931 -0.164593 0)
(9.92992 -0.163124 0)
(11.1187 -0.122225 0)
(11.8334 -0.0550599 0)
(12.1231 -0.0524217 0)
(12.3019 -0.0543555 0)
(12.4608 -0.0385432 0)
(12.6271 -0.0453775 0)
(12.768 -0.0531824 0)
(12.8856 -0.101256 0)
(12.9275 -0.180292 0)
(9.94797 -0.271819 0)
(11.1335 -0.203895 0)
(11.8753 -0.0913933 0)
(12.1329 -0.0895859 0)
(12.3385 -0.0865042 0)
(12.4739 -0.0637564 0)
(12.6584 -0.0654924 0)
(12.7761 -0.071472 0)
(12.8982 -0.118181 0)
(12.9117 -0.197258 0)
(9.9626 -0.386482 0)
(11.1564 -0.276749 0)
(11.9404 -0.133129 0)
(12.1488 -0.126161 0)
(12.3956 -0.119773 0)
(12.4719 -0.0876264 0)
(12.6756 -0.0856902 0)
(12.7043 -0.0875395 0)
(12.815 -0.131462 0)
(12.7075 -0.206953 0)
(9.9547 -0.503329 0)
(11.2243 -0.344281 0)
(11.9996 -0.182504 0)
(12.1673 -0.167295 0)
(12.3487 -0.149873 0)
(12.3034 -0.105587 0)
(12.4142 -0.0969929 0)
(12.2888 -0.0917832 0)
(12.3211 -0.12986 0)
(12.046 -0.196955 0)
(9.9778 -0.630337 0)
(11.3087 -0.418442 0)
(11.9383 -0.23655 0)
(11.8988 -0.197658 0)
(11.819 -0.155143 0)
(11.5798 -0.10022 0)
(11.5394 -0.0865995 0)
(11.2878 -0.0767653 0)
(11.2537 -0.114328 0)
(10.8596 -0.156655 0)
(10.0436 -0.785406 0)
(11.117 -0.47935 0)
(11.2701 -0.254968 0)
(10.8385 -0.180352 0)
(10.4914 -0.121429 0)
(10.1382 -0.0715811 0)
(10.0181 -0.0608046 0)
(9.72693 -0.0537881 0)
(9.67226 -0.0889188 0)
(9.20554 -0.104174 0)
(9.82785 -0.914028 0)
(10.044 -0.462804 0)
(9.56634 -0.205354 0)
(8.85979 -0.119077 0)
(8.41729 -0.0694118 0)
(8.08145 -0.0385379 0)
(7.9517 -0.0338536 0)
(7.69076 -0.0320479 0)
(7.63326 -0.058127 0)
(7.14097 -0.0579404 0)
(8.66803 -0.840041 0)
(7.65038 -0.337033 0)
(6.76416 -0.112877 0)
(6.07832 -0.0503607 0)
(5.7221 -0.0245555 0)
(5.49213 -0.0132756 0)
(5.39546 -0.0130078 0)
(5.21082 -0.0144571 0)
(5.15006 -0.02756 0)
(4.72676 -0.0244239 0)
(5.44594 -0.312451 0)
(3.44201 -0.0615793 0)
(2.71985 -0.00166949 0)
(2.38473 0.00236988 0)
(2.24843 0.00130469 0)
(2.17047 0.000499876 0)
(2.13336 -0.000273941 0)
(2.05966 -0.00121907 0)
(2.01162 -0.00264969 0)
(1.80637 0.00992609 0)
(3.1136 -0.331657 0)
(3.63597 -0.17759 0)
(4.18467 -0.217919 0)
(4.73092 -0.294045 0)
(5.16308 -0.403951 0)
(5.54002 -0.588494 0)
(5.87459 -0.640988 0)
(6.10359 -0.7515 0)
(6.56707 -0.869954 0)
(6.72795 -0.877395 0)
(7.12497 -0.959388 0)
(7.34931 -0.967915 0)
(7.72294 -1.09077 0)
(8.09248 -1.22932 0)
(8.40622 -1.32005 0)
(8.75331 -1.49453 0)
(9.13892 -1.75537 0)
(9.39867 -1.96499 0)
(9.60763 -2.15885 0)
(9.77076 -2.31016 0)
(9.86649 -2.42328 0)
(9.9313 -2.47964 0)
(9.98277 -2.51456 0)
(10.0886 -2.53177 0)
(10.158 -2.53828 0)
(10.1479 -2.46977 0)
(10.0003 -2.35845 0)
(9.82617 -2.18377 0)
(9.52897 -1.98256 0)
(9.3094 -1.74905 0)
(9.01304 -1.53166 0)
(8.8531 -1.31077 0)
(8.5896 -1.113 0)
(8.48893 -0.893343 0)
(8.2388 -0.703226 0)
(8.17363 -0.459315 0)
(7.93937 -0.285324 0)
(7.90927 -0.0457111 0)
(7.69571 0.0778679 0)
(7.68975 0.282668 0)
(7.47315 0.351828 0)
(7.50004 0.500775 0)
(7.24331 0.514321 0)
(7.31026 0.613248 0)
(7.09377 0.495057 0)
(7.15177 0.595098 0)
(6.98459 0.439177 0)
(6.96357 0.555232 0)
(6.86641 0.304536 0)
(6.84627 0.438082 0)
(6.73581 0.107273 0)
(6.74951 0.344982 0)
(6.5978 -0.0492932 0)
(6.62403 0.312135 0)
(6.49935 -0.132502 0)
(6.49491 0.379 0)
(6.49527 -0.14347 0)
(6.31855 0.501094 0)
(6.52269 -0.102397 0)
(6.18485 0.600715 0)
(6.48691 -0.0639579 0)
(6.06092 0.630275 0)
(6.40904 -0.0722346 0)
(5.92513 0.673025 0)
(6.36703 -0.106739 0)
(5.87669 0.659485 0)
(6.3877 -0.135377 0)
(5.81819 0.730435 0)
(6.34959 -0.072138 0)
(5.70343 0.842031 0)
(6.27541 -0.0256535 0)
(5.59865 0.901093 0)
(6.21111 -0.033441 0)
(5.53085 0.890172 0)
(6.15398 -0.0887477 0)
(5.49463 0.815289 0)
(6.10802 -0.178958 0)
(5.50034 0.712798 0)
(6.08125 -0.23136 0)
(5.53943 0.648492 0)
(6.06287 -0.21272 0)
(5.58531 0.612353 0)
(6.03506 -0.148867 0)
(5.61724 0.590953 0)
(5.97521 -0.0267569 0)
(5.62177 0.627069 0)
(5.88406 0.17572 0)
(5.59393 0.749436 0)
(5.79335 0.454256 0)
(5.56897 0.972824 0)
(5.74755 0.80603 0)
(5.60886 1.34962 0)
(5.75963 1.26059 0)
(5.65603 1.97825 0)
(5.75655 1.86389 0)
(5.46915 2.9027 0)
(6.10395 2.7919 0)
(5.44957 4.67407 0)
(6.4652 5.10558 0)
(3.76542 9.30988 0)
(5.55856 -0.355888 0)
(5.76968 -0.298163 0)
(6.02255 -0.353567 0)
(6.27758 -0.460748 0)
(6.5851 -0.566994 0)
(6.84578 -0.716604 0)
(7.14236 -0.787173 0)
(7.31579 -0.874589 0)
(7.648 -0.989366 0)
(7.76305 -1.00966 0)
(8.0268 -1.08672 0)
(8.22898 -1.10931 0)
(8.55577 -1.22309 0)
(8.91392 -1.36892 0)
(9.19772 -1.47712 0)
(9.51027 -1.64174 0)
(9.82256 -1.87166 0)
(10.0183 -2.0585 0)
(10.1643 -2.22766 0)
(10.2623 -2.35944 0)
(10.3089 -2.44482 0)
(10.356 -2.49458 0)
(10.3981 -2.53101 0)
(10.4472 -2.54341 0)
(10.4011 -2.51998 0)
(10.2595 -2.41517 0)
(10.0199 -2.27266 0)
(9.76922 -2.07812 0)
(9.44309 -1.87006 0)
(9.20058 -1.64204 0)
(8.89673 -1.43571 0)
(8.71291 -1.2233 0)
(8.43815 -1.02789 0)
(8.30925 -0.815883 0)
(8.04027 -0.627609 0)
(7.96919 -0.394849 0)
(7.73334 -0.231223 0)
(7.72961 -0.00095026 0)
(7.52255 0.115712 0)
(7.53988 0.328858 0)
(7.33518 0.385991 0)
(7.36132 0.551816 0)
(7.12255 0.549843 0)
(7.18988 0.647685 0)
(7.00383 0.51767 0)
(7.02884 0.631587 0)
(6.90744 0.472357 0)
(6.84936 0.586719 0)
(6.80425 0.319094 0)
(6.7793 0.472498 0)
(6.69463 0.121383 0)
(6.65815 0.386879 0)
(6.58837 -0.029737 0)
(6.54377 0.368219 0)
(6.44591 -0.129575 0)
(6.44476 0.425522 0)
(6.39397 -0.149863 0)
(6.29343 0.542743 0)
(6.43098 -0.123657 0)
(6.13497 0.660672 0)
(6.44803 -0.0945131 0)
(5.99179 0.719713 0)
(6.39041 -0.11087 0)
(5.87442 0.753754 0)
(6.3727 -0.177099 0)
(5.83982 0.735878 0)
(6.4008 -0.204039 0)
(5.75582 0.832054 0)
(6.37095 -0.138909 0)
(5.63986 0.954887 0)
(6.32506 -0.106838 0)
(5.54261 1.02206 0)
(6.30029 -0.136156 0)
(5.48076 1.02106 0)
(6.29043 -0.213738 0)
(5.44596 0.956298 0)
(6.29976 -0.329169 0)
(5.45918 0.861898 0)
(6.33502 -0.404501 0)
(5.51882 0.805685 0)
(6.37837 -0.400225 0)
(5.61115 0.782538 0)
(6.39461 -0.342102 0)
(5.71935 0.778443 0)
(6.34528 -0.220084 0)
(5.80332 0.834013 0)
(6.21042 -0.014327 0)
(5.81479 0.975499 0)
(6.00877 0.257121 0)
(5.75417 1.20667 0)
(5.83323 0.578423 0)
(5.71471 1.57571 0)
(5.89045 1.01021 0)
(5.7852 2.21463 0)
(6.199 1.73681 0)
(5.63317 3.29159 0)
(6.11692 2.62845 0)
(4.94051 4.90655 0)
(8.33082 4.36368 0)
(6.0137 9.76293 0)
(7.89608 -0.34669 0)
(7.92022 -0.359293 0)
(8.07731 -0.424792 0)
(8.20901 -0.532584 0)
(8.38681 -0.644931 0)
(8.52144 -0.771353 0)
(8.69527 -0.859797 0)
(8.78206 -0.939007 0)
(8.95968 -1.04856 0)
(9.02547 -1.0814 0)
(9.17551 -1.15589 0)
(9.33732 -1.21033 0)
(9.57222 -1.33029 0)
(9.86483 -1.48121 0)
(10.0829 -1.59392 0)
(10.2953 -1.74457 0)
(10.4937 -1.94327 0)
(10.606 -2.10934 0)
(10.689 -2.25648 0)
(10.7062 -2.36568 0)
(10.7064 -2.44062 0)
(10.7141 -2.49905 0)
(10.6949 -2.53357 0)
(10.6336 -2.52499 0)
(10.4583 -2.46156 0)
(10.2164 -2.32694 0)
(9.91356 -2.16183 0)
(9.61096 -1.95425 0)
(9.26811 -1.74458 0)
(9.00313 -1.52679 0)
(8.6854 -1.32617 0)
(8.48054 -1.12097 0)
(8.1866 -0.932413 0)
(8.04413 -0.734418 0)
(7.7668 -0.548546 0)
(7.70638 -0.336593 0)
(7.47621 -0.177643 0)
(7.49864 0.0419632 0)
(7.28774 0.154921 0)
(7.33407 0.369901 0)
(7.13161 0.415702 0)
(7.16362 0.59658 0)
(6.95396 0.578865 0)
(7.02595 0.67767 0)
(6.85541 0.542249 0)
(6.87373 0.6621 0)
(6.75269 0.502966 0)
(6.72504 0.608925 0)
(6.66313 0.327781 0)
(6.69403 0.498029 0)
(6.58496 0.148407 0)
(6.54356 0.412107 0)
(6.49375 -0.0202761 0)
(6.43215 0.402338 0)
(6.38399 -0.132138 0)
(6.33684 0.462241 0)
(6.30386 -0.156913 0)
(6.24216 0.577024 0)
(6.29365 -0.134343 0)
(6.10284 0.697862 0)
(6.33962 -0.109476 0)
(5.95122 0.777368 0)
(6.33032 -0.139006 0)
(5.86446 0.808825 0)
(6.3424 -0.226987 0)
(5.83147 0.791129 0)
(6.36016 -0.2515 0)
(5.74522 0.90455 0)
(6.33222 -0.18904 0)
(5.6378 1.03508 0)
(6.31163 -0.169948 0)
(5.55865 1.10965 0)
(6.31538 -0.215479 0)
(5.50438 1.11694 0)
(6.34102 -0.314267 0)
(5.47331 1.06187 0)
(6.39775 -0.457032 0)
(5.48177 0.975637 0)
(6.50058 -0.56247 0)
(5.53661 0.927642 0)
(6.63709 -0.586639 0)
(5.64537 0.914428 0)
(6.77629 -0.550894 0)
(5.80892 0.931055 0)
(6.88351 -0.433963 0)
(5.98377 1.01139 0)
(6.9241 -0.204251 0)
(6.08815 1.17808 0)
(6.84468 0.111315 0)
(6.02922 1.41574 0)
(6.61437 0.450133 0)
(5.79965 1.7417 0)
(6.42583 0.794594 0)
(5.68182 2.25656 0)
(6.92832 1.31156 0)
(5.97207 3.37243 0)
(8.26666 2.44005 0)
(5.19216 5.29095 0)
(9.06908 3.68103 0)
(6.94581 9.82922 0)
(9.8557 -0.373855 0)
(9.79701 -0.423982 0)
(9.87767 -0.488157 0)
(9.96351 -0.579861 0)
(10.0675 -0.682563 0)
(10.1318 -0.794755 0)
(10.2005 -0.893891 0)
(10.2237 -0.972032 0)
(10.2805 -1.06899 0)
(10.3128 -1.11828 0)
(10.3955 -1.19382 0)
(10.5108 -1.27046 0)
(10.6406 -1.39097 0)
(10.8036 -1.54872 0)
(10.9188 -1.66974 0)
(11.0134 -1.80417 0)
(11.0922 -1.97149 0)
(11.1173 -2.12036 0)
(11.1156 -2.24918 0)
(11.05 -2.34393 0)
(11.0014 -2.42326 0)
(10.9483 -2.48546 0)
(10.8376 -2.50119 0)
(10.656 -2.45672 0)
(10.3775 -2.35557 0)
(10.062 -2.19878 0)
(9.70866 -2.02077 0)
(9.36089 -1.81022 0)
(9.00357 -1.60919 0)
(8.70886 -1.40017 0)
(8.37964 -1.20998 0)
(8.14909 -1.01352 0)
(7.85188 -0.835562 0)
(7.69535 -0.647534 0)
(7.43405 -0.472164 0)
(7.38324 -0.283435 0)
(7.17655 -0.132101 0)
(7.21017 0.0754085 0)
(7.00306 0.184598 0)
(7.07125 0.403203 0)
(6.87735 0.440408 0)
(6.91407 0.638955 0)
(6.74878 0.599827 0)
(6.80792 0.707994 0)
(6.66982 0.56438 0)
(6.66849 0.697722 0)
(6.56198 0.516965 0)
(6.5803 0.637799 0)
(6.48982 0.325929 0)
(6.54567 0.522158 0)
(6.44629 0.163028 0)
(6.42437 0.456036 0)
(6.36501 -0.00169898 0)
(6.28363 0.449443 0)
(6.29922 -0.123966 0)
(6.15942 0.519105 0)
(6.22302 -0.177784 0)
(6.08085 0.631602 0)
(6.18573 -0.165334 0)
(5.99962 0.742489 0)
(6.21249 -0.141226 0)
(5.88822 0.829731 0)
(6.26678 -0.182619 0)
(5.82246 0.867225 0)
(6.32232 -0.284908 0)
(5.76655 0.87036 0)
(6.32852 -0.315039 0)
(5.68053 1.00251 0)
(6.31566 -0.258898 0)
(5.57465 1.13763 0)
(6.31323 -0.257607 0)
(5.49893 1.21468 0)
(6.3409 -0.321675 0)
(5.44274 1.23422 0)
(6.39428 -0.441194 0)
(5.40353 1.19284 0)
(6.48611 -0.606234 0)
(5.38631 1.12012 0)
(6.6303 -0.738465 0)
(5.40495 1.08662 0)
(6.8228 -0.796269 0)
(5.47694 1.09136 0)
(7.05275 -0.800828 0)
(5.62181 1.12186 0)
(7.31544 -0.726482 0)
(5.84569 1.21322 0)
(7.59538 -0.521914 0)
(6.12586 1.40789 0)
(7.81461 -0.179681 0)
(6.35416 1.72196 0)
(7.81199 0.247681 0)
(6.28963 2.14559 0)
(7.41296 0.663279 0)
(5.6997 2.72787 0)
(7.04807 0.921685 0)
(5.06345 3.54767 0)
(8.82917 1.74565 0)
(5.79922 5.31902 0)
(11.1498 2.50121 0)
(8.44349 9.14343 0)
(11.3633 -0.331604 0)
(11.3274 -0.390569 0)
(11.3338 -0.485603 0)
(11.3573 -0.588543 0)
(11.4006 -0.694197 0)
(11.4173 -0.799514 0)
(11.4216 -0.90042 0)
(11.4005 -0.978033 0)
(11.3952 -1.06739 0)
(11.4001 -1.13708 0)
(11.4327 -1.21903 0)
(11.477 -1.30575 0)
(11.5132 -1.41588 0)
(11.5554 -1.56177 0)
(11.5686 -1.69125 0)
(11.5608 -1.81892 0)
(11.5318 -1.9651 0)
(11.4747 -2.10559 0)
(11.3901 -2.22485 0)
(11.2765 -2.31779 0)
(11.1869 -2.39608 0)
(11.0528 -2.44223 0)
(10.8362 -2.42316 0)
(10.547 -2.34515 0)
(10.1812 -2.21584 0)
(9.80738 -2.04922 0)
(9.40897 -1.86603 0)
(9.03216 -1.66121 0)
(8.65789 -1.46637 0)
(8.33724 -1.26744 0)
(7.99537 -1.08729 0)
(7.74928 -0.902518 0)
(7.45028 -0.738174 0)
(7.29216 -0.566255 0)
(7.04117 -0.403237 0)
(7.00696 -0.239161 0)
(6.8207 -0.0902911 0)
(6.86157 0.101997 0)
(6.66698 0.216128 0)
(6.75324 0.427983 0)
(6.568 0.464035 0)
(6.62428 0.670437 0)
(6.49125 0.612031 0)
(6.54981 0.729118 0)
(6.4423 0.585871 0)
(6.43439 0.727083 0)
(6.32628 0.525401 0)
(6.40426 0.654193 0)
(6.2877 0.326372 0)
(6.40052 0.549204 0)
(6.23761 0.166094 0)
(6.30063 0.48021 0)
(6.17368 0.00695635 0)
(6.17464 0.468945 0)
(6.11904 -0.122167 0)
(6.04453 0.549698 0)
(6.07444 -0.181741 0)
(5.93579 0.672842 0)
(6.0602 -0.18899 0)
(5.88887 0.779106 0)
(6.08571 -0.170654 0)
(5.85728 0.854398 0)
(6.15754 -0.215236 0)
(5.81958 0.892074 0)
(6.23253 -0.322025 0)
(5.74208 0.922485 0)
(6.24836 -0.361919 0)
(5.65747 1.06923 0)
(6.24757 -0.314127 0)
(5.57164 1.20799 0)
(6.25927 -0.326452 0)
(5.51273 1.28712 0)
(6.30272 -0.405731 0)
(5.47442 1.31286 0)
(6.37123 -0.541278 0)
(5.44063 1.27813 0)
(6.47458 -0.725549 0)
(5.41849 1.21232 0)
(6.61636 -0.880462 0)
(5.41738 1.18937 0)
(6.79373 -0.968704 0)
(5.44818 1.21449 0)
(7.02318 -1.01504 0)
(5.5191 1.27118 0)
(7.35303 -1.00726 0)
(5.65846 1.38383 0)
(7.85511 -0.902446 0)
(5.93097 1.58249 0)
(8.59337 -0.654674 0)
(6.34535 1.87761 0)
(9.5458 -0.236415 0)
(6.73211 2.30582 0)
(10.4996 0.385623 0)
(6.58626 2.96625 0)
(10.9091 1.14042 0)
(5.32314 3.85278 0)
(10.3869 1.54736 0)
(5.0758 5.8227 0)
(10.08 1.42044 0)
(9.00208 8.48151 0)
(12.4056 -0.335854 0)
(12.3766 -0.436191 0)
(12.3572 -0.53205 0)
(12.3474 -0.618142 0)
(12.3506 -0.706286 0)
(12.3267 -0.792325 0)
(12.2839 -0.884481 0)
(12.2294 -0.964659 0)
(12.1881 -1.05422 0)
(12.1516 -1.13613 0)
(12.1246 -1.22067 0)
(12.0929 -1.30829 0)
(12.059 -1.40879 0)
(12.0205 -1.53605 0)
(11.9616 -1.66739 0)
(11.8842 -1.79635 0)
(11.7832 -1.93355 0)
(11.67 -2.06625 0)
(11.5428 -2.18217 0)
(11.4064 -2.27399 0)
(11.2566 -2.33915 0)
(11.0136 -2.35285 0)
(10.6957 -2.29921 0)
(10.3113 -2.1942 0)
(9.88554 -2.04844 0)
(9.47133 -1.87594 0)
(9.04801 -1.69239 0)
(8.64702 -1.49407 0)
(8.2569 -1.31022 0)
(7.90485 -1.12407 0)
(7.55901 -0.957993 0)
(7.28793 -0.785136 0)
(6.99722 -0.640367 0)
(6.83269 -0.483846 0)
(6.60403 -0.34625 0)
(6.58565 -0.202605 0)
(6.42279 -0.0543596 0)
(6.46821 0.126854 0)
(6.29661 0.24248 0)
(6.39019 0.445015 0)
(6.21866 0.48284 0)
(6.29737 0.690091 0)
(6.18973 0.612096 0)
(6.25924 0.747078 0)
(6.16418 0.597604 0)
(6.16614 0.758536 0)
(6.08075 0.508129 0)
(6.18931 0.684231 0)
(6.07281 0.293585 0)
(6.19362 0.582057 0)
(6.06708 0.16224 0)
(6.13377 0.528967 0)
(5.98829 0.0153066 0)
(6.04806 0.515643 0)
(5.91285 -0.113625 0)
(5.92474 0.580643 0)
(5.89515 -0.188117 0)
(5.80873 0.703787 0)
(5.93741 -0.220293 0)
(5.74376 0.818601 0)
(6.01806 -0.216737 0)
(5.74361 0.891838 0)
(6.08102 -0.256682 0)
(5.73563 0.932427 0)
(6.14933 -0.367571 0)
(5.65848 0.986444 0)
(6.18799 -0.417402 0)
(5.58266 1.153 0)
(6.20941 -0.385631 0)
(5.51338 1.29628 0)
(6.24813 -0.4134 0)
(5.464 1.37961 0)
(6.31023 -0.507577 0)
(5.42635 1.41176 0)
(6.40235 -0.660216 0)
(5.39324 1.38544 0)
(6.52568 -0.86135 0)
(5.3689 1.32929 0)
(6.67232 -1.03274 0)
(5.35631 1.32092 0)
(6.82802 -1.14016 0)
(5.3492 1.36582 0)
(7.02003 -1.20215 0)
(5.32147 1.45072 0)
(7.30291 -1.208 0)
(5.26394 1.6039 0)
(7.76041 -1.13828 0)
(5.2072 1.84143 0)
(8.53729 -0.976605 0)
(5.22564 2.14114 0)
(9.79691 -0.699625 0)
(5.49485 2.53397 0)
(11.5517 -0.240111 0)
(6.15015 3.1118 0)
(13.2569 0.395145 0)
(7.02349 4.1261 0)
(13.4454 0.865207 0)
(7.82613 5.95523 0)
(11.011 1.3158 0)
(8.99664 7.66503 0)
(12.9194 -0.354761 0)
(12.9045 -0.481421 0)
(12.8967 -0.550693 0)
(12.8814 -0.6046 0)
(12.8497 -0.674025 0)
(12.7937 -0.754342 0)
(12.7204 -0.847156 0)
(12.6468 -0.94003 0)
(12.5755 -1.03261 0)
(12.499 -1.11901 0)
(12.4254 -1.20239 0)
(12.3458 -1.28895 0)
(12.2724 -1.3866 0)
(12.1922 -1.50315 0)
(12.0995 -1.63299 0)
(11.9944 -1.76468 0)
(11.8734 -1.89444 0)
(11.7427 -2.0179 0)
(11.5947 -2.12946 0)
(11.4148 -2.21263 0)
(11.1677 -2.24879 0)
(10.8194 -2.22291 0)
(10.417 -2.13644 0)
(9.96944 -2.01411 0)
(9.50834 -1.85997 0)
(9.07423 -1.69019 0)
(8.62325 -1.51221 0)
(8.20301 -1.32792 0)
(7.79181 -1.15542 0)
(7.4264 -0.983861 0)
(7.07948 -0.829247 0)
(6.79561 -0.672192 0)
(6.51005 -0.543121 0)
(6.33264 -0.40451 0)
(6.13287 -0.295646 0)
(6.12026 -0.170272 0)
(5.97327 -0.0228235 0)
(6.03159 0.142509 0)
(5.87946 0.262931 0)
(5.99088 0.454814 0)
(5.82614 0.498601 0)
(5.94173 0.700468 0)
(5.84682 0.607161 0)
(5.93787 0.755195 0)
(5.86102 0.611905 0)
(5.87002 0.780189 0)
(5.81147 0.48576 0)
(5.95321 0.698681 0)
(5.86823 0.2905 0)
(5.96756 0.601979 0)
(5.84235 0.137436 0)
(5.95585 0.55188 0)
(5.77471 0.00155115 0)
(5.926 0.538542 0)
(5.71139 -0.10816 0)
(5.83325 0.608916 0)
(5.67314 -0.185835 0)
(5.73163 0.711851 0)
(5.75 -0.237363 0)
(5.65711 0.815923 0)
(5.89025 -0.254914 0)
(5.64184 0.904802 0)
(5.97277 -0.294391 0)
(5.66603 0.953711 0)
(6.02846 -0.392379 0)
(5.61508 1.01867 0)
(6.06232 -0.454365 0)
(5.55875 1.1997 0)
(6.11316 -0.436378 0)
(5.51049 1.34834 0)
(6.1673 -0.474648 0)
(5.48188 1.4328 0)
(6.24369 -0.580603 0)
(5.46119 1.46755 0)
(6.3472 -0.746606 0)
(5.4484 1.44482 0)
(6.47362 -0.961841 0)
(5.43941 1.3951 0)
(6.59926 -1.15086 0)
(5.44598 1.39699 0)
(6.70843 -1.27534 0)
(5.4493 1.44658 0)
(6.83218 -1.35599 0)
(5.42456 1.52716 0)
(6.99071 -1.3828 0)
(5.36122 1.66841 0)
(7.19752 -1.33113 0)
(5.25484 1.90203 0)
(7.47376 -1.20351 0)
(5.10347 2.25855 0)
(7.87024 -1.01964 0)
(5.00325 2.78765 0)
(8.55732 -0.75684 0)
(5.37176 3.50739 0)
(9.77095 -0.371498 0)
(6.78672 4.58314 0)
(11.4203 0.177513 0)
(8.74296 6.07977 0)
(12.5264 1.70705 0)
(9.80588 6.8272 0)
(12.9892 -0.330383 0)
(12.9898 -0.466335 0)
(13.0037 -0.546657 0)
(12.9843 -0.599278 0)
(12.9356 -0.663729 0)
(12.8717 -0.742695 0)
(12.7914 -0.832111 0)
(12.7095 -0.925627 0)
(12.6178 -1.01157 0)
(12.5217 -1.09392 0)
(12.4287 -1.17497 0)
(12.3347 -1.25971 0)
(12.2509 -1.35867 0)
(12.1657 -1.47027 0)
(12.0753 -1.59655 0)
(11.9755 -1.72578 0)
(11.8568 -1.84873 0)
(11.7101 -1.96189 0)
(11.5208 -2.05813 0)
(11.2619 -2.11185 0)
(10.9169 -2.10723 0)
(10.4831 -2.04212 0)
(10.0249 -1.93745 0)
(9.53065 -1.81208 0)
(9.05132 -1.6626 0)
(8.58928 -1.49805 0)
(8.11607 -1.32916 0)
(7.68262 -1.15641 0)
(7.26863 -0.993384 0)
(6.89998 -0.831565 0)
(6.55699 -0.688678 0)
(6.26831 -0.553067 0)
(5.99753 -0.446679 0)
(5.81304 -0.333684 0)
(5.65439 -0.254415 0)
(5.63082 -0.13792 0)
(5.50307 0.000769369 0)
(5.57336 0.155137 0)
(5.43712 0.272329 0)
(5.56825 0.454439 0)
(5.41438 0.501106 0)
(5.56883 0.694596 0)
(5.46809 0.588806 0)
(5.6012 0.75356 0)
(5.51091 0.606959 0)
(5.57272 0.787105 0)
(5.5391 0.440933 0)
(5.6888 0.707083 0)
(5.62111 0.227536 0)
(5.72083 0.640011 0)
(5.65316 0.112062 0)
(5.73876 0.599586 0)
(5.60551 -0.0118953 0)
(5.73254 0.584923 0)
(5.52712 -0.120259 0)
(5.68481 0.646176 0)
(5.50619 -0.201644 0)
(5.62843 0.736448 0)
(5.59865 -0.258176 0)
(5.58343 0.830186 0)
(5.76132 -0.280917 0)
(5.53748 0.925865 0)
(5.8679 -0.332692 0)
(5.55202 0.984542 0)
(5.92846 -0.423381 0)
(5.5267 1.06089 0)
(5.96419 -0.494197 0)
(5.4937 1.25246 0)
(6.05318 -0.49648 0)
(5.46428 1.41175 0)
(6.12845 -0.548287 0)
(5.44913 1.49915 0)
(6.22957 -0.664247 0)
(5.44181 1.5364 0)
(6.35413 -0.842029 0)
(5.44009 1.51871 0)
(6.49466 -1.069 0)
(5.43937 1.48157 0)
(6.61187 -1.27914 0)
(5.45041 1.50211 0)
(6.71199 -1.42304 0)
(5.44077 1.57276 0)
(6.83149 -1.52653 0)
(5.40266 1.67428 0)
(6.98245 -1.58441 0)
(5.34478 1.82433 0)
(7.17586 -1.57005 0)
(5.30222 2.04454 0)
(7.39924 -1.48338 0)
(5.3306 2.36316 0)
(7.59048 -1.34818 0)
(5.50282 2.83937 0)
(7.65107 -1.21235 0)
(5.91573 3.61908 0)
(7.73416 -1.10277 0)
(6.72707 4.84607 0)
(8.92484 -0.514121 0)
(8.05111 5.95392 0)
(11.5444 1.57318 0)
(10.4651 6.20634 0)
(12.9367 -0.321504 0)
(12.9427 -0.423701 0)
(12.9707 -0.498053 0)
(12.9608 -0.554966 0)
(12.9163 -0.619582 0)
(12.8477 -0.696953 0)
(12.7561 -0.782862 0)
(12.6629 -0.875679 0)
(12.5579 -0.960814 0)
(12.4613 -1.04703 0)
(12.3687 -1.13379 0)
(12.2843 -1.22373 0)
(12.2053 -1.32519 0)
(12.1297 -1.43631 0)
(12.0381 -1.5554 0)
(11.9307 -1.67861 0)
(11.7819 -1.79121 0)
(11.5864 -1.88648 0)
(11.3173 -1.94808 0)
(10.965 -1.96136 0)
(10.5222 -1.91864 0)
(10.0233 -1.83241 0)
(9.51692 -1.72524 0)
(8.98987 -1.60786 0)
(8.49078 -1.46166 0)
(8.00251 -1.30173 0)
(7.51728 -1.14134 0)
(7.08578 -0.980357 0)
(6.67197 -0.827389 0)
(6.30461 -0.682071 0)
(5.95984 -0.556689 0)
(5.67585 -0.44111 0)
(5.42316 -0.350937 0)
(5.25431 -0.270773 0)
(5.1323 -0.216559 0)
(5.10669 -0.10974 0)
(5.01038 0.0198424 0)
(5.08981 0.162855 0)
(4.96764 0.278132 0)
(5.12843 0.451355 0)
(4.99004 0.501441 0)
(5.1923 0.684928 0)
(5.0736 0.572137 0)
(5.25535 0.750307 0)
(5.16196 0.605852 0)
(5.26532 0.781728 0)
(5.2521 0.393552 0)
(5.44082 0.720551 0)
(5.38434 0.22162 0)
(5.47123 0.63843 0)
(5.40942 0.0703757 0)
(5.52456 0.6024 0)
(5.40132 -0.0437762 0)
(5.56411 0.608117 0)
(5.3522 -0.121942 0)
(5.52664 0.669019 0)
(5.33574 -0.209204 0)
(5.52128 0.741236 0)
(5.40652 -0.272739 0)
(5.52292 0.822276 0)
(5.55855 -0.290929 0)
(5.48371 0.915305 0)
(5.68346 -0.343004 0)
(5.46825 0.979272 0)
(5.76378 -0.42956 0)
(5.45965 1.06704 0)
(5.81003 -0.503513 0)
(5.466 1.25581 0)
(5.92008 -0.518782 0)
(5.46757 1.42636 0)
(6.01813 -0.580471 0)
(5.48015 1.51427 0)
(6.13553 -0.704847 0)
(5.49943 1.55483 0)
(6.26829 -0.89218 0)
(5.52022 1.54039 0)
(6.4003 -1.13161 0)
(5.5478 1.51852 0)
(6.48609 -1.35459 0)
(5.57267 1.5557 0)
(6.55668 -1.51162 0)
(5.56513 1.63918 0)
(6.63796 -1.63817 0)
(5.52601 1.75801 0)
(6.73194 -1.73092 0)
(5.46453 1.93725 0)
(6.84187 -1.76383 0)
(5.41682 2.20634 0)
(6.96861 -1.73453 0)
(5.43714 2.58446 0)
(7.11744 -1.67605 0)
(5.62538 3.09629 0)
(7.3124 -1.6177 0)
(6.12059 3.82921 0)
(7.60536 -1.428 0)
(6.92596 4.7701 0)
(8.2187 -0.720531 0)
(7.83901 5.52689 0)
(9.65659 1.11452 0)
(10.4196 5.5026 0)
(12.8899 -0.295934 0)
(12.8939 -0.371704 0)
(12.9245 -0.445343 0)
(12.9122 -0.515978 0)
(12.8635 -0.591223 0)
(12.7787 -0.671606 0)
(12.6796 -0.756072 0)
(12.5826 -0.846529 0)
(12.4905 -0.934062 0)
(12.4056 -1.02122 0)
(12.3287 -1.11068 0)
(12.2499 -1.20015 0)
(12.1692 -1.29795 0)
(12.0734 -1.40081 0)
(11.9505 -1.50738 0)
(11.791 -1.61357 0)
(11.5782 -1.70674 0)
(11.2951 -1.76959 0)
(10.9277 -1.79242 0)
(10.4727 -1.76948 0)
(9.95298 -1.7024 0)
(9.41284 -1.60579 0)
(8.88027 -1.50302 0)
(8.33693 -1.39022 0)
(7.82636 -1.24599 0)
(7.3212 -1.09539 0)
(6.83395 -0.949988 0)
(6.40199 -0.799961 0)
(5.99348 -0.662071 0)
(5.63975 -0.537953 0)
(5.31596 -0.433386 0)
(5.04636 -0.338457 0)
(4.81927 -0.269655 0)
(4.67185 -0.220128 0)
(4.57462 -0.18752 0)
(4.54924 -0.0919889 0)
(4.49347 0.0238299 0)
(4.56477 0.158914 0)
(4.46627 0.268273 0)
(4.64963 0.430412 0)
(4.52207 0.484925 0)
(4.7785 0.655644 0)
(4.64123 0.540124 0)
(4.87548 0.728771 0)
(4.76129 0.577998 0)
(4.96071 0.751148 0)
(4.91623 0.333654 0)
(5.15489 0.701079 0)
(5.04146 0.141668 0)
(5.23484 0.666208 0)
(5.1492 0.0438516 0)
(5.28591 0.636879 0)
(5.18803 -0.0608757 0)
(5.32154 0.630828 0)
(5.15432 -0.147269 0)
(5.33141 0.687261 0)
(5.1341 -0.242626 0)
(5.36794 0.748941 0)
(5.19862 -0.298204 0)
(5.40807 0.819443 0)
(5.34174 -0.311605 0)
(5.3968 0.91037 0)
(5.48237 -0.3577 0)
(5.38008 0.976795 0)
(5.59813 -0.438973 0)
(5.39024 1.07355 0)
(5.68017 -0.517049 0)
(5.42525 1.25749 0)
(5.81748 -0.53805 0)
(5.4463 1.44279 0)
(5.95113 -0.605159 0)
(5.4802 1.53297 0)
(6.08793 -0.72976 0)
(5.52017 1.56973 0)
(6.23868 -0.917494 0)
(5.56259 1.55815 0)
(6.37431 -1.16488 0)
(5.61357 1.55223 0)
(6.45379 -1.40333 0)
(5.6393 1.60787 0)
(6.52736 -1.59191 0)
(5.62887 1.71756 0)
(6.6125 -1.75276 0)
(5.59326 1.86879 0)
(6.70539 -1.88173 0)
(5.55667 2.07556 0)
(6.80635 -1.96056 0)
(5.56995 2.36348 0)
(6.90739 -1.98823 0)
(5.68936 2.7516 0)
(6.99524 -1.98131 0)
(5.97434 3.25792 0)
(7.08146 -1.89847 0)
(6.46568 3.89013 0)
(7.25947 -1.56599 0)
(7.12723 4.62587 0)
(7.72565 -0.670628 0)
(7.99373 4.99866 0)
(8.58917 0.943023 0)
(9.95456 4.68079 0)
(12.865 -0.275271 0)
(12.8693 -0.332901 0)
(12.9013 -0.404443 0)
(12.8943 -0.482131 0)
(12.8456 -0.561815 0)
(12.7659 -0.64541 0)
(12.672 -0.727178 0)
(12.5819 -0.812765 0)
(12.4935 -0.896691 0)
(12.4026 -0.979525 0)
(12.3088 -1.06459 0)
(12.2032 -1.14934 0)
(12.0823 -1.23761 0)
(11.9354 -1.33033 0)
(11.7483 -1.42045 0)
(11.5102 -1.50467 0)
(11.2038 -1.56889 0)
(10.816 -1.60002 0)
(10.3392 -1.59045 0)
(9.80198 -1.54506 0)
(9.23654 -1.46782 0)
(8.67648 -1.37394 0)
(8.12773 -1.28214 0)
(7.57783 -1.17439 0)
(7.0721 -1.03262 0)
(6.56916 -0.890387 0)
(6.08251 -0.758524 0)
(5.66132 -0.62468 0)
(5.27065 -0.504547 0)
(4.9491 -0.39546 0)
(4.65493 -0.306228 0)
(4.41886 -0.234503 0)
(4.22558 -0.186705 0)
(4.10378 -0.168845 0)
(4.03194 -0.151651 0)
(4.01316 -0.0722333 0)
(3.99839 0.035104 0)
(4.0613 0.15893 0)
(3.99644 0.261566 0)
(4.19814 0.405402 0)
(4.08332 0.465443 0)
(4.37787 0.626494 0)
(4.22798 0.519109 0)
(4.50741 0.705662 0)
(4.3734 0.55187 0)
(4.67266 0.712604 0)
(4.55454 0.279764 0)
(4.92982 0.711135 0)
(4.70304 0.130671 0)
(4.98642 0.645284 0)
(4.82371 -0.00766181 0)
(5.07349 0.615016 0)
(4.91498 -0.104185 0)
(5.15456 0.64434 0)
(4.90219 -0.147937 0)
(5.17341 0.692995 0)
(4.88505 -0.243849 0)
(5.20399 0.72428 0)
(4.92721 -0.317361 0)
(5.29508 0.784719 0)
(5.06575 -0.3172 0)
(5.32696 0.873047 0)
(5.22637 -0.343543 0)
(5.32103 0.934892 0)
(5.36598 -0.422238 0)
(5.34206 1.03264 0)
(5.48336 -0.505317 0)
(5.39903 1.20859 0)
(5.63526 -0.528455 0)
(5.46455 1.3981 0)
(5.80188 -0.602197 0)
(5.53417 1.49003 0)
(5.95502 -0.721083 0)
(5.60743 1.52655 0)
(6.1114 -0.898691 0)
(5.68276 1.51977 0)
(6.22844 -1.13713 0)
(5.76153 1.5337 0)
(6.2847 -1.36077 0)
(5.79158 1.60884 0)
(6.34016 -1.55235 0)
(5.78178 1.7309 0)
(6.40707 -1.73811 0)
(5.74749 1.90057 0)
(6.47872 -1.91336 0)
(5.71241 2.13786 0)
(6.56326 -2.05387 0)
(5.72683 2.46757 0)
(6.66618 -2.12769 0)
(5.84884 2.88009 0)
(6.80551 -2.12963 0)
(6.147 3.34776 0)
(7.00469 -1.98823 0)
(6.64986 3.88997 0)
(7.31508 -1.53472 0)
(7.31475 4.34413 0)
(7.84248 -0.56976 0)
(8.19567 4.35617 0)
(8.77599 1.03 0)
(9.67264 3.80489 0)
(12.8591 -0.259781 0)
(12.8584 -0.296656 0)
(12.8831 -0.357319 0)
(12.867 -0.433025 0)
(12.8124 -0.516878 0)
(12.7288 -0.606049 0)
(12.6296 -0.691514 0)
(12.5248 -0.774267 0)
(12.4157 -0.856727 0)
(12.2938 -0.934433 0)
(12.1624 -1.01396 0)
(12.0082 -1.0898 0)
(11.8287 -1.16606 0)
(11.6088 -1.24244 0)
(11.3372 -1.31188 0)
(10.9978 -1.36662 0)
(10.5853 -1.39834 0)
(10.0892 -1.39608 0)
(9.53086 -1.36165 0)
(8.94593 -1.3041 0)
(8.3497 -1.2261 0)
(7.76861 -1.14053 0)
(7.19602 -1.05983 0)
(6.643 -0.959167 0)
(6.1605 -0.82363 0)
(5.67488 -0.689476 0)
(5.20901 -0.577689 0)
(4.8241 -0.46471 0)
(4.47164 -0.369201 0)
(4.18753 -0.281934 0)
(3.93073 -0.212971 0)
(3.73504 -0.158672 0)
(3.57542 -0.135168 0)
(3.48922 -0.142189 0)
(3.442 -0.13626 0)
(3.43414 -0.0720249 0)
(3.45141 0.0277197 0)
(3.51266 0.148296 0)
(3.49826 0.241583 0)
(3.69293 0.369528 0)
(3.62156 0.435174 0)
(3.93971 0.580263 0)
(3.80334 0.486883 0)
(4.12681 0.662823 0)
(3.9565 0.505919 0)
(4.37776 0.650838 0)
(4.15263 0.234977 0)
(4.64524 0.668307 0)
(4.27388 0.0665424 0)
(4.77863 0.652321 0)
(4.46305 -0.0146933 0)
(4.86173 0.621162 0)
(4.59699 -0.10608 0)
(4.93462 0.63703 0)
(4.59484 -0.167339 0)
(4.9934 0.688324 0)
(4.59119 -0.25658 0)
(5.05232 0.717459 0)
(4.64715 -0.328443 0)
(5.14834 0.754459 0)
(4.79747 -0.326042 0)
(5.21389 0.836805 0)
(4.97629 -0.345203 0)
(5.2393 0.894216 0)
(5.13486 -0.416068 0)
(5.2934 0.985432 0)
(5.28522 -0.491675 0)
(5.36511 1.15627 0)
(5.4595 -0.514015 0)
(5.47509 1.33715 0)
(5.67527 -0.584244 0)
(5.57343 1.43111 0)
(5.86012 -0.701207 0)
(5.67819 1.46179 0)
(6.03157 -0.874051 0)
(5.78648 1.46039 0)
(6.14554 -1.10581 0)
(5.88206 1.48864 0)
(6.20965 -1.32283 0)
(5.91495 1.5719 0)
(6.27523 -1.51255 0)
(5.90777 1.71536 0)
(6.34797 -1.69349 0)
(5.87937 1.91799 0)
(6.42335 -1.86922 0)
(5.85688 2.17972 0)
(6.51347 -2.02838 0)
(5.89288 2.50638 0)
(6.62169 -2.12688 0)
(6.04712 2.89982 0)
(6.76751 -2.12224 0)
(6.36406 3.3392 0)
(6.98426 -1.92718 0)
(6.82014 3.74764 0)
(7.37144 -1.41004 0)
(7.39414 3.91589 0)
(8.05882 -0.373438 0)
(8.25102 3.69478 0)
(9.1169 1.09847 0)
(9.69157 3.07578 0)
(12.8261 -0.242143 0)
(12.8137 -0.258748 0)
(12.8201 -0.311912 0)
(12.7884 -0.39218 0)
(12.7171 -0.482233 0)
(12.6152 -0.575442 0)
(12.4916 -0.658986 0)
(12.3575 -0.734574 0)
(12.2114 -0.807391 0)
(12.0476 -0.873997 0)
(11.8618 -0.939583 0)
(11.6424 -1.00321 0)
(11.3808 -1.06273 0)
(11.0677 -1.11815 0)
(10.6931 -1.16194 0)
(10.2486 -1.18626 0)
(9.73747 -1.18701 0)
(9.16881 -1.16197 0)
(8.57595 -1.11883 0)
(7.97471 -1.05952 0)
(7.37478 -0.981302 0)
(6.79393 -0.899882 0)
(6.20635 -0.828276 0)
(5.66366 -0.745165 0)
(5.21256 -0.621778 0)
(4.76905 -0.499517 0)
(4.34887 -0.406113 0)
(4.01328 -0.311839 0)
(3.70963 -0.237773 0)
(3.46948 -0.172249 0)
(3.25782 -0.121401 0)
(3.09777 -0.0906196 0)
(2.97779 -0.0900546 0)
(2.9254 -0.117502 0)
(2.89185 -0.123941 0)
(2.89292 -0.0766655 0)
(2.92514 0.0169086 0)
(2.99077 0.131581 0)
(3.0222 0.21543 0)
(3.18455 0.32907 0)
(3.16826 0.40441 0)
(3.48436 0.528353 0)
(3.38783 0.460329 0)
(3.7331 0.61289 0)
(3.54427 0.478109 0)
(4.05576 0.598385 0)
(3.67276 0.217937 0)
(4.42172 0.654966 0)
(3.8265 0.068209 0)
(4.54283 0.594978 0)
(4.02885 -0.0690483 0)
(4.66076 0.572368 0)
(4.17738 -0.146825 0)
(4.78936 0.63795 0)
(4.21546 -0.15192 0)
(4.86242 0.67489 0)
(4.22808 -0.233208 0)
(4.91746 0.670492 0)
(4.31359 -0.321152 0)
(5.01759 0.704617 0)
(4.4604 -0.321541 0)
(5.128 0.777314 0)
(4.66843 -0.320317 0)
(5.18347 0.828694 0)
(4.84862 -0.382493 0)
(5.2548 0.903505 0)
(5.00538 -0.455805 0)
(5.35724 1.05345 0)
(5.20161 -0.484013 0)
(5.52291 1.21581 0)
(5.45241 -0.541158 0)
(5.6546 1.30926 0)
(5.66743 -0.643808 0)
(5.79917 1.33272 0)
(5.83998 -0.801605 0)
(5.94341 1.33174 0)
(5.94111 -1.01017 0)
(6.05211 1.36539 0)
(5.99959 -1.20868 0)
(6.09206 1.46303 0)
(6.05848 -1.39836 0)
(6.09026 1.62826 0)
(6.12511 -1.59211 0)
(6.06356 1.85125 0)
(6.20154 -1.7866 0)
(6.0386 2.12841 0)
(6.30456 -1.95375 0)
(6.06036 2.4729 0)
(6.45699 -2.05375 0)
(6.20226 2.85299 0)
(6.69403 -2.04535 0)
(6.48954 3.19584 0)
(7.02827 -1.81208 0)
(6.88677 3.40405 0)
(7.51898 -1.21701 0)
(7.40342 3.37444 0)
(8.23033 -0.184711 0)
(8.28707 3.03202 0)
(9.23924 1.05612 0)
(9.7982 2.51062 0)
(12.5839 -0.214737 0)
(12.5489 -0.212753 0)
(12.5266 -0.259696 0)
(12.4661 -0.341017 0)
(12.3658 -0.43193 0)
(12.2291 -0.521805 0)
(12.0654 -0.599335 0)
(11.8821 -0.665408 0)
(11.678 -0.727605 0)
(11.4465 -0.782944 0)
(11.1846 -0.835794 0)
(10.879 -0.885793 0)
(10.526 -0.926692 0)
(10.1184 -0.957244 0)
(9.65499 -0.973606 0)
(9.13236 -0.96974 0)
(8.56868 -0.948677 0)
(7.98261 -0.917044 0)
(7.39403 -0.87591 0)
(6.80831 -0.818318 0)
(6.24313 -0.744291 0)
(5.6918 -0.667391 0)
(5.13295 -0.610526 0)
(4.6288 -0.55124 0)
(4.22012 -0.447198 0)
(3.84396 -0.339047 0)
(3.48766 -0.266089 0)
(3.21745 -0.194224 0)
(2.97283 -0.137481 0)
(2.78107 -0.0876591 0)
(2.61799 -0.0525907 0)
(2.50195 -0.0385605 0)
(2.42413 -0.058078 0)
(2.39663 -0.100953 0)
(2.37349 -0.115302 0)
(2.37695 -0.0815748 0)
(2.41743 0.00187233 0)
(2.49819 0.104442 0)
(2.56146 0.180802 0)
(2.69334 0.283822 0)
(2.73909 0.357407 0)
(3.03285 0.462341 0)
(2.99004 0.422427 0)
(3.32511 0.549892 0)
(3.13696 0.433103 0)
(3.66468 0.537194 0)
(3.26285 0.166623 0)
(4.16623 0.583737 0)
(3.34673 0.0364323 0)
(4.33612 0.571512 0)
(3.45228 -0.0360518 0)
(4.45782 0.549546 0)
(3.6326 -0.131641 0)
(4.59194 0.592753 0)
(3.76897 -0.157417 0)
(4.71596 0.636642 0)
(3.85837 -0.216735 0)
(4.80452 0.633457 0)
(3.96597 -0.301375 0)
(4.90583 0.64707 0)
(4.12433 -0.304747 0)
(5.01891 0.698249 0)
(4.35735 -0.310958 0)
(5.11714 0.75194 0)
(4.5602 -0.364025 0)
(5.23287 0.824096 0)
(4.72671 -0.417657 0)
(5.3694 0.956369 0)
(4.94252 -0.445347 0)
(5.5696 1.09455 0)
(5.21882 -0.49378 0)
(5.74397 1.18139 0)
(5.4942 -0.590902 0)
(5.92694 1.19322 0)
(5.68998 -0.730165 0)
(6.10785 1.18721 0)
(5.79998 -0.911191 0)
(6.22895 1.21046 0)
(5.86879 -1.08654 0)
(6.27702 1.29756 0)
(5.93566 -1.25777 0)
(6.27747 1.45715 0)
(6.00973 -1.43469 0)
(6.24835 1.68471 0)
(6.09732 -1.62087 0)
(6.22111 1.97023 0)
(6.21909 -1.79208 0)
(6.24017 2.30068 0)
(6.40425 -1.89803 0)
(6.36614 2.62008 0)
(6.67949 -1.86912 0)
(6.59235 2.86315 0)
(7.05642 -1.59312 0)
(6.9028 2.94622 0)
(7.5746 -0.975068 0)
(7.38453 2.79795 0)
(8.27136 -0.00448058 0)
(8.35268 2.44846 0)
(9.25005 0.980289 0)
(9.86651 2.0495 0)
(11.8804 -0.171841 0)
(11.8217 -0.158787 0)
(11.7661 -0.203794 0)
(11.6739 -0.285767 0)
(11.5431 -0.374041 0)
(11.3725 -0.456875 0)
(11.1681 -0.525688 0)
(10.9372 -0.581332 0)
(10.6775 -0.631224 0)
(10.386 -0.673153 0)
(10.0599 -0.709675 0)
(9.69028 -0.740752 0)
(9.27621 -0.759625 0)
(8.81452 -0.766294 0)
(8.30895 -0.760403 0)
(7.76694 -0.741208 0)
(7.21271 -0.714628 0)
(6.65111 -0.683355 0)
(6.09379 -0.642494 0)
(5.55167 -0.588096 0)
(5.03845 -0.517249 0)
(4.54778 -0.44258 0)
(4.06443 -0.397533 0)
(3.62174 -0.363879 0)
(3.26632 -0.285764 0)
(2.96854 -0.197439 0)
(2.69086 -0.146813 0)
(2.49449 -0.0967508 0)
(2.31807 -0.0563843 0)
(2.18266 -0.0225549 0)
(2.07204 -0.00171391 0)
(1.99879 -0.00478503 0)
(1.95608 -0.0400787 0)
(1.94586 -0.0884803 0)
(1.92238 -0.106869 0)
(1.92194 -0.0878719 0)
(1.9554 -0.0190877 0)
(2.03804 0.0681347 0)
(2.12443 0.144402 0)
(2.24237 0.2358 0)
(2.34629 0.304614 0)
(2.59915 0.386759 0)
(2.63689 0.385149 0)
(2.95653 0.490101 0)
(2.8001 0.404613 0)
(3.40317 0.468202 0)
(2.95628 0.11577 0)
(3.88571 0.55114 0)
(2.85468 0.0732573 0)
(4.00021 0.5157 0)
(2.92848 -0.0609138 0)
(4.28308 0.483316 0)
(3.09515 -0.148893 0)
(4.48335 0.566356 0)
(3.2851 -0.150357 0)
(4.62116 0.58906 0)
(3.48065 -0.199244 0)
(4.73732 0.562989 0)
(3.62104 -0.287888 0)
(4.84197 0.578727 0)
(3.78087 -0.285314 0)
(4.98226 0.621035 0)
(3.96907 -0.265959 0)
(5.11498 0.660813 0)
(4.17999 -0.315871 0)
(5.25374 0.713768 0)
(4.3834 -0.374872 0)
(5.4271 0.816731 0)
(4.63492 -0.409017 0)
(5.65382 0.939266 0)
(4.92821 -0.44033 0)
(5.88035 1.00911 0)
(5.22978 -0.510674 0)
(6.08742 1.01376 0)
(5.42945 -0.621061 0)
(6.28195 1.00557 0)
(5.53657 -0.773166 0)
(6.40318 1.01947 0)
(5.60163 -0.924535 0)
(6.44882 1.09858 0)
(5.66158 -1.07851 0)
(6.44466 1.24495 0)
(5.72806 -1.24208 0)
(6.40986 1.45261 0)
(5.82084 -1.4171 0)
(6.37299 1.70962 0)
(5.96805 -1.57718 0)
(6.36286 2.00273 0)
(6.20621 -1.67612 0)
(6.42021 2.2712 0)
(6.55003 -1.63747 0)
(6.552 2.44064 0)
(6.9909 -1.35015 0)
(6.80766 2.43601 0)
(7.53261 -0.744879 0)
(7.34253 2.23773 0)
(8.22493 0.11591 0)
(8.41881 1.92899 0)
(9.22689 0.87404 0)
(9.87953 1.63105 0)
(10.6786 -0.125068 0)
(10.6016 -0.1177 0)
(10.5198 -0.159171 0)
(10.4079 -0.231454 0)
(10.2598 -0.307027 0)
(10.0677 -0.3759 0)
(9.83669 -0.431514 0)
(9.57349 -0.473817 0)
(9.27749 -0.508499 0)
(8.94881 -0.534577 0)
(8.58652 -0.553706 0)
(8.1843 -0.566628 0)
(7.74395 -0.568211 0)
(7.26919 -0.559352 0)
(6.76905 -0.543398 0)
(6.25565 -0.520013 0)
(5.7425 -0.492406 0)
(5.2288 -0.460648 0)
(4.7332 -0.423948 0)
(4.2609 -0.381932 0)
(3.82682 -0.323459 0)
(3.42975 -0.259981 0)
(3.04098 -0.23083 0)
(2.68769 -0.216776 0)
(2.40783 -0.163023 0)
(2.19325 -0.0988662 0)
(2.00366 -0.0642981 0)
(1.87849 -0.0290354 0)
(1.7718 0.00196613 0)
(1.69729 0.0240675 0)
(1.64119 0.0324126 0)
(1.61374 0.0153398 0)
(1.60496 -0.0297094 0)
(1.5992 -0.0789709 0)
(1.56605 -0.0997242 0)
(1.54699 -0.0899446 0)
(1.55397 -0.0369982 0)
(1.62982 0.0344665 0)
(1.72083 0.106733 0)
(1.83911 0.180371 0)
(1.99446 0.2384 0)
(2.19771 0.308814 0)
(2.29528 0.334009 0)
(2.61544 0.411458 0)
(2.50936 0.348394 0)
(3.17237 0.386877 0)
(2.67406 0.0767473 0)
(3.57099 0.48059 0)
(2.62124 0.0687315 0)
(3.93999 0.439826 0)
(2.91161 -0.0786426 0)
(4.24538 0.411263 0)
(2.96872 -0.141502 0)
(4.42501 0.471876 0)
(3.05775 -0.151859 0)
(4.59194 0.499995 0)
(3.29225 -0.193327 0)
(4.76263 0.484087 0)
(3.48866 -0.250098 0)
(4.8509 0.471381 0)
(3.62931 -0.25768 0)
(4.96166 0.503142 0)
(3.72147 -0.251361 0)
(5.15301 0.541068 0)
(3.89056 -0.293573 0)
(5.34635 0.595588 0)
(4.11562 -0.340161 0)
(5.54709 0.683168 0)
(4.37847 -0.359273 0)
(5.78267 0.777029 0)
(4.66929 -0.38091 0)
(6.03884 0.826155 0)
(4.95698 -0.435473 0)
(6.26035 0.825738 0)
(5.18156 -0.523726 0)
(6.45126 0.808144 0)
(5.32731 -0.638409 0)
(6.55629 0.818926 0)
(5.41631 -0.755956 0)
(6.57778 0.885741 0)
(5.48522 -0.87956 0)
(6.53993 1.01154 0)
(5.5487 -1.01364 0)
(6.46841 1.19182 0)
(5.63919 -1.16315 0)
(6.38709 1.41375 0)
(5.78133 -1.30398 0)
(6.31903 1.65973 0)
(6.01369 -1.3913 0)
(6.29886 1.87565 0)
(6.34964 -1.34362 0)
(6.37315 1.99335 0)
(6.80121 -1.06947 0)
(6.65558 1.94571 0)
(7.37642 -0.521599 0)
(7.31568 1.73851 0)
(8.1288 0.20957 0)
(8.47972 1.47174 0)
(9.20773 0.740803 0)
(9.87457 1.2529 0)
(9.04336 -0.0803637 0)
(8.96027 -0.0917591 0)
(8.86644 -0.126657 0)
(8.74907 -0.179593 0)
(8.5976 -0.236147 0)
(8.39864 -0.288027 0)
(8.15647 -0.329077 0)
(7.87733 -0.357536 0)
(7.56386 -0.37726 0)
(7.21919 -0.388867 0)
(6.8442 -0.393296 0)
(6.4371 -0.391621 0)
(6.00565 -0.380518 0)
(5.55918 -0.362649 0)
(5.10659 -0.341671 0)
(4.65616 -0.3161 0)
(4.2187 -0.289707 0)
(3.79641 -0.264928 0)
(3.40076 -0.239134 0)
(3.02907 -0.208932 0)
(2.69628 -0.162825 0)
(2.41058 -0.112319 0)
(2.13942 -0.0962147 0)
(1.89406 -0.095877 0)
(1.70209 -0.0663141 0)
(1.57854 -0.0272387 0)
(1.47669 -0.0075773 0)
(1.41735 0.0120332 0)
(1.37623 0.0302457 0)
(1.35918 0.0430749 0)
(1.35317 0.0437683 0)
(1.3631 0.0195654 0)
(1.37201 -0.0258957 0)
(1.35953 -0.0665701 0)
(1.30947 -0.0842123 0)
(1.2611 -0.081588 0)
(1.23673 -0.0490574 0)
(1.28852 0.000949287 0)
(1.36922 0.0627041 0)
(1.49276 0.115766 0)
(1.66143 0.17026 0)
(1.83633 0.234421 0)
(2.01434 0.260707 0)
(2.33123 0.309255 0)
(2.26685 0.260664 0)
(2.91559 0.299991 0)
(2.32976 0.0829093 0)
(3.31124 0.422414 0)
(2.47652 0.0419245 0)
(3.84819 0.320526 0)
(2.72505 -0.0532569 0)
(4.10619 0.316499 0)
(2.65091 -0.111697 0)
(4.33754 0.376466 0)
(2.84661 -0.120701 0)
(4.5818 0.388908 0)
(3.09328 -0.156052 0)
(4.81075 0.357419 0)
(3.28369 -0.18562 0)
(4.96776 0.352379 0)
(3.41741 -0.183803 0)
(5.10283 0.389486 0)
(3.50795 -0.184255 0)
(5.30698 0.414883 0)
(3.63376 -0.219507 0)
(5.51058 0.449869 0)
(3.80352 -0.258191 0)
(5.69045 0.508485 0)
(4.03568 -0.271403 0)
(5.89708 0.578523 0)
(4.3238 -0.285576 0)
(6.12403 0.618667 0)
(4.60947 -0.317274 0)
(6.32253 0.615624 0)
(4.84259 -0.377071 0)
(6.46707 0.603635 0)
(4.98672 -0.459119 0)
(6.53363 0.611796 0)
(5.05008 -0.549222 0)
(6.5273 0.662194 0)
(5.08529 -0.648614 0)
(6.46422 0.765586 0)
(5.12255 -0.76112 0)
(6.37698 0.909093 0)
(5.20247 -0.887999 0)
(6.27496 1.08334 0)
(5.35464 -1.00351 0)
(6.173 1.27261 0)
(5.61582 -1.07088 0)
(6.10301 1.43551 0)
(6.00423 -1.02784 0)
(6.15791 1.51043 0)
(6.52818 -0.806631 0)
(6.49072 1.4484 0)
(7.17902 -0.356264 0)
(7.26096 1.2687 0)
(8.02571 0.224071 0)
(8.4762 1.05538 0)
(9.18108 0.553724 0)
(9.83632 0.9037 0)
(7.05114 -0.0282556 0)
(6.97531 -0.05658 0)
(6.88406 -0.0858117 0)
(6.77251 -0.119981 0)
(6.6248 -0.157572 0)
(6.42666 -0.192304 0)
(6.18275 -0.217704 0)
(5.90036 -0.2317 0)
(5.58763 -0.237204 0)
(5.25147 -0.236329 0)
(4.89685 -0.230024 0)
(4.52862 -0.219931 0)
(4.15793 -0.205262 0)
(3.79013 -0.187373 0)
(3.43304 -0.168482 0)
(3.0927 -0.148738 0)
(2.77368 -0.131315 0)
(2.47005 -0.117537 0)
(2.19178 -0.103427 0)
(1.94252 -0.0866784 0)
(1.73334 -0.0582361 0)
(1.5701 -0.0254247 0)
(1.41942 -0.0192762 0)
(1.28422 -0.0287735 0)
(1.1845 -0.0191342 0)
(1.13774 0.000808932 0)
(1.1018 0.0101477 0)
(1.09438 0.0202392 0)
(1.10503 0.0315316 0)
(1.13069 0.0388652 0)
(1.16088 0.0336126 0)
(1.19152 0.00741192 0)
(1.20053 -0.0292451 0)
(1.17203 -0.0562691 0)
(1.10127 -0.0693448 0)
(1.0264 -0.0718058 0)
(0.974377 -0.0580488 0)
(0.982402 -0.0292476 0)
(1.03344 0.0138375 0)
(1.13937 0.0495526 0)
(1.26127 0.0974004 0)
(1.42644 0.140242 0)
(1.63089 0.159424 0)
(1.90714 0.210799 0)
(1.8763 0.19592 0)
(2.51991 0.23562 0)
(1.971 0.0519913 0)
(3.00496 0.289873 0)
(2.16385 -0.0327103 0)
(3.63952 0.165755 0)
(2.21158 -0.00102757 0)
(3.88865 0.252986 0)
(2.24293 -0.0995718 0)
(4.18475 0.251114 0)
(2.49269 -0.101018 0)
(4.42142 0.231034 0)
(2.72967 -0.139096 0)
(4.6327 0.215126 0)
(2.8597 -0.141901 0)
(4.79418 0.209633 0)
(2.90367 -0.114408 0)
(4.9697 0.243061 0)
(2.97119 -0.120195 0)
(5.23862 0.25394 0)
(3.07714 -0.162518 0)
(5.49469 0.277188 0)
(3.22516 -0.189961 0)
(5.69407 0.321883 0)
(3.45437 -0.192227 0)
(5.90625 0.372227 0)
(3.7513 -0.195769 0)
(6.13914 0.405198 0)
(4.05431 -0.213715 0)
(6.35209 0.406878 0)
(4.29906 -0.24712 0)
(6.49405 0.397861 0)
(4.45433 -0.29051 0)
(6.56364 0.402146 0)
(4.54075 -0.34077 0)
(6.53261 0.44517 0)
(4.60227 -0.399408 0)
(6.42285 0.528117 0)
(4.66431 -0.47224 0)
(6.27131 0.636382 0)
(4.7522 -0.559293 0)
(6.09033 0.763083 0)
(4.89415 -0.645798 0)
(5.91169 0.899459 0)
(5.13058 -0.704962 0)
(5.80293 1.01537 0)
(5.503 -0.695278 0)
(5.88633 1.06794 0)
(6.02482 -0.549438 0)
(6.31856 1.01515 0)
(6.72546 -0.22034 0)
(7.21008 0.840356 0)
(7.68322 0.18398 0)
(8.4621 0.663951 0)
(8.92875 0.351547 0)
(9.80109 0.562152 0)
(4.74907 -0.0106646 0)
(4.67754 -0.0428028 0)
(4.59112 -0.0558557 0)
(4.48366 -0.0699527 0)
(4.33877 -0.0878251 0)
(4.1484 -0.103691 0)
(3.91965 -0.112467 0)
(3.66348 -0.113021 0)
(3.39316 -0.107676 0)
(3.11696 -0.0995834 0)
(2.84159 -0.0896796 0)
(2.57255 -0.0789536 0)
(2.31212 -0.067591 0)
(2.06525 -0.0556473 0)
(1.84187 -0.0459278 0)
(1.64184 -0.0377986 0)
(1.46944 -0.0286206 0)
(1.31811 -0.0217492 0)
(1.18575 -0.0168673 0)
(1.07058 -0.0106057 0)
(0.984628 0.00240426 0)
(0.938345 0.0186974 0)
(0.906775 0.0181375 0)
(0.873189 0.00584713 0)
(0.842089 0.00387362 0)
(0.838462 0.00889173 0)
(0.837993 0.00932255 0)
(0.848985 0.0112809 0)
(0.87459 0.0154555 0)
(0.907261 0.0163492 0)
(0.939005 0.0100825 0)
(0.956613 -0.00798378 0)
(0.93887 -0.0276687 0)
(0.886343 -0.0365494 0)
(0.803321 -0.0388987 0)
(0.705539 -0.0437154 0)
(0.619223 -0.0439205 0)
(0.572961 -0.0332196 0)
(0.57418 -0.0115661 0)
(0.625616 0.0107585 0)
(0.702874 0.0419276 0)
(0.840323 0.0644178 0)
(1.01566 0.0872613 0)
(1.23212 0.119693 0)
(1.2499 0.0978513 0)
(1.91601 0.14655 0)
(1.45102 0.00643927 0)
(2.52376 0.184656 0)
(1.62496 -0.0548598 0)
(2.78878 0.109975 0)
(1.60935 -0.0354163 0)
(3.2867 0.15813 0)
(1.89608 -0.0586588 0)
(3.31467 0.114493 0)
(2.05505 -0.0710004 0)
(3.48033 0.110824 0)
(2.21817 -0.073118 0)
(3.54873 0.106611 0)
(2.29031 -0.0705186 0)
(3.68287 0.119452 0)
(2.32195 -0.0644125 0)
(3.94224 0.136707 0)
(2.35916 -0.0720389 0)
(4.24086 0.131163 0)
(2.39998 -0.0855967 0)
(4.42434 0.136687 0)
(2.46263 -0.0947777 0)
(4.55997 0.148063 0)
(2.58051 -0.099215 0)
(4.7632 0.167076 0)
(2.74893 -0.101093 0)
(5.01889 0.179459 0)
(2.92701 -0.105517 0)
(5.28996 0.172113 0)
(3.05347 -0.114987 0)
(5.54082 0.159458 0)
(3.11015 -0.132145 0)
(5.75827 0.159248 0)
(3.13272 -0.153077 0)
(5.90162 0.184388 0)
(3.17869 -0.179737 0)
(5.99137 0.230547 0)
(3.28072 -0.216759 0)
(6.03809 0.292353 0)
(3.4594 -0.26265 0)
(6.03298 0.368581 0)
(3.73511 -0.309002 0)
(5.99475 0.451096 0)
(4.13286 -0.344205 0)
(5.97457 0.521054 0)
(4.6512 -0.341225 0)
(6.07173 0.555055 0)
(5.28686 -0.262205 0)
(6.44126 0.519249 0)
(6.05431 -0.0868307 0)
(7.18664 0.389177 0)
(6.97114 0.118136 0)
(8.22449 0.270017 0)
(8.02278 0.168724 0)
(9.31698 0.20613 0)
(1.87071 0.0268923 0)
(1.8207 -0.00549978 0)
(1.75518 -0.0083567 0)
(1.67307 -0.0108822 0)
(1.56974 -0.0137279 0)
(1.44425 -0.0142146 0)
(1.30414 -0.0125356 0)
(1.16031 -0.009895 0)
(1.02207 -0.00747171 0)
(0.893886 -0.00553796 0)
(0.780832 -0.00250944 0)
(0.685384 0.00193558 0)
(0.606335 0.00590075 0)
(0.545879 0.00876916 0)
(0.499833 0.00947882 0)
(0.461804 0.0085829 0)
(0.431456 0.00740431 0)
(0.406372 0.00574284 0)
(0.384261 0.00354629 0)
(0.361248 -0.000198533 0)
(0.345604 -0.00249431 0)
(0.351214 -0.000734845 0)
(0.369216 -0.00259011 0)
(0.368266 -0.0109278 0)
(0.346519 -0.0181438 0)
(0.329193 -0.0209558 0)
(0.312823 -0.023023 0)
(0.296428 -0.0249324 0)
(0.289152 -0.0238099 0)
(0.29081 -0.0222973 0)
(0.292123 -0.0214201 0)
(0.279187 -0.0221782 0)
(0.236181 -0.0219323 0)
(0.180056 -0.0184437 0)
(0.123044 -0.0149254 0)
(0.0637145 -0.0150168 0)
(-0.00313963 -0.0192745 0)
(-0.0714112 -0.0215532 0)
(-0.123195 -0.0178925 0)
(-0.135486 -0.0120578 0)
(-0.104799 -0.00618381 0)
(-0.0507705 -0.00536021 0)
(0.062347 0.00529394 0)
(0.232475 0.0254271 0)
(0.265401 0.006836 0)
(0.72796 0.0280846 0)
(0.430211 -0.0458722 0)
(0.939026 0.0559705 0)
(0.705135 -0.0181694 0)
(1.06515 0.0443655 0)
(0.776699 -0.052488 0)
(1.17844 0.00975637 0)
(0.832714 -0.00815834 0)
(1.34894 0.0295251 0)
(0.928995 -0.0354967 0)
(1.38353 0.0224236 0)
(0.980529 -0.0310659 0)
(1.43671 0.0307186 0)
(1.03338 -0.0343266 0)
(1.50874 0.0311668 0)
(1.07827 -0.0409672 0)
(1.61424 0.0254315 0)
(1.11971 -0.053934 0)
(1.70248 0.0162649 0)
(1.12029 -0.0492739 0)
(1.78366 0.012903 0)
(1.12575 -0.0479121 0)
(1.859 0.0158407 0)
(1.16049 -0.0511219 0)
(1.93709 0.0231219 0)
(1.22835 -0.0492376 0)
(2.04111 0.0303362 0)
(1.31692 -0.0458339 0)
(2.15626 0.034001 0)
(1.37593 -0.0446028 0)
(2.27467 0.0337483 0)
(1.37555 -0.0451136 0)
(2.39776 0.0335021 0)
(1.33874 -0.0452572 0)
(2.50431 0.0356316 0)
(1.3203 -0.0474916 0)
(2.61404 0.0395918 0)
(1.33608 -0.0529506 0)
(2.73806 0.0461111 0)
(1.40447 -0.0630265 0)
(2.86761 0.0572109 0)
(1.56008 -0.0799211 0)
(2.9915 0.0752674 0)
(1.84126 -0.100584 0)
(3.10621 0.0989024 0)
(2.26765 -0.116516 0)
(3.2462 0.117636 0)
(2.81948 -0.113008 0)
(3.50265 0.115863 0)
(3.43273 -0.077624 0)
(3.96875 0.07189 0)
(4.00604 -0.0187124 0)
(4.58703 0.00183216 0)
(4.4864 0.01386 0)
(5.227 -0.0841115 0)
(0.17975 -0.0826438 0)
(0.622648 -0.0935124 0)
(1.209 -0.0712299 0)
(1.57421 0.0216069 0)
(1.5529 0.0583919 0)
(1.41529 0.0639859 0)
(1.14312 0.0772975 0)
(0.752717 0.0654025 0)
(0.293905 0.0440976 0)
(-0.0629617 0.0241465 0)
(-0.201782 0.0300981 0)
(-0.297557 0.0305668 0)
(-0.330386 0.00399169 0)
(-0.370918 0.00158572 0)
(-0.378856 0.017113 0)
(-0.373689 0.0276055 0)
(-0.346389 0.0277194 0)
(-0.350268 0.0305587 0)
(-0.420446 0.0483274 0)
(-0.651083 0.0763183 0)
(-1.02382 0.0594428 0)
(-1.18357 0.0232137 0)
(-1.20962 0.0202457 0)
(-1.18762 0.0200649 0)
(-1.04343 0.0157152 0)
(-0.824699 0.00801309 0)
(-0.612843 -0.000218997 0)
(-0.464248 0.00973179 0)
(-0.349871 0.00358355 0)
(-0.219582 0.0085852 0)
(-0.0683701 -0.00745905 0)
(0.136847 -0.0146995 0)
(0.429351 -0.0244448 0)
(0.691475 -0.0171659 0)
(0.979587 -0.0133288 0)
(1.17102 0.00785274 0)
(1.34309 0.0123989 0)
(1.41696 0.0268574 0)
(1.47551 0.0265627 0)
(1.42732 0.0356098 0)
(1.4312 0.0201486 0)
(1.36209 0.0257211 0)
(1.33278 0.0122692 0)
(1.2439 0.0198075 0)
(1.15758 0.0164153 0)
(1.06475 0.0204431 0)
(0.992626 0.0100278 0)
(0.9469 0.0127365 0)
(0.898154 0.00315568 0)
(0.872694 0.00851456 0)
(0.831594 -0.00208906 0)
(0.832605 0.000691825 0)
(0.819977 -0.00726005 0)
(0.846187 -0.00668559 0)
(0.872707 -0.00987285 0)
(0.916654 -0.00934221 0)
(0.957579 -0.00717226 0)
(0.988121 -0.00523054 0)
(1.0114 -0.00321546 0)
(1.02182 -0.00140112 0)
(1.02983 -0.000950823 0)
(1.02918 0.000359441 0)
(1.02898 4.78608e-05 0)
(1.02482 0.000279444 0)
(1.02436 4.56988e-05 0)
(1.01925 0.000235989 0)
(1.01878 -0.000267534 0)
(1.01195 0.000524859 0)
(1.00667 6.68845e-05 0)
(0.995541 0.00123517 0)
(0.984704 0.00106097 0)
(0.966586 0.0026879 0)
(0.944381 0.00301042 0)
(0.915086 0.00446679 0)
(0.88283 0.00465468 0)
(0.845735 0.00611172 0)
(0.803175 0.00641996 0)
(0.756354 0.00763411 0)
(0.702777 0.00795728 0)
(0.645519 0.00874551 0)
(0.580875 0.00884042 0)
(0.512963 0.0092484 0)
(0.438352 0.00884372 0)
(0.361694 0.00881481 0)
(0.280622 0.00705011 0)
(0.202529 0.00514874 0)
(0.128258 0.000721014 0)
(0.0662332 -0.00158539 0)
(0.0133014 -0.00434986 0)
(-0.0274777 -0.00238149 0)
(-0.0653193 -0.00375493 0)
(-0.0917266 -0.00611033 0)
(-0.0812623 -0.0192409 0)
(-0.0181441 -0.0216274 0)
(-0.0110067 -0.00416458 0)
(-0.163376 0.0349447 0)
(-0.570386 0.0756949 0)
(-1.02777 0.0822518 0)
(-1.01019 -0.0338547 0)
(-0.371574 -0.15592 0)
(0.128988 -0.250552 0)
(0.624776 -0.350701 0)
(1.22369 -0.349695 0)
(1.65672 -0.130722 0)
(1.89913 0.0034476 0)
(1.81702 0.11068 0)
(1.55298 0.223321 0)
(1.12108 0.266745 0)
(0.663704 0.277082 0)
(0.151029 0.185223 0)
(-0.207644 0.0739514 0)
(-0.434725 0.044031 0)
(-0.637424 0.0239825 0)
(-0.879094 0.0220824 0)
(-0.995779 0.00123018 0)
(-1.001 -0.0189024 0)
(-1.02733 -0.0125754 0)
(-1.0783 0.0201824 0)
(-1.25964 0.100626 0)
(-1.33278 0.195921 0)
(-1.55767 0.173214 0)
(-1.64699 0.0520097 0)
(-1.62089 -0.0114765 0)
(-1.46201 -0.0938967 0)
(-1.22724 -0.155952 0)
(-0.848658 -0.175725 0)
(-0.558331 -0.15663 0)
(-0.249241 -0.112079 0)
(0.027097 -0.113094 0)
(0.282017 -0.0997249 0)
(0.639257 -0.140725 0)
(0.913462 -0.175181 0)
(1.38525 -0.214739 0)
(1.69413 -0.192458 0)
(2.14053 -0.19773 0)
(2.39115 -0.13137 0)
(2.72977 -0.120918 0)
(2.88144 -0.0573054 0)
(3.08066 -0.0355368 0)
(3.11376 0.0125885 0)
(3.22704 -0.00234334 0)
(3.17239 0.0452179 0)
(3.18276 0.0282845 0)
(3.00818 0.0797847 0)
(2.93461 0.0527736 0)
(2.76776 0.0777772 0)
(2.71323 0.0290351 0)
(2.61728 0.0522457 0)
(2.60014 0.0141447 0)
(2.5315 0.0438148 0)
(2.50469 0.00700445 0)
(2.48054 0.0214993 0)
(2.46428 -0.00453575 0)
(2.46923 -0.00732158 0)
(2.48664 -0.0197292 0)
(2.50914 -0.0245869 0)
(2.54132 -0.0204995 0)
(2.55675 -0.0148984 0)
(2.56909 -0.00890512 0)
(2.56705 -0.00280036 0)
(2.57014 -0.000380095 0)
(2.55784 0.00353606 0)
(2.56032 0.00372448 0)
(2.54694 0.00455812 0)
(2.54788 0.0036584 0)
(2.53771 0.00486919 0)
(2.53534 0.00345373 0)
(2.51981 0.0071462 0)
(2.5091 0.00605758 0)
(2.4826 0.0103667 0)
(2.46426 0.00999508 0)
(2.4298 0.0165223 0)
(2.39837 0.0179972 0)
(2.35405 0.0236553 0)
(2.3121 0.0240607 0)
(2.26188 0.0292461 0)
(2.20873 0.0311072 0)
(2.14704 0.0360075 0)
(2.07798 0.039251 0)
(1.99979 0.0437631 0)
(1.91041 0.0480916 0)
(1.8107 0.0519093 0)
(1.69792 0.0564534 0)
(1.57225 0.0590982 0)
(1.43202 0.06255 0)
(1.27632 0.0613578 0)
(1.10654 0.0599609 0)
(0.921659 0.0521299 0)
(0.734269 0.0466774 0)
(0.553358 0.036843 0)
(0.392386 0.0341785 0)
(0.247024 0.0139565 0)
(0.1374 -0.0107457 0)
(0.0642553 -0.0167982 0)
(-0.0367995 0.0655149 0)
(-0.304884 0.18736 0)
(-0.776726 0.269203 0)
(-1.1271 0.109217 0)
(-0.908318 -0.221782 0)
(-0.339425 -0.486202 0)
(0.0853924 -0.386717 0)
(0.587767 -0.59013 0)
(0.978766 -0.550469 0)
(1.32502 -0.254357 0)
(1.63041 -0.0407223 0)
(1.46731 0.184669 0)
(1.31641 0.379651 0)
(0.896542 0.406261 0)
(0.649265 0.442463 0)
(0.196519 0.386424 0)
(-0.298583 0.270162 0)
(-0.706375 0.212259 0)
(-1.11163 0.162936 0)
(-1.42818 0.109142 0)
(-1.57558 0.038679 0)
(-1.58954 0.00343431 0)
(-1.74866 0.0248482 0)
(-1.84897 0.0583104 0)
(-1.99572 0.110955 0)
(-1.8524 0.167401 0)
(-1.73215 0.176313 0)
(-1.68509 0.0295846 0)
(-1.56299 -0.0721547 0)
(-1.32462 -0.180836 0)
(-1.10384 -0.273684 0)
(-0.752692 -0.316608 0)
(-0.399672 -0.31084 0)
(-0.07135 -0.266492 0)
(0.372678 -0.264674 0)
(0.661507 -0.24915 0)
(1.16368 -0.308503 0)
(1.45123 -0.342661 0)
(1.97443 -0.399194 0)
(2.28041 -0.356389 0)
(2.74234 -0.359487 0)
(3.02166 -0.254719 0)
(3.3469 -0.234678 0)
(3.56929 -0.137771 0)
(3.76801 -0.102319 0)
(3.91447 -0.0317474 0)
(4.03772 -0.0374948 0)
(4.09119 0.04249 0)
(4.09741 0.0479829 0)
(3.97284 0.124849 0)
(3.93015 0.086398 0)
(3.78087 0.127902 0)
(3.77546 0.0428278 0)
(3.64733 0.0789737 0)
(3.69565 0.0102744 0)
(3.57522 0.0695507 0)
(3.60579 0.000458132 0)
(3.53581 0.0353522 0)
(3.56239 -0.0101494 0)
(3.54583 -0.00647712 0)
(3.58516 -0.0263925 0)
(3.59555 -0.031057 0)
(3.62881 -0.0269541 0)
(3.63952 -0.0162075 0)
(3.64319 -0.00764417 0)
(3.62458 -6.49342e-05 0)
(3.62169 0.00253026 0)
(3.59051 0.00655755 0)
(3.59186 0.00467635 0)
(3.57214 0.00798837 0)
(3.57074 0.00480397 0)
(3.56384 0.00885811 0)
(3.56669 0.0075262 0)
(3.55616 0.01509 0)
(3.55369 0.0153057 0)
(3.52623 0.0234974 0)
(3.50796 0.0221951 0)
(3.46939 0.032847 0)
(3.43869 0.0336543 0)
(3.39617 0.0430271 0)
(3.35907 0.0421353 0)
(3.31558 0.0512719 0)
(3.27027 0.0534966 0)
(3.21723 0.0639202 0)
(3.15405 0.0689061 0)
(3.08403 0.0803563 0)
(2.99498 0.0873293 0)
(2.90073 0.0996996 0)
(2.77904 0.107553 0)
(2.6522 0.121493 0)
(2.48812 0.12899 0)
(2.31825 0.142931 0)
(2.10315 0.14563 0)
(1.88283 0.154775 0)
(1.61244 0.145709 0)
(1.34801 0.143571 0)
(1.04753 0.122248 0)
(0.793057 0.105624 0)
(0.529767 0.0494542 0)
(0.333086 0.0521777 0)
(0.116194 0.152567 0)
(-0.134473 0.35055 0)
(-0.560215 0.403812 0)
(-0.804789 0.166059 0)
(-0.609115 -0.360218 0)
(-0.256823 -0.726959 0)
(0.105647 -0.535538 0)
(0.473473 -0.748783 0)
(0.650718 -0.68827 0)
(0.948534 -0.362165 0)
(1.11077 -0.0646478 0)
(0.915019 0.244938 0)
(0.828541 0.484863 0)
(0.473454 0.511349 0)
(0.284124 0.569661 0)
(-0.103719 0.584535 0)
(-0.624294 0.485952 0)
(-1.11837 0.407521 0)
(-1.59746 0.319542 0)
(-1.87947 0.195196 0)
(-2.0238 0.0781037 0)
(-2.0764 0.0505843 0)
(-2.27129 0.0801855 0)
(-2.33737 0.0738328 0)
(-2.33939 0.0828062 0)
(-2.05379 0.081351 0)
(-1.7299 0.103452 0)
(-1.5135 -0.0393551 0)
(-1.33418 -0.170423 0)
(-1.09577 -0.280991 0)
(-0.842106 -0.389092 0)
(-0.562954 -0.464644 0)
(-0.113547 -0.478504 0)
(0.201149 -0.442185 0)
(0.702853 -0.447294 0)
(1.01058 -0.426353 0)
(1.54137 -0.489535 0)
(1.86148 -0.511797 0)
(2.35111 -0.574125 0)
(2.69706 -0.513947 0)
(3.10692 -0.514502 0)
(3.41124 -0.374964 0)
(3.6938 -0.342722 0)
(3.92588 -0.226849 0)
(4.10784 -0.179518 0)
(4.26464 -0.0889835 0)
(4.369 -0.084367 0)
(4.46551 0.0227341 0)
(4.50799 0.0589752 0)
(4.421 0.147782 0)
(4.42307 0.103757 0)
(4.28859 0.154681 0)
(4.34853 0.0538901 0)
(4.19592 0.0972134 0)
(4.29348 0.0132373 0)
(4.13414 0.0983035 0)
(4.22467 -0.00183993 0)
(4.0936 0.0502223 0)
(4.17182 -0.0234213 0)
(4.11376 -0.0139229 0)
(4.17544 -0.045132 0)
(4.17394 -0.043428 0)
(4.21219 -0.0369945 0)
(4.23168 -0.0190949 0)
(4.2508 -0.00149212 0)
(4.23285 0.00922563 0)
(4.23662 0.0137508 0)
(4.20041 0.0186012 0)
(4.19899 0.0110606 0)
(4.17407 0.0139385 0)
(4.1662 0.00609662 0)
(4.15425 0.0071665 0)
(4.15546 0.00489878 0)
(4.14878 0.0140206 0)
(4.1553 0.0178892 0)
(4.13952 0.031494 0)
(4.13392 0.0332249 0)
(4.09879 0.0470808 0)
(4.07951 0.0484623 0)
(4.03632 0.0583128 0)
(4.01693 0.0578139 0)
(3.97256 0.0668399 0)
(3.95765 0.0722926 0)
(3.90401 0.0838731 0)
(3.88315 0.0954195 0)
(3.8107 0.108371 0)
(3.77388 0.125692 0)
(3.6736 0.139191 0)
(3.61035 0.161805 0)
(3.47061 0.176343 0)
(3.36528 0.204365 0)
(3.16918 0.217462 0)
(3.00376 0.247089 0)
(2.73532 0.252637 0)
(2.49537 0.277435 0)
(2.14845 0.264205 0)
(1.84087 0.273665 0)
(1.44518 0.225229 0)
(1.12111 0.19609 0)
(0.734322 0.13919 0)
(0.487926 0.281053 0)
(0.179925 0.452446 0)
(-0.151676 0.56291 0)
(-0.406326 0.168867 0)
(-0.314932 -0.42337 0)
(-0.176482 -0.892371 0)
(0.0881329 -0.629745 0)
(0.249295 -0.856433 0)
(0.299102 -0.763952 0)
(0.463962 -0.400177 0)
(0.463512 -0.0455687 0)
(0.273655 0.313104 0)
(0.193968 0.580672 0)
(-0.0981377 0.616023 0)
(-0.299907 0.685781 0)
(-0.599326 0.772147 0)
(-1.11724 0.695982 0)
(-1.56473 0.604497 0)
(-2.00918 0.453622 0)
(-2.13519 0.260207 0)
(-2.2899 0.136008 0)
(-2.35266 0.102043 0)
(-2.48242 0.113079 0)
(-2.45138 0.0480266 0)
(-2.29789 -0.00459187 0)
(-1.93892 -0.058458 0)
(-1.56156 -0.0533819 0)
(-1.22476 -0.158081 0)
(-1.00653 -0.272261 0)
(-0.778786 -0.380116 0)
(-0.465078 -0.493423 0)
(-0.189811 -0.606686 0)
(0.301576 -0.642161 0)
(0.657018 -0.596801 0)
(1.13617 -0.603461 0)
(1.46549 -0.574507 0)
(1.95462 -0.651997 0)
(2.30673 -0.669595 0)
(2.74136 -0.734015 0)
(3.09837 -0.667219 0)
(3.44615 -0.647335 0)
(3.73167 -0.485327 0)
(3.96739 -0.43106 0)
(4.17254 -0.298103 0)
(4.32191 -0.235277 0)
(4.45118 -0.116463 0)
(4.52679 -0.113533 0)
(4.59686 -0.004203 0)
(4.6604 0.0507081 0)
(4.63571 0.172657 0)
(4.6602 0.129839 0)
(4.54612 0.177609 0)
(4.62736 0.0657915 0)
(4.48663 0.112579 0)
(4.59661 0.0215147 0)
(4.41916 0.118049 0)
(4.55946 0.000169969 0)
(4.38881 0.0717279 0)
(4.50701 -0.0311867 0)
(4.4218 -0.0143107 0)
(4.47959 -0.0594698 0)
(4.47299 -0.0535868 0)
(4.48862 -0.0544977 0)
(4.51409 -0.0315641 0)
(4.52068 -0.00960789 0)
(4.52403 0.00892384 0)
(4.50897 0.0124473 0)
(4.48998 0.0238422 0)
(4.47738 0.0120123 0)
(4.46282 0.0222234 0)
(4.44773 0.00859162 0)
(4.44372 0.0131133 0)
(4.42223 0.00316429 0)
(4.43154 0.014686 0)
(4.40177 0.012903 0)
(4.42608 0.0328381 0)
(4.38848 0.0340106 0)
(4.40988 0.056847 0)
(4.34528 0.0550415 0)
(4.36402 0.0701788 0)
(4.28641 0.0638732 0)
(4.32119 0.0766494 0)
(4.24412 0.0775691 0)
(4.28764 0.0957443 0)
(4.20268 0.104097 0)
(4.24193 0.12688 0)
(4.14309 0.141124 0)
(4.16902 0.168914 0)
(4.04996 0.187875 0)
(4.05007 0.224485 0)
(3.89741 0.248227 0)
(3.84805 0.295341 0)
(3.63604 0.318388 0)
(3.50328 0.370583 0)
(3.20012 0.380901 0)
(2.95842 0.42564 0)
(2.5502 0.404847 0)
(2.21309 0.42076 0)
(1.72447 0.333994 0)
(1.33797 0.329973 0)
(0.864882 0.360328 0)
(0.701862 0.62442 0)
(0.223558 0.627166 0)
(0.153111 0.280991 0)
(-0.101635 -0.46218 0)
(0.0511616 -0.95336 0)
(0.0200204 -0.675813 0)
(-0.017464 -0.86196 0)
(-0.122286 -0.77366 0)
(-0.102189 -0.381836 0)
(-0.213312 0.0103411 0)
(-0.408768 0.381362 0)
(-0.468104 0.652282 0)
(-0.697693 0.699783 0)
(-0.869831 0.776298 0)
(-1.09961 0.912846 0)
(-1.61328 0.876702 0)
(-1.88224 0.755617 0)
(-2.23458 0.530804 0)
(-2.19765 0.28828 0)
(-2.35082 0.179225 0)
(-2.39485 0.127203 0)
(-2.40685 0.102708 0)
(-2.28083 -0.00980499 0)
(-2.0133 -0.118049 0)
(-1.64772 -0.19938 0)
(-1.2511 -0.21152 0)
(-0.869674 -0.286797 0)
(-0.594954 -0.375915 0)
(-0.375609 -0.489449 0)
(-0.0150779 -0.618249 0)
(0.323799 -0.754441 0)
(0.810013 -0.818692 0)
(1.2029 -0.762595 0)
(1.64296 -0.771827 0)
(2.00361 -0.740709 0)
(2.45805 -0.822354 0)
(2.8242 -0.836491 0)
(3.20813 -0.896968 0)
(3.55002 -0.820427 0)
(3.82872 -0.77625 0)
(4.08134 -0.603057 0)
(4.27181 -0.519167 0)
(4.43156 -0.379524 0)
(4.54779 -0.298755 0)
(4.63118 -0.164151 0)
(4.69996 -0.149329 0)
(4.72556 -0.0328899 0)
(4.78299 0.0424524 0)
(4.77511 0.179222 0)
(4.80873 0.136843 0)
(4.72236 0.193507 0)
(4.80498 0.0720127 0)
(4.68168 0.130594 0)
(4.82335 0.0271856 0)
(4.60809 0.129582 0)
(4.79087 -0.00178009 0)
(4.57477 0.0817894 0)
(4.72954 -0.0335688 0)
(4.61427 -0.00622203 0)
(4.70182 -0.0564852 0)
(4.65472 -0.049664 0)
(4.69529 -0.0542887 0)
(4.67286 -0.0342106 0)
(4.70292 -0.00740323 0)
(4.68561 0.0146032 0)
(4.6907 0.0267116 0)
(4.63864 0.0298368 0)
(4.64731 0.0214458 0)
(4.58866 0.0244612 0)
(4.61671 0.0134461 0)
(4.55393 0.0170392 0)
(4.61351 0.00869197 0)
(4.53023 0.0226124 0)
(4.59139 0.0182244 0)
(4.49554 0.037065 0)
(4.57529 0.0392565 0)
(4.46507 0.0669398 0)
(4.54324 0.0667158 0)
(4.40693 0.084779 0)
(4.48938 0.0739492 0)
(4.35653 0.0869522 0)
(4.45918 0.0841988 0)
(4.32618 0.103814 0)
(4.43867 0.111815 0)
(4.29885 0.135226 0)
(4.41203 0.153129 0)
(4.26478 0.178651 0)
(4.36933 0.207888 0)
(4.21339 0.238896 0)
(4.29398 0.284214 0)
(4.11862 0.322996 0)
(4.14522 0.386722 0)
(3.92237 0.427367 0)
(3.84473 0.503092 0)
(3.52892 0.525703 0)
(3.2946 0.591062 0)
(2.85585 0.561043 0)
(2.46118 0.581287 0)
(1.89646 0.469414 0)
(1.43106 0.572875 0)
(1.08649 0.6702 0)
(0.841769 0.832835 0)
(0.486209 0.319733 0)
(0.359209 -0.32311 0)
(-0.0172246 -0.941471 0)
(-0.0707839 -0.618027 0)
(-0.268553 -0.806372 0)
(-0.549964 -0.711236 0)
(-0.675198 -0.308352 0)
(-0.854084 0.074236 0)
(-1.05925 0.447189 0)
(-1.09944 0.707282 0)
(-1.24098 0.74378 0)
(-1.37709 0.836469 0)
(-1.57577 1.02532 0)
(-1.95938 1.00574 0)
(-2.01003 0.842614 0)
(-2.19169 0.5651 0)
(-2.09635 0.301264 0)
(-2.19001 0.202723 0)
(-2.22739 0.127353 0)
(-2.11599 0.0590794 0)
(-1.92716 -0.0965754 0)
(-1.61423 -0.247393 0)
(-1.25778 -0.341181 0)
(-0.828213 -0.373452 0)
(-0.414659 -0.424626 0)
(-0.0695769 -0.48871 0)
(0.155377 -0.599378 0)
(0.528187 -0.765386 0)
(0.931923 -0.927221 0)
(1.41209 -0.999554 0)
(1.79387 -0.938107 0)
(2.23746 -0.94154 0)
(2.61272 -0.905285 0)
(3.05962 -0.984293 0)
(3.42337 -0.984875 0)
(3.75928 -1.03075 0)
(4.08375 -0.940533 0)
(4.30075 -0.86781 0)
(4.51083 -0.682313 0)
(4.65826 -0.569501 0)
(4.77677 -0.419717 0)
(4.84654 -0.324572 0)
(4.89781 -0.17635 0)
(4.94314 -0.14662 0)
(4.92932 -0.0381344 0)
(4.92281 0.0311558 0)
(4.9009 0.167826 0)
(4.94548 0.13865 0)
(4.88081 0.201416 0)
(4.97142 0.0707918 0)
(4.84117 0.129918 0)
(5.00519 0.0248205 0)
(4.8102 0.151437 0)
(4.98485 -0.00135057 0)
(4.78806 0.100114 0)
(4.89607 -0.0380997 0)
(4.79991 -0.00753695 0)
(4.85238 -0.0653655 0)
(4.82649 -0.0498537 0)
(4.83124 -0.0622019 0)
(4.83928 -0.0339466 0)
(4.81941 -0.0207773 0)
(4.85432 0.0203732 0)
(4.8064 0.0284754 0)
(4.82428 0.0470261 0)
(4.74391 0.0279414 0)
(4.77758 0.039025 0)
(4.65536 0.0191757 0)
(4.74004 0.020944 0)
(4.62709 0.0082017 0)
(4.71752 0.0291565 0)
(4.58321 0.0237013 0)
(4.68966 0.0429524 0)
(4.53743 0.0449259 0)
(4.6561 0.0732521 0)
(4.47803 0.0790989 0)
(4.59856 0.0953941 0)
(4.39788 0.0859533 0)
(4.54479 0.0904224 0)
(4.3473 0.0926021 0)
(4.52327 0.102948 0)
(4.32464 0.120496 0)
(4.51244 0.134913 0)
(4.30849 0.163364 0)
(4.49941 0.18111 0)
(4.29322 0.219132 0)
(4.47995 0.247305 0)
(4.27154 0.297738 0)
(4.43811 0.346107 0)
(4.2177 0.408714 0)
(4.33217 0.482891 0)
(4.07355 0.548715 0)
(4.07713 0.642494 0)
(3.72997 0.684159 0)
(3.5366 0.767571 0)
(3.05135 0.733483 0)
(2.60071 0.76652 0)
(1.95488 0.66791 0)
(1.62291 0.89827 0)
(1.23897 0.848956 0)
(1.09779 0.550864 0)
(0.509451 -0.273874 0)
(0.337403 -0.767041 0)
(-0.149251 -0.516093 0)
(-0.524403 -0.663786 0)
(-0.965008 -0.595188 0)
(-1.17389 -0.215486 0)
(-1.43266 0.152853 0)
(-1.64774 0.506481 0)
(-1.60638 0.737309 0)
(-1.71414 0.777891 0)
(-1.81237 0.910113 0)
(-1.95366 1.12083 0)
(-2.06413 1.06798 0)
(-2.00499 0.87401 0)
(-1.93468 0.55636 0)
(-1.86741 0.303337 0)
(-1.84135 0.21649 0)
(-1.87417 0.108528 0)
(-1.68265 -0.0196046 0)
(-1.44803 -0.206888 0)
(-1.10626 -0.382099 0)
(-0.773618 -0.485104 0)
(-0.314916 -0.55084 0)
(0.111697 -0.585597 0)
(0.537764 -0.621071 0)
(0.807975 -0.709004 0)
(1.21246 -0.909243 0)
(1.63603 -1.1064 0)
(2.09772 -1.17811 0)
(2.46084 -1.11037 0)
(2.91132 -1.11334 0)
(3.27905 -1.07791 0)
(3.71236 -1.15026 0)
(4.05923 -1.13093 0)
(4.34726 -1.16169 0)
(4.6324 -1.0554 0)
(4.80018 -0.951927 0)
(4.96048 -0.754134 0)
(5.0657 -0.616331 0)
(5.14547 -0.452753 0)
(5.17591 -0.346067 0)
(5.19225 -0.19143 0)
(5.20871 -0.155275 0)
(5.18618 -0.0294545 0)
(5.16432 0.0425103 0)
(5.112 0.168725 0)
(5.13759 0.133131 0)
(5.05977 0.182588 0)
(5.16598 0.0685592 0)
(5.007 0.123396 0)
(5.17863 0.0182951 0)
(4.97559 0.155135 0)
(5.17372 -0.00752331 0)
(4.97435 0.12037 0)
(5.12734 -0.0385644 0)
(4.99195 -0.000493725 0)
(5.05873 -0.0687383 0)
(4.99057 -0.0501535 0)
(5.01442 -0.0645414 0)
(4.97537 -0.0360503 0)
(4.99577 -0.0224845 0)
(4.94939 0.0183926 0)
(4.99136 0.0349229 0)
(4.9131 0.0554095 0)
(4.9794 0.0401255 0)
(4.82711 0.0630505 0)
(4.9085 0.0269414 0)
(4.7754 0.0350398 0)
(4.83904 0.0155505 0)
(4.69725 0.0466231 0)
(4.78689 0.0263589 0)
(4.65048 0.0610318 0)
(4.74152 0.0489903 0)
(4.57708 0.0942836 0)
(4.68061 0.0875289 0)
(4.49152 0.121402 0)
(4.61001 0.0932554 0)
(4.40821 0.112185 0)
(4.56141 0.0903574 0)
(4.36052 0.118794 0)
(4.5417 0.11217 0)
(4.33265 0.149245 0)
(4.53456 0.152344 0)
(4.31611 0.195129 0)
(4.53585 0.207792 0)
(4.30982 0.261935 0)
(4.53934 0.290127 0)
(4.30594 0.363898 0)
(4.52458 0.414645 0)
(4.27512 0.50878 0)
(4.44525 0.587718 0)
(4.15836 0.686952 0)
(4.22125 0.791932 0)
(3.84265 0.857888 0)
(3.68647 0.961047 0)
(3.14409 0.926412 0)
(2.6113 0.98557 0)
(2.0673 0.93248 0)
(1.7121 1.1094 0)
(1.41738 0.613913 0)
(0.874349 0.0678634 0)
(0.0784434 -0.654607 0)
(-0.240989 -0.314288 0)
(-0.753174 -0.475591 0)
(-1.32956 -0.440822 0)
(-1.59622 -0.089048 0)
(-1.93006 0.246193 0)
(-2.1115 0.534616 0)
(-1.99299 0.739411 0)
(-2.07327 0.805989 0)
(-2.09077 0.962912 0)
(-2.12918 1.14331 0)
(-1.98207 1.04592 0)
(-1.89968 0.838016 0)
(-1.59333 0.494391 0)
(-1.53764 0.271783 0)
(-1.39545 0.197932 0)
(-1.35798 0.0711343 0)
(-1.09348 -0.112067 0)
(-0.850351 -0.325829 0)
(-0.490094 -0.515114 0)
(-0.171195 -0.623315 0)
(0.291395 -0.720628 0)
(0.707775 -0.760968 0)
(1.19365 -0.781142 0)
(1.51319 -0.847564 0)
(1.99417 -1.07529 0)
(2.41702 -1.28051 0)
(2.83411 -1.34883 0)
(3.18334 -1.27992 0)
(3.60736 -1.27753 0)
(3.97121 -1.23879 0)
(4.38555 -1.30393 0)
(4.69547 -1.25974 0)
(4.95699 -1.26858 0)
(5.19643 -1.13674 0)
(5.31753 -1.00356 0)
(5.4287 -0.792821 0)
(5.48158 -0.636809 0)
(5.53776 -0.457872 0)
(5.52582 -0.343097 0)
(5.52479 -0.18644 0)
(5.51036 -0.141685 0)
(5.47962 -0.0232239 0)
(5.41299 0.0450217 0)
(5.38279 0.180211 0)
(5.40504 0.152663 0)
(5.31819 0.193272 0)
(5.4043 0.0825438 0)
(5.22807 0.128265 0)
(5.36598 0.0200055 0)
(5.13642 0.159707 0)
(5.36425 -0.0111152 0)
(5.1496 0.126441 0)
(5.35629 -0.0431241 0)
(5.21138 0.00917243 0)
(5.27597 -0.0665348 0)
(5.20818 -0.0366208 0)
(5.20223 -0.0582928 0)
(5.17858 -0.0220077 0)
(5.13811 -0.0129083 0)
(5.13503 0.0311876 0)
(5.07187 0.0403005 0)
(5.12767 0.0599988 0)
(5.01762 0.0604132 0)
(5.05547 0.0743791 0)
(4.97583 0.035516 0)
(4.99327 0.0528919 0)
(4.86756 0.0360468 0)
(4.90598 0.05515 0)
(4.78792 0.0361596 0)
(4.83888 0.0664941 0)
(4.69196 0.0685602 0)
(4.75046 0.102902 0)
(4.5969 0.108136 0)
(4.68178 0.130094 0)
(4.50454 0.112542 0)
(4.60668 0.115335 0)
(4.42374 0.102612 0)
(4.56142 0.114822 0)
(4.37606 0.123198 0)
(4.54443 0.14133 0)
(4.34835 0.164465 0)
(4.54637 0.183203 0)
(4.33337 0.221226 0)
(4.56353 0.245339 0)
(4.33118 0.305529 0)
(4.58828 0.345976 0)
(4.33469 0.436469 0)
(4.59043 0.500743 0)
(4.31139 0.622461 0)
(4.52052 0.709877 0)
(4.2035 0.845681 0)
(4.30472 0.957389 0)
(3.88564 1.05611 0)
(3.77273 1.18308 0)
(3.08304 1.12896 0)
(2.65038 1.2506 0)
(2.07019 1.10777 0)
(1.82492 0.951133 0)
(1.13362 0.195958 0)
(0.653511 -0.306613 0)
(-0.288816 -0.0933029 0)
(-0.953129 -0.233937 0)
(-1.62124 -0.248082 0)
(-1.9135 0.038335 0)
(-2.27028 0.327702 0)
(-2.39473 0.540266 0)
(-2.26141 0.719626 0)
(-2.23214 0.801163 0)
(-2.1776 0.965124 0)
(-2.07968 1.08353 0)
(-1.75049 0.960436 0)
(-1.60919 0.755936 0)
(-1.13902 0.403299 0)
(-1.06199 0.210336 0)
(-0.860872 0.137937 0)
(-0.743332 -0.0058863 0)
(-0.406406 -0.218826 0)
(-0.155588 -0.447493 0)
(0.214704 -0.657721 0)
(0.506332 -0.778904 0)
(0.973081 -0.906584 0)
(1.3765 -0.957 0)
(1.90728 -0.963007 0)
(2.27322 -1.01922 0)
(2.8104 -1.26566 0)
(3.23703 -1.45268 0)
(3.62007 -1.51049 0)
(3.92069 -1.44532 0)
(4.30563 -1.44806 0)
(4.65753 -1.40376 0)
(5.02782 -1.44853 0)
(5.31871 -1.37767 0)
(5.55597 -1.36738 0)
(5.73405 -1.2057 0)
(5.81383 -1.04652 0)
(5.8877 -0.814986 0)
(5.88442 -0.652894 0)
(5.93939 -0.457217 0)
(5.88383 -0.340285 0)
(5.87415 -0.175711 0)
(5.80809 -0.133491 0)
(5.8093 0.00448702 0)
(5.70778 0.0715834 0)
(5.65083 0.189376 0)
(5.636 0.146558 0)
(5.57046 0.190708 0)
(5.62157 0.087982 0)
(5.46688 0.152937 0)
(5.56548 0.0414514 0)
(5.33384 0.165322 0)
(5.55363 -0.021889 0)
(5.35035 0.126908 0)
(5.55714 -0.0613826 0)
(5.41906 0.0234689 0)
(5.49125 -0.0622568 0)
(5.41352 -0.0174942 0)
(5.41447 -0.0530548 0)
(5.34726 -0.00297334 0)
(5.34897 -0.00276434 0)
(5.26035 0.055992 0)
(5.28557 0.0382542 0)
(5.20921 0.0859343 0)
(5.21919 0.0645744 0)
(5.14992 0.0907198 0)
(5.15527 0.0451397 0)
(5.04477 0.0856756 0)
(5.06458 0.0425476 0)
(4.96663 0.0800897 0)
(4.96618 0.0439487 0)
(4.85914 0.10145 0)
(4.84469 0.0818189 0)
(4.74477 0.135077 0)
(4.74761 0.115489 0)
(4.65338 0.15854 0)
(4.65868 0.123806 0)
(4.55149 0.140826 0)
(4.58078 0.111143 0)
(4.47354 0.132421 0)
(4.54096 0.12558 0)
(4.42723 0.15301 0)
(4.53434 0.160605 0)
(4.40042 0.191503 0)
(4.55152 0.210869 0)
(4.38619 0.252142 0)
(4.58955 0.288758 0)
(4.38189 0.355464 0)
(4.63307 0.417045 0)
(4.37502 0.521779 0)
(4.64456 0.60912 0)
(4.34314 0.751718 0)
(4.56904 0.85748 0)
(4.24024 1.02739 0)
(4.3212 1.14722 0)
(3.92913 1.29607 0)
(3.713 1.41739 0)
(3.00957 1.35589 0)
(2.55502 1.46807 0)
(2.02221 1.02941 0)
(1.27883 0.672823 0)
(0.277044 -0.0801455 0)
(-0.360272 0.213995 0)
(-1.10445 0.0373946 0)
(-1.78651 -0.0379581 0)
(-2.1133 0.175234 0)
(-2.41206 0.409561 0)
(-2.47304 0.532964 0)
(-2.29617 0.671749 0)
(-2.17 0.752035 0)
(-2.01656 0.902241 0)
(-1.79516 0.957683 0)
(-1.3659 0.831583 0)
(-1.12406 0.633148 0)
(-0.573639 0.288348 0)
(-0.448452 0.141792 0)
(-0.202991 0.0750246 0)
(-0.0247813 -0.100646 0)
(0.34236 -0.349093 0)
(0.613859 -0.585964 0)
(0.992833 -0.803249 0)
(1.2588 -0.932184 0)
(1.73301 -1.08691 0)
(2.11755 -1.15413 0)
(2.64429 -1.15837 0)
(3.091 -1.20946 0)
(3.6592 -1.45142 0)
(4.07782 -1.61029 0)
(4.41587 -1.65108 0)
(4.67426 -1.57963 0)
(5.01383 -1.59304 0)
(5.32995 -1.54819 0)
(5.66154 -1.57945 0)
(5.92595 -1.49404 0)
(6.13604 -1.44617 0)
(6.25178 -1.25206 0)
(6.28547 -1.06956 0)
(6.33152 -0.81997 0)
(6.27437 -0.653683 0)
(6.32665 -0.44707 0)
(6.2409 -0.324659 0)
(6.22362 -0.154356 0)
(6.12694 -0.113454 0)
(6.1008 0.0215747 0)
(5.97917 0.0911226 0)
(5.93822 0.210177 0)
(5.9061 0.172208 0)
(5.82656 0.207091 0)
(5.83449 0.106115 0)
(5.67944 0.170025 0)
(5.74821 0.0513433 0)
(5.55785 0.175831 0)
(5.75242 -0.0289504 0)
(5.55945 0.122845 0)
(5.73798 -0.0849146 0)
(5.60243 0.0324392 0)
(5.67742 -0.0683506 0)
(5.61237 -0.0026122 0)
(5.59404 -0.0452496 0)
(5.52947 0.0086489 0)
(5.49742 0.00512714 0)
(5.4356 0.0624359 0)
(5.40658 0.0451478 0)
(5.36441 0.0914739 0)
(5.35315 0.0707736 0)
(5.31194 0.106323 0)
(5.25648 0.0656452 0)
(5.20121 0.101885 0)
(5.17068 0.0557217 0)
(5.09742 0.101966 0)
(5.05226 0.0681498 0)
(4.95931 0.125905 0)
(4.92851 0.103549 0)
(4.83258 0.150619 0)
(4.80959 0.133484 0)
(4.72356 0.173609 0)
(4.69802 0.143822 0)
(4.62378 0.155722 0)
(4.5968 0.125055 0)
(4.55865 0.141167 0)
(4.53526 0.13132 0)
(4.53349 0.155416 0)
(4.50344 0.16106 0)
(4.53586 0.1891 0)
(4.48662 0.209835 0)
(4.56508 0.244609 0)
(4.47659 0.288323 0)
(4.61893 0.343193 0)
(4.46085 0.421797 0)
(4.67651 0.508053 0)
(4.42269 0.627471 0)
(4.70337 0.74282 0)
(4.35006 0.900725 0)
(4.63754 1.04182 0)
(4.20762 1.22957 0)
(4.35891 1.39063 0)
(3.86517 1.54969 0)
(3.6377 1.66932 0)
(2.83488 1.53184 0)
(2.46422 1.50782 0)
(1.75486 0.804696 0)
(0.814686 0.512765 0)
(-0.359236 0.507193 0)
(-1.15362 0.322963 0)
(-1.80826 0.176189 0)
(-2.14534 0.297619 0)
(-2.28763 0.459618 0)
(-2.27967 0.5007 0)
(-2.04945 0.604186 0)
(-1.85623 0.675116 0)
(-1.59481 0.800534 0)
(-1.29882 0.810874 0)
(-0.816827 0.685727 0)
(-0.500004 0.487187 0)
(0.0807326 0.150463 0)
(0.215877 0.0349595 0)
(0.534229 -0.0242086 0)
(0.76553 -0.217704 0)
(1.17241 -0.483709 0)
(1.46473 -0.7165 0)
(1.85304 -0.932182 0)
(2.08625 -1.08254 0)
(2.56342 -1.27272 0)
(2.92182 -1.34407 0)
(3.41317 -1.3717 0)
(3.92049 -1.43341 0)
(4.49943 -1.65243 0)
(4.89048 -1.76425 0)
(5.17326 -1.78158 0)
(5.4099 -1.71204 0)
(5.71812 -1.73383 0)
(5.99858 -1.69239 0)
(6.30822 -1.70565 0)
(6.52917 -1.59141 0)
(6.69029 -1.49799 0)
(6.74649 -1.26993 0)
(6.73025 -1.07378 0)
(6.75239 -0.808655 0)
(6.65469 -0.640976 0)
(6.702 -0.430871 0)
(6.58627 -0.306045 0)
(6.57196 -0.12765 0)
(6.4442 -0.0813495 0)
(6.41195 0.0650063 0)
(6.25983 0.126261 0)
(6.23002 0.234096 0)
(6.15828 0.18824 0)
(6.08373 0.232248 0)
(6.04751 0.133557 0)
(5.9079 0.203603 0)
(5.95237 0.0695355 0)
(5.79135 0.181882 0)
(5.93709 -0.0422223 0)
(5.75583 0.129881 0)
(5.92084 -0.09633 0)
(5.77487 0.0495495 0)
(5.86048 -0.084324 0)
(5.77139 0.0192496 0)
(5.7922 -0.0449937 0)
(5.68776 0.045053 0)
(5.68343 0.0112082 0)
(5.59158 0.105411 0)
(5.57497 0.050907 0)
(5.50958 0.123704 0)
(5.49695 0.0718895 0)
(5.44625 0.144551 0)
(5.40543 0.0749808 0)
(5.34609 0.135077 0)
(5.29185 0.0708666 0)
(5.22667 0.142155 0)
(5.15281 0.0881171 0)
(5.09411 0.164136 0)
(5.00849 0.119545 0)
(4.95997 0.191332 0)
(4.8606 0.148053 0)
(4.83302 0.213681 0)
(4.73837 0.156288 0)
(4.72291 0.189793 0)
(4.63826 0.131505 0)
(4.64474 0.160946 0)
(4.58291 0.131793 0)
(4.60375 0.164253 0)
(4.56334 0.160176 0)
(4.58431 0.192288 0)
(4.57084 0.206298 0)
(4.58061 0.244092 0)
(4.60388 0.281001 0)
(4.58362 0.342989 0)
(4.65366 0.413256 0)
(4.56591 0.51508 0)
(4.70133 0.618151 0)
(4.51267 0.764955 0)
(4.72014 0.894477 0)
(4.40943 1.09218 0)
(4.63832 1.25063 0)
(4.20548 1.48278 0)
(4.30854 1.67219 0)
(3.75509 1.82847 0)
(3.36966 1.93223 0)
(2.46802 1.60756 0)
(1.64295 1.50044 0)
(0.359415 0.675856 0)
(-0.337314 0.829233 0)
(-1.07321 0.58851 0)
(-1.6286 0.360717 0)
(-1.94361 0.376485 0)
(-1.91647 0.478887 0)
(-1.85376 0.452951 0)
(-1.5704 0.520909 0)
(-1.34667 0.577317 0)
(-0.96571 0.665185 0)
(-0.644335 0.658466 0)
(-0.125738 0.509045 0)
(0.245449 0.31532 0)
(0.83956 0.0107364 0)
(0.990081 -0.0806448 0)
(1.34354 -0.135659 0)
(1.63088 -0.345574 0)
(2.04938 -0.630779 0)
(2.342 -0.86157 0)
(2.73231 -1.07089 0)
(2.97097 -1.2347 0)
(3.4429 -1.44289 0)
(3.77885 -1.51393 0)
(4.23777 -1.58442 0)
(4.74842 -1.66874 0)
(5.29872 -1.85181 0)
(5.64097 -1.89907 0)
(5.88424 -1.89404 0)
(6.12868 -1.82776 0)
(6.42538 -1.85111 0)
(6.68456 -1.80945 0)
(6.95167 -1.7994 0)
(7.10336 -1.65339 0)
(7.19148 -1.52227 0)
(7.19031 -1.26741 0)
(7.12826 -1.06388 0)
(7.13101 -0.790308 0)
(7.01015 -0.620022 0)
(7.04785 -0.409548 0)
(6.90482 -0.280369 0)
(6.89569 -0.0947976 0)
(6.73649 -0.045198 0)
(6.6872 0.100246 0)
(6.51834 0.153619 0)
(6.5102 0.262787 0)
(6.39294 0.219588 0)
(6.32988 0.270505 0)
(6.23446 0.163725 0)
(6.13368 0.230742 0)
(6.13992 0.0775192 0)
(6.01492 0.193065 0)
(6.1046 -0.0351921 0)
(5.94932 0.138338 0)
(6.07717 -0.103931 0)
(5.94629 0.064351 0)
(6.01956 -0.0875665 0)
(5.9228 0.0437809 0)
(5.951 -0.0379173 0)
(5.82172 0.0781652 0)
(5.84493 0.0197923 0)
(5.7083 0.133959 0)
(5.75304 0.0557032 0)
(5.60478 0.147474 0)
(5.67059 0.0700469 0)
(5.52817 0.169366 0)
(5.5837 0.0830693 0)
(5.41637 0.170798 0)
(5.45394 0.0813389 0)
(5.28649 0.177843 0)
(5.32886 0.102497 0)
(5.14915 0.200585 0)
(5.18281 0.1414 0)
(4.98983 0.224565 0)
(5.02714 0.171361 0)
(4.83961 0.235581 0)
(4.90293 0.177742 0)
(4.7217 0.204659 0)
(4.80345 0.148113 0)
(4.64236 0.16896 0)
(4.74223 0.140922 0)
(4.6064 0.168434 0)
(4.71046 0.163388 0)
(4.59921 0.19246 0)
(4.69944 0.203547 0)
(4.6194 0.240951 0)
(4.6994 0.274176 0)
(4.66658 0.338958 0)
(4.68717 0.407873 0)
(4.72076 0.513029 0)
(4.64365 0.620951 0)
(4.76799 0.764096 0)
(4.5559 0.917559 0)
(4.77727 1.09075 0)
(4.41477 1.31312 0)
(4.66325 1.50215 0)
(4.16817 1.77468 0)
(4.27229 1.98219 0)
(3.55697 2.09646 0)
(3.12256 2.16628 0)
(1.98096 1.57574 0)
(0.984011 1.57286 0)
(-0.243124 1.0768 0)
(-0.834875 0.829972 0)
(-1.2946 0.531302 0)
(-1.54046 0.41551 0)
(-1.35744 0.451556 0)
(-1.25752 0.378539 0)
(-0.917473 0.412881 0)
(-0.683835 0.457743 0)
(-0.199253 0.50381 0)
(0.138804 0.487753 0)
(0.701864 0.322877 0)
(1.08723 0.141198 0)
(1.67614 -0.131221 0)
(1.85078 -0.208045 0)
(2.20135 -0.269428 0)
(2.54043 -0.487743 0)
(2.959 -0.782791 0)
(3.2455 -1.0007 0)
(3.63581 -1.20326 0)
(3.90774 -1.37617 0)
(4.34847 -1.59048 0)
(4.67231 -1.6783 0)
(5.10392 -1.78809 0)
(5.599 -1.89225 0)
(6.05977 -2.02789 0)
(6.34272 -2.01982 0)
(6.5737 -2.00112 0)
(6.83301 -1.94199 0)
(7.11531 -1.96535 0)
(7.35229 -1.91468 0)
(7.53634 -1.87166 0)
(7.60859 -1.6896 0)
(7.61294 -1.5233 0)
(7.57867 -1.24426 0)
(7.47235 -1.04032 0)
(7.46684 -0.765199 0)
(7.33129 -0.595114 0)
(7.36039 -0.380641 0)
(7.18759 -0.248597 0)
(7.18407 -0.0580268 0)
(7.01072 0.00375221 0)
(6.95299 0.157834 0)
(6.76254 0.190612 0)
(6.75864 0.29965 0)
(6.60828 0.252637 0)
(6.56183 0.320572 0)
(6.42339 0.201711 0)
(6.36245 0.270746 0)
(6.30971 0.0872627 0)
(6.2121 0.210632 0)
(6.25339 -0.0331665 0)
(6.12349 0.157776 0)
(6.22987 -0.110164 0)
(6.09953 0.0991603 0)
(6.17559 -0.0976601 0)
(6.06181 0.0871135 0)
(6.0947 -0.035659 0)
(5.97115 0.130807 0)
(5.97202 0.0238738 0)
(5.86342 0.181406 0)
(5.86494 0.0524706 0)
(5.76984 0.190826 0)
(5.7696 0.0619046 0)
(5.68549 0.216627 0)
(5.67836 0.0845225 0)
(5.56705 0.222636 0)
(5.55429 0.08713 0)
(5.43385 0.230632 0)
(5.43402 0.113387 0)
(5.30232 0.25827 0)
(5.28047 0.158283 0)
(5.14337 0.284161 0)
(5.09803 0.18445 0)
(4.99119 0.28863 0)
(4.94886 0.183335 0)
(4.88073 0.251207 0)
(4.83075 0.146077 0)
(4.81039 0.204372 0)
(4.75853 0.131741 0)
(4.78071 0.192766 0)
(4.72002 0.152076 0)
(4.78042 0.207773 0)
(4.70648 0.192513 0)
(4.80551 0.249383 0)
(4.71272 0.262368 0)
(4.83468 0.343048 0)
(4.731 0.400471 0)
(4.83272 0.514669 0)
(4.76044 0.62281 0)
(4.77324 0.768653 0)
(4.79487 0.930504 0)
(4.63072 1.11629 0)
(4.79059 1.32901 0)
(4.40635 1.58658 0)
(4.60253 1.8159 0)
(4.06689 2.14404 0)
(3.97987 2.3619 0)
(3.10564 2.40926 0)
(2.22365 2.55551 0)
(0.2513 1.63453 0)
(-0.154791 1.28094 0)
(-0.440217 0.986004 0)
(-0.752201 0.644785 0)
(-0.914206 0.405422 0)
(-0.629556 0.376591 0)
(-0.530327 0.298716 0)
(-0.159469 0.281449 0)
(0.113428 0.31679 0)
(0.662506 0.31667 0)
(1.03554 0.298704 0)
(1.6315 0.127361 0)
(1.98761 -0.0343614 0)
(2.55719 -0.282909 0)
(2.75348 -0.351628 0)
(3.10297 -0.414166 0)
(3.47376 -0.632654 0)
(3.89027 -0.926979 0)
(4.15496 -1.13972 0)
(4.53419 -1.34671 0)
(4.84612 -1.52516 0)
(5.24327 -1.7386 0)
(5.58221 -1.84159 0)
(6.00021 -1.97247 0)
(6.45967 -2.07267 0)
(6.79721 -2.16171 0)
(7.02915 -2.12107 0)
(7.25326 -2.10261 0)
(7.5187 -2.05821 0)
(7.75789 -2.06985 0)
(7.956 -1.98937 0)
(8.03345 -1.89874 0)
(8.04425 -1.68334 0)
(7.95558 -1.49641 0)
(7.90124 -1.20776 0)
(7.75645 -1.00863 0)
(7.74574 -0.739148 0)
(7.60165 -0.570108 0)
(7.62463 -0.346984 0)
(7.42138 -0.21039 0)
(7.429 -0.0245529 0)
(7.22397 0.0565483 0)
(7.18029 0.210715 0)
(6.9693 0.231265 0)
(6.97201 0.34045 0)
(6.78962 0.295686 0)
(6.76335 0.371368 0)
(6.58341 0.235121 0)
(6.57648 0.301008 0)
(6.44892 0.104344 0)
(6.41047 0.234369 0)
(6.3735 -0.0169709 0)
(6.27942 0.175814 0)
(6.35356 -0.115653 0)
(6.22162 0.12748 0)
(6.31108 -0.112639 0)
(6.15545 0.125053 0)
(6.23864 -0.0450146 0)
(6.04969 0.174206 0)
(6.14319 0.0203092 0)
(5.9295 0.224932 0)
(6.04529 0.0514319 0)
(5.82111 0.234803 0)
(5.94444 0.0593876 0)
(5.71836 0.258469 0)
(5.84341 0.0822614 0)
(5.60432 0.267952 0)
(5.71195 0.0886092 0)
(5.48816 0.276621 0)
(5.58995 0.113932 0)
(5.35777 0.304634 0)
(5.4401 0.168236 0)
(5.19718 0.33394 0)
(5.2594 0.201328 0)
(5.03233 0.326386 0)
(5.1138 0.199767 0)
(4.91219 0.274901 0)
(5.00238 0.161635 0)
(4.83532 0.212355 0)
(4.93756 0.144807 0)
(4.80206 0.188899 0)
(4.90452 0.162814 0)
(4.79841 0.196443 0)
(4.89628 0.19808 0)
(4.81354 0.232348 0)
(4.91516 0.267651 0)
(4.82999 0.326422 0)
(4.94076 0.409389 0)
(4.83602 0.502699 0)
(4.94321 0.63293 0)
(4.83993 0.766546 0)
(4.88774 0.940459 0)
(4.85874 1.13029 0)
(4.71909 1.35239 0)
(4.86893 1.6078 0)
(4.40047 1.90524 0)
(4.63915 2.18934 0)
(3.93977 2.56741 0)
(3.69163 2.78968 0)
(2.52271 2.62893 0)
(1.6644 2.84429 0)
(-0.0654498 1.34528 0)
(-0.0690653 1.08954 0)
(-0.162671 0.734352 0)
(-0.1852 0.430627 0)
(0.0582985 0.306799 0)
(0.323131 0.20824 0)
(0.689279 0.134098 0)
(1.043 0.16261 0)
(1.61382 0.118385 0)
(2.01603 0.103851 0)
(2.61737 -0.0611418 0)
(2.92823 -0.204071 0)
(3.47287 -0.430731 0)
(3.69347 -0.493702 0)
(4.02986 -0.55681 0)
(4.41022 -0.776979 0)
(4.80786 -1.07077 0)
(5.0514 -1.28183 0)
(5.43805 -1.49276 0)
(5.76561 -1.67582 0)
(6.14685 -1.88576 0)
(6.50068 -2.00746 0)
(6.88516 -2.1522 0)
(7.27406 -2.22766 0)
(7.49579 -2.2646 0)
(7.69268 -2.20869 0)
(7.90122 -2.20008 0)
(8.16417 -2.16333 0)
(8.33327 -2.14774 0)
(8.46892 -2.02856 0)
(8.43582 -1.8951 0)
(8.40239 -1.65554 0)
(8.22806 -1.45204 0)
(8.15923 -1.16443 0)
(7.98615 -0.974255 0)
(7.96703 -0.710375 0)
(7.81647 -0.543824 0)
(7.82364 -0.307451 0)
(7.61402 -0.167023 0)
(7.61576 0.0202046 0)
(7.38937 0.114084 0)
(7.36283 0.267859 0)
(7.14177 0.276152 0)
(7.14043 0.389388 0)
(6.92552 0.337954 0)
(6.94677 0.421427 0)
(6.7308 0.27098 0)
(6.77748 0.347176 0)
(6.56969 0.132476 0)
(6.5858 0.265139 0)
(6.48081 -0.00144178 0)
(6.43393 0.200067 0)
(6.46496 -0.117799 0)
(6.33516 0.165826 0)
(6.41842 -0.129756 0)
(6.27506 0.177534 0)
(6.33281 -0.0588561 0)
(6.1781 0.230701 0)
(6.23741 0.0104353 0)
(6.06481 0.280245 0)
(6.12735 0.0393226 0)
(5.95579 0.295152 0)
(6.02621 0.0397476 0)
(5.85117 0.32199 0)
(5.92261 0.0625064 0)
(5.7327 0.343375 0)
(5.81569 0.0694818 0)
(5.61913 0.351522 0)
(5.70898 0.0942075 0)
(5.47699 0.388188 0)
(5.56261 0.158228 0)
(5.31513 0.427155 0)
(5.38927 0.192246 0)
(5.15304 0.409796 0)
(5.23569 0.183199 0)
(5.03828 0.345359 0)
(5.11319 0.139779 0)
(4.97181 0.268622 0)
(5.03315 0.11889 0)
(4.95327 0.23427 0)
(4.98237 0.134815 0)
(4.96223 0.233585 0)
(4.95539 0.170275 0)
(4.98913 0.262175 0)
(4.94879 0.241141 0)
(5.01908 0.349104 0)
(4.94067 0.385295 0)
(5.04218 0.525102 0)
(4.91965 0.616909 0)
(5.04058 0.791007 0)
(4.8827 0.939286 0)
(4.97697 1.15682 0)
(4.84833 1.37636 0)
(4.77268 1.65471 0)
(4.81378 1.96136 0)
(4.3022 2.33963 0)
(4.44535 2.70872 0)
(3.591 3.17567 0)
(2.6645 3.59656 0)
(0.620817 3.07051 0)
(0.058314 1.382 0)
(0.378454 1.0389 0)
(0.5487 0.709275 0)
(0.629966 0.369789 0)
(0.830335 0.165355 0)
(1.32029 0.0647275 0)
(1.61198 -0.0356843 0)
(1.98129 -0.0300497 0)
(2.62868 -0.10271 0)
(2.99944 -0.11649 0)
(3.63183 -0.24824 0)
(3.89748 -0.375162 0)
(4.40322 -0.572758 0)
(4.62876 -0.643334 0)
(4.95127 -0.710019 0)
(5.31767 -0.925167 0)
(5.69734 -1.20921 0)
(5.94633 -1.41969 0)
(6.33567 -1.64338 0)
(6.68957 -1.83034 0)
(7.06447 -2.03499 0)
(7.41552 -2.16863 0)
(7.73109 -2.29574 0)
(8.00056 -2.33262 0)
(8.13376 -2.3349 0)
(8.31478 -2.28882 0)
(8.50164 -2.29178 0)
(8.73906 -2.24887 0)
(8.81833 -2.19236 0)
(8.8738 -2.03294 0)
(8.74361 -1.8585 0)
(8.6702 -1.59842 0)
(8.43927 -1.3846 0)
(8.36772 -1.11197 0)
(8.17514 -0.930485 0)
(8.14472 -0.675895 0)
(7.97408 -0.51334 0)
(7.95839 -0.269993 0)
(7.74432 -0.123768 0)
(7.74102 0.0668392 0)
(7.49343 0.169147 0)
(7.4939 0.316378 0)
(7.26202 0.326314 0)
(7.25858 0.441553 0)
(7.02439 0.379779 0)
(7.0946 0.459065 0)
(6.84912 0.304748 0)
(6.93323 0.384709 0)
(6.66908 0.166969 0)
(6.72871 0.295559 0)
(6.57512 0.0263455 0)
(6.56873 0.225944 0)
(6.55932 -0.105482 0)
(6.41163 0.199843 0)
(6.52489 -0.144298 0)
(6.31027 0.220635 0)
(6.45779 -0.081647 0)
(6.2297 0.275278 0)
(6.37375 -0.00448318 0)
(6.12157 0.333678 0)
(6.2798 0.0323613 0)
(6.0013 0.34548 0)
(6.1864 0.0317055 0)
(5.87819 0.37594 0)
(6.08753 0.0560313 0)
(5.75162 0.394677 0)
(5.99927 0.0570235 0)
(5.65323 0.403699 0)
(5.88449 0.0877665 0)
(5.51723 0.449325 0)
(5.72434 0.153533 0)
(5.36211 0.488689 0)
(5.55551 0.187765 0)
(5.21588 0.464676 0)
(5.40133 0.178075 0)
(5.10979 0.389173 0)
(5.27807 0.135981 0)
(5.0472 0.296139 0)
(5.19464 0.116883 0)
(5.02666 0.245343 0)
(5.14081 0.137406 0)
(5.03208 0.229888 0)
(5.11188 0.175406 0)
(5.05284 0.244864 0)
(5.11286 0.249374 0)
(5.0738 0.327912 0)
(5.13319 0.398585 0)
(5.08233 0.504359 0)
(5.15843 0.633657 0)
(5.07029 0.775304 0)
(5.1647 0.959716 0)
(5.02954 1.15309 0)
(5.10047 1.40043 0)
(4.97486 1.67489 0)
(4.85453 2.01221 0)
(4.91525 2.38892 0)
(4.20965 2.90744 0)
(4.33902 3.34236 0)
(3.14524 3.71944 0)
(1.88676 4.58174 0)
(0.371918 1.16184 0)
(0.878632 0.954941 0)
(1.30028 0.64797 0)
(1.57486 0.310696 0)
(1.81375 0.0398107 0)
(2.22334 -0.120835 0)
(2.66123 -0.174759 0)
(2.90269 -0.238904 0)
(3.63758 -0.329736 0)
(3.91715 -0.325178 0)
(4.64824 -0.41238 0)
(4.8538 -0.526546 0)
(5.31669 -0.692736 0)
(5.5529 -0.785338 0)
(5.86966 -0.857073 0)
(6.197 -1.0634 0)
(6.57119 -1.34564 0)
(6.85665 -1.56189 0)
(7.23516 -1.79969 0)
(7.59415 -1.9838 0)
(7.94024 -2.17723 0)
(8.25032 -2.2998 0)
(8.46297 -2.39074 0)
(8.61741 -2.39644 0)
(8.71387 -2.39663 0)
(8.89771 -2.37145 0)
(9.05035 -2.3688 0)
(9.21839 -2.30065 0)
(9.18612 -2.19772 0)
(9.15409 -1.99849 0)
(8.94539 -1.79088 0)
(8.83819 -1.5287 0)
(8.58581 -1.31733 0)
(8.51775 -1.05842 0)
(8.31427 -0.882483 0)
(8.27176 -0.631999 0)
(8.08184 -0.470341 0)
(8.03601 -0.219867 0)
(7.82248 -0.0796874 0)
(7.80648 0.121298 0)
(7.55881 0.219973 0)
(7.57313 0.363161 0)
(7.33552 0.375483 0)
(7.33016 0.495071 0)
(7.10329 0.413404 0)
(7.19578 0.495596 0)
(6.93872 0.33737 0)
(7.03873 0.430991 0)
(6.74437 0.204704 0)
(6.83281 0.33288 0)
(6.64253 0.048923 0)
(6.68963 0.251015 0)
(6.58757 -0.0973966 0)
(6.52807 0.235717 0)
(6.569 -0.150969 0)
(6.37407 0.281324 0)
(6.53528 -0.108928 0)
(6.28084 0.347491 0)
(6.46056 -0.0327626 0)
(6.18042 0.404246 0)
(6.37462 0.00504537 0)
(6.06093 0.418785 0)
(6.27323 3.19848e-05 0)
(5.93443 0.456339 0)
(6.16986 0.019827 0)
(5.82838 0.475503 0)
(6.09603 0.0120334 0)
(5.7581 0.49719 0)
(5.99902 0.0491075 0)
(5.62853 0.561039 0)
(5.84506 0.113701 0)
(5.4784 0.606512 0)
(5.68867 0.141417 0)
(5.34447 0.584107 0)
(5.54074 0.121411 0)
(5.24318 0.50404 0)
(5.41542 0.0677151 0)
(5.18551 0.402106 0)
(5.3217 0.0413251 0)
(5.16549 0.342109 0)
(5.25254 0.0630958 0)
(5.1645 0.316056 0)
(5.2086 0.108689 0)
(5.17065 0.315757 0)
(5.1875 0.19315 0)
(5.18063 0.381927 0)
(5.17592 0.352797 0)
(5.19996 0.546577 0)
(5.16076 0.598326 0)
(5.22605 0.812515 0)
(5.12823 0.938804 0)
(5.24234 1.19314 0)
(5.05324 1.4039 0)
(5.18333 1.7256 0)
(4.94437 2.0684 0)
(4.84736 2.49933 0)
(4.82712 3.01877 0)
(4.00246 3.89901 0)
(3.48801 4.48155 0)
(1.16605 4.98833 0)
(0.608723 0.882383 0)
(1.46238 0.633674 0)
(2.19957 0.432151 0)
(2.6674 0.174827 0)
(2.94475 -0.073154 0)
(3.3269 -0.291633 0)
(3.75032 -0.325676 0)
(3.93505 -0.431824 0)
(4.63254 -0.541739 0)
(4.76893 -0.561249 0)
(5.57451 -0.610548 0)
(5.76101 -0.665501 0)
(6.16793 -0.810015 0)
(6.45775 -0.928397 0)
(6.77043 -1.00602 0)
(7.07979 -1.20286 0)
(7.46448 -1.48833 0)
(7.77329 -1.71654 0)
(8.12551 -1.94957 0)
(8.44059 -2.12568 0)
(8.72097 -2.29795 0)
(8.93913 -2.39618 0)
(9.04827 -2.45127 0)
(9.1458 -2.4471 0)
(9.25485 -2.45778 0)
(9.42939 -2.43751 0)
(9.50744 -2.40853 0)
(9.56165 -2.30761 0)
(9.41773 -2.15879 0)
(9.30105 -1.93265 0)
(9.0382 -1.71178 0)
(8.91203 -1.46022 0)
(8.66126 -1.24766 0)
(8.59194 -1.00354 0)
(8.38097 -0.827051 0)
(8.33018 -0.577201 0)
(8.12058 -0.408642 0)
(8.06127 -0.162476 0)
(7.8413 -0.028626 0)
(7.81966 0.174353 0)
(7.57734 0.269204 0)
(7.60467 0.407062 0)
(7.34887 0.42684 0)
(7.37579 0.540137 0)
(7.14513 0.446449 0)
(7.24132 0.528855 0)
(6.99877 0.371945 0)
(7.07344 0.475143 0)
(6.81751 0.244882 0)
(6.87488 0.363385 0)
(6.70105 0.0683292 0)
(6.76263 0.27477 0)
(6.59746 -0.0800995 0)
(6.60937 0.254183 0)
(6.58711 -0.14627 0)
(6.42638 0.313695 0)
(6.59247 -0.128092 0)
(6.30932 0.399181 0)
(6.55109 -0.0535102 0)
(6.21228 0.457654 0)
(6.47139 -0.0108978 0)
(6.09169 0.479189 0)
(6.38786 -0.0128648 0)
(5.95648 0.519618 0)
(6.29901 -0.00517191 0)
(5.86417 0.52977 0)
(6.27867 -0.0210235 0)
(5.80155 0.561209 0)
(6.20633 0.0265376 0)
(5.67299 0.637007 0)
(6.06742 0.0908834 0)
(5.53638 0.685018 0)
(5.92993 0.111765 0)
(5.42135 0.663048 0)
(5.7998 0.08548 0)
(5.33542 0.578838 0)
(5.68923 0.0253752 0)
(5.29279 0.467871 0)
(5.60359 -0.00283429 0)
(5.28297 0.394949 0)
(5.5359 0.0264088 0)
(5.28233 0.355145 0)
(5.48264 0.0869738 0)
(5.28348 0.340603 0)
(5.43781 0.187289 0)
(5.2927 0.392212 0)
(5.39747 0.356479 0)
(5.31142 0.544332 0)
(5.37416 0.606708 0)
(5.33161 0.804687 0)
(5.37413 0.946204 0)
(5.32864 1.19099 0)
(5.38564 1.41387 0)
(5.25805 1.74273 0)
(5.34828 2.07839 0)
(5.1305 2.60496 0)
(4.82008 3.00392 0)
(5.00668 3.94181 0)
(4.19272 4.72168 0)
(2.44467 6.91104 0)
(1.33854 0.200071 0)
(2.11352 0.239792 0)
(3.03382 0.131052 0)
(3.7086 -0.00354829 0)
(4.09045 -0.190075 0)
(4.49483 -0.427593 0)
(4.82152 -0.474341 0)
(5.04309 -0.588661 0)
(5.65629 -0.696249 0)
(5.76153 -0.728171 0)
(6.3274 -0.815269 0)
(6.56895 -0.818093 0)
(6.96678 -0.941553 0)
(7.32281 -1.06541 0)
(7.63202 -1.14631 0)
(7.95754 -1.33528 0)
(8.3595 -1.618 0)
(8.65682 -1.84735 0)
(8.94515 -2.06497 0)
(9.18545 -2.2308 0)
(9.36656 -2.37433 0)
(9.48303 -2.44712 0)
(9.53334 -2.4842 0)
(9.63488 -2.49115 0)
(9.75193 -2.51091 0)
(9.86202 -2.47572 0)
(9.82932 -2.40813 0)
(9.76108 -2.26661 0)
(9.52464 -2.08288 0)
(9.34344 -1.84779 0)
(9.0566 -1.62535 0)
(8.9178 -1.38556 0)
(8.66462 -1.1816 0)
(8.58217 -0.952987 0)
(8.3584 -0.771726 0)
(8.29487 -0.519755 0)
(8.07386 -0.348367 0)
(8.01774 -0.101839 0)
(7.80082 0.0243516 0)
(7.77896 0.230125 0)
(7.55159 0.309412 0)
(7.57698 0.451851 0)
(7.32147 0.470027 0)
(7.36862 0.58095 0)
(7.14837 0.471148 0)
(7.22149 0.565072 0)
(7.01989 0.40326 0)
(7.04025 0.520507 0)
(6.87585 0.276687 0)
(6.87402 0.404936 0)
(6.73627 0.0849466 0)
(6.78143 0.312259 0)
(6.6084 -0.0642426 0)
(6.64429 0.289434 0)
(6.56669 -0.138995 0)
(6.45984 0.361175 0)
(6.57753 -0.142159 0)
(6.3039 0.466278 0)
(6.57058 -0.088304 0)
(6.19608 0.540325 0)
(6.50397 -0.0476961 0)
(6.07725 0.561422 0)
(6.42205 -0.0505632 0)
(5.93491 0.610205 0)
(6.34518 -0.0619684 0)
(5.85891 0.607478 0)
(6.35132 -0.0893313 0)
(5.80343 0.658797 0)
(6.28605 -0.0323495 0)
(5.68063 0.756612 0)
(6.17086 0.0234277 0)
(5.56045 0.810903 0)
(6.05897 0.0305852 0)
(5.47033 0.793311 0)
(5.95162 -0.00907728 0)
(5.41306 0.713944 0)
(5.8549 -0.0840066 0)
(5.39829 0.608326 0)
(5.77293 -0.125762 0)
(5.41315 0.538744 0)
(5.69995 -0.104763 0)
(5.43223 0.498723 0)
(5.6266 -0.046028 0)
(5.44328 0.484094 0)
(5.54868 0.0575087 0)
(5.44792 0.531379 0)
(5.47773 0.236878 0)
(5.44584 0.671056 0)
(5.43433 0.498475 0)
(5.44642 0.9137 0)
(5.43039 0.855418 0)
(5.45854 1.28871 0)
(5.42268 1.34498 0)
(5.47261 1.86479 0)
(5.3188 2.00541 0)
(5.50211 2.82047 0)
(5.22086 3.09769 0)
(4.49791 4.51437 0)
(5.13395 4.84199 0)
(2.21614 7.49794 0)
(5.01909 0.503609 0)
(-1.96607 -0.0147535 0)
(1.723 -0.0556467 0)
(1.04823 -0.00682705 0)
(1.66644 -0.00490128 0)
(1.74187 -0.000123048 0)
(1.81583 -0.000127736 0)
(1.86437 0.000207417 0)
(1.88007 0.000270866 0)
(1.8996 -4.79485e-06 0)
(9.87412 0.674854 0)
(-0.633534 0.247164 0)
(4.2468 -0.276769 0)
(3.24651 -0.0288147 0)
(4.11152 -0.0590693 0)
(4.36614 -0.0227724 0)
(4.53093 -0.0137298 0)
(4.65693 -0.00720478 0)
(4.70341 -0.00393171 0)
(4.76367 -0.00267125 0)
(12.8027 1.13831 0)
(2.22403 0.471536 0)
(6.26181 -0.437191 0)
(5.35925 -0.0652334 0)
(6.13444 -0.114433 0)
(6.4823 -0.0598947 0)
(6.68789 -0.0355619 0)
(6.86415 -0.0201211 0)
(6.93044 -0.0120375 0)
(7.02473 -0.00771717 0)
(14.9226 1.44095 0)
(5.44377 0.717388 0)
(8.27938 -0.511833 0)
(7.49205 -0.105264 0)
(8.03175 -0.16108 0)
(8.36577 -0.101352 0)
(8.55874 -0.0622975 0)
(8.74968 -0.0368648 0)
(8.81976 -0.0233819 0)
(8.93522 -0.014825 0)
(16.1245 1.61233 0)
(8.48487 0.967471 0)
(10.2556 -0.490622 0)
(9.56486 -0.129666 0)
(9.82984 -0.183479 0)
(10.0721 -0.132772 0)
(10.2058 -0.0859832 0)
(10.3696 -0.0528988 0)
(10.4242 -0.035374 0)
(10.5385 -0.0228406 0)
(16.1149 1.43858 0)
(10.7919 1.09483 0)
(11.8893 -0.437133 0)
(11.3756 -0.148424 0)
(11.4449 -0.185489 0)
(11.5815 -0.149091 0)
(11.6401 -0.101072 0)
(11.747 -0.0635997 0)
(11.7712 -0.0443727 0)
(11.8581 -0.0299173 0)
(15.5508 1.24389 0)
(12.2986 1.10265 0)
(13.0083 -0.38046 0)
(12.7167 -0.175749 0)
(12.7104 -0.180813 0)
(12.7867 -0.154544 0)
(12.8031 -0.108124 0)
(12.8582 -0.0679882 0)
(12.8597 -0.0476954 0)
(12.9048 -0.0335943 0)
(14.8413 1.1927 0)
(13.2029 1.07434 0)
(13.6731 -0.306509 0)
(13.5273 -0.20209 0)
(13.4905 -0.177034 0)
(13.5433 -0.155236 0)
(13.5507 -0.1127 0)
(13.594 -0.0710289 0)
(13.5958 -0.0494493 0)
(13.6298 -0.0355198 0)
(13.8674 1.05948 0)
(13.5146 0.968399 0)
(13.8667 -0.244924 0)
(13.7983 -0.22374 0)
(13.7266 -0.17694 0)
(13.7758 -0.15326 0)
(13.768 -0.115342 0)
(13.8365 -0.0739733 0)
(13.8397 -0.0520593 0)
(13.9106 -0.0383669 0)
(12.7445 0.851877 0)
(13.2489 0.788513 0)
(13.6087 -0.207521 0)
(13.6167 -0.240343 0)
(13.5359 -0.181973 0)
(13.6068 -0.152437 0)
(13.593 -0.118122 0)
(13.6971 -0.0784557 0)
(13.6998 -0.0570146 0)
(13.8124 -0.043886 0)
(11.9254 0.658617 0)
(12.7439 0.591558 0)
(13.1789 -0.189538 0)
(13.2777 -0.254799 0)
(13.2226 -0.193723 0)
(13.3246 -0.155584 0)
(13.3246 -0.123336 0)
(13.4589 -0.085388 0)
(13.4661 -0.0647378 0)
(13.6066 -0.051689 0)
(11.5857 0.534126 0)
(12.3637 0.42958 0)
(12.8635 -0.177941 0)
(13.0292 -0.26688 0)
(13.0181 -0.210115 0)
(13.1302 -0.162461 0)
(13.1535 -0.130636 0)
(13.296 -0.0939239 0)
(13.3115 -0.0744714 0)
(13.4582 -0.0607265 0)
(11.5367 0.422975 0)
(12.2308 0.286036 0)
(12.7765 -0.181732 0)
(12.9539 -0.283918 0)
(13.0067 -0.233189 0)
(13.0827 -0.175331 0)
(13.1466 -0.141737 0)
(13.2446 -0.104277 0)
(13.2812 -0.0864217 0)
(13.3767 -0.0699535 0)
(11.5215 0.305044 0)
(12.243 0.152542 0)
(12.8247 -0.192882 0)
(12.9935 -0.299959 0)
(13.1006 -0.255335 0)
(13.0945 -0.18855 0)
(13.1703 -0.151044 0)
(13.1368 -0.110651 0)
(13.1691 -0.0934376 0)
(13.1096 -0.0722979 0)
(11.4465 0.16496 0)
(12.2796 0.020365 0)
(12.8734 -0.219178 0)
(13.0426 -0.320909 0)
(13.0538 -0.272248 0)
(12.8837 -0.193793 0)
(12.812 -0.146656 0)
(12.6048 -0.103456 0)
(12.5558 -0.0845365 0)
(12.352 -0.0623037 0)
(11.3687 0.0184082 0)
(12.3145 -0.100517 0)
(12.86 -0.255209 0)
(12.7779 -0.32435 0)
(12.4345 -0.255303 0)
(12.0093 -0.166492 0)
(11.7584 -0.116014 0)
(11.4525 -0.0779538 0)
(11.3488 -0.0618752 0)
(11.1004 -0.0453666 0)
(11.3102 -0.154399 0)
(12.1423 -0.212392 0)
(12.1792 -0.266221 0)
(11.5781 -0.274622 0)
(10.9185 -0.191648 0)
(10.3732 -0.112568 0)
(10.0682 -0.0738823 0)
(9.76817 -0.04868 0)
(9.6604 -0.0386735 0)
(9.42994 -0.029018 0)
(10.8315 -0.29328 0)
(10.8125 -0.227445 0)
(10.2303 -0.196471 0)
(9.37241 -0.173844 0)
(8.65051 -0.109343 0)
(8.15033 -0.0584532 0)
(7.88583 -0.036987 0)
(7.65038 -0.0245657 0)
(7.56407 -0.0197373 0)
(7.38387 -0.0153804 0)
(8.68465 -0.26772 0)
(7.91687 -0.13377 0)
(7.14254 -0.0933719 0)
(6.37349 -0.0753167 0)
(5.79912 -0.0414182 0)
(5.45217 -0.0190498 0)
(5.28285 -0.011648 0)
(5.13663 -0.00809843 0)
(5.08326 -0.00658916 0)
(4.96828 -0.0056488 0)
(3.8564 -0.131391 0)
(3.28606 -0.0141387 0)
(2.83594 -0.00392889 0)
(2.47204 -0.00301856 0)
(2.22346 0.000793308 0)
(2.10219 0.00148892 0)
(2.05322 0.000728443 0)
(2.0083 0.000206235 0)
(1.99181 0.000196763 0)
(1.95245 -0.000206875 0)
)
;

boundaryField
{
    inlet
    {
        type            calculated;
        value           uniform (10 0 0);
    }
    outlet
    {
        type            calculated;
        value           nonuniform List<vector> 
20
(
(1.8996 -4.79485e-06 0)
(4.76367 -0.00267125 0)
(7.02473 -0.00771717 0)
(8.93522 -0.014825 0)
(10.5385 -0.0228406 0)
(11.8581 -0.0299173 0)
(12.9048 -0.0335943 0)
(13.6298 -0.0355198 0)
(13.9106 -0.0383669 0)
(13.8124 -0.043886 0)
(13.6066 -0.051689 0)
(13.4582 -0.0607265 0)
(13.3767 -0.0699535 0)
(13.1096 -0.0722979 0)
(12.352 -0.0623037 0)
(11.1004 -0.0453666 0)
(9.42994 -0.029018 0)
(7.38387 -0.0153804 0)
(4.96828 -0.0056488 0)
(1.95245 -0.000206875 0)
)
;
    }
    walls
    {
        type            calculated;
        value           uniform (0 0 0);
    }
    frontAndBack
    {
        type            empty;
    }
}


// ************************************************************************* //
