/*--------------------------------*- C++ -*----------------------------------*\
| =========                 |                                                 |
| \\      /  F ield         | OpenFOAM: The Open Source CFD Toolbox           |
|  \\    /   O peration     | Version:  2.4.0                                 |
|   \\  /    A nd           | Web:      www.OpenFOAM.org                      |
|    \\/     M anipulation  |                                                 |
\*---------------------------------------------------------------------------*/
FoamFile
{
    version     2.0;
    format      ascii;
    class       volVectorField;
    location    "0.115";
    object      U_0;
}
// * * * * * * * * * * * * * * * * * * * * * * * * * * * * * * * * * * * * * //

dimensions      [0 1 -1 0 0 0 0];

internalField   nonuniform List<vector> 
4400
(
(5.40546 0.316732 0)
(3.31221 0.0607457 0)
(2.5875 0.0013539 0)
(2.22978 -0.00192376 0)
(2.08461 -0.00171377 0)
(1.98961 -0.00028663 0)
(1.95762 -0.000710351 0)
(1.90344 -0.000390144 0)
(1.8654 0.00278111 0)
(1.69943 -0.0462622 0)
(8.69208 0.857446 0)
(7.52803 0.344676 0)
(6.64217 0.115771 0)
(5.90117 0.0559354 0)
(5.53101 0.0260976 0)
(5.25361 0.0165849 0)
(5.16398 0.00945243 0)
(4.98879 0.00995034 0)
(4.93806 0.0170537 0)
(4.69667 -0.0642527 0)
(9.90523 0.937551 0)
(9.96749 0.47716 0)
(9.513 0.211804 0)
(8.73792 0.131606 0)
(8.28925 0.0741589 0)
(7.88055 0.0467716 0)
(7.77669 0.029095 0)
(7.47235 0.0257133 0)
(7.49545 0.0374171 0)
(7.0953 -0.0629408 0)
(10.1506 0.80835 0)
(11.0792 0.498273 0)
(11.296 0.263243 0)
(10.8064 0.19965 0)
(10.4795 0.130027 0)
(10.0279 0.0844552 0)
(9.98807 0.0577784 0)
(9.56292 0.0448067 0)
(9.67518 0.0580658 0)
(9.29965 -0.023111 0)
(10.0988 0.648588 0)
(11.2747 0.437349 0)
(12.0042 0.241569 0)
(11.9345 0.220843 0)
(11.9238 0.166092 0)
(11.5648 0.115586 0)
(11.6817 0.0864707 0)
(11.2323 0.0687733 0)
(11.3756 0.0656578 0)
(11.1455 0.0221972 0)
(10.0979 0.517299 0)
(11.1952 0.363969 0)
(12.0523 0.17917 0)
(12.2071 0.187148 0)
(12.5128 0.160908 0)
(12.342 0.117801 0)
(12.668 0.0980519 0)
(12.3664 0.0869409 0)
(12.5229 0.0713801 0)
(12.4322 0.0335499 0)
(10.1037 0.394985 0)
(11.1669 0.301443 0)
(11.9857 0.129261 0)
(12.1856 0.139629 0)
(12.5391 0.125366 0)
(12.5287 0.096708 0)
(12.924 0.0766066 0)
(12.8707 0.0932577 0)
(13.0434 0.0523034 0)
(13.0879 0.0738455 0)
(10.0484 0.26924 0)
(11.1576 0.233485 0)
(11.9547 0.083689 0)
(12.2023 0.106782 0)
(12.3988 0.0854582 0)
(12.5759 0.0733584 0)
(12.8746 0.042289 0)
(12.9967 0.0854957 0)
(13.0978 0.0309341 0)
(13.277 0.0502573 0)
(10.001 0.160288 0)
(11.1421 0.13956 0)
(11.8959 0.0519957 0)
(12.1843 0.0721965 0)
(12.3759 0.0527996 0)
(12.6242 0.0287333 0)
(12.8154 0.023005 0)
(12.9837 0.059922 0)
(13.0825 0.0256295 0)
(13.3685 -0.0414591 0)
(10.0131 0.0441675 0)
(11.1051 0.0589322 0)
(11.8339 0.0115667 0)
(12.1965 0.0380551 0)
(12.4387 0.00586015 0)
(12.5874 0.00884703 0)
(12.7611 -0.00368018 0)
(12.9403 0.0440532 0)
(13.1587 -0.0151204 0)
(13.3301 -0.0467441 0)
(10.0201 -0.0624792 0)
(11.0852 -0.0290468 0)
(11.8248 -0.020961 0)
(12.2212 -0.0107847 0)
(12.4294 -0.0212364 0)
(12.5969 -0.0228478 0)
(12.7549 -0.0228589 0)
(12.9448 0.00435401 0)
(13.1465 -0.0311315 0)
(13.2519 -0.0497625 0)
(10.0227 -0.175405 0)
(11.0906 -0.110352 0)
(11.8601 -0.0638925 0)
(12.2331 -0.0492146 0)
(12.4411 -0.0617895 0)
(12.6106 -0.0474887 0)
(12.7779 -0.043403 0)
(12.9641 -0.0189101 0)
(13.1291 -0.0543891 0)
(13.2877 -0.0843101 0)
(10.0259 -0.284119 0)
(11.1078 -0.197488 0)
(11.9279 -0.103051 0)
(12.2414 -0.0925451 0)
(12.4632 -0.0916141 0)
(12.623 -0.0786403 0)
(12.845 -0.06721 0)
(13.0022 -0.0481451 0)
(13.1477 -0.0787674 0)
(13.3329 -0.116273 0)
(10.0227 -0.400327 0)
(11.1411 -0.274511 0)
(12.0162 -0.150624 0)
(12.2419 -0.12995 0)
(12.5325 -0.128662 0)
(12.6321 -0.109138 0)
(12.8729 -0.0912324 0)
(12.9092 -0.0673357 0)
(13.0601 -0.099907 0)
(13.1597 -0.148418 0)
(9.99608 -0.517069 0)
(11.2399 -0.34954 0)
(12.0753 -0.20148 0)
(12.2498 -0.175833 0)
(12.4889 -0.162653 0)
(12.4336 -0.130532 0)
(12.5613 -0.102423 0)
(12.4288 -0.0788934 0)
(12.5085 -0.105835 0)
(12.4328 -0.157895 0)
(10.0252 -0.646801 0)
(11.3458 -0.430774 0)
(11.9902 -0.256379 0)
(11.9556 -0.209411 0)
(11.9062 -0.170369 0)
(11.6238 -0.122288 0)
(11.5712 -0.092334 0)
(11.312 -0.0650771 0)
(11.3102 -0.102007 0)
(11.0752 -0.104873 0)
(10.1059 -0.806796 0)
(11.1369 -0.495182 0)
(11.268 -0.272162 0)
(10.8214 -0.191743 0)
(10.4719 -0.13395 0)
(10.0544 -0.0875345 0)
(9.90921 -0.0639552 0)
(9.61641 -0.0443872 0)
(9.58254 -0.0812801 0)
(9.24275 -0.0420943 0)
(9.88199 -0.937179 0)
(10.0076 -0.475746 0)
(9.4849 -0.216576 0)
(8.75052 -0.126893 0)
(8.28688 -0.0770057 0)
(7.88718 -0.0475338 0)
(7.73343 -0.0348547 0)
(7.47647 -0.0253331 0)
(7.43623 -0.0511135 0)
(7.05878 -0.0131826 0)
(8.68087 -0.857324 0)
(7.55036 -0.343931 0)
(6.62363 -0.117668 0)
(5.90977 -0.0539835 0)
(5.52985 -0.0273605 0)
(5.25349 -0.0166627 0)
(5.14086 -0.0128921 0)
(4.96461 -0.0102479 0)
(4.92071 -0.0241076 0)
(4.60856 -0.00117029 0)
(5.40301 -0.316876 0)
(3.31834 -0.0606241 0)
(2.58251 -0.00161203 0)
(2.23176 0.00214401 0)
(2.08424 0.00158183 0)
(1.98911 0.000400633 0)
(1.94651 -3.69097e-05 0)
(1.88227 -0.000289079 0)
(1.84345 -0.00309934 0)
(1.71196 0.0133094 0)
(2.5224 -0.129635 0)
(2.36717 0.19193 0)
(3.05069 0.584259 0)
(3.42969 0.797885 0)
(4.20687 0.995594 0)
(5.06637 0.703286 0)
(5.59685 0.0446447 0)
(6.56689 -0.485565 0)
(6.89181 -1.22581 0)
(7.13453 -2.16187 0)
(7.78134 -3.06748 0)
(6.71619 -3.55873 0)
(6.49828 -3.74694 0)
(5.62874 -2.88167 0)
(5.04719 -2.35795 0)
(3.88534 -2.6005 0)
(4.06504 0.0432118 0)
(3.66773 4.07459 0)
(5.72008 5.04986 0)
(5.80371 4.88552 0)
(6.40349 3.74633 0)
(7.24918 2.7007 0)
(6.89286 1.78441 0)
(8.36371 0.0378354 0)
(9.44032 -1.80547 0)
(9.62819 -2.68826 0)
(10.567 -3.96635 0)
(12.7624 -5.59177 0)
(13.3536 -6.63259 0)
(14.2185 -7.11171 0)
(13.7972 -7.18215 0)
(14.2815 -6.94617 0)
(13.5 -6.44056 0)
(14.0647 -5.72969 0)
(12.7008 -4.7557 0)
(12.1983 -3.80967 0)
(11.7955 -3.3047 0)
(10.6828 -2.54572 0)
(11.2358 -2.3975 0)
(10.261 -1.43454 0)
(11.1475 -0.68082 0)
(9.80637 0.133294 0)
(10.9728 1.07765 0)
(9.1854 2.34283 0)
(10.5689 3.09087 0)
(8.17265 4.05801 0)
(9.69336 4.52592 0)
(6.06149 5.3689 0)
(8.74384 5.23674 0)
(5.39914 5.87223 0)
(7.79916 5.89861 0)
(6.83602 6.78469 0)
(6.9272 5.57234 0)
(8.30524 5.12907 0)
(7.69465 3.57709 0)
(9.78091 1.92036 0)
(9.00524 -0.676876 0)
(10.7159 -2.08183 0)
(8.98776 -3.98821 0)
(11.3973 -5.70244 0)
(9.58142 -6.52955 0)
(10.8462 -6.30913 0)
(8.95356 -6.20685 0)
(9.68481 -4.0951 0)
(8.14667 -4.09783 0)
(8.41774 -2.67435 0)
(5.94024 -1.75767 0)
(4.89903 0.742052 0)
(4.47896 -1.97202 0)
(6.53409 -2.64624 0)
(7.79904 -4.0486 0)
(8.92942 -3.15011 0)
(9.82346 -2.29569 0)
(10.5975 -1.23972 0)
(11.1906 -0.231846 0)
(11.3366 0.836782 0)
(11.3364 2.01915 0)
(10.9291 2.92747 0)
(10.394 3.83695 0)
(9.42999 4.57905 0)
(8.63913 5.04548 0)
(7.70156 4.92182 0)
(7.04935 4.19076 0)
(6.33049 4.08823 0)
(6.17493 3.64813 0)
(5.32416 4.68685 0)
(5.52825 3.89114 0)
(4.68223 4.77796 0)
(6.36343 3.1667 0)
(3.1815 3.38879 0)
(7.62743 0.996634 0)
(4.2537 1.46715 0)
(8.60333 -0.784036 0)
(5.98056 0.371858 0)
(8.68753 -0.527205 0)
(5.94543 0.646132 0)
(8.68997 0.366474 0)
(4.64126 1.59597 0)
(6.59474 1.17981 0)
(4.02108 5.288 0)
(5.17318 -0.00454451 0)
(4.74569 0.181319 0)
(5.00021 0.479036 0)
(5.20321 0.625673 0)
(5.56226 0.588947 0)
(6.49814 0.350171 0)
(6.98618 -0.232928 0)
(7.86689 -0.797335 0)
(8.5919 -1.39072 0)
(8.71994 -2.23069 0)
(9.58305 -3.05449 0)
(8.19401 -3.25421 0)
(8.32291 -3.50393 0)
(6.55361 -2.81551 0)
(6.7162 -1.81286 0)
(5.79567 -2.04608 0)
(4.71816 -0.179908 0)
(4.74336 3.69049 0)
(6.50862 4.7272 0)
(6.88578 4.57471 0)
(7.65186 3.49322 0)
(8.08646 2.63551 0)
(8.14036 1.54343 0)
(9.70511 -0.435199 0)
(10.4535 -2.09595 0)
(10.7248 -3.03687 0)
(12.0943 -4.56182 0)
(13.721 -6.02066 0)
(13.9461 -6.85386 0)
(14.4853 -7.25725 0)
(13.9817 -7.14835 0)
(14.292 -6.83919 0)
(13.6165 -6.34845 0)
(13.8967 -5.58072 0)
(12.1011 -4.42411 0)
(11.9917 -3.47533 0)
(11.0144 -3.08158 0)
(10.2647 -2.3876 0)
(10.3415 -2.31375 0)
(9.54496 -1.29204 0)
(10.5171 -0.64728 0)
(9.13685 0.170957 0)
(10.761 1.21418 0)
(8.66095 2.45041 0)
(10.4468 3.23142 0)
(7.89028 4.28256 0)
(9.95606 4.79995 0)
(6.19247 5.56866 0)
(8.81719 5.32795 0)
(6.12706 6.01773 0)
(7.30793 5.77474 0)
(7.68916 6.69401 0)
(6.90201 5.46234 0)
(8.8325 4.70655 0)
(8.33038 3.40171 0)
(10.2131 1.77814 0)
(9.80293 -0.907465 0)
(11.1331 -2.17451 0)
(9.66088 -4.00812 0)
(11.9454 -5.74807 0)
(9.86111 -6.51397 0)
(11.2063 -6.17044 0)
(8.92045 -5.92881 0)
(9.95565 -3.93453 0)
(7.84272 -3.78704 0)
(7.96307 -2.05196 0)
(5.09542 -1.18619 0)
(5.24772 1.07954 0)
(4.4002 -2.55898 0)
(6.79505 -3.21318 0)
(7.49789 -4.74686 0)
(8.76455 -3.32662 0)
(9.28414 -2.63023 0)
(9.79198 -1.39817 0)
(10.2968 -0.359141 0)
(10.3857 0.825345 0)
(10.463 2.08809 0)
(10.177 3.09036 0)
(9.84711 4.06528 0)
(9.02379 4.91489 0)
(8.35592 5.28561 0)
(7.46378 5.31929 0)
(7.07748 4.33313 0)
(6.32673 4.43852 0)
(6.30897 3.60035 0)
(5.44725 5.02387 0)
(6.78098 3.84392 0)
(4.02679 4.89398 0)
(8.22873 2.87153 0)
(3.63565 3.59959 0)
(9.50965 0.512428 0)
(4.75813 1.30756 0)
(10.2341 -1.09672 0)
(5.6927 0.394043 0)
(10.4314 -0.933286 0)
(6.74069 0.801924 0)
(10.7007 0.035175 0)
(6.95805 2.4765 0)
(8.90915 1.17945 0)
(5.61431 5.62158 0)
(7.45783 -0.0721574 0)
(7.3011 0.168837 0)
(7.38691 0.44779 0)
(7.51229 0.55323 0)
(7.74645 0.401585 0)
(8.4115 0.0630963 0)
(8.84412 -0.459211 0)
(9.47858 -1.0873 0)
(10.4418 -1.58924 0)
(10.1426 -2.26987 0)
(11.2062 -2.98659 0)
(9.51694 -2.97871 0)
(10.0126 -3.0684 0)
(7.67325 -2.62609 0)
(7.81537 -1.52962 0)
(7.50202 -1.44554 0)
(5.36325 -0.107872 0)
(5.71344 3.4318 0)
(7.38926 4.51843 0)
(8.01404 4.34794 0)
(8.63673 3.41639 0)
(9.067 2.54741 0)
(9.64841 1.19029 0)
(10.9565 -0.750036 0)
(11.3106 -2.27179 0)
(12.021 -3.52503 0)
(13.4345 -5.12324 0)
(14.2967 -6.27322 0)
(14.2612 -6.90781 0)
(14.5899 -7.2998 0)
(14.0964 -7.13223 0)
(14.2571 -6.73128 0)
(13.5577 -6.12989 0)
(13.4074 -5.19131 0)
(11.326 -3.98888 0)
(11.4161 -3.17476 0)
(9.83888 -2.81961 0)
(9.57167 -2.18534 0)
(9.01137 -2.15531 0)
(8.69712 -1.12356 0)
(9.72779 -0.687027 0)
(8.3903 0.137291 0)
(10.3907 1.32016 0)
(8.12032 2.53371 0)
(10.2643 3.28378 0)
(7.59652 4.35705 0)
(9.91229 5.11272 0)
(6.42021 5.83418 0)
(8.6199 5.38092 0)
(6.90166 6.21752 0)
(7.04787 5.67491 0)
(8.1576 6.52964 0)
(7.25801 5.37771 0)
(9.07958 4.3751 0)
(8.93118 3.19114 0)
(10.5406 1.57934 0)
(10.5144 -1.02831 0)
(11.3023 -2.26312 0)
(10.3365 -4.11732 0)
(12.13 -5.7778 0)
(10.2172 -6.42528 0)
(11.4071 -5.98284 0)
(8.79024 -5.57852 0)
(10.144 -3.75033 0)
(7.28877 -3.32019 0)
(7.54899 -1.40055 0)
(4.29485 -0.682674 0)
(6.11705 1.13458 0)
(4.40311 -2.75943 0)
(6.94468 -3.62215 0)
(6.81267 -5.33591 0)
(8.30123 -3.39868 0)
(8.41274 -2.93695 0)
(8.91347 -1.44691 0)
(9.25281 -0.481735 0)
(9.2609 0.86551 0)
(9.39455 2.13262 0)
(9.25942 3.23445 0)
(9.12053 4.27579 0)
(8.46003 5.25327 0)
(8.00428 5.49857 0)
(7.16237 5.72553 0)
(6.97811 4.34369 0)
(6.2477 4.82234 0)
(6.8271 3.52054 0)
(5.03434 5.21551 0)
(8.41054 3.78767 0)
(3.74731 5.05114 0)
(9.85434 2.6679 0)
(3.84941 3.45402 0)
(10.3373 0.144714 0)
(5.19086 1.58851 0)
(9.71271 -1.67663 0)
(5.72034 0.711671 0)
(10.1621 -1.45802 0)
(6.45228 1.00589 0)
(10.7377 -0.467189 0)
(7.30878 2.79879 0)
(11.7042 1.17244 0)
(7.76278 5.45406 0)
(9.38378 -0.130211 0)
(9.21606 0.046191 0)
(9.50145 0.432105 0)
(9.75301 0.526121 0)
(9.84011 0.257903 0)
(10.4594 -0.152917 0)
(10.8396 -0.617043 0)
(11.0155 -1.3182 0)
(12.1329 -1.76994 0)
(11.544 -2.25538 0)
(12.3791 -2.95147 0)
(10.629 -2.75108 0)
(10.9998 -2.69193 0)
(9.07513 -2.33601 0)
(8.32462 -1.37841 0)
(9.05306 -0.88556 0)
(6.44088 0.0723588 0)
(6.37411 3.04213 0)
(8.28756 4.19088 0)
(9.12425 4.10957 0)
(9.67692 3.27133 0)
(10.3029 2.24389 0)
(11.0411 0.776025 0)
(11.8593 -0.949255 0)
(12.1858 -2.45791 0)
(13.3871 -4.05179 0)
(14.3533 -5.52464 0)
(14.4885 -6.36618 0)
(14.3704 -6.91747 0)
(14.638 -7.28041 0)
(14.1575 -7.0772 0)
(14.0289 -6.54014 0)
(12.9949 -5.7969 0)
(12.427 -4.74427 0)
(10.3782 -3.54167 0)
(10.5097 -2.81544 0)
(8.3087 -2.48955 0)
(8.44134 -1.9956 0)
(7.53411 -2.0555 0)
(8.13619 -1.11519 0)
(9.03711 -0.780905 0)
(7.82283 0.0872866 0)
(9.93169 1.32581 0)
(7.69081 2.59056 0)
(9.78647 3.35954 0)
(7.3528 4.45803 0)
(9.61616 5.25522 0)
(6.87909 6.05558 0)
(8.15779 5.33459 0)
(7.49068 6.39775 0)
(7.13173 5.60989 0)
(8.34276 6.29413 0)
(8.01347 5.28647 0)
(9.17823 3.99217 0)
(9.40989 2.77144 0)
(10.818 1.31851 0)
(10.9359 -1.10972 0)
(11.3894 -2.42075 0)
(11.0127 -4.18865 0)
(12.0865 -5.70028 0)
(10.654 -6.26784 0)
(11.3846 -5.74296 0)
(8.63739 -5.19564 0)
(10.1293 -3.46011 0)
(6.47981 -2.77936 0)
(7.40734 -0.794411 0)
(3.6132 -0.37912 0)
(7.19811 0.958869 0)
(4.42371 -2.64648 0)
(7.03708 -3.86753 0)
(6.29058 -5.75485 0)
(7.8338 -3.34512 0)
(7.28253 -3.29395 0)
(7.93083 -1.36966 0)
(8.05277 -0.652434 0)
(8.12372 0.947145 0)
(8.31049 2.06111 0)
(8.2891 3.35067 0)
(8.30092 4.31456 0)
(7.80733 5.5231 0)
(7.54093 5.52874 0)
(6.86347 6.12433 0)
(6.93507 4.20085 0)
(5.85849 5.16183 0)
(7.91133 3.47698 0)
(4.24151 5.21942 0)
(9.9754 3.6125 0)
(3.76645 5.0383 0)
(10.5999 2.32994 0)
(5.55295 3.66619 0)
(9.8602 -0.30772 0)
(5.78415 1.67695 0)
(9.79492 -1.74327 0)
(5.70854 0.715055 0)
(10.1073 -1.71742 0)
(6.08539 1.39183 0)
(10.0498 -0.963574 0)
(6.74514 2.96401 0)
(11.1844 0.764146 0)
(9.26489 5.14842 0)
(11.2643 -0.104598 0)
(10.9742 -0.028365 0)
(11.0828 0.312675 0)
(11.4199 0.409121 0)
(11.5096 0.130036 0)
(11.9726 -0.363256 0)
(12.3884 -0.724542 0)
(12.4061 -1.39897 0)
(13.2481 -1.91066 0)
(12.7385 -2.14566 0)
(13.1363 -2.78223 0)
(11.7353 -2.46387 0)
(11.58 -2.32933 0)
(10.4568 -1.90824 0)
(8.68076 -1.21287 0)
(9.98215 -0.504125 0)
(7.90263 0.40164 0)
(7.02713 2.56133 0)
(8.91281 3.6215 0)
(9.94736 3.65144 0)
(10.6547 2.9298 0)
(11.3282 1.88056 0)
(12.0225 0.459276 0)
(12.5129 -1.08814 0)
(13.2007 -2.7668 0)
(14.4507 -4.52211 0)
(14.7114 -5.71684 0)
(14.4935 -6.34569 0)
(14.4769 -6.88975 0)
(14.5553 -7.22696 0)
(13.8849 -6.9579 0)
(13.3521 -6.27356 0)
(12.0536 -5.31664 0)
(11.1624 -4.15042 0)
(9.16075 -3.0563 0)
(9.11288 -2.3696 0)
(6.42309 -2.07103 0)
(7.08379 -1.89262 0)
(6.32003 -2.11939 0)
(7.86057 -1.35044 0)
(8.33395 -0.956494 0)
(7.56018 0.0676938 0)
(9.26329 1.31998 0)
(7.35441 2.68532 0)
(9.11043 3.30291 0)
(7.35745 4.50684 0)
(8.93523 5.2847 0)
(7.32375 6.27375 0)
(7.7422 5.2999 0)
(7.83303 6.45187 0)
(7.43119 5.53412 0)
(8.44692 6.00358 0)
(8.7616 5.18173 0)
(9.42806 3.66283 0)
(9.73393 2.35667 0)
(11.0697 1.01515 0)
(11.1257 -1.12146 0)
(11.6294 -2.59119 0)
(11.4613 -4.25089 0)
(11.9414 -5.66394 0)
(10.9848 -6.08789 0)
(10.9691 -5.46521 0)
(8.49084 -4.78401 0)
(9.79586 -3.06507 0)
(5.57309 -2.19744 0)
(7.54716 -0.383623 0)
(3.40669 -0.216577 0)
(7.73877 0.535708 0)
(4.04886 -2.6049 0)
(7.11793 -4.20737 0)
(5.81392 -5.97735 0)
(7.52083 -3.15105 0)
(6.13652 -3.57664 0)
(6.99269 -1.19123 0)
(6.78494 -0.942255 0)
(7.05825 1.10525 0)
(7.19731 1.86451 0)
(7.3083 3.51731 0)
(7.41437 4.24485 0)
(7.03583 5.88406 0)
(6.9986 5.40033 0)
(6.38686 6.53457 0)
(7.32318 4.10774 0)
(4.98005 5.2781 0)
(9.24501 3.47628 0)
(3.72603 5.13567 0)
(10.7539 3.24392 0)
(4.77285 5.14181 0)
(10.5565 1.74172 0)
(6.25719 3.70761 0)
(10.6144 -0.156386 0)
(5.9915 1.8771 0)
(10.2388 -1.93128 0)
(6.37228 0.914066 0)
(9.93596 -2.20189 0)
(7.10135 1.53271 0)
(9.63458 -1.31234 0)
(7.25359 2.94154 0)
(9.82122 0.262121 0)
(9.31394 4.68885 0)
(12.671 -0.102113 0)
(12.4835 -0.0495153 0)
(12.4723 0.272052 0)
(12.7109 0.3383 0)
(12.7559 0.0517285 0)
(13.0638 -0.496884 0)
(13.2543 -0.870041 0)
(13.304 -1.46262 0)
(13.6901 -2.01509 0)
(13.4188 -2.02381 0)
(13.4399 -2.54185 0)
(12.266 -2.16551 0)
(11.6556 -2.04874 0)
(11.3891 -1.54556 0)
(9.40211 -0.906675 0)
(10.3185 -0.340717 0)
(9.29474 0.723913 0)
(8.14464 2.34872 0)
(9.4252 3.14409 0)
(10.5707 3.16396 0)
(11.2989 2.62943 0)
(12.0097 1.60899 0)
(12.7174 0.178857 0)
(13.2398 -1.31958 0)
(14.2796 -3.13622 0)
(15.0235 -4.77169 0)
(14.7049 -5.68853 0)
(14.4754 -6.32618 0)
(14.4613 -6.90025 0)
(14.1931 -7.07843 0)
(13.2707 -6.63668 0)
(12.2998 -5.77344 0)
(10.754 -4.73851 0)
(9.68621 -3.57133 0)
(7.8343 -2.55364 0)
(7.36557 -1.81342 0)
(4.38688 -1.70636 0)
(5.85209 -2.10728 0)
(5.52767 -2.36715 0)
(7.46098 -1.69818 0)
(7.22745 -1.1279 0)
(7.22201 0.0541246 0)
(8.32005 1.2259 0)
(7.15388 2.7966 0)
(8.10086 3.21158 0)
(7.26328 4.63804 0)
(8.1029 5.23507 0)
(7.54002 6.38468 0)
(7.46996 5.36672 0)
(7.84511 6.35765 0)
(7.70347 5.43509 0)
(8.56599 5.62438 0)
(9.23698 5.01786 0)
(9.96588 3.46901 0)
(10.0441 2.04286 0)
(11.3638 0.780906 0)
(11.2078 -1.1313 0)
(11.9602 -2.79708 0)
(11.6012 -4.28807 0)
(11.8917 -5.55421 0)
(11.0401 -5.74361 0)
(10.3501 -5.07568 0)
(8.43275 -4.32362 0)
(9.04139 -2.50696 0)
(5.05196 -1.64324 0)
(7.15534 -0.169793 0)
(3.53941 -0.0429574 0)
(7.16721 0.300338 0)
(3.66508 -2.58378 0)
(7.07121 -4.69053 0)
(4.74415 -6.03098 0)
(7.05547 -2.97509 0)
(5.01645 -3.7247 0)
(6.13626 -0.9582 0)
(5.53306 -1.30819 0)
(6.12177 1.35499 0)
(6.05731 1.52765 0)
(6.40489 3.73048 0)
(6.47958 3.99919 0)
(6.30429 6.23127 0)
(6.43485 5.0785 0)
(5.6649 6.79732 0)
(8.16583 4.11155 0)
(3.83236 5.20992 0)
(10.2949 3.23069 0)
(3.92095 5.17841 0)
(10.9225 2.67134 0)
(5.51618 5.26425 0)
(10.9994 1.59835 0)
(6.58024 3.82565 0)
(10.3972 -0.244324 0)
(7.26116 2.0152 0)
(9.59096 -2.05147 0)
(7.45217 0.992239 0)
(9.35221 -2.17146 0)
(7.4189 1.59865 0)
(9.45809 -1.16091 0)
(7.7221 2.87884 0)
(9.57036 0.149983 0)
(9.26943 3.93159 0)
(13.3913 -0.15945 0)
(13.2841 -0.153014 0)
(13.3618 0.17199 0)
(13.5921 0.250067 0)
(13.574 0.001188 0)
(13.875 -0.502611 0)
(13.7634 -0.946945 0)
(13.7693 -1.47996 0)
(13.8129 -1.99944 0)
(13.4878 -1.96915 0)
(13.2561 -2.30459 0)
(12.3478 -1.84809 0)
(11.5204 -1.74006 0)
(11.4249 -1.32922 0)
(10.0187 -0.538925 0)
(10.2435 -0.263696 0)
(10.1186 0.784628 0)
(9.43991 2.32929 0)
(10.2458 2.93993 0)
(11.2929 2.8562 0)
(11.7719 2.43539 0)
(12.6932 1.3328 0)
(13.4355 -0.118822 0)
(14.1514 -1.65445 0)
(15.0491 -3.43179 0)
(15.0033 -4.78138 0)
(14.5373 -5.59872 0)
(14.4876 -6.30068 0)
(14.2438 -6.77631 0)
(13.4342 -6.72475 0)
(12.142 -6.16208 0)
(10.9028 -5.20715 0)
(9.27603 -4.09144 0)
(8.07263 -2.96622 0)
(6.41693 -1.97676 0)
(5.44422 -1.13149 0)
(2.84349 -1.53221 0)
(4.8344 -2.60292 0)
(4.71967 -2.61363 0)
(6.50361 -1.92781 0)
(5.79623 -1.19458 0)
(6.57291 0.0173226 0)
(6.98827 1.15112 0)
(6.76097 2.93071 0)
(6.99764 3.09803 0)
(7.06393 4.69074 0)
(7.23384 5.16298 0)
(7.41262 6.32408 0)
(7.34988 5.42166 0)
(7.7078 6.13961 0)
(7.82903 5.30902 0)
(8.72031 5.21544 0)
(9.40488 4.82483 0)
(10.5094 3.33776 0)
(10.3766 1.81794 0)
(11.6019 0.583748 0)
(11.2739 -1.17448 0)
(12.192 -2.9272 0)
(11.5224 -4.26641 0)
(11.8282 -5.39286 0)
(10.6573 -5.37968 0)
(9.74535 -4.67678 0)
(8.10574 -3.84284 0)
(7.97254 -1.93962 0)
(4.83521 -1.10436 0)
(5.79504 0.0567257 0)
(3.50969 0.0828938 0)
(5.93109 0.190678 0)
(3.88441 -2.5834 0)
(6.42542 -4.99576 0)
(2.93442 -5.93793 0)
(6.3009 -2.89554 0)
(3.89122 -3.83507 0)
(5.37196 -0.736317 0)
(4.24428 -1.67951 0)
(5.24154 1.5467 0)
(4.95886 1.00146 0)
(5.53123 4.02554 0)
(5.446 3.59623 0)
(5.55882 6.60285 0)
(6.1462 4.81851 0)
(4.54731 6.83676 0)
(9.16098 4.0311 0)
(3.12983 5.23807 0)
(10.6954 2.58316 0)
(4.51456 5.26699 0)
(10.7249 2.19139 0)
(6.25374 5.22004 0)
(10.7038 1.4643 0)
(7.65347 3.90472 0)
(10.281 -0.293325 0)
(8.09295 1.96159 0)
(10.335 -1.87707 0)
(7.90199 0.922699 0)
(10.2249 -2.00139 0)
(7.87358 1.62791 0)
(9.78911 -0.959832 0)
(8.15873 2.69338 0)
(9.45434 0.255844 0)
(9.19603 3.27038 0)
(13.5326 -0.219095 0)
(13.3652 -0.188053 0)
(13.5899 0.0980739 0)
(13.8049 0.164933 0)
(13.7692 -0.0644017 0)
(14.1305 -0.488084 0)
(13.9743 -0.938416 0)
(13.955 -1.41398 0)
(13.8038 -1.87616 0)
(13.3402 -1.82336 0)
(12.958 -1.99989 0)
(12.1093 -1.59422 0)
(11.5412 -1.43999 0)
(11.2981 -1.19115 0)
(10.4338 -0.246601 0)
(10.3652 -0.140575 0)
(10.383 0.648697 0)
(10.1478 2.23392 0)
(11.1157 2.80272 0)
(12.0079 2.68192 0)
(12.4798 2.22566 0)
(13.5683 1.01733 0)
(14.1965 -0.39996 0)
(14.867 -1.99016 0)
(15.1453 -3.54474 0)
(14.6965 -4.60311 0)
(14.4655 -5.47059 0)
(14.314 -6.23033 0)
(13.5183 -6.53076 0)
(12.219 -6.23747 0)
(10.7674 -5.51447 0)
(9.37661 -4.52772 0)
(7.75454 -3.4379 0)
(6.5518 -2.3843 0)
(4.90684 -1.33989 0)
(3.43561 -0.474642 0)
(1.97259 -1.68331 0)
(3.54437 -3.01605 0)
(3.60216 -2.72387 0)
(5.34256 -2.10136 0)
(4.6466 -1.24263 0)
(5.71238 -0.0580966 0)
(5.59536 1.04703 0)
(6.22667 2.90448 0)
(5.94049 2.98992 0)
(6.56456 4.69239 0)
(6.48352 5.13993 0)
(7.01977 6.07363 0)
(7.0765 5.47334 0)
(7.50498 5.91565 0)
(7.69061 5.09169 0)
(8.82896 4.80955 0)
(9.40584 4.51245 0)
(10.8146 3.13646 0)
(10.5927 1.59658 0)
(11.6907 0.427241 0)
(11.3157 -1.22456 0)
(12.2042 -2.99562 0)
(11.3141 -4.24626 0)
(11.5706 -5.11716 0)
(9.97844 -4.9245 0)
(9.22046 -4.18183 0)
(7.45477 -3.25685 0)
(7.01597 -1.40869 0)
(4.58597 -0.554007 0)
(4.56706 0.300788 0)
(3.18343 0.110401 0)
(4.78903 -0.00455445 0)
(3.94744 -2.57311 0)
(4.91848 -4.7507 0)
(0.999765 -5.72545 0)
(5.53126 -3.0443 0)
(2.8622 -3.92803 0)
(4.67168 -0.469829 0)
(3.05395 -2.00644 0)
(4.43151 1.89246 0)
(3.7251 0.478912 0)
(4.64 4.38454 0)
(4.48795 3.04718 0)
(4.62726 6.91838 0)
(6.23078 4.55376 0)
(3.02651 6.63223 0)
(9.72836 3.60507 0)
(3.36823 5.31057 0)
(10.4054 1.97288 0)
(5.10341 5.33994 0)
(10.3921 1.88276 0)
(6.9554 5.23975 0)
(10.5081 1.23428 0)
(8.10073 3.77874 0)
(11.0576 -0.159422 0)
(8.43225 1.89901 0)
(10.9197 -1.70052 0)
(8.28823 0.921361 0)
(10.5268 -1.89164 0)
(8.3663 1.42303 0)
(10.2287 -0.86563 0)
(8.87834 2.32693 0)
(9.82642 0.328637 0)
(9.50972 2.66406 0)
(13.3909 -0.227762 0)
(13.1379 -0.097772 0)
(13.4681 0.11932 0)
(13.6377 0.0946088 0)
(13.6648 -0.122511 0)
(14.0998 -0.500699 0)
(14.0047 -0.958294 0)
(13.9199 -1.36542 0)
(13.7165 -1.68897 0)
(13.0982 -1.62722 0)
(12.7504 -1.69452 0)
(12.058 -1.38663 0)
(11.7646 -1.19837 0)
(11.4155 -1.05808 0)
(10.8229 -0.140526 0)
(10.8385 0.0158985 0)
(10.4016 0.614385 0)
(10.3757 1.95882 0)
(11.5982 2.46187 0)
(12.4017 2.4151 0)
(13.244 1.8839 0)
(14.1004 0.748374 0)
(14.5266 -0.649546 0)
(14.9406 -2.18591 0)
(14.7739 -3.42627 0)
(14.391 -4.439 0)
(14.2853 -5.40127 0)
(13.7401 -6.00394 0)
(12.3947 -5.99651 0)
(10.7103 -5.56434 0)
(9.22316 -4.84773 0)
(7.83565 -3.89365 0)
(6.31789 -2.8589 0)
(5.21322 -1.78431 0)
(3.24365 -0.595119 0)
(1.64269 -0.0187773 0)
(1.27647 -1.93474 0)
(1.99309 -3.28748 0)
(2.67411 -2.97076 0)
(4.33725 -2.5104 0)
(3.6315 -1.40819 0)
(4.71184 -0.150974 0)
(4.29573 0.969907 0)
(5.35847 2.78125 0)
(4.9792 2.88869 0)
(5.86194 4.53019 0)
(5.76526 5.05046 0)
(6.54078 5.71191 0)
(6.61966 5.4456 0)
(7.39313 5.67616 0)
(7.26345 4.82262 0)
(8.75412 4.40368 0)
(9.20282 4.10689 0)
(10.7592 2.87301 0)
(10.5645 1.41993 0)
(11.5646 0.314045 0)
(11.2051 -1.29406 0)
(12.0143 -3.01001 0)
(10.9764 -4.12467 0)
(11.0835 -4.74747 0)
(9.11729 -4.43806 0)
(8.55374 -3.70157 0)
(6.55906 -2.70386 0)
(6.35743 -0.931749 0)
(3.95907 -0.0203635 0)
(4.13599 0.548836 0)
(2.33394 0.175339 0)
(4.25783 -0.259726 0)
(3.12738 -2.40656 0)
(3.56526 -4.16111 0)
(0.0557727 -5.65621 0)
(5.04047 -3.50655 0)
(2.04091 -3.83995 0)
(4.08887 -0.36273 0)
(1.97994 -2.29373 0)
(3.71156 2.02102 0)
(2.54354 -0.0828778 0)
(3.81574 4.66201 0)
(3.60912 2.48226 0)
(3.55895 7.10908 0)
(6.71255 4.43128 0)
(1.76725 6.43055 0)
(9.65402 2.80378 0)
(3.87017 5.44375 0)
(9.85883 1.47383 0)
(5.63162 5.39862 0)
(10.0854 1.60745 0)
(7.32321 5.07523 0)
(10.5739 1.22921 0)
(8.60378 3.48995 0)
(11.042 -0.0777372 0)
(9.10028 1.76102 0)
(10.617 -1.40828 0)
(8.68037 0.714581 0)
(10.2598 -1.62749 0)
(8.74652 1.25714 0)
(9.82058 -0.680425 0)
(9.20616 2.04634 0)
(9.86872 0.481376 0)
(9.94364 2.25519 0)
(13.1725 -0.201987 0)
(13.0483 -0.0600122 0)
(13.4626 0.088263 0)
(13.6655 -0.0259385 0)
(13.7142 -0.200914 0)
(14.0364 -0.555242 0)
(13.9143 -0.962212 0)
(13.6978 -1.25682 0)
(13.4861 -1.48816 0)
(12.9194 -1.41466 0)
(12.7052 -1.48174 0)
(12.2506 -1.28967 0)
(11.9734 -1.03403 0)
(11.6989 -0.91857 0)
(11.1983 -0.116715 0)
(11.1242 0.252396 0)
(10.6349 0.656776 0)
(10.6378 1.58223 0)
(11.4259 2.09158 0)
(12.3449 2.02678 0)
(13.3628 1.48546 0)
(13.8435 0.527775 0)
(14.3016 -0.835966 0)
(14.5457 -2.19996 0)
(14.3467 -3.31154 0)
(14.1566 -4.34075 0)
(13.8396 -5.18351 0)
(12.6888 -5.52562 0)
(10.8213 -5.34505 0)
(9.0641 -4.87388 0)
(7.71005 -4.1868 0)
(6.45186 -3.26685 0)
(5.01887 -2.30122 0)
(3.83779 -1.12095 0)
(1.62891 0.192396 0)
(0.386553 0.251084 0)
(0.468893 -2.07953 0)
(0.679238 -3.68212 0)
(1.82544 -3.52038 0)
(2.80846 -2.80905 0)
(1.96154 -1.50023 0)
(3.41529 -0.212466 0)
(2.97099 0.84456 0)
(4.3188 2.55953 0)
(3.88288 2.81793 0)
(4.82966 4.3599 0)
(5.00209 4.88163 0)
(6.0198 5.38277 0)
(6.04449 5.37166 0)
(7.26812 5.46581 0)
(6.83663 4.55855 0)
(8.51521 3.97695 0)
(8.89133 3.62935 0)
(10.4228 2.5796 0)
(10.3552 1.24891 0)
(11.2125 0.155935 0)
(11.0092 -1.37751 0)
(11.6237 -2.95235 0)
(10.5108 -3.93221 0)
(10.3176 -4.30928 0)
(8.19855 -3.89427 0)
(7.79415 -3.16357 0)
(5.63267 -2.11938 0)
(5.8322 -0.480165 0)
(3.28911 0.447881 0)
(4.09924 0.796679 0)
(1.63981 0.324449 0)
(3.98757 -0.562829 0)
(2.02035 -2.1846 0)
(3.25804 -3.81933 0)
(0.347578 -5.88231 0)
(4.42826 -4.07105 0)
(1.017 -3.5963 0)
(3.48131 -0.14532 0)
(1.02076 -2.42129 0)
(2.94781 2.38211 0)
(1.41354 -0.514553 0)
(2.87796 5.00478 0)
(2.85447 2.00709 0)
(2.33391 7.03617 0)
(7.34744 4.11928 0)
(1.63974 6.33566 0)
(8.96374 1.90593 0)
(4.30002 5.59083 0)
(9.21514 1.12185 0)
(6.00153 5.31072 0)
(9.77721 1.42231 0)
(7.57869 4.75061 0)
(10.6275 1.109 0)
(9.06648 3.18094 0)
(11.1197 0.0478085 0)
(9.35454 1.60033 0)
(10.7098 -1.15725 0)
(9.22872 0.595018 0)
(10.2545 -1.46779 0)
(9.27918 1.11489 0)
(9.68039 -0.51729 0)
(9.44911 1.76484 0)
(9.89604 0.550588 0)
(10.1866 1.88523 0)
(13.1773 -0.245761 0)
(13.2046 -0.0907597 0)
(13.6121 0.0492689 0)
(13.73 -0.13529 0)
(13.6872 -0.196023 0)
(13.9256 -0.562825 0)
(13.7977 -0.948211 0)
(13.5529 -1.12412 0)
(13.3524 -1.33585 0)
(12.9578 -1.28098 0)
(12.8006 -1.32681 0)
(12.4034 -1.19157 0)
(12.0926 -0.905775 0)
(11.9721 -0.787048 0)
(11.3792 -0.0485626 0)
(11.1468 0.441717 0)
(10.9213 0.713228 0)
(10.6063 1.42758 0)
(11.0049 1.79502 0)
(12.0532 1.6151 0)
(12.7937 1.20115 0)
(13.3352 0.298316 0)
(13.9427 -0.959649 0)
(14.1346 -2.16006 0)
(14.004 -3.23648 0)
(13.7056 -4.21293 0)
(12.9103 -4.82179 0)
(11.2175 -4.84613 0)
(9.08525 -4.56731 0)
(7.46023 -4.21105 0)
(6.27973 -3.63899 0)
(5.18341 -2.75636 0)
(3.85571 -1.72796 0)
(2.47691 -0.383997 0)
(0.174547 0.878279 0)
(-0.518697 0.400664 0)
(-0.321438 -2.20345 0)
(-0.461042 -3.94031 0)
(0.321653 -3.81869 0)
(0.959088 -2.61398 0)
(-0.0484043 -1.50254 0)
(2.36508 -0.439784 0)
(1.45572 0.639314 0)
(3.13702 2.33392 0)
(2.61366 2.68974 0)
(3.91004 4.13586 0)
(4.10531 4.5878 0)
(5.31142 5.06635 0)
(5.48634 5.14102 0)
(6.94952 5.24024 0)
(6.6063 4.29792 0)
(8.08796 3.59377 0)
(8.5368 3.17045 0)
(9.96592 2.30971 0)
(10.0528 1.09837 0)
(10.7982 0.0190109 0)
(10.7675 -1.45695 0)
(11.0552 -2.85074 0)
(9.88535 -3.60632 0)
(9.35564 -3.78679 0)
(7.21843 -3.36118 0)
(6.95357 -2.67855 0)
(4.79147 -1.66838 0)
(5.29699 -0.123469 0)
(2.84484 0.808691 0)
(3.87023 1.02982 0)
(1.4852 0.478381 0)
(3.34919 -0.718348 0)
(1.28942 -2.09533 0)
(3.42158 -3.8498 0)
(0.663263 -5.84449 0)
(3.0602 -4.3524 0)
(-0.526003 -3.21607 0)
(2.80414 -0.267518 0)
(0.0252361 -2.49423 0)
(2.25815 2.41245 0)
(0.494845 -0.850165 0)
(1.98585 5.04134 0)
(2.58677 1.82703 0)
(0.471666 6.6361 0)
(7.26301 3.26275 0)
(2.2651 6.42217 0)
(7.96377 1.22689 0)
(4.56179 5.6405 0)
(8.58361 0.846488 0)
(6.0512 5.07076 0)
(9.52489 1.21238 0)
(7.62226 4.35103 0)
(10.5786 1.02438 0)
(9.26201 2.86379 0)
(11.034 0.189323 0)
(9.60424 1.5008 0)
(10.5905 -0.966999 0)
(9.8121 0.426162 0)
(10.3356 -1.25274 0)
(9.79476 0.95579 0)
(9.88635 -0.304469 0)
(9.7457 1.45294 0)
(10.1576 0.588974 0)
(10.4367 1.54937 0)
(13.3139 -0.318785 0)
(13.3244 -0.105886 0)
(13.6259 0.0933757 0)
(13.6231 -0.189675 0)
(13.5889 -0.195234 0)
(13.8137 -0.554236 0)
(13.6289 -0.921878 0)
(13.4375 -0.975543 0)
(13.284 -1.21994 0)
(12.9628 -1.17894 0)
(12.7932 -1.17909 0)
(12.4641 -1.11759 0)
(12.1543 -0.815045 0)
(11.9336 -0.619174 0)
(11.3543 0.0599193 0)
(11.1605 0.578051 0)
(11.0211 0.817769 0)
(10.6377 1.31903 0)
(11.0073 1.52446 0)
(11.7629 1.41421 0)
(12.4042 0.954488 0)
(13.142 0.0268836 0)
(13.6137 -1.04903 0)
(13.7475 -2.15281 0)
(13.543 -3.16922 0)
(12.9181 -3.91576 0)
(11.545 -4.18167 0)
(9.38138 -4.02699 0)
(7.3304 -3.85801 0)
(6.01178 -3.67444 0)
(5.03925 -3.14839 0)
(4.01391 -2.26476 0)
(2.68079 -1.11579 0)
(1.1504 0.367008 0)
(-0.982903 1.43837 0)
(-1.08335 0.431532 0)
(-1.09357 -2.19846 0)
(-1.52581 -3.97151 0)
(-1.13516 -3.91172 0)
(-0.185595 -2.49562 0)
(-1.22823 -1.84565 0)
(1.45151 -0.805349 0)
(-0.310423 0.441345 0)
(1.93384 2.13706 0)
(1.25931 2.39828 0)
(3.07865 3.86591 0)
(2.84354 4.22118 0)
(4.60001 4.69365 0)
(4.71994 4.78336 0)
(6.46057 4.9183 0)
(6.45183 4.01586 0)
(7.62575 3.25858 0)
(8.23967 2.73454 0)
(9.39889 2.02883 0)
(9.67967 0.928827 0)
(10.3953 -0.143008 0)
(10.4428 -1.49617 0)
(10.3167 -2.61939 0)
(9.0483 -3.19566 0)
(8.23988 -3.24516 0)
(6.29033 -2.86291 0)
(6.02091 -2.23772 0)
(4.09024 -1.26671 0)
(4.72661 0.1886 0)
(2.64603 1.0611 0)
(3.48472 1.25788 0)
(1.88686 0.638259 0)
(2.89277 -0.569884 0)
(1.30252 -2.07537 0)
(3.1568 -3.90355 0)
(0.106572 -5.28917 0)
(1.07234 -3.92993 0)
(-2.29074 -3.1248 0)
(2.1631 -0.48224 0)
(-0.998194 -2.29874 0)
(1.44 2.58688 0)
(-0.113878 -1.03755 0)
(0.867648 5.19811 0)
(2.94914 1.7998 0)
(-0.807471 6.05743 0)
(5.99266 2.0307 0)
(2.6974 6.53393 0)
(6.80943 0.68795 0)
(4.54501 5.54632 0)
(7.90485 0.598778 0)
(6.02291 4.69923 0)
(9.08788 1.08323 0)
(7.54269 3.9067 0)
(10.4881 0.878404 0)
(9.45038 2.53396 0)
(10.7463 0.329375 0)
(9.88546 1.34748 0)
(10.8184 -0.799886 0)
(10.3569 0.202645 0)
(10.4673 -1.04873 0)
(9.82856 0.853156 0)
(9.79218 -0.0370806 0)
(9.6077 1.23808 0)
(10.1524 0.598408 0)
(10.4418 1.29406 0)
(13.2982 -0.345894 0)
(13.2275 -0.0937918 0)
(13.4979 0.139001 0)
(13.4419 -0.236698 0)
(13.4322 -0.194445 0)
(13.6026 -0.500763 0)
(13.4049 -0.895946 0)
(13.3325 -0.895179 0)
(13.1116 -1.12098 0)
(12.7975 -1.07915 0)
(12.5918 -1.05066 0)
(12.1979 -1.02961 0)
(11.8672 -0.661208 0)
(11.596 -0.43019 0)
(11.1784 0.0968095 0)
(11.0069 0.660171 0)
(10.9757 0.895447 0)
(10.8464 1.20891 0)
(11.1037 1.42051 0)
(11.6455 1.26323 0)
(12.357 0.646089 0)
(12.9144 -0.18247 0)
(13.2241 -1.11221 0)
(13.2461 -2.10997 0)
(12.7344 -2.94491 0)
(11.6066 -3.42791 0)
(9.74052 -3.40724 0)
(7.50433 -3.18629 0)
(5.74762 -3.22757 0)
(4.63731 -3.22975 0)
(3.76227 -2.73563 0)
(2.78885 -1.76749 0)
(1.47212 -0.499884 0)
(-0.0682335 1.05755 0)
(-1.78907 1.81517 0)
(-1.39571 0.362373 0)
(-1.62875 -2.13694 0)
(-2.35288 -3.97199 0)
(-2.30763 -4.15949 0)
(-1.06253 -2.7521 0)
(-1.86119 -2.24729 0)
(-0.0322036 -0.872291 0)
(-2.2682 0.410666 0)
(0.959883 1.89969 0)
(-0.374117 2.06814 0)
(2.01194 3.68742 0)
(1.58844 3.76798 0)
(3.72338 4.3 0)
(3.88943 4.32522 0)
(5.82594 4.47601 0)
(6.1614 3.73014 0)
(7.17682 2.94775 0)
(7.87522 2.37066 0)
(8.84789 1.77612 0)
(9.2816 0.729026 0)
(9.97336 -0.314264 0)
(9.93624 -1.45183 0)
(9.36367 -2.28161 0)
(8.09783 -2.70511 0)
(7.08332 -2.69727 0)
(5.3482 -2.3647 0)
(4.98705 -1.81191 0)
(3.42977 -0.950226 0)
(4.01989 0.399328 0)
(2.54907 1.246 0)
(3.18033 1.4037 0)
(2.45983 0.756976 0)
(2.94064 -0.373235 0)
(1.79533 -2.01218 0)
(2.27955 -3.56232 0)
(-0.935856 -4.47838 0)
(-0.49984 -3.57106 0)
(-3.18749 -3.26029 0)
(1.68665 -0.880522 0)
(-2.58183 -2.13439 0)
(0.729979 2.45939 0)
(-0.911578 -0.809547 0)
(-0.632653 4.73646 0)
(2.9192 1.52334 0)
(-0.924499 5.62846 0)
(4.04578 0.989833 0)
(2.65973 6.65711 0)
(5.73059 0.342051 0)
(4.30949 5.27417 0)
(7.41161 0.407077 0)
(5.77777 4.26934 0)
(8.7921 0.949647 0)
(7.51519 3.29641 0)
(10.482 0.708021 0)
(9.06878 2.33763 0)
(10.8365 0.394579 0)
(10.201 1.04976 0)
(11.2684 -0.683859 0)
(9.85653 0.228045 0)
(9.9533 -0.633163 0)
(8.67339 0.948459 0)
(9.49083 0.131314 0)
(9.31433 0.99485 0)
(10.391 0.482902 0)
(10.6362 1.03594 0)
(12.9763 -0.320771 0)
(12.8397 -0.0623264 0)
(13.1133 0.148497 0)
(13.0013 -0.217495 0)
(13.0343 -0.202938 0)
(13.1697 -0.485634 0)
(12.9246 -0.861319 0)
(12.8338 -0.818228 0)
(12.4889 -0.986985 0)
(12.142 -0.954385 0)
(11.8701 -0.890299 0)
(11.4075 -0.877917 0)
(11.1224 -0.538988 0)
(10.8682 -0.297124 0)
(10.5366 0.153587 0)
(10.4694 0.699579 0)
(10.5845 0.924263 0)
(10.6241 1.14732 0)
(10.9091 1.27911 0)
(11.4663 1.0351 0)
(12.0753 0.420182 0)
(12.4529 -0.316035 0)
(12.5967 -1.15077 0)
(12.2875 -1.979 0)
(11.4072 -2.56694 0)
(9.89481 -2.7376 0)
(7.81093 -2.53231 0)
(5.75058 -2.43486 0)
(4.28429 -2.71969 0)
(3.3043 -2.81535 0)
(2.43662 -2.29904 0)
(1.49031 -1.27043 0)
(0.305548 0.0932422 0)
(-1.01269 1.66233 0)
(-2.12581 2.02182 0)
(-1.41579 0.316619 0)
(-1.9012 -1.93682 0)
(-3.05302 -3.75137 0)
(-3.60975 -4.28317 0)
(-2.45939 -3.04222 0)
(-2.82344 -2.26715 0)
(-1.8466 -0.743437 0)
(-3.7591 0.199387 0)
(0.0752989 1.47259 0)
(-2.17247 1.76787 0)
(1.0699 3.41257 0)
(0.344028 3.24918 0)
(2.71259 3.85036 0)
(3.22098 3.79003 0)
(4.8864 3.95759 0)
(5.76024 3.36078 0)
(6.65848 2.63068 0)
(7.3958 2.02119 0)
(8.3392 1.47006 0)
(8.8866 0.497282 0)
(9.45802 -0.421991 0)
(9.13018 -1.30258 0)
(8.27752 -1.88233 0)
(7.07073 -2.1929 0)
(5.89167 -2.14362 0)
(4.37996 -1.89604 0)
(3.96585 -1.4565 0)
(2.74582 -0.702854 0)
(3.26209 0.543677 0)
(2.39816 1.3341 0)
(3.07638 1.40978 0)
(2.74386 0.782099 0)
(3.19775 -0.250082 0)
(2.21631 -1.73835 0)
(1.65082 -2.9349 0)
(-1.29219 -3.85964 0)
(-0.945954 -3.36776 0)
(-3.09499 -3.4861 0)
(0.484048 -1.15463 0)
(-4.21653 -1.78982 0)
(-0.361407 2.20945 0)
(-1.74911 -0.701175 0)
(-2.19461 3.98355 0)
(1.60306 1.0438 0)
(-0.572553 5.83511 0)
(2.30616 0.360328 0)
(2.30073 6.33884 0)
(4.86551 0.109637 0)
(3.99063 4.77852 0)
(6.86188 0.321881 0)
(5.27702 3.77766 0)
(8.45136 0.784401 0)
(7.32282 2.69889 0)
(10.1356 0.653964 0)
(8.77436 2.02369 0)
(10.902 0.27351 0)
(9.81067 0.813314 0)
(10.7337 -0.397975 0)
(8.92334 0.414851 0)
(9.74576 -0.28215 0)
(8.52373 0.81006 0)
(10.2416 -0.0388186 0)
(10.1645 0.60214 0)
(11.5546 0.216166 0)
(11.717 0.79727 0)
(12.0725 -0.238365 0)
(11.9362 -0.00946158 0)
(12.2504 0.137345 0)
(12.0919 -0.185406 0)
(12.1768 -0.225882 0)
(12.2327 -0.451531 0)
(11.8784 -0.752326 0)
(11.7255 -0.716805 0)
(11.2902 -0.829628 0)
(10.9143 -0.799594 0)
(10.64 -0.740835 0)
(10.1761 -0.728419 0)
(9.91743 -0.400488 0)
(9.66626 -0.155997 0)
(9.41059 0.187479 0)
(9.47419 0.692196 0)
(9.67378 0.909067 0)
(9.89856 0.986202 0)
(10.2797 1.06949 0)
(10.8355 0.854472 0)
(11.3507 0.249183 0)
(11.5615 -0.419011 0)
(11.451 -1.08335 0)
(10.8452 -1.69138 0)
(9.66168 -2.01894 0)
(7.94967 -1.96399 0)
(5.97832 -1.72807 0)
(4.26532 -1.80493 0)
(3.00806 -2.25645 0)
(2.00861 -2.39801 0)
(1.13752 -1.87345 0)
(0.249274 -0.816952 0)
(-0.699021 0.563095 0)
(-1.6167 2.05412 0)
(-1.94725 1.98431 0)
(-1.0813 0.305727 0)
(-1.75356 -1.56582 0)
(-3.16073 -3.33828 0)
(-4.45042 -4.1232 0)
(-4.11379 -3.17282 0)
(-3.97449 -2.11493 0)
(-3.53257 -0.698534 0)
(-4.5619 -0.154197 0)
(-1.03651 1.1204 0)
(-3.65991 1.45755 0)
(0.233756 2.86719 0)
(-0.706954 2.78089 0)
(1.6675 3.30883 0)
(2.60583 3.27362 0)
(3.96548 3.39102 0)
(5.21453 2.92301 0)
(6.08768 2.28308 0)
(6.92013 1.682 0)
(7.89407 1.15554 0)
(8.3792 0.304921 0)
(8.74798 -0.41547 0)
(8.13293 -1.02009 0)
(7.20699 -1.43422 0)
(6.01526 -1.67461 0)
(4.82142 -1.61173 0)
(3.53598 -1.46597 0)
(3.12692 -1.13658 0)
(2.11428 -0.50697 0)
(2.63883 0.576816 0)
(2.20092 1.26359 0)
(3.15786 1.3038 0)
(2.84768 0.736294 0)
(3.53512 -0.153577 0)
(2.47586 -1.3441 0)
(1.69717 -2.30376 0)
(-0.838016 -3.29341 0)
(-0.830706 -3.27605 0)
(-3.29005 -3.35185 0)
(-1.15709 -1.02182 0)
(-5.41416 -1.62923 0)
(-1.11566 1.66079 0)
(-3.10457 -0.632385 0)
(-2.67265 3.27087 0)
(-0.833395 0.571133 0)
(-0.164373 5.93268 0)
(1.01509 0.0373078 0)
(1.68451 5.60208 0)
(4.05722 -0.0240332 0)
(3.69189 4.09229 0)
(5.83919 0.289672 0)
(4.93069 3.13626 0)
(7.60272 0.546372 0)
(7.17697 2.09123 0)
(9.10383 0.511656 0)
(8.54411 1.60503 0)
(9.98357 0.253938 0)
(9.47491 0.778325 0)
(10.2253 -0.0794692 0)
(9.68399 0.384222 0)
(10.4336 -0.210143 0)
(10.3785 0.470095 0)
(11.7995 -0.35943 0)
(12.1126 0.186297 0)
(13.085 -0.0553499 0)
(13.3331 0.566241 0)
(10.6721 -0.142866 0)
(10.6457 -0.0300656 0)
(10.9313 0.0583038 0)
(10.7368 -0.16421 0)
(10.8185 -0.247092 0)
(10.7293 -0.402061 0)
(10.3227 -0.611655 0)
(10.1268 -0.604648 0)
(9.66254 -0.659839 0)
(9.31902 -0.650065 0)
(9.03434 -0.602947 0)
(8.55435 -0.550146 0)
(8.30938 -0.279312 0)
(8.09543 -0.0699354 0)
(7.93737 0.214945 0)
(8.08954 0.627757 0)
(8.40695 0.771162 0)
(8.73193 0.812232 0)
(9.17753 0.860406 0)
(9.76745 0.628163 0)
(10.1014 0.139284 0)
(10.145 -0.4104 0)
(9.86177 -0.914013 0)
(9.00428 -1.27439 0)
(7.69056 -1.37709 0)
(6.04405 -1.21015 0)
(4.38428 -1.05362 0)
(3.07023 -1.291 0)
(1.92127 -1.80717 0)
(0.835421 -1.95592 0)
(-0.0415376 -1.47802 0)
(-0.77066 -0.429579 0)
(-1.4051 0.935315 0)
(-1.91947 2.20843 0)
(-1.25909 1.80932 0)
(-0.301088 0.378124 0)
(-0.87856 -1.07986 0)
(-2.47745 -2.73015 0)
(-4.60071 -3.71754 0)
(-5.3297 -3.21411 0)
(-4.8437 -2.07581 0)
(-4.75708 -0.853805 0)
(-5.06461 -0.549378 0)
(-2.54824 0.868285 0)
(-4.73519 1.15779 0)
(-0.878071 2.28022 0)
(-1.59531 2.47083 0)
(0.497517 2.59395 0)
(1.78714 2.67884 0)
(3.1597 2.83123 0)
(4.2886 2.43261 0)
(5.55345 1.87144 0)
(6.2905 1.3149 0)
(7.34166 0.820154 0)
(7.59347 0.175538 0)
(7.80416 -0.314928 0)
(6.99886 -0.707695 0)
(6.22822 -0.990293 0)
(5.03779 -1.18973 0)
(4.12603 -1.14102 0)
(3.05032 -1.13699 0)
(2.76859 -0.865948 0)
(1.68437 -0.403688 0)
(2.3753 0.50078 0)
(2.0174 1.05069 0)
(3.29511 1.15025 0)
(3.00699 0.65686 0)
(4.05199 -0.0724748 0)
(2.8974 -0.955148 0)
(2.28603 -1.65363 0)
(-0.300824 -2.66045 0)
(-0.928632 -2.73291 0)
(-3.83019 -2.6014 0)
(-2.79047 -0.899408 0)
(-5.75958 -1.37696 0)
(-2.09286 1.02957 0)
(-4.90667 -0.262662 0)
(-3.29157 3.16716 0)
(-2.90347 -0.3205 0)
(0.201129 5.82351 0)
(0.588256 -0.184543 0)
(1.60762 4.37097 0)
(3.51452 -0.0476255 0)
(3.47911 3.35244 0)
(4.91112 0.269758 0)
(5.15263 2.45489 0)
(6.73992 0.337959 0)
(7.3008 1.58942 0)
(7.98348 0.463115 0)
(8.8143 1.26439 0)
(9.42298 0.228065 0)
(10.3363 0.495759 0)
(10.5149 -0.121215 0)
(11.4648 0.0633186 0)
(11.5052 -0.378299 0)
(12.6443 0.0369975 0)
(12.914 -0.619795 0)
(13.4167 -0.140804 0)
(13.4988 -0.240948 0)
(13.7494 0.393323 0)
(8.96156 -0.0955294 0)
(9.02521 -0.107072 0)
(9.14579 -0.011566 0)
(8.94043 -0.134643 0)
(8.98763 -0.224388 0)
(8.78647 -0.305424 0)
(8.44061 -0.467513 0)
(8.21378 -0.480412 0)
(7.74739 -0.494893 0)
(7.42007 -0.502354 0)
(7.06825 -0.446772 0)
(6.60451 -0.375683 0)
(6.40631 -0.187409 0)
(6.24595 -0.0133078 0)
(6.16874 0.212973 0)
(6.41908 0.495551 0)
(6.80372 0.600792 0)
(7.17275 0.627102 0)
(7.6695 0.624127 0)
(8.16646 0.450327 0)
(8.41344 0.0861277 0)
(8.36543 -0.333728 0)
(7.88307 -0.629148 0)
(6.91691 -0.784681 0)
(5.68824 -0.761254 0)
(4.39422 -0.586202 0)
(3.23892 -0.53596 0)
(2.24296 -0.851335 0)
(1.16444 -1.36307 0)
(-0.00271707 -1.54539 0)
(-0.93287 -1.13288 0)
(-1.50849 -0.169493 0)
(-1.80362 1.12125 0)
(-1.7719 1.99568 0)
(-0.148294 1.36361 0)
(0.860649 0.303254 0)
(0.480151 -0.587466 0)
(-1.27549 -1.89842 0)
(-4.05753 -2.97694 0)
(-5.91911 -3.02303 0)
(-5.8257 -2.04229 0)
(-5.91891 -1.01858 0)
(-6.00266 -0.64375 0)
(-4.40315 0.790345 0)
(-5.58548 0.815753 0)
(-2.25718 1.61952 0)
(-2.48552 2.12627 0)
(-0.596944 1.89132 0)
(0.638003 2.11546 0)
(2.39939 2.34534 0)
(3.29686 1.81684 0)
(5.05824 1.42257 0)
(5.443 1.00768 0)
(6.62341 0.565552 0)
(6.53018 0.142724 0)
(6.79524 -0.163608 0)
(5.91464 -0.402284 0)
(5.51052 -0.598195 0)
(4.40146 -0.791364 0)
(4.04177 -0.837132 0)
(2.99054 -0.871623 0)
(2.87563 -0.594495 0)
(1.67866 -0.262624 0)
(2.5046 0.391857 0)
(1.95196 0.800857 0)
(3.46186 0.910625 0)
(3.29871 0.498656 0)
(4.59973 -0.0672644 0)
(3.40408 -0.593346 0)
(3.06937 -1.12069 0)
(0.282141 -1.87868 0)
(-0.590575 -2.07488 0)
(-3.77459 -1.97811 0)
(-2.88038 -0.781504 0)
(-5.3853 -1.15815 0)
(-3.2622 0.994853 0)
(-4.97511 -0.281604 0)
(-2.40654 3.13407 0)
(-3.14917 -0.748549 0)
(0.495973 4.32182 0)
(1.05251 -0.00190156 0)
(1.42925 3.25589 0)
(3.31472 0.0595518 0)
(3.4741 2.81161 0)
(4.82472 0.175349 0)
(6.13892 1.75509 0)
(6.7635 0.262205 0)
(8.13274 1.14173 0)
(8.19184 0.349754 0)
(9.96127 0.686644 0)
(10.0699 -0.0393898 0)
(11.5992 0.0303005 0)
(11.3031 -0.292102 0)
(12.5929 -0.241007 0)
(12.0427 -0.604104 0)
(13.0818 -0.28199 0)
(12.0235 -0.549319 0)
(12.2149 -0.107493 0)
(11.605 -0.127424 0)
(11.8476 0.393038 0)
(6.97261 -0.0571337 0)
(6.99948 -0.0918575 0)
(6.96224 -0.00170575 0)
(6.8293 -0.0829142 0)
(6.82271 -0.161733 0)
(6.59927 -0.209933 0)
(6.30677 -0.326188 0)
(6.00185 -0.329345 0)
(5.56049 -0.329774 0)
(5.21352 -0.335762 0)
(4.81514 -0.278702 0)
(4.43417 -0.232049 0)
(4.26496 -0.119028 0)
(4.13362 0.0217735 0)
(4.15553 0.170337 0)
(4.4639 0.336312 0)
(4.85016 0.420514 0)
(5.26124 0.435195 0)
(5.76302 0.413338 0)
(6.19387 0.28985 0)
(6.39613 0.0642378 0)
(6.24596 -0.17111 0)
(5.69038 -0.309673 0)
(4.88524 -0.342442 0)
(4.00016 -0.275754 0)
(3.19183 -0.156724 0)
(2.55819 -0.180933 0)
(1.9038 -0.482824 0)
(0.920981 -0.898607 0)
(-0.362171 -1.08478 0)
(-1.39217 -0.768269 0)
(-1.83652 0.0232601 0)
(-1.77198 1.05672 0)
(-0.863786 1.47184 0)
(1.07647 0.768402 0)
(2.1857 0.256718 0)
(2.1013 -0.107088 0)
(0.401953 -0.933827 0)
(-2.69038 -1.92208 0)
(-5.64766 -2.35774 0)
(-6.78483 -1.78211 0)
(-7.06835 -1.08006 0)
(-7.09315 -0.66756 0)
(-5.85223 0.495701 0)
(-6.17773 0.284317 0)
(-3.94128 0.997878 0)
(-3.44854 1.76608 0)
(-1.59948 1.16505 0)
(-0.862734 1.4272 0)
(1.79896 1.78495 0)
(2.17978 1.15784 0)
(4.09173 1.016 0)
(4.49634 0.686133 0)
(5.6267 0.353738 0)
(5.37241 0.139362 0)
(5.78053 -0.0469145 0)
(5.0872 -0.187722 0)
(5.22471 -0.39463 0)
(4.16896 -0.545298 0)
(4.1969 -0.6218 0)
(2.82102 -0.640956 0)
(3.12046 -0.396667 0)
(1.69739 -0.223825 0)
(2.8015 0.300231 0)
(1.91835 0.587181 0)
(3.6778 0.634093 0)
(3.6312 0.258361 0)
(4.89128 -0.0784194 0)
(3.58663 -0.322427 0)
(3.42125 -0.560348 0)
(0.798557 -1.13248 0)
(0.201746 -1.40123 0)
(-3.10542 -1.37355 0)
(-2.21518 -0.823871 0)
(-5.03785 -0.692994 0)
(-2.99947 0.496828 0)
(-4.71779 -0.392018 0)
(-1.10169 2.22251 0)
(-2.39521 -0.724208 0)
(-0.44491 2.92212 0)
(1.53228 -0.00750525 0)
(1.38973 2.65683 0)
(3.56761 -0.0210803 0)
(4.94103 1.9128 0)
(5.71463 -0.0140861 0)
(7.87432 0.907442 0)
(7.70502 0.0938228 0)
(9.52319 0.517989 0)
(9.26759 0.0877414 0)
(10.9915 0.206901 0)
(10.5774 -0.198657 0)
(11.7076 -0.234519 0)
(10.9824 -0.448405 0)
(11.5812 -0.349623 0)
(10.2153 -0.415883 0)
(10.515 -0.0310915 0)
(9.19077 -0.193059 0)
(9.48605 0.0275975 0)
(8.89824 -0.040175 0)
(9.29512 0.282716 0)
(4.6582 -0.0376928 0)
(4.60118 -0.0694357 0)
(4.53362 -0.0113519 0)
(4.46186 -0.058914 0)
(4.38089 -0.103711 0)
(4.15919 -0.123953 0)
(3.87132 -0.185896 0)
(3.53439 -0.182781 0)
(3.1457 -0.178278 0)
(2.79419 -0.174797 0)
(2.43789 -0.14199 0)
(2.14216 -0.116997 0)
(1.97004 -0.05537 0)
(1.8957 0.0263356 0)
(1.98817 0.101484 0)
(2.27559 0.189835 0)
(2.66208 0.24607 0)
(3.1063 0.245537 0)
(3.57961 0.226026 0)
(3.95841 0.168561 0)
(4.12485 0.0689354 0)
(4.01506 -0.0102209 0)
(3.65119 -0.0338165 0)
(3.18885 -0.033962 0)
(2.80246 -0.00390035 0)
(2.558 0.0485125 0)
(2.39432 0.0231562 0)
(2.06308 -0.166145 0)
(1.26098 -0.465659 0)
(0.00933085 -0.653899 0)
(-1.06969 -0.454001 0)
(-1.40482 0.072112 0)
(-0.978428 0.632837 0)
(0.534837 0.678918 0)
(1.92984 0.0940436 0)
(2.55634 -0.110354 0)
(2.96985 0.0660076 0)
(2.19996 0.0307856 0)
(-0.296251 -0.708634 0)
(-3.55726 -1.43961 0)
(-6.03948 -1.35307 0)
(-7.20599 -0.973468 0)
(-7.74641 -0.599 0)
(-7.20144 0.15528 0)
(-6.9666 0.0555604 0)
(-5.97874 0.572964 0)
(-4.36119 1.17127 0)
(-2.16298 0.698266 0)
(-2.66315 0.786997 0)
(1.23345 1.1389 0)
(1.1476 0.707987 0)
(3.0596 0.572968 0)
(3.63592 0.371201 0)
(4.52252 0.215808 0)
(4.56811 0.0928185 0)
(5.01447 -0.0407014 0)
(4.50519 -0.127469 0)
(4.55799 -0.220379 0)
(3.49625 -0.299713 0)
(3.5603 -0.35147 0)
(2.01727 -0.341214 0)
(2.50436 -0.150126 0)
(1.08439 -0.0298606 0)
(2.35912 0.28648 0)
(1.78671 0.386258 0)
(3.49428 0.216388 0)
(3.37685 0.0198546 0)
(4.27152 -0.0457185 0)
(3.04167 0.00223959 0)
(3.29228 -0.0968227 0)
(1.24047 -0.493466 0)
(1.05582 -0.708214 0)
(-2.06431 -0.7504 0)
(-0.96104 -0.51282 0)
(-4.60127 -0.364247 0)
(-0.90399 0.236979 0)
(-4.75764 -0.303729 0)
(-0.00713141 1.3539 0)
(-1.87165 -0.428451 0)
(-0.0116876 1.81078 0)
(1.8757 0.0104803 0)
(2.91156 1.38656 0)
(4.30199 -0.141613 0)
(6.32649 0.713277 0)
(6.19908 -0.161011 0)
(7.95182 0.279668 0)
(7.38793 -0.00637316 0)
(8.76095 0.137366 0)
(8.25939 -0.0588115 0)
(9.29425 -0.0513734 0)
(8.44581 -0.215776 0)
(8.82068 -0.173467 0)
(7.59834 -0.160833 0)
(7.86306 -0.0406479 0)
(6.65236 -0.0752648 0)
(7.19325 0.0591042 0)
(6.27418 -0.0471273 0)
(6.82505 0.0113314 0)
(6.25443 0.00457163 0)
(6.88367 0.139474 0)
(1.79742 0.014352 0)
(1.7066 -0.0170905 0)
(1.64509 0.00171005 0)
(1.59798 -0.0109384 0)
(1.50266 -0.0203816 0)
(1.34721 -0.0216037 0)
(1.13825 -0.0359173 0)
(0.888972 -0.0319449 0)
(0.633923 -0.0304731 0)
(0.386513 -0.0326231 0)
(0.151175 -0.0284007 0)
(-0.055759 -0.0246016 0)
(-0.195137 -0.0143641 0)
(-0.226059 0.00520251 0)
(-0.15017 0.0236891 0)
(0.0639823 0.0437869 0)
(0.394988 0.058388 0)
(0.764877 0.057751 0)
(1.13408 0.0589461 0)
(1.45662 0.0573832 0)
(1.67579 0.051608 0)
(1.78279 0.0569757 0)
(1.82555 0.0592976 0)
(1.8518 0.0460738 0)
(1.88287 0.0328737 0)
(1.96265 0.0383736 0)
(2.09114 0.0408221 0)
(2.10069 -0.00531128 0)
(1.68483 -0.108631 0)
(0.719498 -0.221355 0)
(-0.295373 -0.197879 0)
(-0.663692 -0.0482656 0)
(-0.0905201 0.0635874 0)
(1.1037 0.0228114 0)
(1.50849 -0.107422 0)
(1.20042 -0.0994704 0)
(1.16514 0.053955 0)
(1.55281 0.247806 0)
(1.85026 0.178891 0)
(0.466962 -0.190868 0)
(-1.92091 -0.387941 0)
(-3.94952 -0.41347 0)
(-5.39 -0.380545 0)
(-5.90382 -0.150268 0)
(-5.88402 -0.131226 0)
(-5.80742 -0.0455956 0)
(-4.64201 0.205123 0)
(-2.81515 0.240802 0)
(-2.78195 0.152087 0)
(-0.16277 0.278364 0)
(0.44983 0.175828 0)
(1.81916 0.0962183 0)
(2.34193 0.034452 0)
(2.7755 -0.00735549 0)
(2.88394 -0.0278076 0)
(2.96266 -0.0112638 0)
(2.76373 0.00347411 0)
(2.69521 -0.0167751 0)
(2.15951 -0.0543997 0)
(1.95471 -0.0737135 0)
(1.0363 -0.0847524 0)
(1.03948 -0.0455754 0)
(0.460414 -0.0612169 0)
(0.978866 -0.000510517 0)
(1.10199 -0.0254843 0)
(1.74589 -0.0512652 0)
(1.52195 -0.0158339 0)
(1.89668 0.050183 0)
(1.55183 0.0944388 0)
(2.22302 0.0805788 0)
(1.31364 -0.099661 0)
(1.18315 -0.166097 0)
(-0.850591 -0.249083 0)
(-0.733327 -0.197473 0)
(-3.20362 -0.181794 0)
(-0.832853 -0.138087 0)
(-4.13919 -0.166445 0)
(-0.311674 0.19563 0)
(-1.80485 -0.249028 0)
(-0.287463 0.315484 0)
(1.46864 -0.17549 0)
(1.39125 0.155562 0)
(2.90297 -0.196805 0)
(3.18255 0.0964306 0)
(3.24171 -0.0974373 0)
(3.78185 0.0469775 0)
(3.55618 -0.0273346 0)
(4.01321 0.00651651 0)
(3.73478 -0.0163732 0)
(4.00975 0.029612 0)
(3.58976 0.0276255 0)
(3.71058 0.0375813 0)
(3.2719 0.0146473 0)
(3.4362 0.0150287 0)
(3.07128 -0.0105698 0)
(3.33958 0.0234206 0)
(3.07214 -0.00540108 0)
(3.31448 -0.0215458 0)
(3.01826 0.000869296 0)
(3.44015 -0.0661135 0)
(-0.341914 0.025724 0)
(0.362897 -0.055373 0)
(0.774533 -0.0543925 0)
(1.16484 0.0454808 0)
(1.24516 0.0553212 0)
(1.24531 0.0635202 0)
(1.27483 0.000170678 0)
(1.69584 -0.0623303 0)
(2.30548 -0.00368381 0)
(2.7217 0.0967149 0)
(2.59557 0.172518 0)
(1.88092 0.122911 0)
(1.01544 0.035484 0)
(0.453963 -0.0286699 0)
(0.228213 -0.0435312 0)
(0.314347 -0.0463165 0)
(0.718627 -0.0913543 0)
(1.42375 -0.0701671 0)
(2.09205 -0.0119231 0)
(2.5319 -0.0375941 0)
(2.97596 -0.157491 0)
(3.0787 -0.163584 0)
(2.22327 0.0864043 0)
(0.619232 0.23198 0)
(-0.97985 0.258746 0)
(-2.28781 0.235074 0)
(-3.3362 0.204302 0)
(-4.16224 0.170871 0)
(-4.67761 0.173007 0)
(-5.02807 0.151774 0)
(-5.11315 0.0698061 0)
(-5.0519 0.132188 0)
(-5.00548 0.0654817 0)
(-4.43852 0.0369883 0)
(-3.77462 -0.0689524 0)
(-3.16623 -0.142824 0)
(-1.97643 -0.0910442 0)
(-1.09935 -0.158733 0)
(0.0514784 -0.129281 0)
(0.955154 -0.0621628 0)
(1.63083 -0.00412504 0)
(2.02039 0.0407897 0)
(2.29531 0.0721342 0)
(2.41822 0.0820406 0)
(2.45395 0.0561867 0)
(2.31668 0.0176214 0)
(2.15376 -0.0255035 0)
(1.98526 -0.0794658 0)
(2.16584 -0.166524 0)
(2.5387 -0.202041 0)
(2.83497 -0.130221 0)
(2.4465 0.0802456 0)
(1.38084 0.205177 0)
(0.0177069 0.268979 0)
(-1.32565 0.255645 0)
(-2.4434 0.268329 0)
(-3.26085 0.0754066 0)
(-3.13343 0.0686086 0)
(-3.00303 -0.0351217 0)
(-2.40699 -0.11695 0)
(-1.58242 -0.118757 0)
(-0.812345 -0.130456 0)
(-0.0508383 -0.111723 0)
(0.531526 -0.0838024 0)
(0.990468 -0.0599648 0)
(1.29632 -0.0389367 0)
(1.5021 -0.0198459 0)
(1.5764 0.000288932 0)
(1.54347 0.0208545 0)
(1.38846 0.0363581 0)
(1.17722 0.0429965 0)
(0.94672 0.0405346 0)
(0.771983 0.030432 0)
(0.670445 0.0147125 0)
(0.662668 -0.00712083 0)
(0.723551 -0.026081 0)
(0.831519 -0.0380405 0)
(0.94792 -0.0435179 0)
(1.04255 -0.0435258 0)
(1.10099 -0.0392321 0)
(1.11358 -0.031051 0)
(1.08428 -0.0192271 0)
(1.01152 -0.00843614 0)
(0.905601 0.00161333 0)
(0.771963 0.0121232 0)
(0.605108 0.029024 0)
(0.394382 0.0432569 0)
(0.158189 0.0516715 0)
(-0.0852811 0.0520815 0)
(-0.328077 0.0531007 0)
(-0.565548 0.0550595 0)
(-0.74427 0.0459075 0)
(-0.775406 0.016774 0)
(-0.683256 -0.00689822 0)
(-0.628356 -0.0088594 0)
(-0.722473 -0.00747851 0)
(-1.15619 0.110217 0)
(-1.96013 0.17585 0)
(-1.67831 -0.0846304 0)
(-0.647989 -0.24431 0)
(-0.486242 -0.0311372 0)
(0.941185 -0.427553 0)
(0.839786 -0.333295 0)
(1.43571 -0.172077 0)
(1.71357 -0.131029 0)
(1.97596 -0.0135805 0)
(2.19523 -0.158725 0)
(2.62316 -0.42273 0)
(3.57611 -0.417022 0)
(4.39983 -0.234785 0)
(5.20719 0.251667 0)
(5.13663 0.587952 0)
(4.03973 0.583383 0)
(2.87195 0.333076 0)
(1.98302 0.069951 0)
(1.7322 -0.129957 0)
(1.98027 -0.414725 0)
(2.7562 -0.543986 0)
(3.83963 -0.428482 0)
(4.54926 -0.31401 0)
(4.05768 -0.0355014 0)
(1.90187 0.514413 0)
(-0.926817 1.07691 0)
(-3.54695 1.20442 0)
(-5.44327 1.00075 0)
(-6.59403 0.766315 0)
(-7.50018 0.604601 0)
(-7.86973 0.329153 0)
(-7.77983 0.213003 0)
(-7.58322 0.0966198 0)
(-7.07915 -0.200729 0)
(-6.67571 -0.0379059 0)
(-5.84955 -0.466904 0)
(-5.08371 -0.464826 0)
(-3.31298 -0.480272 0)
(-3.44255 -0.650836 0)
(-1.49259 -0.730238 0)
(-0.65706 -0.702143 0)
(0.612157 -0.723111 0)
(1.65587 -0.587625 0)
(2.66563 -0.403255 0)
(3.2652 -0.28449 0)
(3.81102 -0.226972 0)
(4.26081 -0.131648 0)
(4.93448 -0.00958178 0)
(5.38109 0.126658 0)
(5.64912 0.213796 0)
(5.45981 0.139702 0)
(5.06394 -0.0815215 0)
(4.30796 -0.0946763 0)
(3.3189 0.175268 0)
(1.94561 0.616041 0)
(0.35223 0.822898 0)
(-1.05565 0.882123 0)
(-2.48653 0.673406 0)
(-3.0564 0.715005 0)
(-3.86944 0.0803709 0)
(-3.63822 -0.0454828 0)
(-2.79265 -0.250667 0)
(-2.24264 -0.475244 0)
(-0.977892 -0.510676 0)
(-0.0216608 -0.510448 0)
(0.964293 -0.442445 0)
(1.65973 -0.338897 0)
(2.24243 -0.248627 0)
(2.60717 -0.16664 0)
(2.90158 -0.0964948 0)
(3.03144 -0.01912 0)
(3.07903 0.056205 0)
(2.96563 0.120638 0)
(2.7988 0.149161 0)
(2.5723 0.136648 0)
(2.39645 0.0891424 0)
(2.25817 0.032305 0)
(2.20049 -0.0214273 0)
(2.17515 -0.0544772 0)
(2.16862 -0.0621485 0)
(2.127 -0.0471652 0)
(2.03055 -0.016659 0)
(1.86928 0.0133246 0)
(1.65596 0.0409241 0)
(1.40194 0.0664996 0)
(1.11372 0.0903951 0)
(0.797226 0.106897 0)
(0.465844 0.122739 0)
(0.138285 0.135033 0)
(-0.169259 0.146105 0)
(-0.442146 0.14867 0)
(-0.690163 0.151224 0)
(-0.930941 0.147786 0)
(-1.1459 0.125741 0)
(-1.27515 0.0532776 0)
(-1.26488 -0.0441523 0)
(-1.16605 -0.0732689 0)
(-1.09294 0.0519001 0)
(-1.35176 0.198893 0)
(-2.0136 0.337848 0)
(-2.36689 0.142781 0)
(-1.37094 -0.519232 0)
(-0.879832 -0.825506 0)
(0.146396 -0.151227 0)
(0.691937 -0.577984 0)
(0.56714 -0.365847 0)
(1.1167 -0.251631 0)
(1.15878 -0.263367 0)
(1.34404 -0.0628708 0)
(1.67136 -0.247152 0)
(1.66545 -0.755677 0)
(2.87859 -0.809488 0)
(3.68603 -0.652944 0)
(4.78701 -0.0680301 0)
(5.75076 0.572469 0)
(5.57477 0.900732 0)
(4.86262 0.791568 0)
(3.91462 0.425074 0)
(3.13639 0.0406301 0)
(3.25235 -0.572868 0)
(3.95111 -1.02529 0)
(4.64718 -0.773923 0)
(4.10775 -0.0542683 0)
(2.03682 0.928944 0)
(-1.20667 1.77699 0)
(-4.12762 2.12955 0)
(-6.10405 1.92812 0)
(-7.14003 1.3999 0)
(-7.65385 1.04079 0)
(-7.97549 0.762604 0)
(-7.57035 0.236116 0)
(-7.46299 0.0225674 0)
(-6.96728 -0.0572896 0)
(-6.09384 -0.550821 0)
(-5.86776 -0.189197 0)
(-4.09035 -0.747305 0)
(-4.54276 -0.963799 0)
(-2.33182 -0.882309 0)
(-2.02117 -0.938243 0)
(-0.761131 -1.23033 0)
(0.243553 -1.13949 0)
(1.50602 -1.14157 0)
(2.42637 -0.983596 0)
(3.38311 -0.706784 0)
(3.98068 -0.464068 0)
(4.31985 -0.397645 0)
(4.22505 -0.408274 0)
(4.77819 -0.406387 0)
(5.60894 -0.270425 0)
(6.71653 -0.032033 0)
(7.29176 0.234495 0)
(6.77715 0.277454 0)
(5.11067 0.48031 0)
(3.39521 0.84788 0)
(1.61977 1.33878 0)
(-0.132858 1.42867 0)
(-1.59275 1.51778 0)
(-3.07931 0.992598 0)
(-3.54844 1.12575 0)
(-3.92903 0.151228 0)
(-4.55908 -0.211036 0)
(-2.96997 -0.653867 0)
(-2.8399 -0.876776 0)
(-1.10752 -1.04858 0)
(0.0904569 -0.978239 0)
(1.3834 -0.829441 0)
(2.24444 -0.621629 0)
(2.92633 -0.455444 0)
(3.2919 -0.311869 0)
(3.57068 -0.206248 0)
(3.64769 -0.0782054 0)
(3.68776 0.0534379 0)
(3.58925 0.171841 0)
(3.51612 0.225615 0)
(3.43049 0.222899 0)
(3.42406 0.171981 0)
(3.39077 0.103967 0)
(3.34323 0.0334466 0)
(3.22786 -0.0120764 0)
(3.09335 -0.0205896 0)
(2.92541 0.0123185 0)
(2.73214 0.0658703 0)
(2.49317 0.120186 0)
(2.21998 0.161091 0)
(1.90635 0.201539 0)
(1.56312 0.23428 0)
(1.19089 0.26324 0)
(0.803203 0.277506 0)
(0.408408 0.288883 0)
(0.0141777 0.284485 0)
(-0.375039 0.278619 0)
(-0.727535 0.257061 0)
(-1.02084 0.239709 0)
(-1.25445 0.197923 0)
(-1.42504 0.101704 0)
(-1.51185 -0.0477556 0)
(-1.5099 -0.0985189 0)
(-1.38668 0.0969302 0)
(-1.39675 0.343584 0)
(-1.9986 0.474165 0)
(-1.99524 0.0750014 0)
(-0.946588 -0.770785 0)
(-0.646974 -1.21343 0)
(0.475521 -0.406605 0)
(0.347675 -0.563007 0)
(0.33464 -0.498423 0)
(0.70719 -0.334469 0)
(0.454089 -0.281456 0)
(0.416958 -0.107995 0)
(0.802187 -0.313822 0)
(0.549838 -1.04975 0)
(1.84691 -1.22594 0)
(2.69421 -1.01828 0)
(3.81452 -0.440446 0)
(5.03579 0.310456 0)
(5.42121 0.909944 0)
(5.58364 0.960992 0)
(5.01969 0.792785 0)
(4.13653 0.293749 0)
(4.35319 -0.702174 0)
(4.36063 -1.15191 0)
(3.96378 -0.442884 0)
(2.32934 0.830061 0)
(-0.527386 2.11821 0)
(-3.74863 2.88511 0)
(-5.64256 2.90775 0)
(-6.64192 2.40845 0)
(-6.73576 1.63333 0)
(-6.96148 1.11059 0)
(-7.15537 0.651307 0)
(-6.30576 0.0856329 0)
(-6.04088 -0.157839 0)
(-5.82721 -0.149499 0)
(-4.43947 -0.911052 0)
(-5.13143 -0.75944 0)
(-2.61451 -0.986521 0)
(-2.74684 -1.22652 0)
(-1.48819 -1.44756 0)
(-0.556578 -1.37884 0)
(0.509081 -1.61008 0)
(1.34828 -1.67059 0)
(2.54104 -1.6462 0)
(3.42534 -1.37659 0)
(4.36111 -1.03258 0)
(4.96392 -0.649428 0)
(5.51389 -0.312946 0)
(4.99895 -0.310587 0)
(4.95586 -0.648451 0)
(5.32433 -0.752721 0)
(6.56446 -0.461853 0)
(7.27504 0.143853 0)
(6.76711 0.673887 0)
(5.18735 1.16195 0)
(3.15967 1.58264 0)
(1.16864 2.04982 0)
(-0.502355 2.01491 0)
(-1.98385 2.11523 0)
(-3.43501 1.2265 0)
(-4.11815 1.31953 0)
(-3.50285 0.254281 0)
(-5.03616 -0.341858 0)
(-3.21647 -1.13309 0)
(-3.4575 -1.34202 0)
(-1.65193 -1.75987 0)
(-0.396139 -1.58525 0)
(1.19837 -1.33506 0)
(2.33581 -0.974889 0)
(3.23384 -0.684603 0)
(3.75731 -0.427937 0)
(4.11892 -0.235438 0)
(4.14824 -0.0534676 0)
(4.03871 0.078046 0)
(3.75791 0.191647 0)
(3.55142 0.225116 0)
(3.38102 0.196617 0)
(3.42038 0.121045 0)
(3.59297 0.0685522 0)
(3.85091 0.0399223 0)
(3.97579 0.0385535 0)
(3.93662 0.0572254 0)
(3.75839 0.1001 0)
(3.51042 0.166746 0)
(3.23411 0.230858 0)
(2.94065 0.292065 0)
(2.63873 0.34142 0)
(2.30309 0.39526 0)
(1.94613 0.426285 0)
(1.5464 0.458941 0)
(1.10752 0.46403 0)
(0.637033 0.468243 0)
(0.16174 0.445269 0)
(-0.282569 0.420064 0)
(-0.685788 0.365491 0)
(-1.03103 0.298634 0)
(-1.2884 0.171673 0)
(-1.47256 -0.00831001 0)
(-1.59828 -0.132138 0)
(-1.51299 0.0588431 0)
(-1.22389 0.415823 0)
(-1.73448 0.531512 0)
(-1.55131 -0.136651 0)
(-0.868239 -1.08937 0)
(-0.447634 -1.55182 0)
(0.055613 -0.490086 0)
(0.224633 -0.597295 0)
(0.194526 -0.539772 0)
(0.230019 -0.289661 0)
(-0.176954 -0.173152 0)
(-0.442014 -0.1215 0)
(-0.0678239 -0.341635 0)
(-0.300011 -1.26567 0)
(0.714425 -1.70436 0)
(1.59269 -1.54397 0)
(3.04033 -0.898044 0)
(4.06192 -0.0125191 0)
(4.49286 0.685019 0)
(5.243 0.841945 0)
(5.11794 0.985821 0)
(4.50196 0.440057 0)
(4.5872 -0.658045 0)
(3.9352 -0.884067 0)
(2.67839 0.227294 0)
(0.257605 1.8499 0)
(-2.63146 3.28181 0)
(-4.9389 3.77426 0)
(-5.69989 3.36531 0)
(-6.17568 2.56885 0)
(-5.93075 1.64941 0)
(-5.86944 1.17114 0)
(-5.81019 0.595227 0)
(-5.26524 -0.0981867 0)
(-4.8294 -0.488568 0)
(-5.02447 -0.422588 0)
(-2.8253 -1.04346 0)
(-3.67707 -1.05604 0)
(-1.68026 -1.53329 0)
(-1.10622 -1.57553 0)
(0.0301886 -1.77103 0)
(0.939522 -1.80267 0)
(1.81762 -1.98343 0)
(2.80034 -2.05187 0)
(3.68462 -2.03333 0)
(4.27075 -1.74548 0)
(5.13958 -1.31099 0)
(5.52763 -0.914949 0)
(6.27894 -0.365157 0)
(6.01681 -0.122425 0)
(5.77682 -0.544578 0)
(5.55777 -0.966816 0)
(6.19979 -0.791406 0)
(6.83749 0.19672 0)
(6.33458 1.08637 0)
(4.65133 1.84088 0)
(2.92613 2.36818 0)
(0.99888 2.82277 0)
(-0.533432 2.61523 0)
(-1.73799 2.78844 0)
(-2.48353 1.62836 0)
(-4.20249 1.46583 0)
(-2.6286 0.315457 0)
(-4.62625 -0.228285 0)
(-2.79009 -1.31293 0)
(-3.19865 -1.71826 0)
(-1.68802 -2.40727 0)
(-0.668596 -2.26648 0)
(0.952357 -1.95945 0)
(2.25795 -1.42612 0)
(3.34366 -1.00453 0)
(4.0015 -0.659711 0)
(4.50238 -0.378976 0)
(4.76724 -0.0617313 0)
(4.86556 0.215565 0)
(4.63242 0.387637 0)
(4.25747 0.381371 0)
(3.82632 0.257833 0)
(3.56697 0.0693804 0)
(3.5566 -0.0776558 0)
(3.89634 -0.122538 0)
(4.33471 -0.0533045 0)
(4.58587 0.0643265 0)
(4.48217 0.189796 0)
(4.17668 0.287025 0)
(3.81364 0.353195 0)
(3.53349 0.392675 0)
(3.27047 0.451575 0)
(3.02373 0.506921 0)
(2.7199 0.575127 0)
(2.38686 0.613603 0)
(1.98095 0.668376 0)
(1.53301 0.674381 0)
(1.02918 0.682178 0)
(0.492974 0.620002 0)
(-0.0262796 0.55212 0)
(-0.475742 0.436124 0)
(-0.820232 0.292671 0)
(-1.10795 0.0858359 0)
(-1.35776 -0.102941 0)
(-1.44295 -0.0292889 0)
(-0.962124 0.372726 0)
(-1.294 0.559892 0)
(-1.03041 -0.197751 0)
(-0.627442 -1.27481 0)
(-0.31192 -1.79982 0)
(0.086048 -0.519598 0)
(0.044446 -0.601177 0)
(0.0277464 -0.480387 0)
(-0.155675 -0.13283 0)
(-0.664226 -0.0107923 0)
(-1.183 -0.0945431 0)
(-0.891814 -0.367064 0)
(-1.28152 -1.36384 0)
(-0.837906 -2.06251 0)
(0.018613 -2.12165 0)
(1.80353 -1.31486 0)
(2.80392 -0.222751 0)
(3.39743 0.405441 0)
(4.40347 0.672728 0)
(4.49585 1.05346 0)
(4.22515 0.513626 0)
(4.34205 -0.507234 0)
(3.26293 -0.406533 0)
(1.48389 1.13481 0)
(-1.43324 2.92465 0)
(-3.99633 4.20232 0)
(-5.04254 4.17128 0)
(-5.16177 3.51081 0)
(-5.19478 2.69792 0)
(-5.05421 1.64879 0)
(-5.11224 1.01772 0)
(-4.75294 0.439041 0)
(-4.27335 -0.139644 0)
(-3.62773 -0.530883 0)
(-4.16279 -0.66581 0)
(-2.19535 -1.46167 0)
(-2.3842 -1.35089 0)
(-0.578295 -1.97641 0)
(0.355498 -1.95092 0)
(1.26253 -2.16165 0)
(2.57037 -2.15312 0)
(3.3054 -2.29408 0)
(4.14046 -2.44659 0)
(5.0461 -2.34809 0)
(5.54846 -1.96961 0)
(6.092 -1.49121 0)
(6.24763 -1.13797 0)
(6.8307 -0.49217 0)
(6.77747 0.0025514 0)
(6.4043 -0.392714 0)
(5.88458 -0.955307 0)
(6.08694 -0.930022 0)
(6.42155 0.232642 0)
(5.91455 1.48719 0)
(4.36654 2.51783 0)
(2.73702 3.07504 0)
(0.720325 3.49852 0)
(-0.191737 3.06754 0)
(-1.39457 3.37104 0)
(-1.30418 2.07424 0)
(-3.88531 1.83314 0)
(-2.25287 0.368689 0)
(-4.50095 -0.098762 0)
(-2.22794 -1.52151 0)
(-2.7098 -1.81987 0)
(-1.1272 -2.78068 0)
(-0.257272 -2.83487 0)
(1.0253 -2.62126 0)
(2.17159 -1.98757 0)
(3.43793 -1.40266 0)
(4.34109 -0.894938 0)
(4.99884 -0.542729 0)
(5.26406 -0.190577 0)
(5.42451 0.154405 0)
(5.39878 0.457719 0)
(5.38386 0.587335 0)
(5.14225 0.515012 0)
(4.75086 0.237331 0)
(4.31226 -0.0992976 0)
(4.24091 -0.312301 0)
(4.57406 -0.255564 0)
(4.96868 -0.0110416 0)
(5.00841 0.25162 0)
(4.78628 0.426836 0)
(4.4935 0.497479 0)
(4.20791 0.526782 0)
(3.94799 0.567709 0)
(3.659 0.641142 0)
(3.36858 0.700794 0)
(3.03542 0.77739 0)
(2.67165 0.819188 0)
(2.26954 0.88311 0)
(1.82062 0.874082 0)
(1.3524 0.873709 0)
(0.851775 0.777911 0)
(0.357738 0.652955 0)
(-0.0975867 0.441627 0)
(-0.477834 0.227904 0)
(-0.834429 -0.00971986 0)
(-1.16005 -0.061913 0)
(-0.793101 0.258387 0)
(-0.77332 0.571979 0)
(-0.449277 -0.294847 0)
(-0.36264 -1.35981 0)
(-0.149718 -1.93944 0)
(0.0348143 -0.536763 0)
(-0.0342007 -0.584524 0)
(-0.213178 -0.468681 0)
(-0.562507 0.00501686 0)
(-1.27777 0.215132 0)
(-1.96913 0.0569175 0)
(-1.97496 -0.296214 0)
(-2.64878 -1.30606 0)
(-2.50234 -2.23737 0)
(-1.53376 -2.61729 0)
(0.246493 -1.81637 0)
(1.54902 -0.60844 0)
(2.57532 -0.0273541 0)
(3.58596 0.433804 0)
(3.72092 0.988684 0)
(3.82547 0.465045 0)
(3.97733 -0.252928 0)
(2.489 0.247597 0)
(0.499055 2.14029 0)
(-2.3824 3.99197 0)
(-4.34628 4.88166 0)
(-4.4393 4.37134 0)
(-4.57848 3.48401 0)
(-4.38703 2.70615 0)
(-4.18181 1.75439 0)
(-4.37668 0.953239 0)
(-4.10762 0.225554 0)
(-3.71883 -0.398525 0)
(-2.93106 -0.755488 0)
(-3.11472 -0.834701 0)
(-1.82928 -1.8613 0)
(-1.37983 -1.79372 0)
(0.212115 -2.53746 0)
(1.54927 -2.42548 0)
(2.58661 -2.55177 0)
(3.69162 -2.61181 0)
(4.77916 -2.61826 0)
(5.49457 -2.70965 0)
(6.1137 -2.69785 0)
(6.55744 -2.20225 0)
(7.04539 -1.5752 0)
(7.10347 -1.24407 0)
(7.34224 -0.613912 0)
(7.43706 0.114165 0)
(6.92254 -0.144705 0)
(6.36045 -0.818464 0)
(6.05955 -0.967805 0)
(6.07958 0.330176 0)
(5.67905 1.90368 0)
(4.14012 3.1253 0)
(2.88276 3.77845 0)
(1.03029 4.23706 0)
(0.412627 3.47295 0)
(-1.45613 3.51592 0)
(-1.30352 2.40185 0)
(-3.8546 2.09523 0)
(-1.88974 0.44387 0)
(-4.40596 -0.301409 0)
(-1.97067 -2.06809 0)
(-2.61816 -2.13468 0)
(-0.800159 -3.26814 0)
(0.518736 -3.18182 0)
(1.76617 -2.97762 0)
(2.38969 -2.43223 0)
(3.29016 -1.90382 0)
(4.38311 -1.31992 0)
(5.42422 -0.786536 0)
(6.03759 -0.249946 0)
(6.1912 0.163977 0)
(6.10736 0.435358 0)
(6.00083 0.534124 0)
(6.06029 0.55214 0)
(6.09143 0.443662 0)
(5.81607 0.152601 0)
(5.24862 -0.241689 0)
(5.06827 -0.380328 0)
(5.30433 -0.131538 0)
(5.53776 0.278579 0)
(5.37894 0.544346 0)
(5.02341 0.621589 0)
(4.62036 0.626238 0)
(4.29169 0.66222 0)
(4.03747 0.733262 0)
(3.76201 0.820032 0)
(3.48022 0.892011 0)
(3.11498 0.986475 0)
(2.7233 1.02281 0)
(2.29512 1.08259 0)
(1.86412 1.02591 0)
(1.46478 0.99137 0)
(1.09506 0.836499 0)
(0.728392 0.667317 0)
(0.338962 0.407154 0)
(-0.0468455 0.185323 0)
(-0.564333 -0.0100105 0)
(-0.557752 0.118874 0)
(-0.239418 0.448376 0)
(0.164782 -0.294173 0)
(-0.0770566 -1.32542 0)
(-0.0392655 -2.01061 0)
(-0.0705737 -0.493502 0)
(-0.285192 -0.511091 0)
(-0.718502 -0.255267 0)
(-1.30789 0.323252 0)
(-2.10216 0.532172 0)
(-2.7727 0.269477 0)
(-3.21886 -0.147602 0)
(-3.86576 -1.23318 0)
(-3.61251 -2.50926 0)
(-2.97397 -3.17254 0)
(-1.36663 -2.46346 0)
(0.336606 -1.21053 0)
(1.71041 -0.528865 0)
(2.65554 0.208652 0)
(2.9905 0.837483 0)
(3.39933 0.389032 0)
(3.49916 0.0812865 0)
(1.74187 0.957864 0)
(-0.317188 3.0647 0)
(-2.73508 4.85371 0)
(-3.81293 5.12927 0)
(-3.61698 4.42456 0)
(-4.0616 3.40342 0)
(-4.11274 2.46944 0)
(-3.60352 1.69233 0)
(-3.45272 0.887288 0)
(-3.12264 0.123805 0)
(-2.82371 -0.609004 0)
(-2.2284 -1.11646 0)
(-1.80803 -1.02901 0)
(-0.731252 -2.13675 0)
(-0.320984 -2.33871 0)
(1.33781 -3.1318 0)
(2.56771 -3.07865 0)
(4.09197 -2.97614 0)
(4.95154 -3.01921 0)
(5.98063 -3.07879 0)
(6.80283 -2.96338 0)
(7.35599 -2.88009 0)
(7.49238 -2.35003 0)
(7.9167 -1.63075 0)
(7.82889 -1.26034 0)
(7.75794 -0.679271 0)
(7.90329 0.245804 0)
(7.4164 0.0944353 0)
(6.78047 -0.627946 0)
(6.14779 -0.827266 0)
(5.79576 0.514011 0)
(5.60074 2.23703 0)
(3.98748 3.63974 0)
(3.08178 4.30307 0)
(1.54996 4.77976 0)
(1.58207 3.9741 0)
(-1.06843 4.0066 0)
(-1.39697 2.66136 0)
(-3.60237 2.13688 0)
(-0.70338 0.492028 0)
(-3.08088 -0.340499 0)
(-1.02434 -2.20238 0)
(-1.80554 -2.59679 0)
(-0.634407 -4.12659 0)
(0.629116 -3.93705 0)
(2.65912 -3.34981 0)
(3.35327 -2.58088 0)
(3.64088 -2.18446 0)
(4.29448 -1.76531 0)
(5.49544 -1.23185 0)
(6.41057 -0.516488 0)
(7.08051 0.123559 0)
(7.24826 0.53213 0)
(7.21685 0.590128 0)
(6.92962 0.469041 0)
(7.00955 0.348378 0)
(7.00012 0.261024 0)
(6.62221 -0.00503063 0)
(5.8912 -0.302967 0)
(5.83147 -0.221187 0)
(5.93702 0.221087 0)
(5.94932 0.62916 0)
(5.52777 0.802449 0)
(5.1367 0.818341 0)
(4.7234 0.824695 0)
(4.43112 0.869503 0)
(4.12786 0.9548 0)
(3.78616 1.05331 0)
(3.4301 1.15177 0)
(2.98856 1.23552 0)
(2.54285 1.23914 0)
(2.09345 1.23855 0)
(1.69252 1.09234 0)
(1.38233 0.985359 0)
(1.18444 0.752658 0)
(0.951412 0.584902 0)
(0.741137 0.352302 0)
(0.26578 0.188573 0)
(-0.0136252 0.0573803 0)
(0.0300895 0.289949 0)
(0.556992 -0.317998 0)
(0.173342 -1.25753 0)
(0.0613852 -2.00024 0)
(-0.127168 -0.369335 0)
(-0.700098 -0.328945 0)
(-1.32131 -0.0168466 0)
(-1.97961 0.630276 0)
(-2.73239 0.824349 0)
(-3.45965 0.551957 0)
(-4.10999 0.0533621 0)
(-4.71557 -1.13571 0)
(-4.50709 -2.81354 0)
(-4.6299 -3.5445 0)
(-3.04388 -3.13696 0)
(-0.991257 -1.90848 0)
(0.497824 -1.01269 0)
(1.5138 -0.0284743 0)
(2.33956 0.580752 0)
(2.98168 0.284819 0)
(3.04315 0.477157 0)
(1.08923 1.73732 0)
(-1.03437 3.93484 0)
(-2.86986 5.48669 0)
(-3.04586 5.16414 0)
(-2.95745 4.49392 0)
(-3.13659 3.62346 0)
(-3.45715 2.44113 0)
(-2.97965 1.53606 0)
(-2.5422 0.644896 0)
(-2.09387 -0.00285781 0)
(-1.28084 -0.625036 0)
(-0.954577 -1.32519 0)
(-0.487648 -1.38658 0)
(0.644952 -2.38435 0)
(1.18138 -2.78862 0)
(2.83043 -3.62608 0)
(3.82797 -3.71363 0)
(5.36341 -3.47903 0)
(6.36482 -3.37089 0)
(7.25654 -3.46677 0)
(7.83926 -3.27325 0)
(8.3825 -3.07221 0)
(8.30394 -2.4774 0)
(8.67372 -1.63774 0)
(8.46004 -1.1695 0)
(8.18676 -0.695315 0)
(8.29919 0.32563 0)
(7.87843 0.329444 0)
(7.09264 -0.343155 0)
(6.27338 -0.572236 0)
(5.61672 0.738234 0)
(5.45137 2.55922 0)
(4.06098 4.17119 0)
(3.15622 4.65878 0)
(1.70714 4.9764 0)
(2.16008 4.37058 0)
(-0.388769 4.74987 0)
(-0.0176091 3.18067 0)
(-2.64101 2.17578 0)
(-0.187804 0.351068 0)
(-1.74947 -0.139025 0)
(0.000693749 -2.12096 0)
(-0.114827 -2.464 0)
(0.690613 -4.28524 0)
(0.828446 -4.74455 0)
(2.71605 -4.16423 0)
(4.35914 -2.81768 0)
(4.54588 -2.2691 0)
(4.7233 -2.0948 0)
(5.61529 -1.67291 0)
(6.68943 -0.891395 0)
(7.3629 -0.157954 0)
(8.08738 0.400808 0)
(8.57134 0.704379 0)
(8.56144 0.654438 0)
(8.14524 0.411677 0)
(8.17257 0.33192 0)
(7.79892 0.245688 0)
(7.02101 -0.0631249 0)
(6.31605 -0.1908 0)
(6.47153 0.211701 0)
(6.37381 0.736397 0)
(6.13255 0.991254 0)
(5.48138 0.987034 0)
(5.11168 0.957003 0)
(4.65871 0.990536 0)
(4.38438 1.07922 0)
(4.00994 1.18755 0)
(3.61994 1.29532 0)
(3.17331 1.39754 0)
(2.65033 1.45405 0)
(2.17293 1.38628 0)
(1.75199 1.2959 0)
(1.39654 1.03158 0)
(1.22655 0.854913 0)
(1.0751 0.569868 0)
(1.1336 0.495147 0)
(0.936039 0.30892 0)
(0.773544 0.217083 0)
(0.305719 0.140513 0)
(0.735127 -0.338973 0)
(0.39282 -1.17892 0)
(0.105907 -1.92347 0)
(-0.256684 -0.143782 0)
(-0.968007 -0.0610805 0)
(-1.72926 0.286256 0)
(-2.38743 0.941259 0)
(-3.03955 1.12345 0)
(-3.79979 0.868234 0)
(-4.66966 0.350296 0)
(-5.21469 -1.06591 0)
(-5.27182 -2.90091 0)
(-5.8573 -3.72094 0)
(-4.47535 -3.85882 0)
(-2.37136 -2.64406 0)
(-0.573299 -1.48468 0)
(0.512303 -0.462092 0)
(1.91467 0.141024 0)
(2.60268 0.158647 0)
(2.6298 0.886475 0)
(0.683738 2.5198 0)
(-1.51618 4.66413 0)
(-2.79703 5.80242 0)
(-2.52351 5.11205 0)
(-2.72659 4.3736 0)
(-2.24797 3.67958 0)
(-2.30269 2.49642 0)
(-1.99577 1.4907 0)
(-1.54906 0.436251 0)
(-1.52008 -0.36614 0)
(-0.155292 -0.919866 0)
(-0.00632413 -1.49439 0)
(0.906964 -1.67422 0)
(1.94952 -2.70175 0)
(2.78592 -3.3398 0)
(4.28793 -4.13761 0)
(5.35232 -4.23147 0)
(6.5592 -3.96467 0)
(7.55459 -3.76923 0)
(8.48169 -3.76982 0)
(8.7998 -3.4566 0)
(9.27358 -3.14366 0)
(8.99397 -2.52883 0)
(9.25862 -1.61573 0)
(8.95416 -1.04062 0)
(8.57353 -0.652101 0)
(8.55826 0.417058 0)
(8.25985 0.607154 0)
(7.27817 0.00485255 0)
(6.38646 -0.255678 0)
(5.46723 1.01766 0)
(5.25519 2.88599 0)
(4.08693 4.66711 0)
(3.33943 5.1378 0)
(1.78515 5.17277 0)
(2.07891 4.65649 0)
(-0.364386 5.26151 0)
(1.47831 3.63096 0)
(-1.59852 2.4452 0)
(-0.144706 0.271323 0)
(-1.51992 -0.483409 0)
(0.117617 -2.8499 0)
(0.406227 -2.80796 0)
(1.97389 -4.32836 0)
(2.20315 -4.96862 0)
(2.79085 -4.97598 0)
(4.66739 -3.34258 0)
(5.63463 -2.3409 0)
(5.49965 -2.27653 0)
(5.98456 -2.11448 0)
(6.97268 -1.25203 0)
(7.74508 -0.46045 0)
(8.3739 0.0620735 0)
(9.30617 0.476894 0)
(9.65478 0.704125 0)
(9.41313 0.509714 0)
(9.13842 0.408888 0)
(8.98592 0.48349 0)
(8.06985 0.304754 0)
(7.20445 -0.0306666 0)
(6.8568 0.194299 0)
(6.97149 0.789015 0)
(6.51553 1.1775 0)
(6.07424 1.22468 0)
(5.32998 1.16035 0)
(5.01017 1.14978 0)
(4.5234 1.21471 0)
(4.30472 1.34497 0)
(3.81396 1.52539 0)
(3.31679 1.64405 0)
(2.73867 1.69036 0)
(2.14118 1.62202 0)
(1.74231 1.4294 0)
(1.31513 1.21344 0)
(1.16176 0.855515 0)
(0.982786 0.667014 0)
(1.12921 0.340803 0)
(1.22531 0.411443 0)
(1.39582 0.263517 0)
(0.885612 0.262297 0)
(0.962835 -0.276215 0)
(0.684602 -1.03134 0)
(0.16318 -1.78537 0)
(-0.32045 0.134225 0)
(-1.08105 0.23307 0)
(-1.74617 0.573111 0)
(-2.46391 1.20365 0)
(-3.10035 1.44498 0)
(-3.91664 1.19065 0)
(-4.69993 0.595941 0)
(-5.03366 -0.923877 0)
(-5.43034 -2.76877 0)
(-6.16321 -3.87034 0)
(-5.32609 -4.42579 0)
(-3.69866 -3.49233 0)
(-1.14662 -2.15941 0)
(-0.0344225 -1.03091 0)
(1.49127 -0.34436 0)
(2.24324 0.0512432 0)
(2.14707 1.28984 0)
(0.628529 3.24556 0)
(-1.40387 5.23225 0)
(-2.19364 5.96265 0)
(-1.80786 5.25015 0)
(-2.307 4.34404 0)
(-1.62283 3.49893 0)
(-1.2763 2.36552 0)
(-1.04859 1.42717 0)
(-0.297404 0.34818 0)
(-0.641733 -0.654544 0)
(0.838111 -1.33194 0)
(0.738716 -1.88059 0)
(2.0181 -2.16472 0)
(3.28986 -3.10638 0)
(4.44287 -3.92323 0)
(5.7865 -4.74078 0)
(6.71922 -4.69355 0)
(7.87234 -4.33831 0)
(8.66161 -4.12477 0)
(9.47282 -4.06968 0)
(9.49182 -3.67426 0)
(9.91653 -3.18469 0)
(9.46369 -2.51825 0)
(9.67302 -1.56334 0)
(9.31206 -0.887858 0)
(8.96181 -0.548177 0)
(8.6886 0.494652 0)
(8.60351 0.87666 0)
(7.41603 0.372451 0)
(6.55677 0.145253 0)
(5.31738 1.3313 0)
(5.08725 3.13083 0)
(3.99245 5.00138 0)
(3.65808 5.5272 0)
(2.06834 5.61378 0)
(2.30463 5.09444 0)
(-0.278356 5.27708 0)
(1.9149 3.54673 0)
(-1.14715 2.56993 0)
(0.899095 0.256758 0)
(-0.556665 -0.594498 0)
(1.08938 -3.08762 0)
(0.957842 -3.34587 0)
(2.22328 -4.95574 0)
(3.39161 -5.20721 0)
(3.67962 -5.36333 0)
(4.70011 -3.95411 0)
(6.09441 -2.58309 0)
(6.50013 -2.29873 0)
(6.48782 -2.36148 0)
(7.20885 -1.6338 0)
(8.01228 -0.74206 0)
(8.63908 -0.288367 0)
(9.55254 0.169355 0)
(10.2576 0.625683 0)
(10.1897 0.609837 0)
(9.99741 0.481868 0)
(9.98722 0.721889 0)
(9.41853 0.692779 0)
(8.26227 0.283269 0)
(7.59469 0.271525 0)
(7.36739 0.875353 0)
(7.14367 1.37246 0)
(6.39323 1.48436 0)
(5.84126 1.3956 0)
(5.15298 1.33065 0)
(4.94954 1.37997 0)
(4.33765 1.50394 0)
(3.96022 1.66583 0)
(3.23122 1.83372 0)
(2.73661 1.89947 0)
(2.04295 1.81798 0)
(1.5888 1.61596 0)
(1.19855 1.2997 0)
(1.01006 0.972138 0)
(0.90221 0.583302 0)
(1.13901 0.419227 0)
(1.06598 0.159319 0)
(1.66154 0.409133 0)
(1.47038 0.257997 0)
(1.28206 -0.15379 0)
(0.934059 -0.803911 0)
(0.175287 -1.63107 0)
(-0.302633 0.421968 0)
(-1.004 0.496539 0)
(-1.59403 0.840386 0)
(-2.31405 1.46675 0)
(-2.89663 1.72532 0)
(-3.55323 1.46389 0)
(-4.19885 0.822656 0)
(-4.37563 -0.712399 0)
(-4.82362 -2.55632 0)
(-5.613 -3.81548 0)
(-5.41691 -4.68287 0)
(-4.68509 -4.57532 0)
(-1.68762 -3.04909 0)
(-0.552071 -1.65749 0)
(1.02079 -0.840552 0)
(1.87436 -0.026654 0)
(1.55983 1.60503 0)
(0.715932 3.8612 0)
(-0.970953 5.75289 0)
(-1.39859 5.98786 0)
(-0.954045 5.33131 0)
(-1.29501 4.37445 0)
(-0.953915 3.28133 0)
(-0.450146 2.09164 0)
(-0.347996 1.1518 0)
(1.09831 0.218899 0)
(0.663282 -0.743393 0)
(2.14607 -1.50207 0)
(1.93053 -2.16945 0)
(3.23765 -2.6327 0)
(4.56271 -3.52719 0)
(6.01075 -4.3809 0)
(7.42353 -5.27597 0)
(7.91514 -5.09503 0)
(9.03319 -4.70539 0)
(9.58088 -4.41419 0)
(10.3817 -4.19963 0)
(10.1056 -3.72489 0)
(10.3686 -3.14771 0)
(9.78025 -2.44306 0)
(9.89662 -1.49699 0)
(9.52386 -0.743712 0)
(9.27027 -0.415193 0)
(8.73948 0.613152 0)
(8.8789 1.15134 0)
(7.54299 0.779615 0)
(6.72725 0.60455 0)
(5.1847 1.67899 0)
(4.93895 3.36848 0)
(3.76777 5.32792 0)
(4.06648 5.77781 0)
(2.31346 6.08894 0)
(2.90893 5.50401 0)
(0.304095 5.32269 0)
(2.74472 3.79129 0)
(-0.269723 2.89864 0)
(1.91087 0.156503 0)
(0.963216 -0.572214 0)
(2.15331 -3.07328 0)
(2.47013 -3.43894 0)
(3.21411 -5.25378 0)
(3.88834 -5.67149 0)
(4.76432 -5.6742 0)
(5.17917 -4.27908 0)
(6.07981 -2.98955 0)
(6.89879 -2.42306 0)
(7.1359 -2.44645 0)
(7.49343 -1.87277 0)
(8.13526 -1.04611 0)
(8.75241 -0.596377 0)
(9.60664 -0.176688 0)
(10.597 0.488163 0)
(10.7011 0.634778 0)
(10.419 0.47526 0)
(10.5362 0.733832 0)
(10.565 1.02379 0)
(9.61414 0.699376 0)
(8.53784 0.541657 0)
(7.97754 1.00135 0)
(7.58392 1.5863 0)
(6.94026 1.75368 0)
(6.09986 1.66433 0)
(5.63375 1.52178 0)
(4.95618 1.51474 0)
(4.651 1.68996 0)
(3.98959 1.96183 0)
(3.44874 2.13271 0)
(2.61104 2.21052 0)
(2.00424 2.0725 0)
(1.40324 1.77995 0)
(1.006 1.42854 0)
(0.963886 0.976411 0)
(0.70818 0.623714 0)
(1.16545 0.239108 0)
(1.00105 0.250921 0)
(1.49709 0.012845 0)
(1.82383 0.405027 0)
(1.70526 0.0379271 0)
(1.17053 -0.600239 0)
(0.243196 -1.39624 0)
(-0.231861 0.671756 0)
(-0.908398 0.764315 0)
(-1.38356 1.10001 0)
(-1.93271 1.69951 0)
(-2.40377 1.9653 0)
(-2.83246 1.66995 0)
(-3.28804 0.958419 0)
(-3.29223 -0.557149 0)
(-3.6397 -2.27246 0)
(-4.41602 -3.64036 0)
(-4.70373 -4.80596 0)
(-4.83822 -5.40356 0)
(-3.07009 -3.93441 0)
(-1.21261 -2.27483 0)
(0.424106 -1.33688 0)
(1.26679 -0.121382 0)
(1.15331 1.85207 0)
(0.525681 4.3739 0)
(-0.927503 6.2538 0)
(-0.912415 5.89354 0)
(-0.494966 5.19463 0)
(-0.166376 4.35069 0)
(0.00821263 3.22045 0)
(0.592375 2.02421 0)
(0.369338 0.809216 0)
(2.27416 -0.131229 0)
(1.78789 -0.995431 0)
(3.32192 -1.76102 0)
(3.17644 -2.54768 0)
(4.65357 -3.15869 0)
(5.90323 -4.14948 0)
(7.36363 -4.93811 0)
(8.89007 -5.81488 0)
(9.01968 -5.40943 0)
(10.2022 -4.94833 0)
(10.3272 -4.64006 0)
(11.0226 -4.30696 0)
(10.4977 -3.71766 0)
(10.6462 -3.03657 0)
(10.0368 -2.28146 0)
(10.0859 -1.40214 0)
(9.6742 -0.611738 0)
(9.53794 -0.258738 0)
(8.79717 0.729094 0)
(9.11124 1.35722 0)
(7.62698 1.20014 0)
(6.91787 1.08984 0)
(5.12516 2.10913 0)
(5.00573 3.60992 0)
(3.53988 5.49296 0)
(4.53207 5.92567 0)
(2.7805 6.32846 0)
(3.63685 5.7278 0)
(0.886019 5.4561 0)
(3.65669 3.82635 0)
(1.25135 3.06234 0)
(2.70627 -0.00213589 0)
(2.07412 -0.88096 0)
(2.68201 -3.50985 0)
(3.35719 -3.8409 0)
(4.37526 -5.43213 0)
(4.90974 -5.90431 0)
(5.26209 -6.08165 0)
(5.97104 -4.45283 0)
(6.31897 -3.20926 0)
(6.95467 -2.66743 0)
(7.5345 -2.59023 0)
(7.91963 -2.03612 0)
(8.39948 -1.26287 0)
(8.73035 -0.913108 0)
(9.43154 -0.588032 0)
(10.6664 0.196179 0)
(11.2479 0.680797 0)
(10.6652 0.550059 0)
(10.4356 0.678461 0)
(10.6935 1.08224 0)
(10.4697 1.06913 0)
(9.45725 0.902358 0)
(8.72845 1.26147 0)
(8.06127 1.81594 0)
(7.36415 2.09986 0)
(6.5465 1.94748 0)
(5.78028 1.767 0)
(5.37405 1.78065 0)
(4.62937 1.93371 0)
(4.23388 2.18681 0)
(3.29196 2.41379 0)
(2.69082 2.46255 0)
(1.86946 2.33788 0)
(1.47589 1.98515 0)
(0.929141 1.50848 0)
(1.0049 1.05059 0)
(0.728208 0.508745 0)
(1.06004 0.311157 0)
(1.08455 -0.0451894 0)
(1.34639 0.164953 0)
(1.74565 0.00319447 0)
(1.94736 0.189559 0)
(1.67169 -0.155637 0)
(0.442111 -0.987737 0)
(-0.251614 0.884421 0)
(-0.767332 0.986474 0)
(-1.04711 1.27375 0)
(-1.36546 1.84592 0)
(-1.65254 2.11325 0)
(-1.84253 1.79756 0)
(-2.08363 1.04654 0)
(-2.00785 -0.401596 0)
(-2.13135 -2.00665 0)
(-2.96946 -3.33352 0)
(-3.50358 -4.5793 0)
(-4.33765 -5.28048 0)
(-4.54356 -4.66259 0)
(-1.67913 -3.02165 0)
(-0.296492 -1.809 0)
(0.657356 -0.277818 0)
(1.12091 1.96912 0)
(0.3563 4.66383 0)
(-0.780186 6.49742 0)
(-0.237703 5.85135 0)
(-0.239288 4.97251 0)
(0.658089 4.1376 0)
(0.950221 3.07034 0)
(1.67572 2.00375 0)
(1.17885 0.5821 0)
(3.25523 -0.428725 0)
(2.8433 -1.15184 0)
(4.4987 -1.97172 0)
(4.36739 -2.9112 0)
(6.15138 -3.69275 0)
(7.35852 -4.75763 0)
(8.89768 -5.41086 0)
(10.2194 -6.17585 0)
(9.98504 -5.66077 0)
(11.155 -5.17371 0)
(10.988 -4.79993 0)
(11.6207 -4.30043 0)
(10.8829 -3.59914 0)
(10.8407 -2.90279 0)
(10.2703 -2.12298 0)
(10.2511 -1.28894 0)
(9.80039 -0.47872 0)
(9.75065 -0.105419 0)
(8.85803 0.878747 0)
(9.25157 1.58328 0)
(7.74285 1.63893 0)
(7.18808 1.53611 0)
(5.17482 2.57681 0)
(5.25388 3.91125 0)
(3.44198 5.67144 0)
(4.9521 5.94792 0)
(3.21837 6.5343 0)
(4.7418 6.0187 0)
(1.54652 5.60997 0)
(4.3187 3.74631 0)
(2.57382 3.12562 0)
(3.63566 0.0843825 0)
(3.43077 -0.948084 0)
(3.91837 -3.55345 0)
(4.33195 -4.20426 0)
(4.96404 -5.88558 0)
(5.99766 -6.10522 0)
(5.93905 -6.34158 0)
(6.41628 -4.63067 0)
(6.76869 -3.40263 0)
(7.32794 -2.88139 0)
(7.86709 -2.8693 0)
(8.33618 -2.23561 0)
(8.72254 -1.40144 0)
(8.89459 -1.06528 0)
(9.18986 -1.00602 0)
(10.3127 -0.264549 0)
(11.4066 0.625118 0)
(11.1124 0.808527 0)
(10.4073 0.758247 0)
(10.3838 1.02101 0)
(10.4121 1.16208 0)
(9.9137 1.17069 0)
(9.21013 1.54372 0)
(8.59938 2.13956 0)
(7.68226 2.38697 0)
(6.94613 2.28639 0)
(6.0896 2.03445 0)
(5.46491 1.99777 0)
(4.94935 2.1413 0)
(4.1284 2.45152 0)
(3.56418 2.74222 0)
(2.57409 2.81701 0)
(2.05708 2.58603 0)
(1.53564 2.21103 0)
(1.19338 1.59324 0)
(1.19687 1.10537 0)
(1.03686 0.551993 0)
(1.05681 0.107238 0)
(1.37832 0.127418 0)
(1.16375 -0.308636 0)
(1.98028 0.189796 0)
(1.55068 0.15884 0)
(2.08048 0.00811694 0)
(0.700295 -0.573612 0)
(-0.176328 1.072 0)
(-0.601914 1.1113 0)
(-0.610996 1.35236 0)
(-0.55823 1.8976 0)
(-0.636956 2.18676 0)
(-0.719811 1.84426 0)
(-0.837919 1.06054 0)
(-0.669936 -0.356015 0)
(-0.73541 -1.77644 0)
(-1.52227 -2.97077 0)
(-2.27394 -4.11533 0)
(-3.13832 -4.84699 0)
(-4.18594 -5.192 0)
(-2.23092 -3.82538 0)
(-0.82013 -2.34593 0)
(0.505696 -0.609512 0)
(0.958961 2.03117 0)
(0.677239 4.83716 0)
(-0.0374733 6.44982 0)
(1.05592 5.81307 0)
(0.463027 4.88348 0)
(1.42941 3.85044 0)
(1.52339 2.80122 0)
(2.4499 1.8498 0)
(1.88483 0.265796 0)
(3.89593 -0.886549 0)
(3.60838 -1.48824 0)
(5.65314 -2.35241 0)
(5.58321 -3.36633 0)
(7.61815 -4.24788 0)
(8.6239 -5.42486 0)
(10.3258 -5.97358 0)
(11.2424 -6.43777 0)
(10.8848 -5.77851 0)
(11.9879 -5.26749 0)
(11.4834 -4.86191 0)
(12.0414 -4.28253 0)
(11.0895 -3.47437 0)
(11.0668 -2.76919 0)
(10.6049 -1.96266 0)
(10.5947 -1.14928 0)
(10.0822 -0.343404 0)
(9.98428 0.0782401 0)
(8.98424 1.03617 0)
(9.39705 1.78068 0)
(7.88881 2.03934 0)
(7.43822 2.02945 0)
(5.2969 3.06708 0)
(5.64327 4.19088 0)
(3.64502 5.81256 0)
(5.51565 5.8122 0)
(3.32186 6.66511 0)
(5.87756 6.20568 0)
(2.71868 5.78026 0)
(4.872 3.68445 0)
(3.51142 2.98719 0)
(4.33197 0.018457 0)
(4.68309 -1.06008 0)
(4.95773 -3.63177 0)
(5.69541 -4.29865 0)
(5.85438 -6.07186 0)
(6.76049 -6.37887 0)
(6.69869 -6.50041 0)
(6.86139 -4.65722 0)
(7.05303 -3.60989 0)
(7.7442 -3.11224 0)
(8.22825 -3.141 0)
(8.61359 -2.4214 0)
(8.7887 -1.54788 0)
(8.92332 -1.13003 0)
(8.94394 -1.17853 0)
(9.51604 -0.700904 0)
(10.6411 0.354373 0)
(11.2989 0.953876 0)
(11.0651 1.01793 0)
(10.7161 1.11091 0)
(10.4751 1.23075 0)
(10.1127 1.35224 0)
(9.55838 1.7915 0)
(8.91255 2.4462 0)
(8.09358 2.76501 0)
(7.18034 2.63878 0)
(6.39928 2.3663 0)
(5.6795 2.23677 0)
(5.02318 2.439 0)
(4.38918 2.78864 0)
(3.53329 3.08588 0)
(2.88733 3.10993 0)
(1.98874 2.77854 0)
(1.95663 2.34042 0)
(1.53292 1.67235 0)
(1.56693 1.12371 0)
(1.60542 0.569358 0)
(1.38441 0.188056 0)
(1.58865 -0.177081 0)
(1.71292 0.0432538 0)
(1.39783 -0.30427 0)
(2.50263 0.206654 0)
(1.16071 0.304872 0)
(1.34665 0.0412852 0)
(-0.0519624 1.19646 0)
(-0.216922 1.18889 0)
(-0.200289 1.29029 0)
(0.0323134 1.77456 0)
(0.432113 2.20786 0)
(0.519177 1.92261 0)
(0.423301 1.07185 0)
(0.600786 -0.34718 0)
(0.51032 -1.57043 0)
(-0.184008 -2.60109 0)
(-0.849757 -3.76457 0)
(-1.2715 -4.50755 0)
(-2.31378 -5.17723 0)
(-2.70011 -4.37452 0)
(-1.01993 -2.88897 0)
(0.20065 -0.96164 0)
(0.904579 1.97633 0)
(0.999791 5.05775 0)
(0.599129 6.31348 0)
(2.15044 5.66793 0)
(1.59398 4.82791 0)
(2.34916 3.63209 0)
(2.12242 2.59002 0)
(3.30443 1.67542 0)
(3.0578 -0.00281758 0)
(4.76792 -1.29086 0)
(4.50393 -1.91167 0)
(6.83664 -2.82132 0)
(6.82685 -3.86126 0)
(9.06719 -4.74437 0)
(9.90478 -5.96234 0)
(11.7227 -6.46452 0)
(12.0425 -6.61061 0)
(11.5905 -5.87906 0)
(12.5901 -5.37907 0)
(11.8469 -4.84493 0)
(12.4005 -4.13712 0)
(11.1519 -3.28631 0)
(11.2165 -2.66087 0)
(10.7693 -1.88905 0)
(10.8166 -1.0728 0)
(10.4175 -0.211479 0)
(10.3804 0.284237 0)
(9.26814 1.23946 0)
(9.52104 2.01295 0)
(8.06696 2.42174 0)
(7.74268 2.46032 0)
(5.51046 3.47959 0)
(6.05379 4.41426 0)
(4.04116 5.91725 0)
(6.30602 5.80319 0)
(3.359 6.67273 0)
(6.53905 6.17701 0)
(4.0299 5.87006 0)
(5.41378 3.67566 0)
(4.53058 2.89848 0)
(5.11115 -0.0525709 0)
(5.77105 -1.35411 0)
(5.74005 -3.93188 0)
(6.5024 -4.63691 0)
(6.76293 -6.23299 0)
(7.58824 -6.49489 0)
(7.22984 -6.67175 0)
(7.39604 -4.63092 0)
(7.37591 -3.8132 0)
(8.15677 -3.31352 0)
(8.5234 -3.34087 0)
(8.69271 -2.41308 0)
(8.35969 -1.60083 0)
(8.18967 -1.12505 0)
(8.21136 -1.16493 0)
(8.63306 -0.850483 0)
(9.39099 -0.0469424 0)
(10.5773 0.677314 0)
(11.4299 1.01821 0)
(11.6348 1.2959 0)
(11.1986 1.42732 0)
(10.5829 1.56549 0)
(9.89548 2.02876 0)
(9.22628 2.73738 0)
(8.35407 3.10493 0)
(7.47124 2.99036 0)
(6.56677 2.65138 0)
(5.89102 2.53111 0)
(5.24228 2.71977 0)
(4.44693 3.03896 0)
(3.79037 3.37926 0)
(2.97613 3.4797 0)
(2.61574 2.97835 0)
(2.17937 2.55224 0)
(2.22037 1.69185 0)
(1.86858 1.20884 0)
(2.13961 0.55197 0)
(2.00294 0.171286 0)
(2.09342 -0.0264735 0)
(1.90818 -0.279775 0)
(2.23804 -0.0831677 0)
(1.50163 0.204342 0)
(2.46697 0.571212 0)
(0.763544 0.442125 0)
(0.263631 1.21103 0)
(0.426277 1.23253 0)
(0.558317 1.27425 0)
(0.635541 1.61076 0)
(1.08801 1.97894 0)
(1.45395 1.81557 0)
(1.62526 1.02182 0)
(1.83019 -0.347188 0)
(1.72126 -1.43782 0)
(1.1898 -2.34122 0)
(0.657473 -3.57257 0)
(0.520029 -4.16963 0)
(-0.237687 -4.61332 0)
(-2.09765 -4.41865 0)
(-1.09042 -3.33118 0)
(-0.0377991 -1.39178 0)
(1.51815 1.72098 0)
(1.27911 5.10322 0)
(1.03296 6.05461 0)
(2.6452 5.39246 0)
(2.6195 4.69934 0)
(3.35398 3.58554 0)
(2.95151 2.51087 0)
(4.37412 1.49579 0)
(4.51236 -0.279286 0)
(5.93699 -1.55597 0)
(5.65221 -2.22568 0)
(8.01759 -3.25641 0)
(8.177 -4.38839 0)
(10.3849 -5.25864 0)
(11.0947 -6.45647 0)
(12.8319 -6.87469 0)
(12.637 -6.66923 0)
(12.2684 -5.86058 0)
(13.087 -5.38078 0)
(12.0554 -4.7836 0)
(12.5909 -4.00108 0)
(11.1104 -3.13882 0)
(11.4288 -2.55104 0)
(10.9498 -1.79135 0)
(11.0301 -1.01383 0)
(10.6138 -0.153897 0)
(10.7283 0.475412 0)
(9.55117 1.49968 0)
(9.7595 2.22827 0)
(8.2374 2.77977 0)
(8.05222 2.9373 0)
(5.69294 3.92756 0)
(6.55993 4.56679 0)
(4.40621 5.97017 0)
(7.13399 5.86302 0)
(3.6841 6.63772 0)
(6.77318 6.02262 0)
(5.14397 5.8231 0)
(5.84105 3.8212 0)
(5.77254 2.7447 0)
(5.87951 -0.108908 0)
(7.00748 -1.4315 0)
(6.82521 -3.82091 0)
(7.60606 -4.75451 0)
(7.38373 -6.35682 0)
(8.38807 -6.58471 0)
(7.75576 -6.71877 0)
(7.84521 -4.57086 0)
(7.70442 -3.99393 0)
(8.62671 -3.48553 0)
(8.7066 -3.43469 0)
(8.49642 -2.15576 0)
(7.26499 -1.38265 0)
(6.7455 -1.01391 0)
(7.22121 -1.24932 0)
(8.1997 -1.03422 0)
(9.0544 -0.409336 0)
(10.1401 0.143447 0)
(11.2853 0.612798 0)
(12.0397 1.204 0)
(11.9331 1.61621 0)
(11.2373 1.84886 0)
(10.2866 2.329 0)
(9.4962 3.07745 0)
(8.58179 3.50134 0)
(7.59249 3.35865 0)
(6.82627 3.03239 0)
(5.95391 2.80313 0)
(5.41338 2.99997 0)
(4.73808 3.39122 0)
(3.82249 3.62742 0)
(3.39815 3.76896 0)
(2.91426 3.04596 0)
(2.658 2.62239 0)
(2.49752 1.7258 0)
(2.31208 1.2197 0)
(2.49354 0.462471 0)
(2.60145 0.27087 0)
(2.69404 -0.246458 0)
(2.69129 0.0909998 0)
(2.20147 -0.273646 0)
(2.59083 0.288361 0)
(1.78421 0.498304 0)
(1.70678 1.3737 0)
(0.35041 0.957496 0)
(0.897215 1.09624 0)
(1.27731 1.26046 0)
(1.31292 1.50484 0)
(1.68292 1.76624 0)
(2.24205 1.65183 0)
(2.84478 0.945663 0)
(3.1485 -0.293238 0)
(2.8804 -1.31647 0)
(2.6851 -2.17462 0)
(2.24193 -3.47153 0)
(1.99911 -4.07318 0)
(1.78211 -4.06505 0)
(-0.22671 -4.07861 0)
(-0.575652 -3.6621 0)
(0.384656 -2.02668 0)
(1.97455 1.30466 0)
(1.89618 5.07414 0)
(2.16508 5.81222 0)
(3.17027 5.12085 0)
(3.34286 4.51054 0)
(4.29978 3.48818 0)
(3.95975 2.35267 0)
(5.32833 1.16359 0)
(5.6612 -0.702516 0)
(6.90089 -1.91137 0)
(6.69468 -2.61609 0)
(9.07049 -3.84219 0)
(9.62251 -5.06071 0)
(11.649 -5.84711 0)
(12.1874 -6.84395 0)
(13.6458 -7.11651 0)
(12.9177 -6.68984 0)
(12.7504 -5.90397 0)
(13.2586 -5.36735 0)
(12.1542 -4.62181 0)
(12.6697 -3.80364 0)
(11.0401 -2.97064 0)
(11.5571 -2.49732 0)
(11.0076 -1.72765 0)
(11.2535 -0.964554 0)
(10.6782 -0.0822104 0)
(11.0266 0.647314 0)
(9.79868 1.74384 0)
(9.99902 2.48989 0)
(8.34699 3.14493 0)
(8.48814 3.32905 0)
(5.85145 4.31921 0)
(7.19574 4.69927 0)
(4.59496 5.94527 0)
(7.80959 5.91542 0)
(4.27827 6.68615 0)
(6.97409 5.82859 0)
(6.03085 5.81104 0)
(6.20707 3.98089 0)
(7.10679 2.57653 0)
(6.70445 -0.211207 0)
(7.97257 -1.74411 0)
(7.37937 -4.0695 0)
(8.59705 -5.06834 0)
(8.11077 -6.42938 0)
(9.12247 -6.62191 0)
(8.25357 -6.71609 0)
(8.29193 -4.48906 0)
(8.02335 -4.15987 0)
(8.94237 -3.55469 0)
(8.54066 -3.33585 0)
(7.56664 -1.53897 0)
(5.57969 -1.00973 0)
(5.73143 -1.05596 0)
(6.97125 -1.78223 0)
(8.52277 -1.57928 0)
(9.73923 -0.854149 0)
(10.738 -0.272077 0)
(11.5358 0.222157 0)
(12.1854 1.00282 0)
(12.2544 1.70531 0)
(11.6507 2.15126 0)
(10.667 2.6937 0)
(9.68245 3.41544 0)
(8.74806 3.87971 0)
(7.73007 3.71246 0)
(6.91034 3.35733 0)
(6.16415 3.11353 0)
(5.51473 3.19241 0)
(4.85034 3.72754 0)
(4.33347 3.91568 0)
(3.54564 3.98592 0)
(3.56312 3.06763 0)
(2.89132 2.87141 0)
(3.0483 1.62351 0)
(2.61886 1.3755 0)
(3.14571 0.282232 0)
(3.0843 0.171801 0)
(3.55934 -0.129561 0)
(3.19855 -0.0263989 0)
(3.47855 -0.101584 0)
(2.14272 0.394076 0)
(2.94112 1.1924 0)
(0.403018 1.89612 0)
(0.58845 0.684712 0)
(1.12867 0.834375 0)
(1.799 1.12269 0)
(2.14497 1.42704 0)
(2.54595 1.58219 0)
(3.03082 1.337 0)
(3.95337 0.688114 0)
(4.40564 -0.26779 0)
(4.03007 -1.25516 0)
(4.16195 -2.07007 0)
(4.08152 -3.28164 0)
(3.41659 -4.00239 0)
(3.55246 -3.81442 0)
(2.18581 -3.58893 0)
(0.909569 -3.51689 0)
(0.857946 -2.39021 0)
(2.34059 0.868118 0)
(2.4405 4.90542 0)
(3.74238 5.60729 0)
(3.97028 4.99381 0)
(4.0106 4.30066 0)
(5.27047 3.2451 0)
(5.00384 2.16968 0)
(6.19566 0.86936 0)
(6.85395 -1.04525 0)
(7.80019 -2.19269 0)
(7.81643 -2.98748 0)
(10.2534 -4.42732 0)
(11.1025 -5.68907 0)
(12.8157 -6.37877 0)
(13.004 -7.06806 0)
(14.0727 -7.14273 0)
(13.1264 -6.58261 0)
(13.3349 -5.84756 0)
(13.3032 -5.21085 0)
(12.2061 -4.37559 0)
(12.5258 -3.63884 0)
(10.9618 -2.817 0)
(11.6782 -2.44717 0)
(10.9799 -1.6266 0)
(11.4438 -0.864433 0)
(10.5432 -0.0429513 0)
(11.0969 0.786385 0)
(9.83569 1.98998 0)
(10.2964 2.71193 0)
(8.38719 3.48832 0)
(8.90704 3.76856 0)
(5.91627 4.74283 0)
(7.85835 4.8811 0)
(4.67399 5.87113 0)
(8.19523 5.98563 0)
(4.99079 6.78728 0)
(7.15013 5.71457 0)
(6.78888 5.76866 0)
(6.60534 3.98923 0)
(8.28305 2.35558 0)
(7.47729 -0.296106 0)
(9.13594 -1.81527 0)
(8.06894 -3.92697 0)
(9.63024 -5.26382 0)
(8.68827 -6.48481 0)
(9.80489 -6.54393 0)
(8.62686 -6.59185 0)
(8.77403 -4.38517 0)
(8.27446 -4.26008 0)
(9.01878 -3.47037 0)
(7.84641 -2.91499 0)
(6.09398 -0.649495 0)
(4.61479 -0.961509 0)
(5.76682 -1.53714 0)
(7.36251 -2.58436 0)
(8.94547 -2.27286 0)
(10.3055 -1.38749 0)
(11.3778 -0.621474 0)
(11.9439 0.0312915 0)
(12.2794 0.892648 0)
(12.2823 1.78983 0)
(11.7455 2.43404 0)
(10.8064 3.10544 0)
(9.77573 3.82578 0)
(8.78828 4.30201 0)
(7.84361 4.13867 0)
(7.00225 3.67835 0)
(6.22738 3.40648 0)
(5.76056 3.43727 0)
(5.02391 4.06599 0)
(4.51682 3.9234 0)
(4.12834 4.25489 0)
(4.01622 3.11332 0)
(3.29545 3.04775 0)
(3.80643 1.6132 0)
(2.94913 1.36772 0)
(4.48463 0.0903372 0)
(3.60898 0.234559 0)
(4.76091 -0.395985 0)
(4.00447 0.187344 0)
(4.06228 0.102376 0)
(3.14956 0.761774 0)
(2.90481 0.770463 0)
(2.60816 3.03615 0)
(0.817354 0.187314 0)
(1.28814 0.588833 0)
(2.16724 0.936025 0)
(2.72078 1.20943 0)
(3.46433 1.39827 0)
(3.97174 1.03484 0)
(4.8203 0.401532 0)
(5.52466 -0.30179 0)
(5.29616 -1.23929 0)
(5.5941 -2.11188 0)
(5.99773 -3.12361 0)
(5.04817 -3.83064 0)
(5.0082 -3.77587 0)
(4.31108 -3.14862 0)
(2.94571 -2.99307 0)
(1.9031 -2.62999 0)
(3.1788 0.50497 0)
(2.87687 4.51086 0)
(4.89791 5.35024 0)
(4.83506 5.00497 0)
(5.02951 4.05931 0)
(6.27124 2.91256 0)
(5.87337 1.93736 0)
(7.14676 0.494745 0)
(8.20866 -1.4075 0)
(8.71903 -2.41547 0)
(9.10949 -3.4302 0)
(11.5421 -5.05405 0)
(12.367 -6.25733 0)
(13.6718 -6.84106 0)
(13.5204 -7.18388 0)
(14.2302 -7.08355 0)
(13.237 -6.55082 0)
(13.7379 -5.86954 0)
(13.0708 -5.0769 0)
(12.2808 -4.09742 0)
(12.3002 -3.45954 0)
(10.8605 -2.67677 0)
(11.5803 -2.4356 0)
(10.7383 -1.55973 0)
(11.4923 -0.764738 0)
(10.2838 0.0689558 0)
(11.0894 0.918368 0)
(9.61024 2.16677 0)
(10.4715 2.95849 0)
(8.33093 3.81283 0)
(9.37947 4.12555 0)
(6.0232 5.0451 0)
(8.41454 5.0346 0)
(4.89956 5.80864 0)
(8.19944 5.96544 0)
(5.88618 6.81172 0)
(7.12102 5.63593 0)
(7.57717 5.52844 0)
(7.13134 3.82805 0)
(9.17238 2.1217 0)
(8.21513 -0.484289 0)
(9.99124 -1.9875 0)
(8.49438 -3.98975 0)
(10.6331 -5.51634 0)
(9.19354 -6.54255 0)
(10.335 -6.46664 0)
(8.85316 -6.45113 0)
(9.27493 -4.24912 0)
(8.3082 -4.26989 0)
(8.77271 -3.16027 0)
(6.89999 -2.33577 0)
(5.13669 0.145151 0)
(4.50599 -1.37589 0)
(6.16634 -2.10705 0)
(7.70393 -3.35618 0)
(9.01145 -2.80135 0)
(10.2303 -1.874 0)
(11.2638 -0.92646 0)
(11.8224 -0.096742 0)
(12.0139 0.87592 0)
(11.9474 1.90243 0)
(11.5101 2.70726 0)
(10.7267 3.46669 0)
(9.69512 4.18732 0)
(8.79131 4.67585 0)
(7.77887 4.49429 0)
(7.08864 3.95882 0)
(6.33644 3.76589 0)
(5.91265 3.55468 0)
(5.15364 4.34516 0)
(5.18009 4.03898 0)
(4.25851 4.5003 0)
(4.86846 3.00054 0)
(3.25032 3.29485 0)
(5.42537 1.40402 0)
(3.66966 1.41208 0)
(6.38492 -0.151731 0)
(4.95579 0.213557 0)
(6.57394 -0.453426 0)
(4.95594 0.516694 0)
(5.88664 -0.00926026 0)
(4.08876 1.11463 0)
(4.82606 1.38658 0)
(1.4862 3.88299 0)
(4.28628 0.401084 0)
(-0.228257 -0.0200627 0)
(1.59706 -0.0319313 0)
(1.34342 -0.00331413 0)
(1.51631 0.000534684 0)
(1.55979 0.0010763 0)
(1.59801 0.000165214 0)
(1.63286 0.000143246 0)
(1.64776 0.000204029 0)
(1.65925 5.80852e-05 0)
(8.84305 0.511683 0)
(2.28316 0.200714 0)
(4.18569 -0.125314 0)
(3.76151 -0.00973355 0)
(3.96646 -0.0176779 0)
(4.10152 -0.0112594 0)
(4.20201 -0.00937366 0)
(4.29254 -0.00588907 0)
(4.33442 -0.00290059 0)
(4.37085 -0.00142073 0)
(11.8714 0.782865 0)
(5.36534 0.390761 0)
(6.53691 -0.145433 0)
(6.03431 -0.0101389 0)
(6.11987 -0.031674 0)
(6.26966 -0.0304052 0)
(6.38799 -0.02486 0)
(6.50664 -0.0160321 0)
(6.56296 -0.00877664 0)
(6.6193 -0.00435971 0)
(13.8591 0.983301 0)
(8.40586 0.613301 0)
(8.84946 -0.102892 0)
(8.30958 0.00384082 0)
(8.22331 -0.0331596 0)
(8.31677 -0.0471199 0)
(8.40379 -0.0415807 0)
(8.51553 -0.0281065 0)
(8.56746 -0.0166403 0)
(8.63256 -0.00851929 0)
(14.275 0.954204 0)
(10.7216 0.770358 0)
(10.867 -0.027003 0)
(10.4218 0.0297398 0)
(10.2275 -0.0184826 0)
(10.2433 -0.0526921 0)
(10.2704 -0.0527171 0)
(10.344 -0.0374704 0)
(10.3709 -0.0237055 0)
(10.4263 -0.0128713 0)
(13.4866 0.743315 0)
(11.89 0.796 0)
(12.1587 0.0342889 0)
(12.0602 0.0469146 0)
(11.9377 0.000840986 0)
(11.9442 -0.0479526 0)
(11.9291 -0.055398 0)
(11.9597 -0.0407579 0)
(11.954 -0.0267347 0)
(11.9842 -0.015765 0)
(12.2446 0.554902 0)
(11.9946 0.701557 0)
(12.4802 0.0529347 0)
(12.8735 0.0223314 0)
(13.0447 0.000589034 0)
(13.1979 -0.0451974 0)
(13.2286 -0.0547512 0)
(13.2635 -0.0396543 0)
(13.2465 -0.0251562 0)
(13.2587 -0.016089 0)
(11.398 0.435234 0)
(11.5471 0.543201 0)
(12.1374 0.0165779 0)
(12.8688 -0.0512372 0)
(13.3507 -0.0428798 0)
(13.7528 -0.0660834 0)
(13.9174 -0.0656666 0)
(14.0534 -0.0442495 0)
(14.0725 -0.0258903 0)
(14.1271 -0.0170665 0)
(11.3075 0.428282 0)
(11.2509 0.405771 0)
(11.7675 -0.0377614 0)
(12.5884 -0.145609 0)
(13.142 -0.122058 0)
(13.692 -0.111784 0)
(13.9259 -0.0922771 0)
(14.1853 -0.0596124 0)
(14.2396 -0.0347432 0)
(14.3946 -0.0234531 0)
(11.4047 0.419541 0)
(11.3158 0.308309 0)
(11.7385 -0.0855275 0)
(12.4892 -0.230818 0)
(12.9096 -0.204112 0)
(13.4256 -0.164202 0)
(13.618 -0.125727 0)
(13.9193 -0.0819954 0)
(13.9708 -0.0507488 0)
(14.1891 -0.0357981 0)
(11.4505 0.382703 0)
(11.6583 0.217844 0)
(12.1032 -0.123032 0)
(12.7082 -0.286256 0)
(12.9014 -0.261726 0)
(13.2484 -0.201159 0)
(13.3361 -0.151124 0)
(13.6134 -0.101576 0)
(13.6448 -0.0675804 0)
(13.887 -0.0502439 0)
(11.4498 0.329895 0)
(12.1628 0.105337 0)
(12.7217 -0.163151 0)
(13.1439 -0.316996 0)
(13.133 -0.292973 0)
(13.2624 -0.220777 0)
(13.2381 -0.166565 0)
(13.4482 -0.11627 0)
(13.4566 -0.0837482 0)
(13.692 -0.0652862 0)
(11.8562 0.212988 0)
(12.9206 -0.048176 0)
(13.4608 -0.205925 0)
(13.583 -0.321808 0)
(13.4362 -0.296934 0)
(13.3638 -0.224033 0)
(13.3084 -0.174027 0)
(13.4167 -0.126541 0)
(13.4359 -0.0999189 0)
(13.6019 -0.0799152 0)
(13.0004 0.0785022 0)
(13.9374 -0.18538 0)
(14.1558 -0.223132 0)
(13.8596 -0.296085 0)
(13.6046 -0.2796 0)
(13.3695 -0.217064 0)
(13.3424 -0.175607 0)
(13.2887 -0.130674 0)
(13.3197 -0.110061 0)
(13.2905 -0.0859215 0)
(14.2822 -0.0459272 0)
(14.5005 -0.240305 0)
(14.185 -0.182855 0)
(13.6438 -0.236426 0)
(13.3511 -0.245622 0)
(13.03 -0.202376 0)
(12.9129 -0.165396 0)
(12.6719 -0.121986 0)
(12.6231 -0.102103 0)
(12.4052 -0.0764073 0)
(13.9731 -0.068894 0)
(13.5745 -0.184792 0)
(13.1727 -0.117092 0)
(12.7621 -0.18415 0)
(12.4384 -0.209962 0)
(11.9918 -0.170945 0)
(11.7318 -0.132497 0)
(11.3839 -0.0939737 0)
(11.2737 -0.0770023 0)
(10.9841 -0.0571557 0)
(11.9319 -0.0418198 0)
(11.7268 -0.125955 0)
(11.5417 -0.0933228 0)
(11.1747 -0.14771 0)
(10.7374 -0.158287 0)
(10.2263 -0.119044 0)
(9.91297 -0.0876025 0)
(9.56279 -0.060876 0)
(9.44162 -0.0498519 0)
(9.15909 -0.0375076 0)
(9.45633 -0.0803243 0)
(9.46532 -0.104363 0)
(9.25705 -0.0727975 0)
(8.86957 -0.0933471 0)
(8.40546 -0.0926462 0)
(7.93215 -0.0658172 0)
(7.64199 -0.0465247 0)
(7.35399 -0.032224 0)
(7.24969 -0.0265279 0)
(7.01986 -0.0203729 0)
(6.67218 -0.0902402 0)
(6.57322 -0.0629159 0)
(6.29176 -0.0365342 0)
(5.95182 -0.0403578 0)
(5.57034 -0.0371312 0)
(5.22476 -0.0241834 0)
(5.02079 -0.0163423 0)
(4.83057 -0.011555 0)
(4.76011 -0.00949756 0)
(4.608 -0.00770149 0)
(2.76351 -0.0710844 0)
(2.61929 -0.0129081 0)
(2.40635 -0.0010133 0)
(2.24319 -0.000721174 0)
(2.07992 -0.000166706 0)
(1.94409 0.000562535 0)
(1.87101 0.000392453 0)
(1.80499 -3.77073e-05 0)
(1.77876 3.27009e-05 0)
(1.72396 -0.000311827 0)
)
;

boundaryField
{
    inlet
    {
        type            fixedValue;
        value           uniform (10 0 0);
    }
    outlet
    {
        type            zeroGradient;
    }
    walls
    {
        type            fixedValue;
        value           uniform (0 0 0);
    }
    frontAndBack
    {
        type            empty;
    }
}


// ************************************************************************* //
