/*--------------------------------*- C++ -*----------------------------------*\
| =========                 |                                                 |
| \\      /  F ield         | OpenFOAM: The Open Source CFD Toolbox           |
|  \\    /   O peration     | Version:  2.4.0                                 |
|   \\  /    A nd           | Web:      www.OpenFOAM.org                      |
|    \\/     M anipulation  |                                                 |
\*---------------------------------------------------------------------------*/
FoamFile
{
    version     2.0;
    format      ascii;
    class       volVectorField;
    location    "0.157";
    object      U;
}
// * * * * * * * * * * * * * * * * * * * * * * * * * * * * * * * * * * * * * //

dimensions      [0 1 -1 0 0 0 0];

internalField   nonuniform List<vector> 
4400
(
(5.40466 0.316772 0)
(3.31551 0.0607435 0)
(2.58526 0.00139961 0)
(2.23083 -0.00198158 0)
(2.08861 -0.00164962 0)
(1.99432 -0.000795222 0)
(1.95257 0.000212775 0)
(1.92441 -0.000738212 0)
(1.94012 0.000299688 0)
(1.55148 -0.0504163 0)
(8.68623 0.857261 0)
(7.54031 0.344464 0)
(6.6333 0.11652 0)
(5.90151 0.0546589 0)
(5.54179 0.0265016 0)
(5.26129 0.0157992 0)
(5.13966 0.0101651 0)
(5.06228 0.00355302 0)
(5.0229 0.0181565 0)
(4.52572 -0.049352 0)
(9.89218 0.937222 0)
(9.98996 0.476798 0)
(9.50196 0.214301 0)
(8.7316 0.128264 0)
(8.30627 0.0745888 0)
(7.89721 0.0475182 0)
(7.71314 0.0269554 0)
(7.62002 0.0145403 0)
(7.51039 0.0330808 0)
(6.93212 -0.0429274 0)
(10.1218 0.807176 0)
(11.111 0.49663 0)
(11.2926 0.268638 0)
(10.7901 0.194164 0)
(10.4957 0.12894 0)
(10.071 0.0904222 0)
(9.85689 0.0479249 0)
(9.80273 0.0307748 0)
(9.6322 0.0598813 0)
(8.94337 -0.0565608 0)
(10.0484 0.647814 0)
(11.3119 0.433365 0)
(12.0229 0.251226 0)
(11.9124 0.21367 0)
(11.927 0.160687 0)
(11.6524 0.13124 0)
(11.4803 0.0657363 0)
(11.5299 0.0477263 0)
(11.3276 0.0970167 0)
(10.6174 -0.0725329 0)
(10.0106 0.517662 0)
(11.2077 0.353057 0)
(12.1154 0.196122 0)
(12.198 0.18256 0)
(12.5041 0.146767 0)
(12.4736 0.146879 0)
(12.4445 0.0670981 0)
(12.659 0.0516044 0)
(12.4413 0.139736 0)
(11.9728 -0.0838599 0)
(10.0001 0.403606 0)
(11.1266 0.275383 0)
(12.036 0.144785 0)
(12.1922 0.141263 0)
(12.5513 0.104756 0)
(12.6576 0.136138 0)
(12.8012 0.0413229 0)
(13.0866 0.0514657 0)
(12.863 0.136885 0)
(12.9843 -0.0912812 0)
(9.98931 0.288846 0)
(11.1347 0.197528 0)
(11.9082 0.0978314 0)
(12.2008 0.104523 0)
(12.4641 0.059387 0)
(12.6253 0.114692 0)
(12.9007 0.00466402 0)
(13.0049 0.0568442 0)
(12.9582 0.0986037 0)
(13.5929 -0.185709 0)
(9.97843 0.179778 0)
(11.1359 0.110138 0)
(11.8571 0.0638869 0)
(12.2211 0.060875 0)
(12.382 0.0283605 0)
(12.6259 0.0708595 0)
(12.8541 -0.00611996 0)
(12.8562 0.0388995 0)
(13.191 0.0356112 0)
(13.5938 -0.251029 0)
(9.9689 0.067628 0)
(11.1342 0.0253682 0)
(11.8595 0.0214493 0)
(12.1978 0.029933 0)
(12.3883 -0.0155907 0)
(12.6353 0.0438927 0)
(12.7393 -0.0242685 0)
(12.9062 0.00667112 0)
(13.2676 -0.0257734 0)
(13.2813 -0.20129 0)
(9.98249 -0.0419237 0)
(11.1462 -0.0661207 0)
(11.8367 -0.00654155 0)
(12.1877 -0.0130532 0)
(12.44 -0.051322 0)
(12.5814 0.0153127 0)
(12.7217 -0.0407595 0)
(12.9988 -0.0343896 0)
(13.1617 -0.0459515 0)
(13.0805 -0.166458 0)
(10.0098 -0.155772 0)
(11.1366 -0.147734 0)
(11.8473 -0.0447883 0)
(12.237 -0.0556957 0)
(12.4385 -0.0851983 0)
(12.545 -0.00917806 0)
(12.8018 -0.0705977 0)
(13.0008 -0.0604856 0)
(13.0804 -0.059822 0)
(13.1041 -0.168364 0)
(10.0375 -0.267887 0)
(11.1488 -0.232391 0)
(11.923 -0.0857414 0)
(12.2457 -0.0961739 0)
(12.4358 -0.112608 0)
(12.5873 -0.0453682 0)
(12.8595 -0.0945366 0)
(12.9628 -0.0786956 0)
(13.1099 -0.083918 0)
(13.205 -0.209687 0)
(10.0623 -0.38857 0)
(11.1864 -0.305351 0)
(11.9774 -0.130118 0)
(12.243 -0.132562 0)
(12.4969 -0.147719 0)
(12.6134 -0.0798627 0)
(12.8624 -0.113434 0)
(12.8745 -0.0993034 0)
(13.0403 -0.112398 0)
(13.0152 -0.232479 0)
(10.0534 -0.51214 0)
(11.2498 -0.37018 0)
(12.0213 -0.182279 0)
(12.2765 -0.17956 0)
(12.4366 -0.178553 0)
(12.4392 -0.107149 0)
(12.5525 -0.122008 0)
(12.3979 -0.10773 0)
(12.4675 -0.116809 0)
(12.2325 -0.227706 0)
(10.0764 -0.644801 0)
(11.3247 -0.442615 0)
(11.9593 -0.243055 0)
(11.9897 -0.213161 0)
(11.8486 -0.181781 0)
(11.6449 -0.105914 0)
(11.5593 -0.107453 0)
(11.2749 -0.0887893 0)
(11.2464 -0.1101 0)
(10.8769 -0.170353 0)
(10.1408 -0.8062 0)
(11.1099 -0.50169 0)
(11.2544 -0.264068 0)
(10.8511 -0.193966 0)
(10.4184 -0.142065 0)
(10.0799 -0.0770806 0)
(9.89446 -0.0744374 0)
(9.57436 -0.062639 0)
(9.50632 -0.0862987 0)
(9.05887 -0.104063 0)
(9.90172 -0.936582 0)
(9.98567 -0.478978 0)
(9.48057 -0.212409 0)
(8.7724 -0.127732 0)
(8.24476 -0.0824427 0)
(7.90777 -0.0415651 0)
(7.71777 -0.0409973 0)
(7.43366 -0.0374935 0)
(7.35733 -0.0545443 0)
(6.88792 -0.0612268 0)
(8.69107 -0.857101 0)
(7.53757 -0.345319 0)
(6.62144 -0.116233 0)
(5.92372 -0.0537933 0)
(5.50288 -0.0304708 0)
(5.26415 -0.01406 0)
(5.1276 -0.0154807 0)
(4.92686 -0.0167698 0)
(4.84946 -0.0256983 0)
(4.45575 -0.0274578 0)
(5.40558 -0.316704 0)
(3.31531 -0.0607568 0)
(2.58001 -0.00157091 0)
(2.23799 0.00253548 0)
(2.0741 0.000657992 0)
(1.98927 0.000960256 0)
(1.94023 -0.000268202 0)
(1.85968 -0.00159586 0)
(1.80384 -0.00269316 0)
(1.60951 0.00680801 0)
(2.5371 0.0287691 0)
(3.00173 -0.127385 0)
(3.57119 -0.176347 0)
(3.76369 -0.420141 0)
(3.71168 -0.277361 0)
(3.62929 -0.135016 0)
(3.8595 -0.261627 0)
(3.47123 0.0417639 0)
(4.74271 0.13853 0)
(4.28016 0.232189 0)
(5.16644 0.559839 0)
(6.01038 0.751799 0)
(6.10287 0.534988 0)
(6.82995 0.332601 0)
(7.54454 0.229468 0)
(8.1312 0.198885 0)
(9.29505 -0.518498 0)
(9.9146 -1.05339 0)
(10.5219 -1.42749 0)
(12.0181 -2.50786 0)
(12.4341 -3.07296 0)
(12.4481 -3.20183 0)
(13.2285 -3.74978 0)
(12.9234 -3.78025 0)
(12.5274 -3.45161 0)
(12.4536 -3.2718 0)
(11.9059 -3.05009 0)
(11.3909 -3.1357 0)
(11.0272 -3.28993 0)
(10.3679 -3.41842 0)
(9.84458 -3.62734 0)
(9.53091 -4.10055 0)
(9.15407 -4.74589 0)
(8.72054 -4.64233 0)
(8.83185 -4.71098 0)
(8.85727 -5.55318 0)
(9.57369 -5.99912 0)
(10.0275 -4.8402 0)
(10.3701 -3.63079 0)
(10.4695 -1.9324 0)
(10.5508 0.572294 0)
(10.3623 2.18921 0)
(10.3001 3.67349 0)
(10.1281 5.39578 0)
(9.10269 6.38202 0)
(8.53172 6.09605 0)
(7.50639 6.12196 0)
(7.25645 6.2258 0)
(5.42603 7.32399 0)
(6.031 7.52687 0)
(5.10229 7.23871 0)
(6.51628 5.60133 0)
(6.98159 3.67843 0)
(6.9905 1.5858 0)
(7.07919 -0.504109 0)
(7.42034 -2.05492 0)
(7.26329 -3.49917 0)
(8.07515 -5.39187 0)
(6.71028 -6.77989 0)
(7.74478 -6.53731 0)
(6.26361 -5.98717 0)
(6.68247 -4.3392 0)
(7.20729 -4.25465 0)
(7.84197 -5.90041 0)
(9.91894 -6.81123 0)
(10.2444 -6.00099 0)
(9.30774 -5.18435 0)
(8.86832 -3.70741 0)
(8.80549 -1.08039 0)
(8.16477 1.28955 0)
(7.88586 2.55068 0)
(7.76829 4.28039 0)
(7.82484 6.6564 0)
(6.9297 7.77512 0)
(6.651 6.76936 0)
(5.9051 6.04324 0)
(5.87672 6.32952 0)
(4.69519 7.87462 0)
(6.224 7.89495 0)
(5.20014 7.9541 0)
(7.69373 4.97999 0)
(5.38092 5.03104 0)
(8.76593 1.68234 0)
(5.9911 1.26114 0)
(9.07412 -2.34194 0)
(5.1371 -1.0334 0)
(9.78845 -3.90963 0)
(4.83343 -1.40182 0)
(9.6107 -3.41862 0)
(5.83202 -1.09853 0)
(8.79759 -4.3566 0)
(6.51503 -2.16878 0)
(7.53232 -2.17584 0)
(7.03805 -0.431782 0)
(6.64882 -0.34049 0)
(6.37728 1.61752 0)
(7.4673 2.88232 0)
(6.03579 4.34575 0)
(6.505 4.62228 0)
(3.99619 8.92896 0)
(5.21429 -0.0591763 0)
(5.30143 -0.286944 0)
(5.55836 -0.204371 0)
(5.98887 -0.364763 0)
(5.48823 -0.318909 0)
(5.76609 -0.101501 0)
(5.90422 -0.269598 0)
(5.15578 -0.0567713 0)
(6.55586 0.0516935 0)
(6.06361 0.14072 0)
(6.24142 0.252508 0)
(7.43565 0.353946 0)
(7.55797 0.404058 0)
(8.22997 0.0670099 0)
(9.03386 -0.231713 0)
(9.39973 -0.139952 0)
(10.7153 -0.839618 0)
(11.3611 -1.35514 0)
(11.862 -1.74396 0)
(13.3671 -2.88576 0)
(13.3258 -3.27665 0)
(13.4197 -3.34098 0)
(13.9547 -3.72134 0)
(13.1843 -3.61993 0)
(12.7283 -3.3552 0)
(12.4194 -3.0895 0)
(11.8512 -2.82089 0)
(11.3009 -2.9 0)
(10.6399 -3.02741 0)
(9.8855 -3.18871 0)
(9.25693 -3.45729 0)
(8.99457 -4.01365 0)
(8.59055 -4.66323 0)
(8.38404 -4.68272 0)
(8.48251 -4.88908 0)
(8.42819 -5.70258 0)
(9.058 -6.08699 0)
(9.44223 -4.90495 0)
(9.61883 -3.55048 0)
(9.44575 -1.8465 0)
(9.43572 0.588551 0)
(9.39713 2.22169 0)
(9.48911 3.78902 0)
(9.46932 5.53315 0)
(8.5047 6.6529 0)
(8.24098 6.38059 0)
(7.23469 6.47819 0)
(7.37727 6.62156 0)
(5.657 7.6141 0)
(6.46238 7.66651 0)
(5.95407 7.03608 0)
(7.04162 5.34316 0)
(7.59737 3.5928 0)
(7.56815 1.58552 0)
(7.593 -0.640633 0)
(7.97613 -2.03415 0)
(7.77761 -3.53423 0)
(8.59869 -5.24013 0)
(7.30869 -6.65366 0)
(8.03539 -6.39208 0)
(6.37374 -5.72778 0)
(7.03839 -4.39931 0)
(7.27807 -4.56895 0)
(7.29299 -6.44149 0)
(9.30589 -7.22077 0)
(9.76426 -5.88281 0)
(8.7582 -4.95642 0)
(8.23369 -3.48498 0)
(7.98041 -0.891045 0)
(7.3941 1.40546 0)
(7.27766 2.7147 0)
(7.19268 4.45969 0)
(7.42083 6.79603 0)
(6.36558 7.93253 0)
(6.53745 6.87839 0)
(5.53977 6.28383 0)
(6.00619 6.43064 0)
(4.75265 7.90051 0)
(6.55241 7.59532 0)
(5.48858 7.9477 0)
(8.05152 4.66684 0)
(5.86948 4.77713 0)
(9.60918 1.49018 0)
(6.82943 1.44811 0)
(9.91066 -2.3003 0)
(5.54392 -1.06274 0)
(10.6977 -3.99639 0)
(5.21055 -1.22865 0)
(10.5143 -3.75766 0)
(6.06919 -0.715468 0)
(10.0878 -4.84204 0)
(7.02622 -1.94916 0)
(8.83794 -2.4736 0)
(7.39653 0.0885744 0)
(8.13588 -0.421271 0)
(6.33305 1.85863 0)
(8.53203 2.31042 0)
(6.78155 4.65179 0)
(9.14497 4.47906 0)
(5.47484 9.65938 0)
(7.77728 -0.177095 0)
(7.81281 -0.440812 0)
(7.60121 -0.285091 0)
(8.41606 -0.290551 0)
(7.54873 -0.298155 0)
(7.77595 -0.159754 0)
(8.24735 -0.236247 0)
(7.08947 -0.110788 0)
(8.3507 -0.15452 0)
(8.25326 0.108313 0)
(8.04385 0.187231 0)
(9.21999 0.0209922 0)
(9.19572 0.23476 0)
(9.88094 -0.12773 0)
(10.7287 -0.56601 0)
(10.8034 -0.459127 0)
(12.2865 -1.20481 0)
(12.6851 -1.63308 0)
(13.2535 -2.06897 0)
(14.4822 -3.12694 0)
(14.0485 -3.32854 0)
(14.0886 -3.36781 0)
(14.1868 -3.56093 0)
(13.3834 -3.35269 0)
(12.8761 -3.14179 0)
(12.3023 -2.8546 0)
(11.7915 -2.54616 0)
(11.1721 -2.61044 0)
(10.402 -2.74147 0)
(9.54995 -2.91564 0)
(9.03636 -3.3731 0)
(9.00763 -4.00442 0)
(8.41207 -4.49872 0)
(8.13752 -4.54642 0)
(8.13734 -4.90424 0)
(8.01466 -5.81468 0)
(8.45812 -6.18381 0)
(8.68414 -4.93073 0)
(8.62687 -3.44152 0)
(8.19214 -1.73176 0)
(8.10835 0.556941 0)
(8.25311 2.19044 0)
(8.51807 3.88031 0)
(8.6755 5.65369 0)
(7.77506 6.86118 0)
(7.86624 6.56434 0)
(7.00733 6.62488 0)
(7.46298 6.78393 0)
(6.01719 7.66334 0)
(6.79915 7.62726 0)
(6.75413 6.78985 0)
(7.64633 5.16163 0)
(8.1462 3.4968 0)
(8.21466 1.62576 0)
(8.31563 -0.686069 0)
(8.48504 -2.08701 0)
(8.34619 -3.65713 0)
(8.803 -5.2432 0)
(7.78303 -6.5723 0)
(8.17176 -6.29678 0)
(6.46337 -5.44038 0)
(7.25264 -4.56658 0)
(7.40729 -4.70583 0)
(6.7669 -6.91055 0)
(8.46336 -7.49299 0)
(9.05195 -5.78918 0)
(8.04275 -4.66765 0)
(7.44441 -3.16082 0)
(7.17338 -0.789111 0)
(6.70906 1.41309 0)
(6.82505 2.62305 0)
(6.73829 4.3723 0)
(6.89781 6.90186 0)
(5.86056 8.07398 0)
(6.2795 6.97528 0)
(4.94438 6.51439 0)
(6.37215 6.37865 0)
(4.72209 7.9593 0)
(7.10762 7.25074 0)
(5.64715 7.82066 0)
(8.32227 4.24262 0)
(6.56719 4.53474 0)
(10.1253 1.16857 0)
(7.34905 1.47362 0)
(10.649 -2.28614 0)
(6.28974 -1.01472 0)
(11.3258 -4.01728 0)
(5.81488 -0.964473 0)
(10.926 -3.95804 0)
(6.10538 -0.363513 0)
(10.7954 -5.25428 0)
(7.16184 -1.62076 0)
(9.81029 -3.17311 0)
(8.34249 0.388157 0)
(9.95095 -0.266832 0)
(7.39676 2.30932 0)
(8.76792 2.38541 0)
(6.24944 5.06123 0)
(10.3949 3.76067 0)
(7.61969 9.55691 0)
(9.9649 -0.282127 0)
(10.1898 -0.491869 0)
(9.5201 -0.315166 0)
(10.5132 -0.278593 0)
(9.64416 -0.14441 0)
(9.6299 -0.187362 0)
(10.3182 -0.259503 0)
(9.15257 -0.0266653 0)
(10.0838 -0.31022 0)
(10.1637 -0.0171209 0)
(9.8734 0.122764 0)
(11.043 -0.225478 0)
(10.8392 0.0541373 0)
(11.6406 -0.32353 0)
(12.2744 -0.782231 0)
(12.3083 -0.785298 0)
(13.6839 -1.54076 0)
(13.7537 -1.8304 0)
(14.4296 -2.2802 0)
(15.1577 -3.14956 0)
(14.5348 -3.27409 0)
(14.336 -3.33855 0)
(14.0526 -3.34923 0)
(13.3377 -3.08853 0)
(12.788 -2.95107 0)
(12.1389 -2.62489 0)
(11.5567 -2.31002 0)
(10.9288 -2.38374 0)
(10.2217 -2.4401 0)
(9.5108 -2.65319 0)
(9.2619 -3.26122 0)
(8.95402 -3.74697 0)
(7.81182 -4.15179 0)
(7.57991 -4.41988 0)
(7.64901 -4.97989 0)
(7.4912 -5.90133 0)
(7.63548 -6.19196 0)
(7.79944 -4.84694 0)
(7.58895 -3.19886 0)
(6.91488 -1.49736 0)
(6.72339 0.557816 0)
(7.05683 2.07916 0)
(7.47364 3.87345 0)
(7.80617 5.6764 0)
(6.98212 6.96252 0)
(7.38658 6.68779 0)
(6.72608 6.78276 0)
(7.32449 7.04813 0)
(6.30916 7.77765 0)
(6.96536 7.58163 0)
(7.31516 6.54063 0)
(8.20368 4.96948 0)
(8.69565 3.46129 0)
(8.86898 1.61554 0)
(9.02358 -0.7538 0)
(8.99615 -2.07078 0)
(8.97575 -3.58586 0)
(9.029 -5.087 0)
(8.34772 -6.40835 0)
(8.06372 -6.01326 0)
(6.53606 -5.22221 0)
(7.16781 -4.61663 0)
(7.41793 -4.79126 0)
(6.18578 -7.12299 0)
(7.48446 -7.79007 0)
(8.01605 -5.69934 0)
(7.11363 -4.42854 0)
(6.51782 -2.80525 0)
(6.18621 -0.638508 0)
(5.90486 1.54374 0)
(5.98453 2.91341 0)
(6.01319 4.64508 0)
(6.23163 7.0014 0)
(5.45412 8.14613 0)
(6.15457 7.07746 0)
(4.54061 6.61664 0)
(6.68895 6.21466 0)
(4.69356 7.94239 0)
(7.60731 6.76389 0)
(5.95809 7.73521 0)
(8.83666 3.87696 0)
(7.10366 4.22212 0)
(10.4269 0.903633 0)
(7.91423 1.59941 0)
(11.237 -2.17449 0)
(7.1929 -1.05862 0)
(11.5485 -4.12267 0)
(6.8393 -0.869038 0)
(10.829 -3.96565 0)
(6.58969 -0.261857 0)
(11.2992 -5.06148 0)
(5.67665 -1.23408 0)
(11.4217 -3.5029 0)
(7.53721 0.34873 0)
(11.7069 -0.927517 0)
(9.18559 2.50328 0)
(12.209 2.2221 0)
(7.2458 5.70542 0)
(10.3443 3.11287 0)
(7.94613 9.27873 0)
(11.7111 -0.468075 0)
(12.0599 -0.549264 0)
(11.2311 -0.259183 0)
(12.1249 -0.295751 0)
(11.2872 -0.0281404 0)
(11.1991 -0.180642 0)
(11.8524 -0.324157 0)
(10.8166 0.0250721 0)
(11.6338 -0.382555 0)
(11.705 -0.130924 0)
(11.5321 0.0424626 0)
(12.4892 -0.369123 0)
(12.2046 -0.162716 0)
(13.1473 -0.551816 0)
(13.4319 -0.879262 0)
(13.6931 -1.03295 0)
(14.6527 -1.76018 0)
(14.4893 -2.03352 0)
(15.0192 -2.49594 0)
(15.2441 -3.1005 0)
(14.691 -3.13332 0)
(14.3788 -3.18156 0)
(13.9075 -3.08516 0)
(13.3561 -2.83632 0)
(12.8872 -2.69167 0)
(12.1404 -2.29551 0)
(11.3888 -2.02138 0)
(10.763 -2.12264 0)
(9.99001 -2.12039 0)
(9.50089 -2.4405 0)
(9.13309 -3.05324 0)
(8.23089 -3.37012 0)
(6.90232 -3.89351 0)
(7.06662 -4.44593 0)
(7.12163 -5.0583 0)
(6.68644 -5.92886 0)
(6.51014 -6.14234 0)
(6.57019 -4.77089 0)
(6.36889 -3.00232 0)
(5.67861 -1.32736 0)
(5.43696 0.507901 0)
(5.90836 1.97572 0)
(6.34853 3.86716 0)
(6.79653 5.6809 0)
(6.10847 6.9694 0)
(6.83892 6.63851 0)
(6.51364 6.69275 0)
(7.18027 7.01007 0)
(6.66481 7.6945 0)
(7.1298 7.40327 0)
(7.67143 6.18633 0)
(8.67368 4.71949 0)
(9.19696 3.39269 0)
(9.4303 1.54198 0)
(9.59546 -0.77455 0)
(9.43224 -2.02878 0)
(9.43641 -3.57525 0)
(9.22281 -5.03196 0)
(8.79541 -6.2267 0)
(7.85123 -5.64914 0)
(6.79905 -4.99843 0)
(6.82671 -4.64121 0)
(7.13556 -4.70864 0)
(5.53259 -7.16974 0)
(6.39166 -7.8947 0)
(6.7987 -5.57285 0)
(6.03192 -4.1989 0)
(5.58449 -2.54206 0)
(5.21297 -0.626214 0)
(5.27739 1.34152 0)
(5.32715 2.61276 0)
(5.52985 4.63059 0)
(5.40552 6.9449 0)
(4.96722 8.11025 0)
(6.0342 7.15232 0)
(4.52815 6.71464 0)
(6.60244 5.99414 0)
(4.67064 7.77641 0)
(7.94195 6.36159 0)
(6.43317 7.70228 0)
(9.58424 3.60294 0)
(7.5951 4.07912 0)
(10.6195 0.649588 0)
(8.52246 1.50549 0)
(11.4716 -2.33283 0)
(8.45935 -0.959203 0)
(11.4629 -4.21114 0)
(8.35029 -0.476939 0)
(10.2639 -4.03483 0)
(7.92258 -0.236986 0)
(10.9284 -4.93137 0)
(5.72953 -1.14027 0)
(11.4561 -3.81081 0)
(5.01643 1.24517 0)
(11.2376 -1.99097 0)
(7.08638 2.67761 0)
(14.087 1.41398 0)
(9.31533 5.98955 0)
(13.732 3.00563 0)
(8.91765 8.56696 0)
(13.11 -0.686287 0)
(13.2298 -0.656186 0)
(12.4605 -0.191564 0)
(13.1824 -0.258003 0)
(12.3301 0.101138 0)
(12.3481 -0.103763 0)
(12.801 -0.333084 0)
(12.001 0.0209953 0)
(12.7295 -0.410021 0)
(12.6385 -0.25235 0)
(12.7734 -0.0971668 0)
(13.3811 -0.384896 0)
(13.3062 -0.335837 0)
(14.1182 -0.751652 0)
(14.0597 -1.00015 0)
(14.5048 -1.28337 0)
(15.1246 -1.85829 0)
(14.9112 -2.08016 0)
(15.1342 -2.51571 0)
(15.0178 -2.93487 0)
(14.5888 -3.03681 0)
(14.3744 -3.04782 0)
(13.9005 -2.78185 0)
(13.4114 -2.63937 0)
(12.9341 -2.51596 0)
(12.0762 -1.98578 0)
(11.4137 -1.72849 0)
(10.805 -1.79461 0)
(9.99502 -1.78349 0)
(9.43118 -2.22953 0)
(8.61091 -2.7883 0)
(7.41751 -2.99359 0)
(6.3586 -3.69971 0)
(6.61895 -4.43608 0)
(6.43719 -4.97813 0)
(5.69279 -5.82404 0)
(5.35055 -6.0047 0)
(5.28104 -4.64982 0)
(5.20161 -2.8081 0)
(4.62813 -1.14662 0)
(4.37728 0.380585 0)
(4.90842 1.77205 0)
(5.22399 3.73994 0)
(5.74701 5.59465 0)
(5.21154 6.86675 0)
(6.16796 6.55642 0)
(6.15777 6.68775 0)
(6.82338 7.06379 0)
(6.78055 7.6748 0)
(7.20954 7.2646 0)
(7.88608 5.81997 0)
(9.01115 4.39738 0)
(9.55315 3.25868 0)
(9.92378 1.4977 0)
(10.0455 -0.759244 0)
(9.78873 -2.06055 0)
(9.79094 -3.41913 0)
(9.4913 -4.89566 0)
(9.04275 -5.85408 0)
(7.6627 -5.17222 0)
(7.09389 -4.74235 0)
(6.37202 -4.52731 0)
(6.62873 -4.52229 0)
(4.93465 -7.04782 0)
(5.29074 -7.81209 0)
(5.4818 -5.49784 0)
(5.07049 -4.08793 0)
(4.62256 -2.23056 0)
(4.31199 -0.566061 0)
(4.47495 1.58394 0)
(4.68875 2.69609 0)
(4.95943 4.79483 0)
(4.61149 6.95541 0)
(4.46756 7.97793 0)
(5.47945 7.02478 0)
(4.65373 6.7349 0)
(6.24058 5.82702 0)
(4.68228 7.56072 0)
(8.03519 5.93225 0)
(6.97423 7.54416 0)
(10.1823 3.29112 0)
(8.08786 4.03848 0)
(10.936 0.37135 0)
(9.44548 1.52017 0)
(11.5682 -2.43249 0)
(9.61978 -0.798263 0)
(11.3024 -4.39091 0)
(9.25154 -0.144269 0)
(10.0368 -4.14352 0)
(8.89656 -0.242571 0)
(10.8136 -4.83707 0)
(7.45103 -1.13846 0)
(10.2027 -3.84725 0)
(6.21342 1.45982 0)
(9.01273 -2.47229 0)
(5.36281 3.22271 0)
(11.5524 0.35223 0)
(8.68581 6.36877 0)
(14.1253 3.06189 0)
(10.282 7.97976 0)
(13.9605 -0.728987 0)
(13.5295 -0.682921 0)
(12.983 -0.156681 0)
(13.493 -0.184303 0)
(12.6573 0.156611 0)
(12.9497 -0.0820638 0)
(13.1859 -0.317061 0)
(12.8247 -0.0776038 0)
(13.3436 -0.393814 0)
(13.1577 -0.330283 0)
(13.4707 -0.276982 0)
(13.6476 -0.415389 0)
(13.8458 -0.556433 0)
(14.4868 -0.905066 0)
(14.346 -1.05375 0)
(14.7564 -1.44429 0)
(14.9935 -1.91607 0)
(14.6961 -2.19389 0)
(14.8623 -2.51695 0)
(14.7699 -2.73209 0)
(14.5764 -2.95873 0)
(14.3683 -2.95841 0)
(13.8534 -2.59592 0)
(13.6272 -2.43958 0)
(13.1025 -2.20124 0)
(11.9462 -1.64935 0)
(11.3612 -1.45788 0)
(10.7886 -1.45853 0)
(9.91003 -1.4718 0)
(9.22825 -1.93966 0)
(8.2091 -2.32448 0)
(6.84235 -2.51419 0)
(5.8741 -3.49896 0)
(5.90619 -4.32702 0)
(5.54902 -4.7973 0)
(4.54468 -5.65311 0)
(4.08083 -5.87609 0)
(3.92217 -4.59915 0)
(4.05444 -2.7586 0)
(3.65629 -1.03495 0)
(3.42941 0.350535 0)
(3.85945 1.72221 0)
(4.03946 3.70797 0)
(4.58332 5.47857 0)
(4.33134 6.66823 0)
(5.48526 6.27372 0)
(5.88499 6.41998 0)
(6.59497 6.81009 0)
(6.90127 7.42722 0)
(7.37461 6.99961 0)
(8.0593 5.3968 0)
(9.22505 4.025 0)
(9.72462 3.12344 0)
(10.2605 1.37454 0)
(10.3707 -0.739361 0)
(10.1611 -1.96454 0)
(9.96257 -3.32602 0)
(9.76429 -4.81494 0)
(9.06041 -5.51234 0)
(7.48253 -4.75383 0)
(7.1289 -4.53189 0)
(5.97921 -4.19339 0)
(5.93419 -4.38693 0)
(4.53999 -6.8126 0)
(4.49306 -7.59811 0)
(4.35703 -5.40669 0)
(4.25835 -4.01379 0)
(3.72473 -2.08842 0)
(3.81137 -0.774226 0)
(3.77592 1.25691 0)
(3.9291 2.5854 0)
(4.25721 4.87657 0)
(4.04805 6.88276 0)
(3.7028 7.88004 0)
(5.0702 6.72332 0)
(4.53627 6.71594 0)
(5.99636 5.64621 0)
(5.21934 7.20829 0)
(7.92975 5.40978 0)
(7.33954 7.18209 0)
(10.4032 2.89828 0)
(8.9059 3.99122 0)
(11.1347 0.117961 0)
(10.4393 1.46083 0)
(11.3443 -2.59533 0)
(10.6196 -0.682091 0)
(11.1695 -4.27533 0)
(9.76853 0.297292 0)
(9.84756 -4.12432 0)
(9.50509 -0.183355 0)
(10.8222 -4.69381 0)
(8.28295 -0.625129 0)
(9.33633 -4.07667 0)
(7.37696 1.95909 0)
(8.29384 -2.74939 0)
(6.15648 2.90252 0)
(9.33516 -1.00072 0)
(8.34495 6.17333 0)
(12.0421 2.64565 0)
(10.2406 7.66076 0)
(13.9229 -0.613664 0)
(13.0126 -0.508374 0)
(12.797 -0.107558 0)
(13.08 -0.0541426 0)
(12.6795 0.143793 0)
(13.1921 -0.0986935 0)
(13.27 -0.312545 0)
(13.3322 -0.254097 0)
(13.5267 -0.357674 0)
(13.4432 -0.36301 0)
(13.6637 -0.405612 0)
(13.5532 -0.44265 0)
(13.9377 -0.708934 0)
(14.3849 -1.01668 0)
(14.1363 -1.18583 0)
(14.4861 -1.55803 0)
(14.6258 -1.84439 0)
(14.5225 -2.15984 0)
(14.6546 -2.51053 0)
(14.5405 -2.69453 0)
(14.643 -2.94437 0)
(14.3928 -2.84489 0)
(13.7877 -2.40185 0)
(13.614 -2.25162 0)
(12.91 -1.88142 0)
(11.7369 -1.26246 0)
(11.2397 -1.17198 0)
(10.5362 -1.15839 0)
(9.57536 -1.12632 0)
(8.8751 -1.56635 0)
(7.62151 -1.81736 0)
(6.1296 -2.05592 0)
(5.23161 -3.27986 0)
(5.03899 -4.1349 0)
(4.59973 -4.54242 0)
(3.39513 -5.34526 0)
(2.84842 -5.6432 0)
(2.56096 -4.52478 0)
(2.86734 -2.71014 0)
(2.66455 -1.04544 0)
(2.56107 0.186992 0)
(2.83996 1.59876 0)
(2.86829 3.62678 0)
(3.3491 5.29045 0)
(3.49814 6.39842 0)
(4.72682 5.9884 0)
(5.41292 6.22621 0)
(6.20839 6.65452 0)
(6.70385 7.24406 0)
(7.37659 6.76447 0)
(8.13366 5.02401 0)
(9.34383 3.69803 0)
(9.75307 2.9433 0)
(10.5243 1.23904 0)
(10.5908 -0.723228 0)
(10.4406 -1.89821 0)
(10.0842 -3.21956 0)
(10.0331 -4.57343 0)
(8.98472 -4.96347 0)
(7.44773 -4.28806 0)
(7.01011 -4.1064 0)
(5.65841 -3.7776 0)
(5.19087 -4.25052 0)
(4.44075 -6.75852 0)
(3.75183 -7.32028 0)
(3.80186 -5.28072 0)
(3.70058 -4.01213 0)
(2.85432 -1.8929 0)
(3.16434 -0.591034 0)
(2.70058 1.44974 0)
(3.35168 2.58228 0)
(3.25196 5.03064 0)
(3.54838 6.86122 0)
(2.91566 7.81202 0)
(5.08132 6.27858 0)
(4.32966 6.75715 0)
(6.02296 5.18306 0)
(6.03726 6.68764 0)
(7.59081 4.99248 0)
(7.62489 6.68198 0)
(10.2191 2.43463 0)
(10.0687 3.76244 0)
(10.9875 -0.142093 0)
(11.2519 1.52577 0)
(11.0714 -2.74964 0)
(11.416 -0.554991 0)
(10.6899 -4.3316 0)
(10.1046 0.662545 0)
(9.6471 -4.30507 0)
(10.3723 -0.231854 0)
(10.6515 -4.7361 0)
(9.61754 -0.0610381 0)
(8.72359 -3.99988 0)
(8.10129 2.52346 0)
(7.59974 -2.43026 0)
(6.55057 3.1357 0)
(8.03862 -1.54686 0)
(8.16623 5.75106 0)
(11.4903 2.53584 0)
(9.84901 7.03065 0)
(13.1803 -0.409578 0)
(12.4314 -0.289829 0)
(12.5129 -0.0352576 0)
(12.7793 -0.0024694 0)
(12.9973 -0.0489081 0)
(13.4143 -0.186427 0)
(13.5469 -0.330393 0)
(13.6401 -0.361814 0)
(13.403 -0.319038 0)
(13.4904 -0.36725 0)
(13.6481 -0.448367 0)
(13.5284 -0.498904 0)
(13.9016 -0.841548 0)
(14.0453 -1.09849 0)
(13.8697 -1.24229 0)
(14.1449 -1.57074 0)
(14.2537 -1.86997 0)
(14.43 -2.29251 0)
(14.5746 -2.54012 0)
(14.4944 -2.61239 0)
(14.5228 -2.87784 0)
(14.0627 -2.70019 0)
(13.4349 -2.23814 0)
(13.1766 -2.04136 0)
(12.3241 -1.50465 0)
(11.3476 -0.946294 0)
(10.9588 -0.91549 0)
(10.0425 -0.775678 0)
(9.00692 -0.765704 0)
(8.32137 -1.17346 0)
(6.8046 -1.24124 0)
(5.35555 -1.62766 0)
(4.45135 -3.03118 0)
(4.06745 -3.90459 0)
(3.66453 -4.23204 0)
(2.37396 -5.01704 0)
(1.72202 -5.40344 0)
(1.13576 -4.50414 0)
(1.56344 -2.72107 0)
(1.38398 -0.975314 0)
(1.34626 0.236405 0)
(1.5436 1.69831 0)
(1.5911 3.64947 0)
(2.04617 5.03418 0)
(2.74958 6.02283 0)
(4.05297 5.52391 0)
(5.036 5.80114 0)
(5.9195 6.26093 0)
(6.45996 6.88299 0)
(7.32819 6.39826 0)
(8.20012 4.60461 0)
(9.4463 3.38371 0)
(9.71835 2.73537 0)
(10.7005 1.06507 0)
(10.7122 -0.719691 0)
(10.5824 -1.7914 0)
(10.1961 -3.08458 0)
(10.1382 -4.38361 0)
(8.76751 -4.48249 0)
(7.30765 -3.92863 0)
(6.75298 -3.67274 0)
(5.21965 -3.30689 0)
(4.71869 -4.20563 0)
(4.35141 -6.62777 0)
(2.99604 -7.09446 0)
(3.59091 -5.21914 0)
(2.96208 -3.81742 0)
(2.28997 -1.87843 0)
(2.64517 -0.809757 0)
(2.11927 1.25215 0)
(3.04053 2.33656 0)
(1.95432 5.0206 0)
(3.30541 6.65957 0)
(2.42257 7.558 0)
(4.69781 5.7718 0)
(4.17303 6.73392 0)
(5.71467 4.55809 0)
(6.37777 6.37389 0)
(7.41844 4.72326 0)
(8.04746 6.0287 0)
(9.73622 1.8907 0)
(11.0969 3.41625 0)
(10.5177 -0.229515 0)
(11.7339 1.58479 0)
(10.89 -2.95208 0)
(12.058 -0.392 0)
(10.2174 -4.06959 0)
(10.4809 1.02199 0)
(9.79692 -4.41096 0)
(11.0473 -0.404232 0)
(10.8077 -4.87683 0)
(10.4685 0.405618 0)
(9.33689 -4.05549 0)
(8.79148 2.78629 0)
(9.32324 -2.67962 0)
(7.60255 3.23132 0)
(8.65245 -1.4228 0)
(7.31227 5.15251 0)
(11.3692 2.63753 0)
(9.65535 6.30104 0)
(12.7663 -0.211511 0)
(12.4704 -0.196336 0)
(12.7246 -0.083989 0)
(13.1527 -0.127391 0)
(13.475 -0.25634 0)
(13.5526 -0.249078 0)
(13.6632 -0.321512 0)
(13.5768 -0.363641 0)
(13.2185 -0.276338 0)
(13.4456 -0.363025 0)
(13.5482 -0.517929 0)
(13.4849 -0.592354 0)
(13.7341 -0.815541 0)
(13.768 -1.06465 0)
(13.7759 -1.33968 0)
(14.0072 -1.63332 0)
(14.1684 -1.92491 0)
(14.3215 -2.36023 0)
(14.2486 -2.54405 0)
(14.0946 -2.60364 0)
(13.9696 -2.77938 0)
(13.3959 -2.48416 0)
(12.8148 -2.02619 0)
(12.3683 -1.748 0)
(11.4442 -1.16105 0)
(10.7152 -0.720419 0)
(10.3295 -0.625673 0)
(9.27762 -0.344782 0)
(8.3505 -0.395712 0)
(7.6665 -0.722986 0)
(5.97835 -0.626607 0)
(4.65413 -1.16354 0)
(3.61372 -2.68776 0)
(3.07264 -3.64551 0)
(2.80149 -3.91607 0)
(1.52865 -4.63503 0)
(0.596855 -5.00023 0)
(-0.288646 -4.36178 0)
(0.0451384 -2.7904 0)
(0.0552907 -1.03977 0)
(0.138883 0.126222 0)
(0.193296 1.65428 0)
(0.408536 3.56767 0)
(0.854284 4.62605 0)
(2.14697 5.5175 0)
(3.36056 5.05443 0)
(4.49024 5.46992 0)
(5.56857 6.00918 0)
(6.07643 6.58701 0)
(7.0609 5.98841 0)
(8.20144 4.18179 0)
(9.51532 3.10945 0)
(9.67929 2.49725 0)
(10.784 0.872998 0)
(10.7793 -0.688953 0)
(10.6092 -1.6855 0)
(10.2611 -2.99651 0)
(10.1685 -4.04818 0)
(8.57961 -3.85834 0)
(7.16924 -3.44722 0)
(6.44012 -3.13494 0)
(4.73306 -2.88632 0)
(4.56883 -4.16315 0)
(3.91716 -6.19672 0)
(1.95022 -6.80437 0)
(3.08656 -5.2097 0)
(2.10557 -3.61013 0)
(1.43057 -1.66441 0)
(1.85953 -0.712904 0)
(1.47403 1.37844 0)
(2.16614 2.41556 0)
(0.712538 5.08257 0)
(2.88683 6.3134 0)
(1.72204 7.39182 0)
(4.3038 5.31462 0)
(4.20014 6.56777 0)
(4.86099 4.07498 0)
(6.45094 5.94835 0)
(7.44316 4.42781 0)
(8.67709 5.43015 0)
(9.23384 1.48082 0)
(11.7129 3.09053 0)
(9.80536 -0.253221 0)
(12.1973 1.52164 0)
(10.7629 -3.09496 0)
(12.4838 -0.105135 0)
(9.2561 -3.9292 0)
(11.059 1.13373 0)
(9.72731 -4.58276 0)
(12.0651 -0.411255 0)
(10.1503 -4.92313 0)
(10.6502 0.945458 0)
(8.74127 -3.86569 0)
(8.44045 3.06032 0)
(9.19483 -2.22352 0)
(7.6407 3.01939 0)
(10.5134 -0.848219 0)
(6.92539 4.24498 0)
(10.8619 2.24365 0)
(9.84779 5.68096 0)
(12.8577 -0.160841 0)
(12.9184 -0.233503 0)
(13.1824 -0.182194 0)
(13.5377 -0.213394 0)
(13.5978 -0.290292 0)
(13.4549 -0.241004 0)
(13.4883 -0.290195 0)
(13.3198 -0.330258 0)
(13.1385 -0.275726 0)
(13.3581 -0.369123 0)
(13.361 -0.575682 0)
(13.3885 -0.649857 0)
(13.5845 -0.792566 0)
(13.7824 -1.13663 0)
(13.9003 -1.45019 0)
(13.8897 -1.66726 0)
(13.924 -1.95913 0)
(13.8941 -2.35037 0)
(13.6603 -2.48959 0)
(13.4522 -2.49218 0)
(13.0935 -2.54535 0)
(12.3527 -2.24833 0)
(11.7497 -1.81196 0)
(11.1568 -1.43586 0)
(10.3077 -0.866161 0)
(9.76664 -0.535276 0)
(9.26658 -0.315028 0)
(8.23036 0.0608637 0)
(7.6298 -0.0922648 0)
(6.87676 -0.235256 0)
(5.06488 -0.0242218 0)
(3.82779 -0.760015 0)
(2.73606 -2.38058 0)
(2.13919 -3.41331 0)
(2.074 -3.61145 0)
(0.854299 -4.18734 0)
(-0.49821 -4.5837 0)
(-1.60173 -4.09217 0)
(-1.59396 -2.73974 0)
(-1.45598 -1.06106 0)
(-1.26951 0.082855 0)
(-1.16924 1.63134 0)
(-0.753156 3.44824 0)
(-0.242541 4.14873 0)
(1.48292 5.00911 0)
(2.6254 4.56912 0)
(3.94045 4.96361 0)
(5.3617 5.57762 0)
(5.58856 6.19234 0)
(6.7998 5.45035 0)
(8.30745 3.63041 0)
(9.48188 2.81645 0)
(9.59316 2.24486 0)
(10.735 0.678913 0)
(10.7153 -0.662456 0)
(10.4944 -1.59116 0)
(10.2949 -2.87734 0)
(10.0027 -3.68983 0)
(8.25423 -3.29146 0)
(6.95282 -2.97757 0)
(5.95663 -2.61915 0)
(4.34211 -2.53765 0)
(4.38066 -3.90633 0)
(2.84205 -5.56407 0)
(0.580318 -6.6312 0)
(1.87977 -5.14701 0)
(0.799848 -3.40987 0)
(0.578882 -1.73634 0)
(1.27027 -0.839866 0)
(0.382734 1.33739 0)
(1.22145 2.62491 0)
(-0.0937807 5.17064 0)
(1.87928 5.83287 0)
(1.42304 7.14672 0)
(4.30286 4.83217 0)
(4.22973 6.49437 0)
(4.42222 3.74467 0)
(6.73999 5.23374 0)
(6.95224 4.09627 0)
(9.52838 4.867 0)
(8.87818 1.25529 0)
(12.1157 2.78132 0)
(9.04389 -0.22915 0)
(13.0671 1.23823 0)
(10.3747 -3.14942 0)
(12.8438 0.278978 0)
(8.41759 -3.68879 0)
(12.249 0.89014 0)
(9.87641 -4.64601 0)
(13.3034 -0.482391 0)
(9.63392 -4.59844 0)
(10.9929 1.30855 0)
(7.96028 -3.24017 0)
(8.21584 3.14382 0)
(8.69929 -1.57938 0)
(6.5571 2.44751 0)
(10.4832 -0.565632 0)
(6.98082 3.5961 0)
(9.98901 1.74131 0)
(10.055 5.2367 0)
(13.1883 -0.210997 0)
(13.2987 -0.298262 0)
(13.3514 -0.185247 0)
(13.5128 -0.191139 0)
(13.3646 -0.276546 0)
(13.2314 -0.199293 0)
(13.2348 -0.202263 0)
(13.0867 -0.330939 0)
(13.0707 -0.332803 0)
(13.2524 -0.350559 0)
(13.3733 -0.57849 0)
(13.4696 -0.71569 0)
(13.5626 -0.860404 0)
(13.6991 -1.18255 0)
(13.5598 -1.43358 0)
(13.3579 -1.62419 0)
(13.3384 -1.90763 0)
(13.1318 -2.23134 0)
(12.7276 -2.35313 0)
(12.3045 -2.34183 0)
(11.656 -2.25731 0)
(10.8316 -1.93505 0)
(10.2118 -1.53917 0)
(9.57361 -1.10601 0)
(8.84099 -0.60372 0)
(8.39998 -0.305806 0)
(7.87073 0.0392373 0)
(7.08747 0.352737 0)
(6.84115 0.172715 0)
(5.90421 0.291322 0)
(4.13755 0.570495 0)
(3.04622 -0.335937 0)
(1.98963 -2.05467 0)
(1.26823 -3.2674 0)
(1.35042 -3.36671 0)
(0.285732 -3.63333 0)
(-1.33871 -4.06322 0)
(-2.53445 -3.74157 0)
(-3.04562 -2.56778 0)
(-3.0112 -1.12527 0)
(-2.745 -0.0216331 0)
(-2.62807 1.58916 0)
(-1.64757 3.23764 0)
(-1.03312 3.49183 0)
(1.11378 4.30487 0)
(2.38383 3.94247 0)
(3.45302 4.36551 0)
(4.83668 5.26251 0)
(4.93743 5.87352 0)
(6.69424 4.80218 0)
(8.35678 3.11456 0)
(9.10619 2.61215 0)
(9.42771 1.96671 0)
(10.6019 0.472652 0)
(10.5674 -0.6102 0)
(10.3313 -1.52014 0)
(10.2889 -2.75432 0)
(9.70384 -3.24035 0)
(7.93297 -2.67198 0)
(6.67838 -2.42412 0)
(5.34671 -2.07421 0)
(4.13214 -2.17912 0)
(3.81243 -3.44662 0)
(1.49092 -4.7889 0)
(-0.483042 -6.54021 0)
(0.0883664 -5.15977 0)
(-0.634021 -3.04965 0)
(-0.241066 -1.90831 0)
(0.218831 -0.674383 0)
(-0.951698 1.39804 0)
(0.18579 2.58833 0)
(-0.876213 5.04955 0)
(0.575077 5.37179 0)
(1.41816 6.43152 0)
(3.62452 4.21077 0)
(4.4143 6.4202 0)
(4.63136 3.44609 0)
(7.02018 4.53637 0)
(6.1312 3.67682 0)
(10.4329 4.05377 0)
(8.34163 1.08915 0)
(12.6036 2.45809 0)
(8.41894 -0.273748 0)
(14.1952 0.794895 0)
(9.78009 -2.97456 0)
(13.105 0.69214 0)
(8.43955 -3.58456 0)
(13.6518 0.355111 0)
(10.42 -4.74122 0)
(13.8711 -0.352213 0)
(9.61923 -4.26361 0)
(11.1324 1.67415 0)
(8.74771 -2.8262 0)
(7.93201 2.66792 0)
(9.69989 -1.07116 0)
(5.83586 1.89835 0)
(9.71163 -0.347703 0)
(7.02054 3.47426 0)
(8.71787 1.43375 0)
(10.0382 4.83489 0)
(13.3183 -0.237441 0)
(13.1901 -0.254795 0)
(13.1381 -0.119597 0)
(13.2632 -0.141278 0)
(13.1088 -0.228093 0)
(13.0346 -0.158912 0)
(13.0414 -0.180825 0)
(13.0313 -0.349011 0)
(13.0325 -0.362727 0)
(13.1532 -0.397818 0)
(13.3207 -0.652725 0)
(13.2688 -0.758267 0)
(13.1676 -0.841053 0)
(13.0396 -1.11369 0)
(12.7356 -1.34557 0)
(12.5519 -1.57287 0)
(12.348 -1.82721 0)
(11.8607 -2.0565 0)
(11.2367 -2.15163 0)
(10.574 -2.05096 0)
(9.78279 -1.88052 0)
(9.03347 -1.63041 0)
(8.43079 -1.25674 0)
(7.75358 -0.803424 0)
(7.22177 -0.40437 0)
(6.95352 -0.128537 0)
(6.48463 0.27097 0)
(6.00795 0.505979 0)
(5.92791 0.412321 0)
(4.81941 0.830731 0)
(3.27819 1.10148 0)
(2.34971 0.0250266 0)
(1.40928 -1.73822 0)
(0.522216 -3.12915 0)
(0.56441 -3.22379 0)
(-0.133253 -3.15544 0)
(-1.83888 -3.48323 0)
(-3.04083 -3.34299 0)
(-3.87897 -2.37326 0)
(-4.03483 -1.13345 0)
(-3.80479 -0.111268 0)
(-3.71998 1.3333 0)
(-2.16979 2.81337 0)
(-1.56693 2.83704 0)
(0.470466 3.6658 0)
(1.7162 3.63576 0)
(2.39111 4.03454 0)
(4.28193 4.93689 0)
(4.60491 5.25094 0)
(6.66286 4.00898 0)
(8.12715 2.67592 0)
(8.57427 2.39099 0)
(9.38006 1.61831 0)
(10.3989 0.292656 0)
(10.2736 -0.575811 0)
(10.1412 -1.4961 0)
(10.1543 -2.61422 0)
(9.30144 -2.72889 0)
(7.53781 -2.0703 0)
(6.26125 -1.86317 0)
(4.70857 -1.59963 0)
(4.04905 -1.80556 0)
(2.94053 -2.75892 0)
(0.602797 -4.09147 0)
(-1.07263 -5.9519 0)
(-2.07766 -5.03527 0)
(-1.45339 -3.11628 0)
(-1.22429 -2.0395 0)
(-0.841139 -0.466441 0)
(-2.11158 1.40757 0)
(-0.843939 2.49409 0)
(-1.92874 5.05432 0)
(0.111175 4.94787 0)
(0.768286 5.54453 0)
(2.42992 3.61157 0)
(4.51856 5.96572 0)
(4.71007 3.08605 0)
(6.96743 4.01706 0)
(5.62389 3.10252 0)
(11.2974 3.23945 0)
(7.52475 1.05617 0)
(13.2493 2.075 0)
(8.08638 -0.363658 0)
(15.2404 0.325281 0)
(8.82903 -2.51982 0)
(13.8779 0.71155 0)
(8.84969 -3.58135 0)
(15.0695 -0.275416 0)
(10.463 -4.56819 0)
(13.5226 -0.0172982 0)
(9.09129 -3.91615 0)
(10.1783 2.05789 0)
(8.4783 -1.99184 0)
(6.83939 2.52508 0)
(9.49396 -0.406927 0)
(5.77474 1.58585 0)
(8.95847 -0.440127 0)
(7.68627 3.3312 0)
(7.63833 1.08573 0)
(9.62028 4.16674 0)
(12.9519 -0.184574 0)
(12.742 -0.17445 0)
(12.7524 -0.0836704 0)
(12.8122 -0.109461 0)
(12.7045 -0.206272 0)
(12.6737 -0.154656 0)
(12.6949 -0.183633 0)
(12.6955 -0.366633 0)
(12.6524 -0.406536 0)
(12.6954 -0.442149 0)
(12.6264 -0.615132 0)
(12.37 -0.695377 0)
(12.1742 -0.764528 0)
(11.9509 -0.983124 0)
(11.635 -1.26355 0)
(11.2679 -1.47326 0)
(10.7389 -1.62126 0)
(10.0865 -1.78218 0)
(9.34506 -1.81421 0)
(8.57874 -1.6955 0)
(7.84904 -1.564 0)
(7.16811 -1.33642 0)
(6.52321 -0.969583 0)
(5.98585 -0.593159 0)
(5.66652 -0.296301 0)
(5.37959 0.0230727 0)
(4.98823 0.444748 0)
(4.88186 0.593959 0)
(4.84368 0.67677 0)
(3.65876 1.3415 0)
(2.51348 1.51372 0)
(1.84818 0.36763 0)
(1.04892 -1.38111 0)
(-0.0386282 -2.91582 0)
(-0.301913 -3.18115 0)
(-0.378864 -2.83478 0)
(-1.90411 -2.93206 0)
(-3.20848 -2.80197 0)
(-4.17077 -2.11039 0)
(-4.25939 -1.18457 0)
(-3.95981 -0.25743 0)
(-4.12338 0.904294 0)
(-2.37259 2.18445 0)
(-1.63089 2.1947 0)
(-0.0670617 2.90151 0)
(1.35144 3.05987 0)
(2.02858 3.27247 0)
(4.02417 4.33302 0)
(3.99827 4.65227 0)
(6.40486 3.34311 0)
(7.78927 2.3331 0)
(8.29618 2.0997 0)
(9.39228 1.22325 0)
(9.99825 0.187865 0)
(9.90591 -0.526414 0)
(10.0004 -1.49971 0)
(9.87651 -2.40222 0)
(8.74415 -2.18533 0)
(7.13185 -1.47757 0)
(5.79143 -1.28129 0)
(4.28166 -1.13676 0)
(3.88793 -1.41273 0)
(2.14457 -2.07329 0)
(0.581885 -3.45955 0)
(-1.39934 -4.9885 0)
(-3.61091 -4.80693 0)
(-1.79937 -3.49324 0)
(-1.81024 -2.32472 0)
(-2.25132 -0.244431 0)
(-3.29622 1.50601 0)
(-1.88169 2.51185 0)
(-2.81629 4.77584 0)
(-0.0423337 4.36617 0)
(0.279279 5.12012 0)
(1.38687 3.04749 0)
(4.81021 5.06647 0)
(4.2453 2.80335 0)
(7.19644 3.53201 0)
(5.69322 2.39855 0)
(11.8193 2.6155 0)
(7.00179 1.07862 0)
(13.7014 1.53437 0)
(8.1798 -0.511618 0)
(15.6857 -0.0160338 0)
(7.76727 -1.9893 0)
(15.1894 0.241403 0)
(9.21845 -3.60222 0)
(15.8381 -0.690587 0)
(9.50242 -4.12615 0)
(12.8604 0.506536 0)
(8.09254 -3.27545 0)
(9.24658 2.44505 0)
(7.73828 -1.34138 0)
(6.35061 1.80434 0)
(9.1151 -0.212819 0)
(6.04501 1.41384 0)
(7.71693 -0.582235 0)
(8.24512 3.37548 0)
(7.53572 1.23049 0)
(8.94551 3.37971 0)
(12.0709 -0.126798 0)
(11.8715 -0.09289 0)
(11.874 -0.0348486 0)
(11.9219 -0.0858415 0)
(11.8439 -0.171516 0)
(11.8155 -0.143461 0)
(11.8367 -0.200458 0)
(11.7534 -0.347608 0)
(11.6228 -0.381854 0)
(11.5176 -0.388437 0)
(11.3035 -0.506532 0)
(11.0321 -0.599212 0)
(10.8056 -0.674994 0)
(10.5004 -0.886066 0)
(10.0333 -1.10405 0)
(9.47145 -1.22631 0)
(8.81965 -1.33831 0)
(8.06392 -1.45294 0)
(7.2726 -1.48267 0)
(6.57078 -1.40443 0)
(5.88256 -1.2627 0)
(5.20613 -1.03796 0)
(4.64937 -0.745366 0)
(4.2536 -0.455354 0)
(3.94981 -0.17114 0)
(3.70497 0.170328 0)
(3.58441 0.488926 0)
(3.77446 0.59323 0)
(3.66929 0.933384 0)
(2.56666 1.75838 0)
(1.92757 1.77662 0)
(1.65839 0.613376 0)
(1.02425 -0.974321 0)
(-0.256623 -2.50231 0)
(-1.11993 -3.10466 0)
(-0.79294 -2.67226 0)
(-1.69074 -2.50208 0)
(-2.80146 -2.38253 0)
(-3.83323 -1.9248 0)
(-4.12303 -1.22309 0)
(-4.10035 -0.257668 0)
(-4.25447 0.650538 0)
(-2.65669 1.56785 0)
(-1.59907 1.79619 0)
(-0.632467 2.38984 0)
(1.23318 2.70796 0)
(1.50121 2.91159 0)
(2.94298 4.13539 0)
(3.67942 3.98625 0)
(6.45371 2.55217 0)
(7.41067 1.91623 0)
(8.08461 1.68431 0)
(9.08078 0.921884 0)
(9.33671 0.144173 0)
(9.52197 -0.588918 0)
(9.77457 -1.51292 0)
(9.35819 -2.07754 0)
(8.0189 -1.60286 0)
(6.62959 -0.899533 0)
(5.21575 -0.752367 0)
(4.12288 -0.742803 0)
(3.47628 -0.945884 0)
(1.87538 -1.50326 0)
(1.16106 -2.82956 0)
(-1.24948 -4.15693 0)
(-3.78858 -4.56984 0)
(-3.12597 -3.84791 0)
(-3.23815 -2.24158 0)
(-3.96253 0.199959 0)
(-4.60003 1.42379 0)
(-2.83892 2.25278 0)
(-3.23497 4.29671 0)
(-1.34178 3.54595 0)
(1.14475 4.79178 0)
(0.494111 2.27711 0)
(5.70187 4.10115 0)
(3.55068 2.68956 0)
(8.17307 2.92302 0)
(5.85555 1.75548 0)
(11.8304 2.12419 0)
(6.79429 1.04567 0)
(13.9687 0.879923 0)
(8.40433 -0.570419 0)
(15.2942 -0.110426 0)
(7.49552 -1.61771 0)
(16.2111 -0.612315 0)
(8.99561 -3.33598 0)
(15.3564 -0.770758 0)
(8.01476 -3.3683 0)
(12.2737 0.935451 0)
(7.0212 -2.90884 0)
(8.78023 2.43013 0)
(7.42415 -0.75462 0)
(5.96881 1.46428 0)
(8.354 0.177931 0)
(6.24237 1.62816 0)
(6.45775 -0.81761 0)
(8.10052 3.08733 0)
(8.18883 1.40763 0)
(8.76676 2.62782 0)
(10.6618 -0.0669101 0)
(10.4912 -0.0521035 0)
(10.5349 -0.0514188 0)
(10.5756 -0.0926134 0)
(10.4901 -0.154845 0)
(10.456 -0.148021 0)
(10.3933 -0.182344 0)
(10.2307 -0.285822 0)
(10.0602 -0.315062 0)
(9.89518 -0.321312 0)
(9.67163 -0.415863 0)
(9.38946 -0.506456 0)
(9.08819 -0.574921 0)
(8.67437 -0.699653 0)
(8.08497 -0.849523 0)
(7.43761 -0.957541 0)
(6.72011 -1.03955 0)
(5.97116 -1.13322 0)
(5.24295 -1.1691 0)
(4.552 -1.09739 0)
(3.89401 -0.977483 0)
(3.31409 -0.798542 0)
(2.84616 -0.560342 0)
(2.48451 -0.318058 0)
(2.23723 -0.0778374 0)
(2.1921 0.187215 0)
(2.29842 0.414236 0)
(2.51277 0.607602 0)
(2.35633 1.19231 0)
(1.60571 2.01609 0)
(1.61181 1.85093 0)
(1.88551 0.764492 0)
(1.38166 -0.566499 0)
(-0.0199666 -1.97607 0)
(-1.49069 -2.85804 0)
(-1.60644 -2.64343 0)
(-1.82225 -2.28672 0)
(-2.48436 -2.05703 0)
(-3.3931 -1.65394 0)
(-3.94972 -1.06792 0)
(-4.37211 -0.213975 0)
(-4.21034 0.401102 0)
(-3.26975 0.94817 0)
(-2.06896 1.35913 0)
(-1.55006 1.83337 0)
(0.486383 2.33815 0)
(0.483953 2.59535 0)
(2.19534 3.50242 0)
(3.89321 2.94647 0)
(5.81891 1.98258 0)
(6.55857 1.66478 0)
(7.67913 1.34186 0)
(8.39425 0.738644 0)
(8.7418 0.0493875 0)
(9.30759 -0.720711 0)
(9.33565 -1.44606 0)
(8.49412 -1.65574 0)
(7.11606 -1.03087 0)
(6.06103 -0.391768 0)
(4.78636 -0.278798 0)
(4.13115 -0.364346 0)
(3.06159 -0.505404 0)
(2.16951 -1.15102 0)
(1.53739 -2.27045 0)
(-0.786745 -3.32562 0)
(-3.57159 -3.97056 0)
(-5.10929 -3.50483 0)
(-5.51998 -1.89228 0)
(-5.47899 0.528686 0)
(-5.08651 1.09545 0)
(-3.44987 1.71642 0)
(-2.99229 4.09991 0)
(-2.87158 2.55271 0)
(2.07729 4.02583 0)
(0.0421245 1.57963 0)
(5.83841 3.25623 0)
(3.40496 2.30602 0)
(8.78416 2.18971 0)
(6.07469 1.23413 0)
(11.1514 1.72651 0)
(7.38164 0.800962 0)
(13.8496 0.270769 0)
(8.50088 -0.465883 0)
(14.5831 -0.24407 0)
(8.36692 -1.55609 0)
(16.1532 -1.16787 0)
(7.59301 -2.69532 0)
(14.0444 -0.666708 0)
(6.51857 -2.69786 0)
(10.8292 1.21658 0)
(6.03143 -2.15761 0)
(7.46929 2.90137 0)
(6.59763 -0.355149 0)
(5.21483 1.15628 0)
(7.61626 0.14485 0)
(7.11315 1.63991 0)
(6.2564 -0.777359 0)
(7.66709 2.41395 0)
(8.53643 1.42093 0)
(9.05267 2.147 0)
(8.87746 -0.0344718 0)
(8.78304 -0.0646272 0)
(8.82465 -0.0905339 0)
(8.7989 -0.095869 0)
(8.68422 -0.116253 0)
(8.62722 -0.113096 0)
(8.53254 -0.137597 0)
(8.36839 -0.216003 0)
(8.2115 -0.250449 0)
(8.02056 -0.249936 0)
(7.75524 -0.308651 0)
(7.44175 -0.367859 0)
(7.06836 -0.406 0)
(6.587 -0.488812 0)
(5.9761 -0.585108 0)
(5.31363 -0.663896 0)
(4.64464 -0.750396 0)
(3.97408 -0.837032 0)
(3.28473 -0.870971 0)
(2.64249 -0.829372 0)
(2.03209 -0.72645 0)
(1.49765 -0.575618 0)
(1.0971 -0.402991 0)
(0.792241 -0.227589 0)
(0.624765 -0.0602593 0)
(0.66756 0.131998 0)
(0.842356 0.342501 0)
(1.04463 0.643583 0)
(0.946226 1.36787 0)
(0.806023 2.04806 0)
(1.68018 1.67629 0)
(2.50875 0.774184 0)
(2.18128 -0.174082 0)
(0.859496 -1.3326 0)
(-1.13548 -2.30191 0)
(-2.4329 -2.42993 0)
(-2.71941 -2.07186 0)
(-3.25928 -1.69184 0)
(-3.88077 -1.29998 0)
(-4.37575 -0.798704 0)
(-4.55755 -0.158754 0)
(-4.28064 0.268955 0)
(-3.98718 0.598506 0)
(-2.8248 1.02101 0)
(-2.58271 1.38403 0)
(-0.622596 1.90357 0)
(-0.510276 2.11682 0)
(1.95555 2.6862 0)
(3.39996 2.21545 0)
(4.97468 1.50067 0)
(6.18371 1.12328 0)
(7.13107 0.916842 0)
(7.65825 0.53942 0)
(8.38548 -0.180191 0)
(8.87171 -0.842573 0)
(8.38358 -1.20653 0)
(7.18162 -1.11986 0)
(6.03195 -0.533135 0)
(5.40714 0.0343468 0)
(4.58932 0.0526342 0)
(4.06404 -0.0206734 0)
(3.02719 -0.111176 0)
(2.83182 -0.834472 0)
(1.40839 -1.62638 0)
(-0.855358 -2.13995 0)
(-3.3641 -2.82549 0)
(-5.30139 -2.96651 0)
(-6.77232 -1.69974 0)
(-7.13382 0.526994 0)
(-5.08727 0.647742 0)
(-4.92304 1.03855 0)
(-3.5748 3.94741 0)
(-3.47445 1.28034 0)
(2.38556 3.17902 0)
(0.124147 1.20668 0)
(5.5226 2.21426 0)
(3.76497 1.69299 0)
(8.47871 1.61265 0)
(6.33908 0.954068 0)
(10.5078 1.26955 0)
(8.54881 0.38814 0)
(13.2675 -0.045856 0)
(8.8343 -0.370423 0)
(14.2836 -0.574575 0)
(8.97909 -1.55143 0)
(14.4882 -1.02435 0)
(5.79623 -1.86145 0)
(11.9001 -0.702423 0)
(4.38547 -1.78101 0)
(9.14453 1.56061 0)
(4.62863 -1.53897 0)
(6.21498 2.73428 0)
(6.17151 5.09852e-05 0)
(5.96472 0.627326 0)
(7.15154 -0.0720371 0)
(7.37325 1.60737 0)
(6.35598 -0.364676 0)
(6.94917 1.74271 0)
(8.01768 1.10583 0)
(9.34309 1.61604 0)
(6.80998 0.00797654 0)
(6.75931 -0.0498846 0)
(6.74451 -0.0686941 0)
(6.6636 -0.0463091 0)
(6.57673 -0.0639151 0)
(6.52639 -0.0757278 0)
(6.42288 -0.0938461 0)
(6.26875 -0.145715 0)
(6.08307 -0.161076 0)
(5.86544 -0.151702 0)
(5.60135 -0.179796 0)
(5.28144 -0.212804 0)
(4.89692 -0.227622 0)
(4.43008 -0.260338 0)
(3.91375 -0.333888 0)
(3.37635 -0.417664 0)
(2.79235 -0.49304 0)
(2.16797 -0.565185 0)
(1.51008 -0.599477 0)
(0.878104 -0.575017 0)
(0.304113 -0.505726 0)
(-0.186502 -0.398216 0)
(-0.579799 -0.262294 0)
(-0.867054 -0.142145 0)
(-1.0098 -0.0446654 0)
(-1.01522 0.0949202 0)
(-0.907606 0.311427 0)
(-0.709065 0.736127 0)
(-0.4177 1.42028 0)
(0.548606 1.7426 0)
(2.26285 1.26666 0)
(3.40661 0.689807 0)
(3.32201 0.148068 0)
(2.30694 -0.657921 0)
(0.0582586 -1.50313 0)
(-2.2601 -1.87256 0)
(-3.44737 -1.71556 0)
(-4.31035 -1.38517 0)
(-4.93953 -1.06217 0)
(-5.36471 -0.6955 0)
(-5.20096 -0.181633 0)
(-5.07001 0.189527 0)
(-4.77336 0.381989 0)
(-3.82795 0.755648 0)
(-3.61325 1.01008 0)
(-1.40876 1.44589 0)
(-1.31272 1.45448 0)
(1.4987 1.86023 0)
(2.89425 1.49876 0)
(4.40822 0.96224 0)
(5.46745 0.802522 0)
(6.20644 0.717299 0)
(7.22606 0.227462 0)
(7.90942 -0.427211 0)
(7.7276 -0.747731 0)
(6.7164 -0.763307 0)
(5.55847 -0.603973 0)
(4.78629 -0.21371 0)
(4.73485 0.16832 0)
(4.49008 0.256099 0)
(3.92245 0.293372 0)
(3.58325 0.0678399 0)
(3.21133 -0.365359 0)
(1.33542 -0.860881 0)
(0.00373197 -1.63518 0)
(-1.70332 -2.2277 0)
(-4.14517 -2.18535 0)
(-6.39102 -1.28501 0)
(-7.6494 0.364321 0)
(-4.00345 0.0162475 0)
(-7.32472 0.647842 0)
(-1.79659 3.94966 0)
(-3.05076 0.165375 0)
(2.16383 2.20357 0)
(1.02212 0.804533 0)
(5.30495 1.23394 0)
(4.16412 1.20463 0)
(7.97471 1.10652 0)
(7.07658 0.580989 0)
(10.4801 0.537221 0)
(9.38629 0.00748836 0)
(12.2883 -0.117745 0)
(9.40949 -0.45049 0)
(13.1212 -0.795377 0)
(7.66999 -1.10468 0)
(11.5404 -0.466194 0)
(3.37821 -1.01292 0)
(9.39274 -0.743812 0)
(2.49123 -1.035 0)
(7.61908 0.996052 0)
(3.69494 -0.844228 0)
(5.40305 2.09318 0)
(5.71448 -0.117509 0)
(5.56976 0.461977 0)
(5.1882 0.0507488 0)
(6.41885 1.50877 0)
(6.22682 -0.0510243 0)
(7.14601 1.05306 0)
(7.86198 0.559962 0)
(9.95213 0.860918 0)
(4.48112 0.00395584 0)
(4.42218 -0.0447672 0)
(4.36004 -0.0463436 0)
(4.28761 -0.0291043 0)
(4.22574 -0.041179 0)
(4.15903 -0.0454591 0)
(4.05235 -0.0478732 0)
(3.90779 -0.070555 0)
(3.73466 -0.0738706 0)
(3.54375 -0.0566499 0)
(3.33069 -0.0577732 0)
(3.08762 -0.0626811 0)
(2.81795 -0.0610828 0)
(2.52538 -0.0896413 0)
(2.1828 -0.148721 0)
(1.76381 -0.208332 0)
(1.25746 -0.262766 0)
(0.665632 -0.30717 0)
(0.0149986 -0.330225 0)
(-0.616988 -0.313156 0)
(-1.17368 -0.26358 0)
(-1.61322 -0.192981 0)
(-1.91915 -0.111355 0)
(-2.12748 -0.0469949 0)
(-2.24137 0.00898077 0)
(-2.25184 0.100378 0)
(-2.05889 0.259412 0)
(-1.59091 0.557677 0)
(-0.649046 0.898386 0)
(1.03954 0.888864 0)
(2.81359 0.548139 0)
(3.94955 0.354038 0)
(4.34361 0.312276 0)
(3.96488 0.0634324 0)
(2.11313 -0.521533 0)
(-0.451836 -1.09308 0)
(-2.5954 -1.16952 0)
(-4.13485 -0.966339 0)
(-5.23651 -0.76794 0)
(-5.9459 -0.538262 0)
(-6.04657 -0.200938 0)
(-5.90832 0.0467455 0)
(-5.47726 0.178296 0)
(-4.75449 0.433499 0)
(-4.31799 0.520084 0)
(-2.02084 0.911445 0)
(-1.69491 0.869722 0)
(0.814612 1.00998 0)
(2.31447 0.849013 0)
(3.59529 0.553422 0)
(4.66773 0.388123 0)
(5.61955 0.175052 0)
(6.34584 -0.139022 0)
(6.14963 -0.342167 0)
(5.40161 -0.357573 0)
(4.43673 -0.310845 0)
(3.68997 -0.246933 0)
(3.24716 -0.106889 0)
(3.31539 0.142873 0)
(3.46813 0.32523 0)
(3.68159 0.368281 0)
(3.86881 0.250185 0)
(3.63857 0.0569871 0)
(2.78159 -0.344028 0)
(1.30191 -0.870436 0)
(-0.72729 -1.25818 0)
(-3.14742 -1.19175 0)
(-4.95964 -0.80113 0)
(-6.37184 -0.200659 0)
(-1.36632 0.196614 0)
(-7.719 0.368766 0)
(1.21395 2.35071 0)
(-1.17483 0.224728 0)
(1.80839 1.14726 0)
(2.46126 0.410862 0)
(4.778 0.568455 0)
(5.00022 0.590451 0)
(7.40601 0.419701 0)
(7.53892 0.0811256 0)
(9.26888 0.0664586 0)
(8.47433 -0.160253 0)
(9.9147 -0.306139 0)
(7.74826 -0.435009 0)
(9.13592 -0.347398 0)
(4.52628 -0.381372 0)
(7.74876 0.101835 0)
(2.50482 -0.461611 0)
(6.36699 -0.805486 0)
(-0.270808 -0.46753 0)
(5.94422 -0.0181165 0)
(1.42498 -0.25878 0)
(4.4674 1.34574 0)
(4.45773 0.132029 0)
(5.00433 0.605941 0)
(4.21038 0.160786 0)
(6.49994 0.67539 0)
(6.08859 -0.0845293 0)
(7.72937 0.411812 0)
(7.53894 0.236317 0)
(9.56055 0.312499 0)
(1.6522 0.0273515 0)
(1.6068 -0.00646397 0)
(1.54501 -0.00590537 0)
(1.49405 -0.00131495 0)
(1.45225 -0.00408693 0)
(1.40438 -0.000919721 0)
(1.35229 0.00338849 0)
(1.28714 0.00157135 0)
(1.2103 0.00618502 0)
(1.14927 0.0148425 0)
(1.10498 0.0164814 0)
(1.06014 0.014212 0)
(1.01292 0.0116357 0)
(0.946061 0.00259149 0)
(0.814706 -0.0175251 0)
(0.592015 -0.0389253 0)
(0.276936 -0.0563601 0)
(-0.130877 -0.0727655 0)
(-0.61734 -0.0917044 0)
(-1.12134 -0.0979483 0)
(-1.58625 -0.0940568 0)
(-1.96336 -0.0779817 0)
(-2.21964 -0.05236 0)
(-2.37996 -0.0350865 0)
(-2.46757 -0.0262848 0)
(-2.46165 -0.0237607 0)
(-2.25666 -0.00413638 0)
(-1.71889 0.0450951 0)
(-0.659452 0.0876827 0)
(0.632281 0.0510212 0)
(1.54578 0.016447 0)
(2.09334 0.0607193 0)
(2.53117 0.132646 0)
(3.08747 0.196779 0)
(3.28958 0.124211 0)
(2.27617 -0.146817 0)
(0.392009 -0.309609 0)
(-1.3579 -0.326115 0)
(-2.81988 -0.308486 0)
(-3.99601 -0.286857 0)
(-4.73479 -0.209037 0)
(-5.01459 -0.130247 0)
(-5.01452 -0.0721009 0)
(-4.66557 0.0271071 0)
(-4.25985 0.0185476 0)
(-2.85504 0.191598 0)
(-1.84119 0.185121 0)
(-0.194938 0.157728 0)
(1.04903 0.122137 0)
(2.02825 0.00266276 0)
(2.61766 -0.0494107 0)
(2.93331 -0.031682 0)
(2.9692 -0.0129383 0)
(2.67003 -0.0202091 0)
(2.25144 -0.0315856 0)
(1.78469 -0.039854 0)
(1.38198 -0.0438194 0)
(1.11376 0.0027876 0)
(1.2019 0.0796747 0)
(1.59553 0.118512 0)
(2.12409 0.131695 0)
(2.69686 0.121177 0)
(3.10365 0.113985 0)
(3.12894 0.0580808 0)
(2.37387 -0.14277 0)
(0.757027 -0.30193 0)
(-1.42761 -0.346841 0)
(-2.74051 -0.280835 0)
(-4.2006 -0.422963 0)
(-3.26427 -0.021121 0)
(-4.97955 0.0709812 0)
(-0.345195 0.149322 0)
(-0.319381 -0.00827297 0)
(0.883984 0.1183 0)
(1.9967 -0.0880718 0)
(2.66055 0.00960794 0)
(3.26929 0.00324331 0)
(4.07408 -0.0404398 0)
(4.16116 -0.0599534 0)
(4.45204 -0.0226008 0)
(4.04017 -0.0777986 0)
(4.11699 -3.71153e-05 0)
(3.15114 0.0398444 0)
(3.70796 0.08765 0)
(2.02032 -0.0320562 0)
(3.47244 0.0921289 0)
(1.85893 -0.193673 0)
(2.29135 -0.168101 0)
(-0.925554 -0.114067 0)
(1.12226 -0.144856 0)
(-1.62599 0.365547 0)
(1.7567 0.225649 0)
(1.69935 -0.0312385 0)
(2.70049 0.175805 0)
(2.86709 -0.118182 0)
(3.73737 0.02744 0)
(3.59218 -0.0775971 0)
(4.32121 0.0675613 0)
(4.28211 0.0198909 0)
(5.30258 -0.0806878 0)
(0.338139 -0.104645 0)
(1.05031 -0.157435 0)
(1.92838 -0.0587233 0)
(2.21087 0.0915667 0)
(2.05152 0.266858 0)
(0.757673 0.237861 0)
(-0.568557 0.0396477 0)
(-0.70026 0.0457347 0)
(-0.83043 0.0675456 0)
(-0.361554 -0.125641 0)
(1.13387 -0.250927 0)
(2.43079 -0.190112 0)
(3.33301 -0.00121294 0)
(3.33864 0.288901 0)
(2.02306 0.3421 0)
(0.36698 0.117463 0)
(-0.113357 -0.0690894 0)
(0.302886 -0.108152 0)
(0.663558 -0.123473 0)
(0.795555 -0.201847 0)
(0.618299 -0.123395 0)
(-0.343368 0.0726652 0)
(-1.44411 0.126917 0)
(-2.42494 0.122968 0)
(-3.34942 0.150352 0)
(-4.20485 0.192151 0)
(-4.76081 0.18457 0)
(-5.01989 0.158132 0)
(-5.13672 0.140665 0)
(-5.01762 0.0933052 0)
(-4.59309 -0.0156907 0)
(-3.91917 -0.00839773 0)
(-2.52548 -0.204075 0)
(-1.80481 -0.213318 0)
(-0.511826 -0.0760317 0)
(-0.0362012 -0.0903021 0)
(0.86794 -0.0601487 0)
(1.20994 0.00502732 0)
(1.5618 0.0224065 0)
(1.61133 0.0328749 0)
(1.70471 0.0504334 0)
(1.55462 0.0460628 0)
(1.45802 0.0332913 0)
(1.38462 0.0017195 0)
(1.42008 -0.0290115 0)
(1.59806 -0.0447426 0)
(1.80167 -0.0533873 0)
(1.96374 -0.0541104 0)
(1.85969 -0.0196733 0)
(1.53162 0.0451367 0)
(0.921147 0.0994367 0)
(0.309819 0.128525 0)
(-0.418438 0.126361 0)
(-0.824251 0.0713841 0)
(-1.01201 0.0498555 0)
(-0.890941 -0.0393915 0)
(-0.438909 -0.0517852 0)
(-0.0203735 -0.0489172 0)
(0.346197 -0.0394869 0)
(0.574457 -0.0136743 0)
(0.633521 0.0221631 0)
(0.553434 0.0507502 0)
(0.448119 0.0507799 0)
(0.53629 0.0136663 0)
(0.874587 -0.0293744 0)
(1.36471 -0.0596786 0)
(1.87689 -0.0856337 0)
(2.2023 -0.0706331 0)
(2.25221 -0.00734243 0)
(2.12087 0.0146864 0)
(1.95816 0.0110399 0)
(1.77801 0.0404339 0)
(1.67352 0.0635269 0)
(1.59585 0.0466295 0)
(1.6865 0.00143547 0)
(1.71151 -0.0379923 0)
(1.79665 -0.0901198 0)
(2.09434 -0.168402 0)
(2.38714 -0.169892 0)
(2.2741 -0.00261685 0)
(1.22372 0.209757 0)
(-0.294739 0.26792 0)
(-1.34347 0.232311 0)
(-2.23985 0.202974 0)
(-2.82238 0.0412857 0)
(-2.61339 0.0349899 0)
(-2.73587 0.0222157 0)
(-2.6046 -0.0371468 0)
(-2.46157 -0.0150194 0)
(-2.29283 -0.0350355 0)
(-2.08853 -0.0307261 0)
(-1.8841 -0.0267379 0)
(-1.69328 -0.0334355 0)
(-1.45865 -0.0375282 0)
(-1.26777 -0.0359806 0)
(-1.1419 -0.0202239 0)
(-0.926097 -0.0502447 0)
(-0.5273 -0.0871841 0)
(-0.210132 -0.0605635 0)
(-0.135492 -0.0611596 0)
(0.553 -0.441925 0)
(1.15564 -0.588703 0)
(2.14671 -0.415531 0)
(2.74251 -0.104978 0)
(3.20066 0.439135 0)
(2.33022 0.855664 0)
(0.264577 0.559359 0)
(-0.906735 0.11579 0)
(-0.845581 -0.174137 0)
(0.136414 -0.779773 0)
(1.50749 -1.05015 0)
(2.82484 -0.832648 0)
(3.74924 -0.384486 0)
(4.14427 0.399373 0)
(3.70166 0.835399 0)
(1.99191 0.649863 0)
(1.26021 0.103528 0)
(1.41055 -0.260117 0)
(0.953683 -0.0922368 0)
(-0.80563 0.261541 0)
(-2.94192 0.695504 0)
(-4.66496 0.827392 0)
(-5.98322 0.739511 0)
(-6.97785 0.659423 0)
(-7.62257 0.570183 0)
(-7.89244 0.409137 0)
(-7.70292 0.158428 0)
(-7.23673 -0.0160236 0)
(-6.71947 -0.108824 0)
(-5.9286 -0.274579 0)
(-5.07905 -0.588142 0)
(-4.03805 -0.70747 0)
(-1.2087 -0.821432 0)
(-1.78987 -0.604725 0)
(0.285222 -0.598109 0)
(0.567668 -0.495214 0)
(1.7499 -0.448606 0)
(1.96912 -0.261572 0)
(2.99377 -0.157284 0)
(3.05089 -0.103111 0)
(3.53483 -0.024122 0)
(3.51751 0.0723677 0)
(3.56402 0.0563442 0)
(3.75521 0.0181372 0)
(3.90975 -0.0529595 0)
(4.11469 -0.109162 0)
(4.16369 -0.104066 0)
(3.99984 0.0241392 0)
(3.36345 0.218021 0)
(2.54943 0.373298 0)
(1.56046 0.448356 0)
(0.742562 0.443611 0)
(-0.0741401 0.373689 0)
(-0.47207 0.147631 0)
(-0.536501 0.0359999 0)
(-0.280135 -0.216796 0)
(0.389098 -0.28788 0)
(1.06859 -0.271105 0)
(1.63904 -0.207895 0)
(2.02576 -0.106159 0)
(2.14066 -0.0198658 0)
(2.06264 0.0359332 0)
(1.95758 -0.00324049 0)
(2.13721 -0.159466 0)
(2.68397 -0.310382 0)
(3.5172 -0.337823 0)
(4.54633 -0.256297 0)
(5.13559 -0.081322 0)
(5.08338 0.101941 0)
(4.6533 0.119557 0)
(4.20223 0.103298 0)
(3.69198 0.102097 0)
(3.45249 0.0396641 0)
(3.45472 -0.0509154 0)
(4.07467 -0.0555476 0)
(4.4384 0.0241629 0)
(4.54749 -0.0114424 0)
(4.17949 -0.0859486 0)
(3.25324 0.0676527 0)
(1.88562 0.543715 0)
(0.117656 0.935577 0)
(-1.6424 0.838072 0)
(-2.40059 0.53267 0)
(-2.78346 0.558463 0)
(-3.16114 0.0152073 0)
(-2.95103 -0.0875252 0)
(-2.45879 0.0259008 0)
(-2.33633 -0.137052 0)
(-2.04029 -0.0726606 0)
(-1.77288 -0.128756 0)
(-1.53568 -0.137668 0)
(-1.33705 -0.148304 0)
(-1.22085 -0.156196 0)
(-1.04092 -0.144182 0)
(-0.892872 -0.115006 0)
(-0.819544 -0.0965479 0)
(-0.521911 -0.189665 0)
(-0.0920047 -0.248 0)
(0.180057 -0.0910517 0)
(-0.0112583 -0.0806729 0)
(0.418056 -0.809694 0)
(1.21712 -0.920688 0)
(1.8791 -0.793027 0)
(2.90224 -0.342336 0)
(3.15011 0.46734 0)
(3.05855 1.33261 0)
(1.2233 1.18522 0)
(-0.0602944 0.465072 0)
(-0.101369 -0.329988 0)
(0.844328 -1.16678 0)
(1.49847 -1.49203 0)
(2.48088 -1.27161 0)
(3.19088 -0.599361 0)
(3.61399 0.470817 0)
(3.57884 1.20582 0)
(2.05999 1.14655 0)
(1.78398 0.228832 0)
(0.530448 0.0922236 0)
(-1.66126 0.851375 0)
(-4.10044 1.34045 0)
(-6.1081 1.4385 0)
(-7.25921 1.24794 0)
(-7.87851 1.01465 0)
(-8.19014 0.764416 0)
(-8.0795 0.513232 0)
(-7.69142 0.249511 0)
(-6.96507 -0.0987434 0)
(-6.28596 -0.301658 0)
(-5.50937 -0.428792 0)
(-4.51168 -0.547611 0)
(-3.32532 -0.968656 0)
(-2.61561 -1.46333 0)
(-0.333446 -1.3844 0)
(-0.15335 -0.854858 0)
(1.23242 -0.995107 0)
(1.72146 -0.806209 0)
(2.73563 -0.677707 0)
(2.65627 -0.519228 0)
(3.71443 -0.411464 0)
(3.71474 -0.240844 0)
(4.31769 -0.131805 0)
(4.36731 0.0587782 0)
(4.30507 -0.0304254 0)
(4.54247 -0.146308 0)
(4.89206 -0.183811 0)
(5.28507 -0.149272 0)
(5.21727 -0.0124683 0)
(4.80975 0.268418 0)
(3.97927 0.565121 0)
(3.09147 0.77584 0)
(2.00209 0.863644 0)
(0.982853 0.827965 0)
(0.0907754 0.676423 0)
(-0.446024 0.270245 0)
(-0.467451 0.0284043 0)
(-0.231943 -0.411406 0)
(0.568848 -0.587966 0)
(1.50076 -0.585243 0)
(2.40238 -0.443966 0)
(3.06799 -0.229342 0)
(3.29059 -0.0117924 0)
(3.10459 0.15812 0)
(2.79449 0.0804128 0)
(2.82093 -0.275315 0)
(3.35009 -0.655107 0)
(4.07493 -0.883405 0)
(5.21799 -0.834216 0)
(6.46633 -0.337973 0)
(7.14795 0.268438 0)
(6.7858 0.422362 0)
(5.95515 0.388932 0)
(5.01185 0.39334 0)
(4.23561 0.193957 0)
(3.8629 -0.238779 0)
(4.51403 -0.453998 0)
(5.36529 -0.208906 0)
(5.6522 0.0596679 0)
(4.84097 0.32314 0)
(3.44516 0.728968 0)
(1.50848 1.26984 0)
(-0.562707 1.64759 0)
(-2.31621 1.36179 0)
(-2.9227 0.639623 0)
(-3.09453 0.751275 0)
(-2.62759 0.00675027 0)
(-3.42916 -0.258719 0)
(-2.0025 -0.200472 0)
(-2.10196 -0.276245 0)
(-1.55211 -0.216369 0)
(-1.14819 -0.254742 0)
(-0.718514 -0.223911 0)
(-0.283506 -0.133948 0)
(-0.131056 -0.129483 0)
(-0.158561 -0.165991 0)
(-0.283627 -0.159333 0)
(-0.429337 -0.167902 0)
(-0.292788 -0.336486 0)
(-0.0178737 -0.417913 0)
(0.299545 -0.106449 0)
(0.0779453 0.0182992 0)
(0.335807 -1.1246 0)
(1.07173 -1.27203 0)
(1.65429 -1.1974 0)
(2.7493 -0.579609 0)
(2.76437 0.475266 0)
(3.18847 1.67104 0)
(1.86346 1.70482 0)
(0.701251 0.782839 0)
(0.571519 -0.448749 0)
(1.02058 -1.36415 0)
(1.21907 -1.74785 0)
(1.86739 -1.59393 0)
(2.29282 -0.838201 0)
(2.63071 0.498067 0)
(2.5322 1.54399 0)
(1.75956 1.31278 0)
(0.848896 0.731523 0)
(-1.74438 1.1344 0)
(-4.51028 1.83963 0)
(-6.46434 2.07586 0)
(-7.34425 1.84712 0)
(-7.59805 1.44178 0)
(-7.52789 1.08153 0)
(-7.2949 0.718077 0)
(-6.74143 0.378302 0)
(-6.20397 0.0331561 0)
(-5.35536 -0.38045 0)
(-4.77011 -0.570191 0)
(-3.96596 -0.897831 0)
(-3.35613 -1.08757 0)
(-1.84089 -1.45028 0)
(-0.602743 -1.86802 0)
(0.712982 -1.85406 0)
(1.52812 -1.274 0)
(2.64255 -1.27625 0)
(3.1658 -1.13584 0)
(4.0731 -0.855944 0)
(4.15273 -0.635786 0)
(4.77049 -0.558413 0)
(4.57976 -0.370288 0)
(5.01803 -0.270664 0)
(5.07313 0.0790858 0)
(4.90898 0.00796138 0)
(4.72721 -0.264003 0)
(4.87309 -0.412388 0)
(5.36017 -0.260285 0)
(5.53176 0.0794829 0)
(5.20688 0.534179 0)
(4.347 0.922964 0)
(3.42587 1.16528 0)
(2.22813 1.29949 0)
(0.949005 1.25116 0)
(0.0194094 0.960412 0)
(-0.51672 0.376707 0)
(-0.644449 -0.0284123 0)
(-0.531631 -0.690335 0)
(0.242329 -1.00176 0)
(1.26613 -1.08541 0)
(2.48359 -0.914171 0)
(3.71236 -0.484318 0)
(4.20799 -0.0257389 0)
(3.78703 0.281891 0)
(3.17079 0.184823 0)
(3.13972 -0.408645 0)
(3.86468 -0.882965 0)
(4.9012 -1.12456 0)
(5.7516 -1.29482 0)
(6.71459 -0.910051 0)
(7.97069 0.0499365 0)
(8.26476 0.638225 0)
(7.53282 0.789058 0)
(6.34235 0.853081 0)
(5.20932 0.570385 0)
(4.45653 -0.204801 0)
(4.55158 -0.742531 0)
(5.25068 -0.429616 0)
(5.60479 0.232496 0)
(4.66338 0.769413 0)
(3.13109 1.37743 0)
(1.20335 2.16722 0)
(-0.982124 2.36313 0)
(-2.69202 1.78636 0)
(-3.32499 0.69136 0)
(-3.60419 0.663629 0)
(-2.43623 0.0214238 0)
(-3.37871 -0.363053 0)
(-2.15059 -0.474808 0)
(-2.19844 -0.411309 0)
(-1.66655 -0.434234 0)
(-1.20682 -0.488922 0)
(-0.836736 -0.507521 0)
(-0.300905 -0.403723 0)
(0.383589 -0.221813 0)
(0.910859 -0.0764696 0)
(0.798411 0.00130456 0)
(0.302589 -0.0821482 0)
(0.0639517 -0.353869 0)
(0.00849064 -0.499386 0)
(0.227045 -0.109604 0)
(0.0415645 0.0703387 0)
(0.25716 -1.38163 0)
(0.818837 -1.55669 0)
(1.31995 -1.55252 0)
(2.21901 -0.822516 0)
(2.35674 0.410168 0)
(3.01048 1.79012 0)
(2.17026 2.09084 0)
(1.19436 1.09421 0)
(0.954312 -0.379914 0)
(0.857724 -1.40836 0)
(0.734969 -1.84619 0)
(0.933847 -1.72977 0)
(1.10387 -0.895249 0)
(1.3697 0.5673 0)
(1.39198 1.60487 0)
(0.802287 1.5602 0)
(-1.13215 1.57862 0)
(-4.07955 2.23551 0)
(-6.2781 2.68549 0)
(-7.0761 2.45722 0)
(-7.04706 1.93067 0)
(-6.78688 1.3783 0)
(-6.33279 0.910886 0)
(-5.86371 0.461207 0)
(-5.20412 0.0536672 0)
(-4.63665 -0.319946 0)
(-3.73653 -0.742564 0)
(-3.25003 -0.790669 0)
(-2.08213 -1.03627 0)
(-1.85259 -1.35779 0)
(-0.608642 -2.08038 0)
(0.420873 -2.54867 0)
(1.9494 -2.29567 0)
(2.91615 -1.74453 0)
(4.02396 -1.59922 0)
(4.6289 -1.4302 0)
(5.34859 -1.07113 0)
(5.56033 -0.764731 0)
(6.07933 -0.60324 0)
(5.80407 -0.384265 0)
(5.97269 -0.305414 0)
(5.94784 0.103864 0)
(5.86837 0.176821 0)
(5.40134 -0.138547 0)
(5.18643 -0.490727 0)
(5.45154 -0.430939 0)
(5.70571 0.0590082 0)
(5.41269 0.733388 0)
(4.62975 1.29287 0)
(3.57047 1.68317 0)
(2.16768 1.89682 0)
(1.04772 1.7249 0)
(0.177302 1.26205 0)
(-0.508528 0.563041 0)
(-0.710897 0.0155231 0)
(-0.751646 -0.814194 0)
(-0.0987645 -1.34017 0)
(0.880717 -1.54321 0)
(2.12243 -1.5015 0)
(3.55743 -0.995092 0)
(4.53943 -0.0929829 0)
(4.53255 0.586245 0)
(3.93889 0.405236 0)
(3.7606 -0.587946 0)
(4.1478 -1.46049 0)
(5.40119 -1.67405 0)
(6.79006 -1.62321 0)
(7.38586 -1.31207 0)
(8.35153 -0.296787 0)
(9.08359 0.623966 0)
(8.73802 1.07699 0)
(7.64582 1.37616 0)
(6.31495 1.08585 0)
(5.30395 0.0462256 0)
(4.84756 -0.831121 0)
(5.13075 -0.577057 0)
(5.31056 0.356442 0)
(4.43292 1.28265 0)
(2.79091 2.06596 0)
(0.673369 2.90731 0)
(-1.05707 3.12326 0)
(-2.32891 2.46044 0)
(-2.87176 0.939825 0)
(-3.78267 0.555932 0)
(-2.21749 -0.157958 0)
(-2.67515 -0.436515 0)
(-2.00091 -0.57793 0)
(-1.73283 -0.527758 0)
(-1.43259 -0.577271 0)
(-0.874719 -0.606265 0)
(-0.670834 -0.630969 0)
(-0.382592 -0.653728 0)
(-0.0300143 -0.644443 0)
(0.916701 -0.326927 0)
(1.56594 0.0512832 0)
(1.25243 0.161473 0)
(0.763845 -0.180761 0)
(0.284649 -0.484557 0)
(0.278691 -0.138102 0)
(0.117194 0.167334 0)
(0.15603 -1.54027 0)
(0.433898 -1.75663 0)
(0.757425 -1.79569 0)
(1.45129 -1.04012 0)
(1.84065 0.301191 0)
(2.50213 1.77106 0)
(2.16161 2.29399 0)
(1.36672 1.33582 0)
(1.00428 -0.230156 0)
(0.557625 -1.28716 0)
(0.0347939 -1.78332 0)
(-0.156419 -1.74888 0)
(-0.297182 -0.954112 0)
(-0.103143 0.508419 0)
(-0.0729692 1.71648 0)
(-1.0225 2.18001 0)
(-3.38172 2.61191 0)
(-5.8329 3.11759 0)
(-6.84817 3.02946 0)
(-6.55985 2.41678 0)
(-6.08449 1.80732 0)
(-5.45003 1.21701 0)
(-4.81706 0.701532 0)
(-4.15863 0.257866 0)
(-3.40414 -0.0978341 0)
(-2.92676 -0.483015 0)
(-1.94503 -1.04979 0)
(-1.78243 -1.24973 0)
(-0.485969 -1.48938 0)
(-0.248022 -1.74329 0)
(0.950618 -2.46174 0)
(1.56828 -3.05408 0)
(2.80898 -2.84504 0)
(3.98112 -2.1995 0)
(4.95586 -1.94151 0)
(5.74539 -1.73364 0)
(6.51634 -1.28538 0)
(6.83941 -0.85791 0)
(7.44538 -0.592847 0)
(7.15944 -0.343647 0)
(7.02953 -0.292391 0)
(6.8439 0.105345 0)
(6.79125 0.32026 0)
(6.20827 0.0480601 0)
(5.67408 -0.481937 0)
(5.65521 -0.507529 0)
(5.67178 0.0979472 0)
(5.41886 0.98306 0)
(4.54073 1.65492 0)
(3.29768 2.07105 0)
(2.01968 2.23946 0)
(1.37296 2.08583 0)
(0.400869 1.69603 0)
(-1.04185 0.894251 0)
(-1.01997 0.125186 0)
(-1.18975 -0.853288 0)
(-0.311924 -1.64403 0)
(0.359713 -2.03272 0)
(1.82312 -2.01968 0)
(3.40878 -1.43635 0)
(4.3208 -0.416445 0)
(4.66451 0.610849 0)
(4.49199 0.659453 0)
(4.6079 -0.360614 0)
(4.98223 -1.56882 0)
(5.65554 -2.19958 0)
(7.34287 -2.11042 0)
(8.3199 -1.60652 0)
(8.88264 -0.583364 0)
(9.54356 0.519745 0)
(9.50449 1.31579 0)
(8.70388 1.89208 0)
(7.39721 1.66304 0)
(6.06558 0.432749 0)
(5.29306 -0.711223 0)
(5.04393 -0.58888 0)
(5.13095 0.596048 0)
(4.08335 1.77828 0)
(2.37764 2.79127 0)
(0.237324 3.68062 0)
(-1.08617 3.64294 0)
(-2.09079 2.84515 0)
(-2.3741 1.17721 0)
(-3.52054 0.486221 0)
(-2.07329 -0.452149 0)
(-2.36904 -0.612541 0)
(-1.67002 -0.796743 0)
(-1.18497 -0.716992 0)
(-0.827939 -0.768755 0)
(-0.227567 -0.779696 0)
(0.0433848 -0.687186 0)
(0.456376 -0.663655 0)
(0.343637 -0.792826 0)
(0.444869 -0.796329 0)
(1.72296 -0.150142 0)
(1.80126 0.283058 0)
(1.45057 0.111258 0)
(0.680726 -0.359509 0)
(0.427002 -0.0288821 0)
(0.0675194 0.203379 0)
(-0.010915 -1.57615 0)
(-0.0579106 -1.80215 0)
(0.020803 -1.94305 0)
(0.567833 -1.26749 0)
(1.15878 0.157944 0)
(1.69344 1.70183 0)
(1.80271 2.43685 0)
(1.13662 1.5203 0)
(0.809375 -0.00329167 0)
(0.0920628 -1.03106 0)
(-0.63782 -1.57522 0)
(-1.2731 -1.60763 0)
(-1.77361 -0.871119 0)
(-1.79076 0.621651 0)
(-2.04225 2.08147 0)
(-3.27454 2.91187 0)
(-5.26964 3.45384 0)
(-6.54292 3.64067 0)
(-6.29846 3.0519 0)
(-5.51774 2.25287 0)
(-4.83734 1.56336 0)
(-4.11536 0.97121 0)
(-3.27667 0.362278 0)
(-2.69264 -0.175251 0)
(-1.8513 -0.466695 0)
(-1.46688 -0.758849 0)
(-0.154869 -1.23986 0)
(0.0169985 -1.41983 0)
(1.27907 -1.72856 0)
(1.70373 -1.95429 0)
(2.78497 -2.7478 0)
(3.05549 -3.54015 0)
(3.75131 -3.35748 0)
(4.87171 -2.62625 0)
(5.64928 -2.31124 0)
(6.42994 -2.07883 0)
(7.31547 -1.5803 0)
(7.63202 -1.0962 0)
(8.43009 -0.700733 0)
(8.55003 -0.251212 0)
(8.24285 -0.151734 0)
(7.86533 0.188733 0)
(7.68254 0.508543 0)
(7.07508 0.361733 0)
(6.25265 -0.305998 0)
(5.87525 -0.455982 0)
(5.62252 0.199818 0)
(5.39523 1.20218 0)
(4.64886 2.09612 0)
(3.64433 2.74912 0)
(2.66011 2.86556 0)
(1.48985 2.65354 0)
(-0.0310106 2.30565 0)
(-2.01416 1.23167 0)
(-1.61321 0.0622344 0)
(-2.12945 -1.11404 0)
(-0.453452 -1.98502 0)
(0.0359111 -2.46168 0)
(1.06142 -2.87767 0)
(3.26219 -2.06831 0)
(4.57385 -0.645184 0)
(4.76637 0.573758 0)
(4.44643 0.55036 0)
(4.59473 -0.793752 0)
(5.52015 -2.0062 0)
(6.14873 -2.71265 0)
(7.5464 -2.74668 0)
(8.93192 -1.98598 0)
(9.51584 -0.744391 0)
(9.96844 0.385054 0)
(10.0891 1.33367 0)
(9.53101 2.27167 0)
(8.38045 2.29561 0)
(6.82129 0.957569 0)
(5.81925 -0.429106 0)
(5.00027 -0.465905 0)
(4.95987 0.837613 0)
(3.86132 2.34866 0)
(1.92352 3.54644 0)
(-0.209146 4.34435 0)
(-1.18919 4.00186 0)
(-1.96392 3.14163 0)
(-1.83972 1.43362 0)
(-3.11269 0.468932 0)
(-1.91213 -0.614889 0)
(-2.04967 -0.730016 0)
(-1.44388 -0.984869 0)
(-0.879019 -0.967978 0)
(-0.533956 -1.00276 0)
(0.148484 -0.980565 0)
(0.363169 -0.976809 0)
(1.21267 -0.716485 0)
(1.54745 -0.639819 0)
(0.990601 -0.893737 0)
(1.33606 -0.565231 0)
(2.22144 0.301522 0)
(1.75418 0.326243 0)
(1.2014 -0.0159998 0)
(0.069095 0.053054 0)
(0.328639 0.448987 0)
(-0.187832 -1.45609 0)
(-0.583886 -1.76466 0)
(-0.714466 -2.04133 0)
(-0.378964 -1.46914 0)
(0.338793 -0.0273999 0)
(0.684462 1.59868 0)
(1.14941 2.50363 0)
(0.787779 1.63511 0)
(0.394258 0.249014 0)
(-0.420183 -0.721528 0)
(-1.33382 -1.26859 0)
(-2.34247 -1.3524 0)
(-3.17736 -0.667796 0)
(-3.51377 0.913872 0)
(-4.0206 2.56445 0)
(-5.11607 3.57011 0)
(-6.23995 3.94353 0)
(-6.24494 3.65872 0)
(-5.29174 2.74299 0)
(-4.43608 1.92454 0)
(-3.4819 1.17642 0)
(-2.85471 0.672997 0)
(-1.81719 0.111181 0)
(-1.25989 -0.414623 0)
(-0.354275 -0.644751 0)
(-0.203847 -1.10284 0)
(1.12834 -1.67918 0)
(1.45088 -1.80204 0)
(2.4846 -2.10707 0)
(2.94409 -2.23299 0)
(4.27967 -2.68895 0)
(4.32367 -3.58059 0)
(4.59169 -3.74253 0)
(5.64332 -2.98815 0)
(6.40041 -2.63373 0)
(6.86016 -2.39903 0)
(8.01506 -1.81974 0)
(8.38143 -1.29716 0)
(9.04221 -0.904144 0)
(9.5438 -0.267936 0)
(9.30652 -0.00605958 0)
(8.83344 0.317817 0)
(8.5452 0.710183 0)
(7.92936 0.678168 0)
(6.95924 -0.0132411 0)
(6.15765 -0.274512 0)
(5.71747 0.321885 0)
(5.52794 1.4438 0)
(4.75569 2.45721 0)
(3.75992 3.0564 0)
(2.70377 3.12183 0)
(0.971272 3.01384 0)
(-0.7303 2.74915 0)
(-2.30548 1.51185 0)
(-1.70066 0.0292496 0)
(-2.82632 -1.46423 0)
(-0.887886 -2.65943 0)
(0.201492 -2.65175 0)
(0.757889 -3.44776 0)
(2.58295 -2.96787 0)
(4.67542 -1.09613 0)
(5.34369 0.618142 0)
(5.22766 0.739373 0)
(5.22798 -0.949222 0)
(6.04639 -2.3957 0)
(6.82374 -3.13715 0)
(7.84124 -3.31298 0)
(9.2666 -2.44148 0)
(10.1415 -0.938561 0)
(10.3066 0.310435 0)
(10.4134 1.37317 0)
(10.0909 2.59981 0)
(9.24026 2.89116 0)
(7.47575 1.53221 0)
(6.26575 -0.0350055 0)
(5.05814 -0.20457 0)
(4.80039 1.17998 0)
(3.67993 2.96891 0)
(1.68826 4.37691 0)
(-0.512402 4.92886 0)
(-1.32204 4.22006 0)
(-1.95929 3.26859 0)
(-1.36868 1.59953 0)
(-2.46675 0.500126 0)
(-1.60727 -0.778636 0)
(-1.8227 -0.903823 0)
(-1.2603 -1.16412 0)
(-0.249601 -1.07767 0)
(-0.231644 -1.18624 0)
(0.435623 -1.15002 0)
(0.730133 -1.16376 0)
(0.976306 -1.1584 0)
(2.29524 -0.675687 0)
(1.81721 -0.712476 0)
(1.58385 -0.700366 0)
(2.02671 0.134306 0)
(2.32849 0.586616 0)
(1.17686 0.245435 0)
(0.774782 0.393618 0)
(-0.261682 0.321252 0)
(-0.349348 -1.20969 0)
(-1.08983 -1.60461 0)
(-1.55188 -2.0199 0)
(-1.35632 -1.65002 0)
(-0.536861 -0.202192 0)
(-0.334483 1.41666 0)
(0.456233 2.37917 0)
(0.307149 1.69455 0)
(-0.0476244 0.489343 0)
(-0.857274 -0.333065 0)
(-1.84019 -0.856939 0)
(-3.11736 -0.963955 0)
(-4.23092 -0.337549 0)
(-4.87193 1.29125 0)
(-5.44852 2.89746 0)
(-6.09055 3.82943 0)
(-6.17399 3.93116 0)
(-5.24918 3.36185 0)
(-4.12205 2.41524 0)
(-3.19288 1.60723 0)
(-2.21814 0.809858 0)
(-1.6714 0.325073 0)
(-0.621205 -0.260169 0)
(-0.159167 -0.845333 0)
(0.903992 -0.899796 0)
(1.17287 -1.29787 0)
(2.40992 -2.04558 0)
(2.8187 -2.15481 0)
(3.59076 -2.29363 0)
(3.82435 -2.58832 0)
(4.78 -3.08647 0)
(5.0711 -3.77496 0)
(5.221 -3.99686 0)
(6.00848 -3.28465 0)
(7.06292 -2.93746 0)
(7.2409 -2.75818 0)
(8.39244 -2.17081 0)
(9.00444 -1.53987 0)
(9.57928 -1.14082 0)
(10.2832 -0.365869 0)
(10.2221 0.137432 0)
(9.76401 0.489429 0)
(9.39696 0.947498 0)
(8.73617 1.05384 0)
(7.63421 0.390099 0)
(6.50422 0.00239803 0)
(5.88176 0.447117 0)
(5.66096 1.6187 0)
(4.79193 2.72438 0)
(3.82992 3.44326 0)
(2.64504 3.69483 0)
(0.998171 3.92814 0)
(-0.482979 3.59506 0)
(-1.96198 1.91235 0)
(-0.95912 0.276112 0)
(-2.35472 -1.45202 0)
(-1.15412 -3.39109 0)
(-0.147628 -3.13879 0)
(1.11844 -3.85897 0)
(2.22083 -3.76003 0)
(4.33469 -1.84149 0)
(5.80986 0.414261 0)
(6.23618 0.831135 0)
(6.26097 -1.00412 0)
(6.69897 -2.76021 0)
(7.5074 -3.50924 0)
(8.26907 -3.81813 0)
(9.44091 -2.95653 0)
(10.5169 -1.10256 0)
(10.6381 0.309634 0)
(10.6753 1.3868 0)
(10.4779 2.78344 0)
(9.75386 3.44077 0)
(8.05352 2.21911 0)
(6.5556 0.496155 0)
(5.29788 0.156476 0)
(4.58657 1.55996 0)
(3.59002 3.62057 0)
(1.56782 5.16671 0)
(-0.474178 5.61059 0)
(-1.00864 4.537 0)
(-1.76151 3.3999 0)
(-1.15686 1.6718 0)
(-1.92108 0.530601 0)
(-1.08069 -0.76753 0)
(-1.36874 -1.04449 0)
(-1.57406 -1.64316 0)
(-0.130126 -1.38125 0)
(0.484112 -1.31286 0)
(0.913303 -1.27698 0)
(1.20083 -1.24847 0)
(1.41195 -1.32783 0)
(2.15189 -0.986747 0)
(2.40584 -0.560063 0)
(1.63211 -0.727117 0)
(2.21198 0.0593909 0)
(2.20523 0.666768 0)
(1.80869 0.651294 0)
(0.525335 0.526829 0)
(0.676126 0.74966 0)
(-0.50605 -0.830265 0)
(-1.58459 -1.32355 0)
(-2.29396 -1.96192 0)
(-2.26078 -1.85418 0)
(-1.37571 -0.349938 0)
(-1.20234 1.19606 0)
(-0.202809 2.22995 0)
(-0.110017 1.78199 0)
(-0.369459 0.732214 0)
(-1.15487 0.0424043 0)
(-2.14302 -0.391318 0)
(-3.54789 -0.497129 0)
(-4.75479 0.0870839 0)
(-5.54153 1.62707 0)
(-5.96202 3.05407 0)
(-5.98955 3.75222 0)
(-5.26767 3.54285 0)
(-4.0594 2.85701 0)
(-3.01298 1.92907 0)
(-2.02541 1.21187 0)
(-0.997859 0.449215 0)
(-0.645601 0.0347289 0)
(0.552426 -0.468178 0)
(1.02048 -1.15042 0)
(1.78912 -1.25928 0)
(2.34625 -1.53127 0)
(3.53863 -2.32049 0)
(3.87809 -2.37472 0)
(4.53505 -2.45271 0)
(4.94177 -2.75774 0)
(5.82229 -3.22248 0)
(5.90602 -3.93578 0)
(6.07563 -4.27121 0)
(6.48438 -3.51239 0)
(7.66751 -3.1603 0)
(7.96085 -3.04041 0)
(8.98929 -2.47455 0)
(9.73559 -1.7552 0)
(10.2436 -1.36527 0)
(10.9095 -0.501689 0)
(10.9721 0.228024 0)
(10.5352 0.646449 0)
(10.1272 1.18954 0)
(9.43631 1.44863 0)
(8.25042 0.872338 0)
(6.88367 0.38863 0)
(6.0507 0.674791 0)
(5.73429 1.87157 0)
(4.93056 3.12203 0)
(4.02929 3.96154 0)
(2.74985 4.34202 0)
(1.03672 4.55355 0)
(0.0652713 4.04002 0)
(-1.70618 1.89618 0)
(-0.551375 0.278025 0)
(-1.33497 -1.38028 0)
(-0.496794 -3.61734 0)
(-0.347649 -3.60538 0)
(1.39379 -4.41142 0)
(2.46966 -4.35779 0)
(4.02836 -2.64915 0)
(5.94416 -0.0757365 0)
(6.78284 0.737256 0)
(6.89099 -1.0207 0)
(7.22511 -3.02836 0)
(8.09483 -3.82431 0)
(8.78282 -4.13301 0)
(9.70723 -3.39288 0)
(10.7501 -1.35539 0)
(11.0048 0.231965 0)
(10.8167 1.36406 0)
(10.6813 3.00024 0)
(10.1097 3.91782 0)
(8.60328 2.85407 0)
(6.7854 1.06921 0)
(5.53228 0.643276 0)
(4.36841 1.97241 0)
(3.4878 4.24925 0)
(1.68825 5.94655 0)
(-0.244471 6.15438 0)
(-0.540608 4.74939 0)
(-1.56367 3.47789 0)
(-1.22775 1.67948 0)
(-1.74724 0.487432 0)
(-0.921261 -0.929609 0)
(-0.398439 -0.822121 0)
(-0.909769 -1.67203 0)
(-0.881596 -1.9777 0)
(0.616306 -1.68829 0)
(1.34023 -1.40996 0)
(1.7189 -1.38285 0)
(1.85646 -1.50392 0)
(2.45879 -1.1179 0)
(2.70706 -0.519707 0)
(2.07015 -0.559943 0)
(1.91273 -0.129533 0)
(2.54854 0.853618 0)
(1.67675 0.823124 0)
(1.20895 0.967761 0)
(-0.0544188 0.774477 0)
(-0.598601 -0.34369 0)
(-1.97405 -0.925002 0)
(-2.89674 -1.80405 0)
(-3.09458 -1.97876 0)
(-2.18054 -0.503907 0)
(-1.94112 0.960192 0)
(-0.948386 1.95355 0)
(-0.491539 1.77979 0)
(-0.670575 0.959065 0)
(-1.20698 0.413324 0)
(-2.16513 0.0758811 0)
(-3.50602 0.0127135 0)
(-4.65503 0.509027 0)
(-5.44945 1.82981 0)
(-5.66203 2.98243 0)
(-5.1873 3.37899 0)
(-3.96976 2.98435 0)
(-2.89216 2.44824 0)
(-1.72892 1.4982 0)
(-1.06468 0.845801 0)
(0.222313 0.15997 0)
(0.153277 -0.329287 0)
(1.31657 -0.876088 0)
(2.33754 -1.4417 0)
(2.66761 -1.50272 0)
(3.47973 -1.90592 0)
(4.42854 -2.72029 0)
(4.66694 -2.67184 0)
(5.22284 -2.70348 0)
(5.54711 -3.04025 0)
(6.40333 -3.37852 0)
(6.67563 -3.88002 0)
(6.96306 -4.44713 0)
(7.28698 -3.75282 0)
(8.46638 -3.39043 0)
(8.82793 -3.39482 0)
(9.75414 -2.85601 0)
(10.6025 -2.02773 0)
(11.099 -1.58169 0)
(11.6144 -0.629342 0)
(11.7231 0.310092 0)
(11.2845 0.817713 0)
(10.8076 1.43431 0)
(10.0929 1.86058 0)
(8.89295 1.40172 0)
(7.40751 0.850814 0)
(6.37584 0.958078 0)
(5.82519 2.14314 0)
(5.15908 3.44658 0)
(4.20177 4.39534 0)
(2.90204 4.86296 0)
(1.04703 5.0136 0)
(0.673396 4.54852 0)
(-0.695522 2.08372 0)
(-0.296205 0.219199 0)
(-0.26771 -1.57139 0)
(0.23562 -3.76169 0)
(0.237052 -4.01232 0)
(1.79401 -5.0317 0)
(2.85069 -4.92797 0)
(3.99603 -3.40791 0)
(5.91509 -0.710255 0)
(7.01784 0.552632 0)
(7.28658 -1.11867 0)
(7.72343 -3.38516 0)
(8.55777 -4.20912 0)
(9.23016 -4.47904 0)
(10.038 -3.75738 0)
(10.8938 -1.5882 0)
(11.1184 0.263008 0)
(10.82 1.41094 0)
(10.9237 3.07993 0)
(10.2904 4.34235 0)
(8.92759 3.55855 0)
(7.11777 1.72692 0)
(5.8405 1.17732 0)
(4.32962 2.412 0)
(3.39166 4.81234 0)
(1.97139 6.63303 0)
(0.406399 6.64945 0)
(0.101139 4.97013 0)
(-1.15966 3.62293 0)
(-0.968066 1.67371 0)
(-1.55856 0.273307 0)
(-1.00351 -1.42848 0)
(-0.390245 -1.05584 0)
(0.204932 -1.4302 0)
(-0.50067 -2.02189 0)
(-0.0582316 -2.29122 0)
(1.58846 -1.67768 0)
(2.07086 -1.53725 0)
(2.23503 -1.63134 0)
(2.59457 -1.40094 0)
(3.2891 -0.412338 0)
(2.50762 -0.383766 0)
(2.128 -0.107685 0)
(2.23796 0.779642 0)
(2.26869 1.25202 0)
(0.786696 1.09541 0)
(0.997455 1.31619 0)
(-0.637184 0.196925 0)
(-2.19906 -0.459001 0)
(-3.24397 -1.61062 0)
(-3.66285 -2.05497 0)
(-2.93227 -0.676664 0)
(-2.40112 0.700462 0)
(-1.51644 1.61067 0)
(-1.1222 1.60253 0)
(-1.136 0.97817 0)
(-1.16125 0.677224 0)
(-1.87403 0.502176 0)
(-3.19288 0.492584 0)
(-4.06237 0.868671 0)
(-4.8127 1.93454 0)
(-4.67201 2.86242 0)
(-3.88938 3.02724 0)
(-2.5098 2.44838 0)
(-1.80589 2.03967 0)
(-0.54375 1.08875 0)
(-0.374613 0.375181 0)
(1.40382 -0.114707 0)
(1.32278 -0.419058 0)
(2.07447 -1.25586 0)
(3.36451 -1.91148 0)
(3.5897 -1.74714 0)
(4.78487 -2.1424 0)
(5.39991 -2.94826 0)
(5.39374 -2.78767 0)
(5.9532 -2.75181 0)
(6.15828 -3.10621 0)
(6.70267 -3.58789 0)
(7.06833 -4.09206 0)
(7.61344 -4.77889 0)
(8.07286 -4.14234 0)
(9.31925 -3.69999 0)
(9.67701 -3.74539 0)
(10.5224 -3.22353 0)
(11.4378 -2.29908 0)
(11.9906 -1.79955 0)
(12.439 -0.739408 0)
(12.4448 0.425948 0)
(11.9003 1.01434 0)
(11.3686 1.70703 0)
(10.617 2.29919 0)
(9.29673 1.95458 0)
(7.71605 1.3918 0)
(6.55397 1.36436 0)
(5.78171 2.46029 0)
(5.2995 3.73619 0)
(4.35139 4.85978 0)
(2.96401 5.44572 0)
(1.03144 5.37382 0)
(1.1643 4.94356 0)
(0.632562 2.26363 0)
(0.284081 0.210327 0)
(1.20548 -1.65063 0)
(0.864312 -3.68854 0)
(1.05837 -4.339 0)
(2.33069 -5.45698 0)
(3.03913 -5.37599 0)
(4.18178 -4.09726 0)
(5.97239 -1.33401 0)
(7.07178 0.288113 0)
(7.60582 -1.27014 0)
(8.41337 -3.72272 0)
(9.1978 -4.54699 0)
(9.76764 -4.71076 0)
(10.3339 -4.00363 0)
(10.8878 -1.7183 0)
(11.0977 0.266588 0)
(10.7342 1.43083 0)
(10.9459 3.20896 0)
(10.3199 4.71286 0)
(9.10115 4.09339 0)
(7.32931 2.32617 0)
(5.97143 1.74172 0)
(4.46795 2.92512 0)
(3.21411 5.22479 0)
(2.26613 7.10325 0)
(1.12159 7.00801 0)
(0.885861 5.28893 0)
(-0.531223 4.01675 0)
(-0.0547467 1.90931 0)
(-0.702654 0.539223 0)
(-0.289804 -1.38299 0)
(-0.350116 -1.33095 0)
(0.389425 -1.61053 0)
(0.438726 -1.87436 0)
(0.0618582 -2.65201 0)
(1.3526 -2.17679 0)
(2.46463 -1.69992 0)
(2.60141 -1.69504 0)
(2.76636 -1.6392 0)
(3.52107 -0.524141 0)
(3.37732 -0.0144494 0)
(2.18312 -0.0642503 0)
(2.46122 0.950165 0)
(1.98681 1.31494 0)
(1.58616 1.6174 0)
(-0.106913 1.47107 0)
(-0.629847 0.760457 0)
(-2.13289 0.0794559 0)
(-3.20456 -1.30679 0)
(-3.85294 -2.04582 0)
(-3.52108 -0.962157 0)
(-2.52197 0.418688 0)
(-2.17092 1.3088 0)
(-0.820249 1.63492 0)
(-1.42321 0.990042 0)
(-1.08227 0.787919 0)
(-1.48253 0.857146 0)
(-2.57182 0.943801 0)
(-3.15568 1.14884 0)
(-3.67124 1.97708 0)
(-3.47127 2.58542 0)
(-2.63345 2.54221 0)
(-1.23406 1.88819 0)
(-0.668088 1.69935 0)
(0.792935 0.959146 0)
(0.602573 0.0359657 0)
(2.1568 -0.614973 0)
(2.38928 -0.669818 0)
(3.14268 -1.53756 0)
(4.29601 -2.32816 0)
(4.50685 -2.11495 0)
(6.02819 -2.42472 0)
(6.53946 -3.13979 0)
(6.16906 -2.94879 0)
(6.64105 -2.92664 0)
(6.80379 -3.30785 0)
(7.4881 -3.87982 0)
(8.16797 -4.31494 0)
(8.67125 -5.05123 0)
(8.94568 -4.49135 0)
(9.94801 -4.01981 0)
(10.0268 -4.1605 0)
(10.7797 -3.6685 0)
(11.7375 -2.65424 0)
(12.3388 -2.06335 0)
(12.8911 -0.87029 0)
(13.0661 0.53539 0)
(12.5424 1.21945 0)
(11.9215 1.93476 0)
(11.1277 2.69769 0)
(9.80309 2.52246 0)
(8.19054 1.92673 0)
(6.85115 1.7798 0)
(5.77103 2.75316 0)
(5.35788 4.05416 0)
(4.42624 5.32859 0)
(3.01618 6.16462 0)
(1.14863 5.70329 0)
(1.38147 4.95396 0)
(1.98627 2.30836 0)
(0.815345 0.1542 0)
(2.46769 -1.85232 0)
(1.37412 -3.5777 0)
(1.83949 -4.74144 0)
(2.9835 -5.86208 0)
(3.26457 -5.80527 0)
(4.49996 -4.77733 0)
(6.00108 -1.9083 0)
(7.00315 -0.0231549 0)
(7.79918 -1.53757 0)
(8.87719 -4.07142 0)
(9.6409 -4.8682 0)
(10.209 -4.88563 0)
(10.6726 -4.14125 0)
(10.9786 -1.82662 0)
(11.0839 0.297386 0)
(10.6375 1.41891 0)
(10.7628 3.33067 0)
(10.235 5.10564 0)
(8.99239 4.69513 0)
(7.35286 3.03801 0)
(5.87177 2.38903 0)
(4.60982 3.52217 0)
(3.20286 5.65587 0)
(2.53537 7.38523 0)
(1.7063 7.31345 0)
(1.66751 5.63014 0)
(0.126619 4.1602 0)
(0.765616 1.7937 0)
(-0.145803 0.4549 0)
(0.329466 -1.63827 0)
(0.256049 -1.43575 0)
(0.95609 -1.78407 0)
(1.20785 -1.79804 0)
(0.873773 -2.81321 0)
(1.32313 -2.621 0)
(2.53669 -2.08206 0)
(3.1588 -1.67792 0)
(2.99133 -1.84327 0)
(3.73664 -0.721773 0)
(3.89408 0.204983 0)
(2.814 0.294864 0)
(2.23496 0.883421 0)
(2.54524 1.71685 0)
(1.10263 1.75231 0)
(1.06534 2.06262 0)
(-0.545404 1.24353 0)
(-1.8278 0.53555 0)
(-2.67725 -0.933826 0)
(-3.52536 -1.89796 0)
(-3.78062 -1.2803 0)
(-2.38744 0.211802 0)
(-2.75244 0.718782 0)
(-0.477038 1.42015 0)
(-1.11341 1.10212 0)
(-0.846675 0.793718 0)
(-0.86235 1.08026 0)
(-1.8082 1.28165 0)
(-2.10107 1.32447 0)
(-2.54562 1.91063 0)
(-1.94391 2.46321 0)
(-1.14802 2.30886 0)
(0.0865833 1.5218 0)
(0.243675 1.16438 0)
(1.69498 0.612918 0)
(1.8629 -0.213908 0)
(2.99214 -0.870189 0)
(3.44736 -0.859608 0)
(4.30801 -1.79614 0)
(5.06333 -2.71775 0)
(5.32963 -2.54423 0)
(6.97794 -2.6628 0)
(7.45947 -3.12143 0)
(7.12504 -2.88791 0)
(7.43812 -2.95154 0)
(7.63222 -3.42837 0)
(8.44081 -4.10921 0)
(9.10389 -4.54408 0)
(9.33147 -5.2575 0)
(9.27656 -4.69094 0)
(10.0198 -4.10729 0)
(9.94965 -4.35633 0)
(10.6859 -3.98152 0)
(11.6403 -2.91473 0)
(12.2636 -2.33765 0)
(12.875 -1.05562 0)
(13.2683 0.604268 0)
(12.9157 1.44956 0)
(12.2959 2.26411 0)
(11.4709 3.17358 0)
(10.1087 3.0963 0)
(8.48336 2.50204 0)
(7.07318 2.29825 0)
(5.80147 3.16225 0)
(5.29736 4.41078 0)
(4.38694 5.79869 0)
(3.17127 6.95487 0)
(1.69579 6.00865 0)
(1.5682 4.85835 0)
(3.18667 2.27607 0)
(1.63861 0.211152 0)
(3.51631 -1.92189 0)
(1.9829 -3.41787 0)
(2.75641 -5.121 0)
(3.79562 -6.14642 0)
(3.74885 -6.13197 0)
(4.73564 -5.35157 0)
(5.91622 -2.42793 0)
(7.03024 -0.39503 0)
(7.89743 -1.84869 0)
(9.07038 -4.49423 0)
(9.74474 -5.22273 0)
(10.3156 -5.10448 0)
(10.8285 -4.21148 0)
(11.0408 -1.87176 0)
(11.003 0.347576 0)
(10.4312 1.57775 0)
(10.5213 3.42995 0)
(10.3088 5.26642 0)
(9.02077 5.12593 0)
(7.4286 3.62815 0)
(5.8873 2.95462 0)
(4.70068 4.03408 0)
(3.34589 6.13463 0)
(2.93885 7.64386 0)
(2.16755 7.55356 0)
(2.35736 5.85154 0)
(0.931278 4.477 0)
(1.82212 2.00025 0)
(0.838646 0.71978 0)
(1.43004 -1.54229 0)
(0.565934 -1.64358 0)
(1.69664 -2.10942 0)
(1.949 -1.70465 0)
(1.9789 -2.77432 0)
(1.68094 -2.86848 0)
(2.6782 -2.50776 0)
(3.50142 -1.8138 0)
(3.54674 -1.86497 0)
(3.66719 -1.02127 0)
(4.47808 0.396126 0)
(3.23891 0.594527 0)
(2.56083 1.16327 0)
(2.29971 1.69958 0)
(1.96095 2.37978 0)
(-0.0920045 2.29452 0)
(-0.350432 1.65381 0)
(-1.1047 0.926107 0)
(-1.65487 -0.482868 0)
(-2.53926 -1.57394 0)
(-3.47107 -1.41016 0)
(-2.636 -0.0926544 0)
(-1.90529 0.486227 0)
(-1.20837 0.898119 0)
(-0.359864 1.11008 0)
(-0.550298 0.764216 0)
(-0.367397 1.15637 0)
(-0.817967 1.57413 0)
(-0.792924 1.53481 0)
(-1.02288 1.80962 0)
(-0.644174 2.05679 0)
(0.163242 1.87709 0)
(1.61432 1.28168 0)
(1.59286 1.00303 0)
(2.43476 0.453356 0)
(2.8522 -0.57178 0)
(3.53463 -1.28349 0)
(4.32564 -1.20397 0)
(5.56878 -2.02181 0)
(6.01853 -2.93671 0)
(6.22494 -2.9721 0)
(7.52726 -3.00287 0)
(7.99081 -3.24881 0)
(7.72553 -3.00303 0)
(8.11055 -3.08193 0)
(8.69999 -3.64865 0)
(9.49577 -4.40058 0)
(9.73447 -4.76798 0)
(9.58005 -5.36853 0)
(9.17363 -4.80763 0)
(9.68502 -4.25232 0)
(9.74525 -4.56134 0)
(10.5108 -4.28093 0)
(11.4202 -3.13491 0)
(12.1035 -2.51994 0)
(12.6574 -1.26384 0)
(13.0922 0.539975 0)
(12.9238 1.57077 0)
(12.4797 2.49691 0)
(11.7158 3.57287 0)
(10.329 3.64569 0)
(8.73623 3.10943 0)
(7.32842 2.8529 0)
(5.89557 3.5423 0)
(5.20656 4.73811 0)
(4.18473 6.14611 0)
(3.28809 7.53615 0)
(2.64896 6.2531 0)
(1.98826 4.69135 0)
(4.07601 2.09644 0)
(2.52438 0.132762 0)
(4.34006 -1.97561 0)
(2.94904 -3.3459 0)
(3.92032 -5.52215 0)
(4.51947 -6.2668 0)
(4.23562 -6.15365 0)
(4.90003 -5.80621 0)
(5.91436 -2.8743 0)
(7.09395 -0.770904 0)
(8.01199 -2.2877 0)
(9.44541 -4.90161 0)
(10.0634 -5.56764 0)
(10.3921 -5.2841 0)
(10.8875 -4.32252 0)
(11.0338 -1.83251 0)
(10.8291 0.454492 0)
(10.2451 1.60217 0)
(10.3326 3.49152 0)
(10.144 5.58368 0)
(8.79968 5.71926 0)
(7.34335 4.29045 0)
(5.96343 3.54431 0)
(4.86865 4.49088 0)
(3.44824 6.46244 0)
(3.1883 7.80754 0)
(2.4538 7.76738 0)
(3.0133 6.01685 0)
(1.78538 4.63041 0)
(2.68282 1.8585 0)
(1.48252 0.75606 0)
(2.59641 -1.5242 0)
(1.51894 -1.498 0)
(2.43546 -2.45085 0)
(2.55378 -1.66275 0)
(3.04116 -2.7008 0)
(2.28405 -2.88777 0)
(2.9632 -2.89888 0)
(3.74987 -1.97529 0)
(4.0632 -1.84243 0)
(3.75823 -1.24333 0)
(4.60793 0.39517 0)
(4.08512 1.07619 0)
(2.61853 1.28501 0)
(2.78358 2.10391 0)
(1.55588 2.49207 0)
(1.2779 3.03229 0)
(0.00340806 1.82679 0)
(-0.241662 1.11666 0)
(-0.379724 -0.160973 0)
(-0.969776 -1.06124 0)
(-2.2862 -1.2291 0)
(-2.84019 -0.579437 0)
(-1.4503 0.249277 0)
(-1.36148 0.657752 0)
(-0.275306 0.810852 0)
(-0.354064 0.806586 0)
(-0.283467 1.12416 0)
(-0.203473 1.58146 0)
(0.139235 1.44886 0)
(0.541371 1.79014 0)
(1.04621 1.9714 0)
(1.41894 1.51404 0)
(2.66599 0.844146 0)
(2.4695 0.758375 0)
(3.24278 0.303471 0)
(4.05832 -0.8491 0)
(4.34934 -1.61329 0)
(5.20488 -1.68103 0)
(6.79313 -2.37817 0)
(7.38279 -3.13599 0)
(7.44212 -3.27556 0)
(8.34797 -3.2532 0)
(8.76366 -3.32036 0)
(8.57293 -3.08138 0)
(9.02629 -3.25798 0)
(9.80542 -4.02896 0)
(10.3095 -4.64409 0)
(10.0071 -4.63923 0)
(9.60215 -5.1429 0)
(9.20132 -4.68249 0)
(9.75267 -4.30059 0)
(9.98566 -4.80648 0)
(10.7483 -4.60397 0)
(11.4607 -3.3908 0)
(12.2449 -2.65745 0)
(12.6577 -1.36717 0)
(12.8932 0.534018 0)
(12.7431 1.70166 0)
(12.4546 2.75363 0)
(11.8049 4.00048 0)
(10.4459 4.19659 0)
(8.90097 3.71656 0)
(7.49008 3.46515 0)
(5.96573 4.00747 0)
(5.13223 5.21786 0)
(4.01594 6.43804 0)
(3.31246 7.85903 0)
(3.61605 6.33454 0)
(2.59043 4.52078 0)
(4.75618 1.98201 0)
(3.52532 0.134112 0)
(4.99024 -1.89202 0)
(3.95573 -3.22274 0)
(4.85493 -5.7872 0)
(4.76362 -6.38264 0)
(4.63936 -6.15005 0)
(5.22651 -6.20415 0)
(6.06246 -3.3336 0)
(7.16269 -1.23174 0)
(8.22027 -2.71011 0)
(9.84604 -5.2898 0)
(10.4781 -5.82585 0)
(10.6209 -5.41516 0)
(10.8744 -4.30636 0)
(10.9747 -1.81545 0)
(10.5553 0.601814 0)
(9.94646 1.79714 0)
(9.96931 3.61932 0)
(9.78704 5.85938 0)
(8.61808 6.17761 0)
(7.35043 4.82587 0)
(6.01145 4.10003 0)
(5.12148 4.93075 0)
(3.51922 6.77782 0)
(3.26677 7.97921 0)
(2.51167 7.83445 0)
(3.6166 5.96857 0)
(2.47966 4.72695 0)
(3.71537 2.03698 0)
(2.19623 0.925212 0)
(3.55076 -1.73553 0)
(2.09441 -1.53781 0)
(3.63697 -2.76645 0)
(3.00369 -1.70325 0)
(4.02146 -2.69277 0)
(2.8743 -2.85024 0)
(3.46891 -3.19516 0)
(3.93252 -2.2276 0)
(4.59285 -1.74177 0)
(3.89773 -1.37443 0)
(4.70511 0.339954 0)
(4.59297 1.41425 0)
(3.3344 1.74623 0)
(2.73857 2.11651 0)
(2.44101 3.13484 0)
(0.247169 3.42599 0)
(0.25166 1.83152 0)
(0.51423 1.14572 0)
(0.707089 -0.0354269 0)
(0.364473 -0.725831 0)
(-0.488735 -0.747939 0)
(-1.44849 -0.522687 0)
(-1.46444 -0.109004 0)
(-0.912888 0.479636 0)
(-0.237517 0.64362 0)
(-0.157205 0.846266 0)
(-0.0713288 1.0036 0)
(-0.00178008 1.40669 0)
(0.888331 1.2505 0)
(0.825994 1.38993 0)
(2.15079 1.67882 0)
(2.51059 1.37312 0)
(3.85372 0.704566 0)
(3.50085 0.607957 0)
(4.5107 0.0329403 0)
(5.76214 -1.15004 0)
(5.87894 -1.94622 0)
(6.60776 -2.18384 0)
(8.23868 -2.82764 0)
(8.85576 -3.39848 0)
(8.92398 -3.44458 0)
(9.43089 -3.41118 0)
(9.80346 -3.4584 0)
(9.64863 -3.25032 0)
(10.0853 -3.43242 0)
(10.8314 -4.13135 0)
(10.7283 -4.49695 0)
(9.75587 -4.38742 0)
(9.37943 -5.06656 0)
(9.25515 -4.79475 0)
(9.91912 -4.457 0)
(9.9979 -5.0597 0)
(10.7681 -4.9753 0)
(11.3268 -3.73529 0)
(12.2 -2.95174 0)
(12.7327 -1.54607 0)
(12.738 0.50013 0)
(12.4404 1.76469 0)
(12.2332 2.92387 0)
(11.6903 4.35382 0)
(10.4006 4.74151 0)
(9.00448 4.29906 0)
(7.65855 4.04166 0)
(6.11886 4.45339 0)
(5.12513 5.69302 0)
(4.06106 6.69478 0)
(3.27891 7.91786 0)
(4.43707 6.30646 0)
(3.33958 4.38898 0)
(5.21965 1.7857 0)
(4.37314 -0.128249 0)
(5.36111 -2.02619 0)
(4.85604 -3.22125 0)
(5.51938 -5.79727 0)
(4.84657 -6.48164 0)
(5.21244 -6.17953 0)
(5.56182 -6.50454 0)
(6.16721 -3.69243 0)
(7.26327 -1.78711 0)
(8.49386 -3.2406 0)
(10.0595 -5.67648 0)
(10.4916 -6.08431 0)
(10.5516 -5.51744 0)
(10.7499 -4.27537 0)
(10.791 -1.6533 0)
(10.2438 0.715567 0)
(9.62842 1.91272 0)
(9.60196 3.7662 0)
(9.46817 6.06071 0)
(8.39788 6.5528 0)
(7.28805 5.34469 0)
(5.88636 4.60454 0)
(5.39353 5.39347 0)
(3.74874 7.21881 0)
(3.57259 8.08525 0)
(2.68988 7.88638 0)
(4.28741 5.8026 0)
(3.12019 4.75677 0)
(4.54114 1.88973 0)
(2.82315 0.978751 0)
(4.87111 -1.7522 0)
(2.89036 -1.39082 0)
(4.86627 -3.02357 0)
(3.63569 -1.64387 0)
(5.08033 -2.64114 0)
(3.53988 -2.65032 0)
(3.98754 -3.44773 0)
(4.26558 -2.43284 0)
(5.05739 -1.71587 0)
(4.41757 -1.40016 0)
(4.68906 0.204087 0)
(5.14116 1.68929 0)
(3.97354 2.03813 0)
(3.38855 2.5715 0)
(2.27387 3.27467 0)
(1.49866 4.46001 0)
(0.557059 1.53268 0)
(1.12582 0.963183 0)
(1.51964 -0.00804352 0)
(1.33601 -0.578744 0)
(0.755448 -0.479392 0)
(0.265786 -0.234916 0)
(-0.135002 -0.0607157 0)
(-0.0198514 0.254669 0)
(0.322464 0.450962 0)
(0.399661 0.780528 0)
(1.05335 1.03377 0)
(0.52486 1.19061 0)
(1.9938 1.11274 0)
(1.74696 1.14478 0)
(2.80591 1.14765 0)
(3.1881 0.988308 0)
(4.79721 0.392849 0)
(4.79493 0.334829 0)
(6.03304 -0.252558 0)
(7.51051 -1.41555 0)
(7.77027 -2.17076 0)
(8.38843 -2.42115 0)
(9.6978 -3.10851 0)
(10.2125 -3.65195 0)
(10.1096 -3.54805 0)
(10.4289 -3.46264 0)
(10.7953 -3.45979 0)
(10.5532 -3.26668 0)
(10.8772 -3.4907 0)
(11.1486 -4.09523 0)
(10.3409 -4.24928 0)
(9.47272 -4.18099 0)
(9.72351 -5.08326 0)
(9.71191 -4.97458 0)
(10.067 -4.59837 0)
(9.85033 -5.18328 0)
(10.5023 -5.23141 0)
(11.0532 -3.97092 0)
(11.7936 -3.1387 0)
(12.4632 -1.64858 0)
(12.576 0.575618 0)
(12.17 1.92003 0)
(11.927 3.13087 0)
(11.4861 4.67677 0)
(10.2689 5.2115 0)
(8.99177 4.83367 0)
(7.70264 4.6789 0)
(6.29736 4.97353 0)
(5.11184 6.22231 0)
(4.39432 6.97508 0)
(3.4339 7.83438 0)
(5.20014 6.30887 0)
(4.27815 4.22512 0)
(5.68145 1.70386 0)
(5.4237 -0.133848 0)
(5.8449 -1.94911 0)
(5.68849 -3.27558 0)
(6.24907 -5.68407 0)
(5.27056 -6.52812 0)
(6.21023 -6.34025 0)
(5.91087 -6.62744 0)
(6.23166 -3.96692 0)
(7.30238 -2.34209 0)
(8.72286 -3.85256 0)
(10.4002 -5.94937 0)
(10.5406 -6.242 0)
(10.2796 -5.56187 0)
(10.425 -4.22482 0)
(10.4575 -1.54504 0)
(9.82187 0.919692 0)
(9.25336 2.08601 0)
(9.21311 3.86306 0)
(9.1218 6.23823 0)
(8.05094 6.92552 0)
(7.13466 5.83868 0)
(5.88112 5.04006 0)
(5.60138 5.6965 0)
(4.1756 7.64279 0)
(4.47527 8.24316 0)
(3.31461 7.85701 0)
(5.11 5.50111 0)
(3.64608 4.79391 0)
(5.63075 1.98432 0)
(3.56492 1.10713 0)
(5.93464 -1.98221 0)
(3.45569 -1.34188 0)
(5.95264 -3.36243 0)
(4.06961 -1.6211 0)
(6.18687 -2.61498 0)
(4.34482 -2.31443 0)
(4.75671 -3.63156 0)
(4.70971 -2.599 0)
(5.48251 -1.77539 0)
(5.09542 -1.25756 0)
(4.78226 -0.0821793 0)
(5.6068 1.85238 0)
(4.74428 2.50582 0)
(3.73221 2.78374 0)
(3.42454 3.84118 0)
(0.869481 5.01487 0)
(0.539794 1.10593 0)
(1.56854 0.685973 0)
(2.10359 0.0291839 0)
(2.07928 -0.402222 0)
(1.64505 -0.356971 0)
(1.55722 -0.11715 0)
(1.54908 0.0078668 0)
(1.39142 0.23446 0)
(1.88233 0.412194 0)
(1.46236 0.559195 0)
(2.55242 0.916339 0)
(1.99406 1.0151 0)
(3.23311 0.862383 0)
(3.56284 0.977683 0)
(4.2299 0.887507 0)
(4.61398 0.680919 0)
(5.98296 -0.0410956 0)
(6.2548 -0.21192 0)
(7.51103 -0.687409 0)
(8.91726 -1.84775 0)
(9.29308 -2.62696 0)
(9.79512 -2.79535 0)
(11.0127 -3.39492 0)
(11.4166 -3.81042 0)
(11.0014 -3.59067 0)
(11.2219 -3.51257 0)
(11.3424 -3.42076 0)
(10.9601 -3.28162 0)
(11.1748 -3.51189 0)
(10.9968 -3.88023 0)
(9.97345 -3.95496 0)
(9.59628 -4.21086 0)
(9.97856 -5.20006 0)
(9.7308 -5.04731 0)
(9.70233 -4.62706 0)
(9.44574 -5.23247 0)
(10.1364 -5.46513 0)
(10.7216 -4.2821 0)
(11.3996 -3.38281 0)
(11.9106 -1.81926 0)
(12.0765 0.569156 0)
(11.7235 2.02219 0)
(11.494 3.30864 0)
(11.1319 4.95988 0)
(9.98998 5.66361 0)
(8.89281 5.31239 0)
(7.72259 5.21292 0)
(6.60356 5.39704 0)
(5.16245 6.64711 0)
(4.92158 7.15771 0)
(3.78645 7.67229 0)
(5.74937 6.14425 0)
(5.3288 4.07693 0)
(6.08308 1.62932 0)
(6.2099 -0.293798 0)
(6.34067 -1.99074 0)
(6.31221 -3.34781 0)
(6.91848 -5.59257 0)
(5.79173 -6.57938 0)
(7.1202 -6.44396 0)
(6.22409 -6.60848 0)
(6.2988 -4.12365 0)
(7.28093 -3.04195 0)
(8.72534 -4.50358 0)
(10.6056 -6.23373 0)
(10.5767 -6.17329 0)
(10.0742 -5.5445 0)
(9.98767 -4.08922 0)
(10.0163 -1.36983 0)
(9.32428 1.04956 0)
(8.77873 2.28403 0)
(8.70515 4.0471 0)
(8.73868 6.42431 0)
(7.79026 7.23804 0)
(7.00145 6.2346 0)
(5.98808 5.43365 0)
(5.74508 5.9491 0)
(4.46661 7.8769 0)
(5.49539 8.26203 0)
(4.17729 7.89469 0)
(6.1591 5.35331 0)
(4.27654 4.8667 0)
(6.6558 1.86134 0)
(4.27015 1.09655 0)
(7.11304 -2.11666 0)
(4.19212 -1.18323 0)
(7.22656 -3.59194 0)
(4.44724 -1.59247 0)
(7.26716 -2.75265 0)
(4.99484 -1.87338 0)
(5.86805 -3.81661 0)
(5.2663 -2.62614 0)
(5.94505 -1.87058 0)
(5.71853 -1.05822 0)
(5.14175 -0.122028 0)
(5.7077 1.76712 0)
(5.81024 2.69693 0)
(4.86398 3.39434 0)
(3.63009 4.0808 0)
(2.28747 6.59708 0)
(0.868514 0.485283 0)
(1.73511 0.215561 0)
(2.41089 -0.0882609 0)
(2.53219 -0.373218 0)
(2.43122 -0.277346 0)
(2.14484 -0.16952 0)
(2.64449 -0.0968658 0)
(2.47922 0.206575 0)
(3.53173 0.392151 0)
(3.00003 0.458731 0)
(4.14504 0.810749 0)
(4.14598 0.909284 0)
(4.58664 0.603362 0)
(5.33336 0.635185 0)
(5.99742 0.617284 0)
(6.57222 0.50066 0)
(7.77043 -0.245308 0)
(8.16223 -0.663521 0)
(9.10904 -1.0625 0)
(10.5495 -2.12386 0)
(11.0342 -2.85392 0)
(11.1507 -3.05233 0)
(12.1902 -3.64448 0)
(12.4408 -3.81524 0)
(11.9758 -3.48838 0)
(12.0101 -3.42658 0)
(11.6837 -3.27539 0)
(11.2429 -3.2636 0)
(11.1583 -3.49718 0)
(10.5998 -3.73581 0)
(9.9947 -3.83718 0)
(9.91629 -4.24638 0)
(9.80654 -5.04194 0)
(9.1561 -4.84913 0)
(9.05584 -4.62268 0)
(8.99353 -5.36059 0)
(9.82598 -5.725 0)
(10.3861 -4.52641 0)
(10.9831 -3.48213 0)
(11.3388 -1.87514 0)
(11.46 0.599373 0)
(11.1501 2.15012 0)
(10.9787 3.49771 0)
(10.6948 5.18977 0)
(9.6034 6.04958 0)
(8.72162 5.74266 0)
(7.63306 5.75483 0)
(6.91595 5.89322 0)
(5.2135 7.06852 0)
(5.47522 7.38734 0)
(4.3381 7.44918 0)
(6.14099 5.90814 0)
(6.27204 3.88819 0)
(6.4647 1.54064 0)
(6.69276 -0.388586 0)
(6.87695 -1.94393 0)
(6.81719 -3.3457 0)
(7.47443 -5.44748 0)
(6.20696 -6.75694 0)
(7.52659 -6.5234 0)
(6.27875 -6.34075 0)
(6.4193 -4.25423 0)
(7.21195 -3.69149 0)
(8.38838 -5.24591 0)
(10.3983 -6.49317 0)
(10.4789 -6.13038 0)
(9.70691 -5.37682 0)
(9.4484 -3.96766 0)
(9.46749 -1.21703 0)
(8.7608 1.20384 0)
(8.42857 2.37027 0)
(8.37112 4.11651 0)
(8.34186 6.53697 0)
(7.46765 7.53356 0)
(6.81306 6.55568 0)
(5.98259 5.77604 0)
(5.81063 6.16623 0)
(4.61475 7.91106 0)
(6.0331 8.10449 0)
(4.79366 7.9676 0)
(7.09591 5.19896 0)
(4.80807 4.90517 0)
(7.76584 1.85491 0)
(5.19606 1.24857 0)
(8.10483 -2.26782 0)
(4.64715 -1.10192 0)
(8.5021 -3.8226 0)
(4.69642 -1.50182 0)
(8.49498 -3.0048 0)
(5.53994 -1.46409 0)
(7.26384 -3.94636 0)
(5.83621 -2.44015 0)
(6.60226 -2.04123 0)
(6.35189 -0.707093 0)
(5.65618 -0.361777 0)
(6.20056 1.86692 0)
(6.3536 2.77084 0)
(5.16382 3.75958 0)
(5.73578 4.39833 0)
(1.77882 7.31576 0)
(4.88531 0.53602 0)
(-1.92849 -0.0225033 0)
(1.82633 -0.0341655 0)
(-0.133439 0.00917901 0)
(0.842145 -0.00554422 0)
(0.789777 -0.00478306 0)
(1.2281 -0.00895348 0)
(1.44984 -0.00302636 0)
(1.50678 0.00104143 0)
(1.51933 0.00036628 0)
(9.82937 0.668589 0)
(-1.10848 0.237894 0)
(4.16718 -0.156408 0)
(0.910841 0.0844706 0)
(2.51734 -0.0851525 0)
(2.68784 -0.0619623 0)
(3.40651 -0.0721825 0)
(3.82803 -0.0305769 0)
(3.95655 -0.00384274 0)
(4.02474 -0.00178656 0)
(13.2219 1.28091 0)
(1.48257 0.502146 0)
(5.87417 -0.199581 0)
(2.54947 0.155977 0)
(4.13141 -0.180565 0)
(4.51254 -0.149266 0)
(5.27197 -0.149039 0)
(5.77757 -0.0693122 0)
(5.95454 -0.0158629 0)
(6.0832 -0.00785442 0)
(15.3745 1.49269 0)
(4.53924 0.801122 0)
(7.58513 -0.159034 0)
(4.55027 0.224069 0)
(5.91419 -0.268945 0)
(6.40352 -0.25085 0)
(7.05841 -0.229469 0)
(7.53656 -0.11334 0)
(7.70811 -0.0344261 0)
(7.88776 -0.0180579 0)
(17.0493 1.62731 0)
(7.68327 1.10665 0)
(9.4579 -0.044184 0)
(6.79827 0.284285 0)
(7.89853 -0.336036 0)
(8.38743 -0.344136 0)
(8.84161 -0.29493 0)
(9.18759 -0.149145 0)
(9.26667 -0.0531255 0)
(9.45384 -0.030895 0)
(18.0298 1.66582 0)
(10.5033 1.38516 0)
(11.3228 0.122018 0)
(9.13825 0.336042 0)
(9.99654 -0.379407 0)
(10.4171 -0.417703 0)
(10.6142 -0.335778 0)
(10.7732 -0.164429 0)
(10.6838 -0.0615593 0)
(10.7997 -0.042419 0)
(17.5681 1.56869 0)
(12.4449 1.6044 0)
(12.8739 0.301352 0)
(11.3632 0.369995 0)
(12.0479 -0.403815 0)
(12.3751 -0.46739 0)
(12.2936 -0.349516 0)
(12.2599 -0.153656 0)
(11.9871 -0.0498367 0)
(11.9534 -0.0470904 0)
(16.2104 1.2029 0)
(13.532 1.63883 0)
(13.9295 0.430174 0)
(13.2721 0.36395 0)
(13.8623 -0.417381 0)
(14.0957 -0.491129 0)
(13.7492 -0.337284 0)
(13.5345 -0.120276 0)
(13.1441 -0.014227 0)
(12.936 -0.0398238 0)
(14.4055 0.881189 0)
(13.8846 1.54961 0)
(14.4068 0.494842 0)
(14.6779 0.302103 0)
(15.2283 -0.429467 0)
(15.3592 -0.488043 0)
(14.816 -0.298179 0)
(14.4292 -0.0709196 0)
(14.0474 0.0357192 0)
(13.7533 -0.0216397 0)
(12.7087 0.682427 0)
(13.5704 1.37637 0)
(14.3041 0.485531 0)
(15.4088 0.181798 0)
(15.9391 -0.446897 0)
(15.9414 -0.46505 0)
(15.3477 -0.239185 0)
(14.8531 -0.0163411 0)
(14.6075 0.0795887 0)
(14.3913 -0.00372515 0)
(11.6056 0.559853 0)
(12.8342 1.13363 0)
(13.8695 0.39933 0)
(15.4961 0.0287275 0)
(15.9744 -0.467132 0)
(15.8618 -0.433454 0)
(15.3629 -0.178331 0)
(14.8929 0.0291282 0)
(14.8747 0.102249 0)
(14.8494 0.00450912 0)
(11.2679 0.506277 0)
(12.0848 0.873251 0)
(13.4409 0.258938 0)
(15.1675 -0.126051 0)
(15.5723 -0.484186 0)
(15.4032 -0.402486 0)
(15.0406 -0.132733 0)
(14.7098 0.0516076 0)
(14.9542 0.0936425 0)
(15.1014 -0.0017978 0)
(11.2444 0.445567 0)
(11.6283 0.642748 0)
(13.2013 0.113581 0)
(14.6651 -0.257848 0)
(15.0063 -0.498013 0)
(14.79 -0.377426 0)
(14.5574 -0.105876 0)
(14.43 0.0446077 0)
(14.8624 0.0598017 0)
(15.0088 -0.0149068 0)
(11.1624 0.293984 0)
(11.5049 0.421725 0)
(13.0983 -0.0247786 0)
(14.1552 -0.355977 0)
(14.4106 -0.507729 0)
(14.0923 -0.35684 0)
(13.9988 -0.103543 0)
(13.9812 0.0158428 0)
(14.3652 0.0259194 0)
(14.3602 -0.0216246 0)
(11.2923 0.117218 0)
(11.7709 0.230492 0)
(13.0701 -0.130479 0)
(13.7318 -0.416443 0)
(13.7607 -0.503227 0)
(13.2569 -0.334397 0)
(13.1493 -0.106973 0)
(13.0316 -0.00228886 0)
(13.2589 0.0141623 0)
(13.1533 -0.016942 0)
(11.6025 -0.0844363 0)
(12.0525 0.0620877 0)
(12.9417 -0.186189 0)
(13.186 -0.431019 0)
(12.7525 -0.462288 0)
(11.9567 -0.28656 0)
(11.7092 -0.088497 0)
(11.4858 -0.000236291 0)
(11.6249 0.014227 0)
(11.505 -0.00952676 0)
(11.7113 -0.27217 0)
(11.9545 -0.0642406 0)
(12.3907 -0.203008 0)
(11.9805 -0.375456 0)
(11.0228 -0.359088 0)
(10.0414 -0.203621 0)
(9.71769 -0.0539309 0)
(9.48226 0.0077978 0)
(9.59954 0.0152408 0)
(9.50842 -0.00326999 0)
(11.0592 -0.400081 0)
(10.7088 -0.129729 0)
(10.5582 -0.160666 0)
(9.72786 -0.254208 0)
(8.56954 -0.221912 0)
(7.62788 -0.11601 0)
(7.32702 -0.0227964 0)
(7.15949 0.0125775 0)
(7.28294 0.0128451 0)
(7.22996 0.000345427 0)
(8.7074 -0.32512 0)
(7.77338 -0.0810887 0)
(7.42346 -0.0747706 0)
(6.60979 -0.120378 0)
(5.6005 -0.0979016 0)
(4.87962 -0.046352 0)
(4.67423 -0.00375168 0)
(4.60416 0.0111066 0)
(4.72151 0.00774241 0)
(4.70459 0.00154721 0)
(3.75396 -0.147672 0)
(3.15844 -0.00164955 0)
(2.95928 -0.00378836 0)
(2.53922 -0.00974346 0)
(2.04234 -0.00601031 0)
(1.7101 -0.00266547 0)
(1.63482 0.00205597 0)
(1.64873 0.00320624 0)
(1.72092 0.00133352 0)
(1.72933 0.00081852 0)
)
;

boundaryField
{
    inlet
    {
        type            fixedValue;
        value           uniform (10 0 0);
    }
    outlet
    {
        type            zeroGradient;
    }
    walls
    {
        type            fixedValue;
        value           uniform (0 0 0);
    }
    frontAndBack
    {
        type            empty;
    }
}


// ************************************************************************* //
