/*--------------------------------*- C++ -*----------------------------------*\
| =========                 |                                                 |
| \\      /  F ield         | OpenFOAM: The Open Source CFD Toolbox           |
|  \\    /   O peration     | Version:  2.4.0                                 |
|   \\  /    A nd           | Web:      www.OpenFOAM.org                      |
|    \\/     M anipulation  |                                                 |
\*---------------------------------------------------------------------------*/
FoamFile
{
    version     2.0;
    format      ascii;
    class       volScalarField;
    location    "0.119";
    object      pPrime2Mean;
}
// * * * * * * * * * * * * * * * * * * * * * * * * * * * * * * * * * * * * * //

dimensions      [0 4 -4 0 0 0 0];

internalField   nonuniform List<scalar> 
4400
(
5.353e+06
5.07764e+06
4.79075e+06
4.51136e+06
4.24031e+06
3.97757e+06
3.72295e+06
3.47586e+06
3.23428e+06
2.98885e+06
5.35312e+06
5.07764e+06
4.79075e+06
4.51136e+06
4.24031e+06
3.97757e+06
3.72297e+06
3.47591e+06
3.23445e+06
2.98976e+06
5.35319e+06
5.07762e+06
4.79074e+06
4.51136e+06
4.24032e+06
3.97758e+06
3.723e+06
3.47601e+06
3.2348e+06
2.99181e+06
5.35323e+06
5.07759e+06
4.79073e+06
4.51136e+06
4.24032e+06
3.9776e+06
3.72304e+06
3.47616e+06
3.23531e+06
2.99447e+06
5.35327e+06
5.07757e+06
4.79072e+06
4.51136e+06
4.24032e+06
3.97761e+06
3.72309e+06
3.47634e+06
3.23595e+06
2.99747e+06
5.3533e+06
5.07755e+06
4.79071e+06
4.51136e+06
4.24032e+06
3.97763e+06
3.72316e+06
3.47656e+06
3.2367e+06
3.00061e+06
5.35333e+06
5.07754e+06
4.7907e+06
4.51136e+06
4.24033e+06
3.97765e+06
3.72323e+06
3.4768e+06
3.23753e+06
3.00377e+06
5.35334e+06
5.07753e+06
4.7907e+06
4.51136e+06
4.24034e+06
3.97767e+06
3.72332e+06
3.47707e+06
3.23841e+06
3.00685e+06
5.35336e+06
5.07752e+06
4.7907e+06
4.51136e+06
4.24034e+06
3.9777e+06
3.7234e+06
3.47735e+06
3.23931e+06
3.00979e+06
5.35336e+06
5.07752e+06
4.79069e+06
4.51137e+06
4.24035e+06
3.97773e+06
3.72349e+06
3.47763e+06
3.2402e+06
3.01257e+06
5.35337e+06
5.07752e+06
4.7907e+06
4.51137e+06
4.24036e+06
3.97776e+06
3.72358e+06
3.47791e+06
3.24108e+06
3.01513e+06
5.35336e+06
5.07752e+06
4.7907e+06
4.51137e+06
4.24037e+06
3.97779e+06
3.72367e+06
3.47819e+06
3.24191e+06
3.01747e+06
5.35335e+06
5.07753e+06
4.7907e+06
4.51137e+06
4.24038e+06
3.97782e+06
3.72376e+06
3.47845e+06
3.24269e+06
3.01957e+06
5.35333e+06
5.07754e+06
4.79071e+06
4.51138e+06
4.24039e+06
3.97784e+06
3.72384e+06
3.47869e+06
3.2434e+06
3.02143e+06
5.3533e+06
5.07755e+06
4.79072e+06
4.51138e+06
4.2404e+06
3.97787e+06
3.72391e+06
3.47891e+06
3.24403e+06
3.02302e+06
5.35327e+06
5.07757e+06
4.79073e+06
4.51139e+06
4.24041e+06
3.97789e+06
3.72398e+06
3.47909e+06
3.24456e+06
3.02436e+06
5.35324e+06
5.07759e+06
4.79074e+06
4.51139e+06
4.24042e+06
3.97791e+06
3.72403e+06
3.47925e+06
3.245e+06
3.02542e+06
5.35319e+06
5.07762e+06
4.79075e+06
4.5114e+06
4.24043e+06
3.97793e+06
3.72407e+06
3.47937e+06
3.24533e+06
3.02623e+06
5.35312e+06
5.07764e+06
4.79076e+06
4.5114e+06
4.24043e+06
3.97794e+06
3.7241e+06
3.47945e+06
3.24555e+06
3.02676e+06
5.353e+06
5.07764e+06
4.79076e+06
4.5114e+06
4.24043e+06
3.97794e+06
3.72411e+06
3.47949e+06
3.24567e+06
3.02702e+06
2.77874e+06
2.73006e+06
2.69115e+06
2.65546e+06
2.62139e+06
2.58834e+06
2.556e+06
2.5242e+06
2.49281e+06
2.46175e+06
2.431e+06
2.40051e+06
2.37027e+06
2.34026e+06
2.31046e+06
2.28091e+06
2.25157e+06
2.22243e+06
2.19348e+06
2.16472e+06
2.13615e+06
2.10775e+06
2.07954e+06
2.0515e+06
2.02366e+06
1.99601e+06
1.96856e+06
1.9413e+06
1.91424e+06
1.88738e+06
1.86073e+06
1.83427e+06
1.80802e+06
1.78198e+06
1.75612e+06
1.73046e+06
1.70499e+06
1.67972e+06
1.65462e+06
1.62971e+06
1.60496e+06
1.58039e+06
1.556e+06
1.53179e+06
1.50776e+06
1.48394e+06
1.46031e+06
1.43687e+06
1.41364e+06
1.3906e+06
1.36776e+06
1.3451e+06
1.32263e+06
1.30035e+06
1.27826e+06
1.25635e+06
1.23461e+06
1.21307e+06
1.19169e+06
1.17052e+06
1.14952e+06
1.12872e+06
1.10811e+06
1.08771e+06
1.0675e+06
1.0475e+06
1.02768e+06
1.00807e+06
988641
969416
950363
931515
912837
894358
876045
857925
839973
822218
804632
787252
770044
753050
736221
719609
703152
686908
670808
654917
639159
623596
608151
592875
577685
562616
547561
532524
517318
501853
485503
467080
2.80122e+06
2.74632e+06
2.70296e+06
2.66449e+06
2.62849e+06
2.59402e+06
2.56058e+06
2.5279e+06
2.49581e+06
2.46419e+06
2.43298e+06
2.40211e+06
2.37157e+06
2.34131e+06
2.31131e+06
2.28159e+06
2.25211e+06
2.22286e+06
2.19382e+06
2.16498e+06
2.13635e+06
2.10791e+06
2.07966e+06
2.05161e+06
2.02375e+06
1.99609e+06
1.96863e+06
1.94137e+06
1.91431e+06
1.88746e+06
1.86081e+06
1.83436e+06
1.80812e+06
1.78207e+06
1.75622e+06
1.73056e+06
1.70508e+06
1.6798e+06
1.65471e+06
1.62979e+06
1.60504e+06
1.58046e+06
1.55605e+06
1.53183e+06
1.50779e+06
1.48395e+06
1.46031e+06
1.43687e+06
1.41363e+06
1.39059e+06
1.36774e+06
1.34508e+06
1.32261e+06
1.30033e+06
1.27823e+06
1.25633e+06
1.23459e+06
1.21305e+06
1.19168e+06
1.17051e+06
1.14951e+06
1.12872e+06
1.10811e+06
1.08772e+06
1.06751e+06
1.04751e+06
1.02769e+06
1.00808e+06
988645
969417
950359
931507
912819
894332
876003
857870
839896
822119
804503
787093
769843
752809
735926
719260
702728
686408
670203
654201
638296
622571
606918
591405
575915
560490
544979
529385
513418
496931
478991
457666
2.81834e+06
2.76062e+06
2.71405e+06
2.67317e+06
2.63539e+06
2.59956e+06
2.56506e+06
2.53154e+06
2.49877e+06
2.4666e+06
2.43493e+06
2.4037e+06
2.37286e+06
2.34235e+06
2.31215e+06
2.28225e+06
2.25264e+06
2.22328e+06
2.19415e+06
2.16524e+06
2.13655e+06
2.10807e+06
2.07979e+06
2.05171e+06
2.02383e+06
1.99617e+06
1.9687e+06
1.94144e+06
1.91439e+06
1.88754e+06
1.8609e+06
1.83446e+06
1.80822e+06
1.78217e+06
1.75631e+06
1.73064e+06
1.70517e+06
1.67988e+06
1.65478e+06
1.62987e+06
1.60511e+06
1.58052e+06
1.5561e+06
1.53186e+06
1.50781e+06
1.48396e+06
1.4603e+06
1.43686e+06
1.41361e+06
1.39056e+06
1.36771e+06
1.34505e+06
1.32258e+06
1.3003e+06
1.2782e+06
1.2563e+06
1.23457e+06
1.21303e+06
1.19166e+06
1.1705e+06
1.14951e+06
1.12872e+06
1.10812e+06
1.08772e+06
1.06751e+06
1.04751e+06
1.02769e+06
1.00808e+06
988645
969414
950351
931496
912797
894304
875957
857812
839815
822020
804374
786935
769645
752571
735634
718914
702309
685913
669607
653493
637446
621561
605706
589961
574181
558417
542476
526360
509704
492335
473218
450563
2.83193e+06
2.77309e+06
2.72427e+06
2.68138e+06
2.64201e+06
2.60492e+06
2.56942e+06
2.53509e+06
2.50166e+06
2.46895e+06
2.43684e+06
2.40525e+06
2.37412e+06
2.34337e+06
2.31298e+06
2.28291e+06
2.25316e+06
2.22369e+06
2.19447e+06
2.16549e+06
2.13674e+06
2.10822e+06
2.07991e+06
2.05181e+06
2.02392e+06
1.99625e+06
1.96878e+06
1.94152e+06
1.91447e+06
1.88763e+06
1.861e+06
1.83456e+06
1.80831e+06
1.78226e+06
1.7564e+06
1.73072e+06
1.70524e+06
1.67995e+06
1.65485e+06
1.62993e+06
1.60516e+06
1.58057e+06
1.55614e+06
1.53189e+06
1.50782e+06
1.48395e+06
1.46029e+06
1.43683e+06
1.41358e+06
1.39053e+06
1.36767e+06
1.34501e+06
1.32254e+06
1.30026e+06
1.27816e+06
1.25627e+06
1.23453e+06
1.21301e+06
1.19164e+06
1.17048e+06
1.14949e+06
1.12871e+06
1.10811e+06
1.08772e+06
1.06751e+06
1.04751e+06
1.02769e+06
1.00808e+06
988638
969405
950336
931479
912770
894271
875907
857751
839731
821920
804244
786778
769448
752336
735347
718574
701899
685427
669023
652801
636614
620575
604523
588557
572496
556409
540066
523472
506221
488119
468204
445068
2.84303e+06
2.78391e+06
2.73357e+06
2.68906e+06
2.6483e+06
2.61006e+06
2.57362e+06
2.53851e+06
2.50445e+06
2.47123e+06
2.4387e+06
2.40676e+06
2.37534e+06
2.34436e+06
2.31377e+06
2.28355e+06
2.25366e+06
2.22409e+06
2.19478e+06
2.16574e+06
2.13694e+06
2.10837e+06
2.08003e+06
2.05191e+06
2.02402e+06
1.99634e+06
1.96887e+06
1.94161e+06
1.91456e+06
1.88772e+06
1.86109e+06
1.83465e+06
1.8084e+06
1.78234e+06
1.75647e+06
1.73078e+06
1.7053e+06
1.68e+06
1.65491e+06
1.62999e+06
1.60521e+06
1.58062e+06
1.55616e+06
1.5319e+06
1.50781e+06
1.48394e+06
1.46026e+06
1.4368e+06
1.41354e+06
1.39048e+06
1.36762e+06
1.34497e+06
1.32249e+06
1.30022e+06
1.27812e+06
1.25622e+06
1.23449e+06
1.21298e+06
1.19161e+06
1.17047e+06
1.14947e+06
1.1287e+06
1.1081e+06
1.08771e+06
1.06751e+06
1.0475e+06
1.02768e+06
1.00807e+06
988625
969391
950315
931458
912738
894235
875850
857689
839643
821821
804112
786624
769254
752105
735067
718240
701499
684951
668457
652127
635812
619623
603383
587206
570877
554489
537765
520737
502982
484288
463889
440671
2.85229e+06
2.79331e+06
2.74197e+06
2.69618e+06
2.65422e+06
2.61494e+06
2.57763e+06
2.5418e+06
2.50714e+06
2.47343e+06
2.44049e+06
2.40822e+06
2.37652e+06
2.34532e+06
2.31455e+06
2.28417e+06
2.25416e+06
2.22447e+06
2.19509e+06
2.16598e+06
2.13713e+06
2.10852e+06
2.08016e+06
2.05202e+06
2.02411e+06
1.99643e+06
1.96896e+06
1.9417e+06
1.91465e+06
1.88781e+06
1.86117e+06
1.83473e+06
1.80848e+06
1.78241e+06
1.75653e+06
1.73083e+06
1.70534e+06
1.68004e+06
1.65495e+06
1.63003e+06
1.60525e+06
1.58065e+06
1.55618e+06
1.53191e+06
1.5078e+06
1.48391e+06
1.46022e+06
1.43676e+06
1.41349e+06
1.39043e+06
1.36756e+06
1.34491e+06
1.32243e+06
1.30017e+06
1.27806e+06
1.25618e+06
1.23444e+06
1.21294e+06
1.19157e+06
1.17044e+06
1.14945e+06
1.12869e+06
1.10809e+06
1.0877e+06
1.06749e+06
1.04749e+06
1.02767e+06
1.00806e+06
988607
969374
950290
931433
912701
894197
875789
857625
839550
821724
803978
786475
769063
751881
734794
717915
701112
684487
667909
651472
635037
618699
602289
585909
569334
552669
535601
518196
500008
480850
460136
437030
2.86012e+06
2.80149e+06
2.74951e+06
2.70272e+06
2.65974e+06
2.61954e+06
2.58143e+06
2.54494e+06
2.50972e+06
2.47554e+06
2.44222e+06
2.40963e+06
2.37767e+06
2.34624e+06
2.3153e+06
2.28477e+06
2.25464e+06
2.22486e+06
2.19539e+06
2.16622e+06
2.13732e+06
2.10868e+06
2.08029e+06
2.05213e+06
2.02421e+06
1.99652e+06
1.96904e+06
1.94178e+06
1.91473e+06
1.88789e+06
1.86125e+06
1.8348e+06
1.80854e+06
1.78246e+06
1.75657e+06
1.73086e+06
1.70536e+06
1.68007e+06
1.65498e+06
1.63005e+06
1.60528e+06
1.58067e+06
1.55619e+06
1.53191e+06
1.50778e+06
1.48387e+06
1.46018e+06
1.43671e+06
1.41343e+06
1.39038e+06
1.3675e+06
1.34485e+06
1.32237e+06
1.30011e+06
1.27801e+06
1.25613e+06
1.23439e+06
1.2129e+06
1.19153e+06
1.17042e+06
1.14942e+06
1.12867e+06
1.10806e+06
1.08769e+06
1.06747e+06
1.04748e+06
1.02765e+06
1.00804e+06
988584
969353
950261
931405
912660
894155
875726
857560
839457
821627
803845
786330
768877
751664
734532
717601
700741
684041
667383
650841
634294
617810
601242
584662
567870
550941
533584
515844
497304
477795
456861
433964
2.86682e+06
2.80862e+06
2.75624e+06
2.70868e+06
2.66485e+06
2.62384e+06
2.58501e+06
2.5479e+06
2.51217e+06
2.47755e+06
2.44387e+06
2.41098e+06
2.37877e+06
2.34714e+06
2.31602e+06
2.28536e+06
2.25511e+06
2.22523e+06
2.19569e+06
2.16646e+06
2.13751e+06
2.10884e+06
2.08042e+06
2.05225e+06
2.02431e+06
1.99661e+06
1.96912e+06
1.94185e+06
1.9148e+06
1.88795e+06
1.86131e+06
1.83486e+06
1.80859e+06
1.78249e+06
1.75659e+06
1.73088e+06
1.70537e+06
1.68008e+06
1.655e+06
1.63006e+06
1.60529e+06
1.58067e+06
1.55618e+06
1.53189e+06
1.50774e+06
1.48383e+06
1.46013e+06
1.43666e+06
1.41337e+06
1.39032e+06
1.36743e+06
1.34479e+06
1.3223e+06
1.30005e+06
1.27794e+06
1.25608e+06
1.23434e+06
1.21286e+06
1.19149e+06
1.17039e+06
1.14938e+06
1.12865e+06
1.10804e+06
1.08767e+06
1.06745e+06
1.04746e+06
1.02763e+06
1.00802e+06
988556
969329
950227
931372
912616
894109
875661
857493
839365
821530
803716
786190
768697
751457
734281
717301
700388
683616
666884
650243
633587
616967
600250
583482
566493
549312
531708
513655
494837
475058
454003
431357
2.87262e+06
2.81485e+06
2.76224e+06
2.71408e+06
2.66953e+06
2.62782e+06
2.58836e+06
2.55069e+06
2.51447e+06
2.47946e+06
2.44544e+06
2.41227e+06
2.37982e+06
2.34799e+06
2.31672e+06
2.28592e+06
2.25556e+06
2.22559e+06
2.19598e+06
2.16669e+06
2.13771e+06
2.109e+06
2.08055e+06
2.05235e+06
2.0244e+06
1.99668e+06
1.96919e+06
1.94192e+06
1.91486e+06
1.88801e+06
1.86136e+06
1.83489e+06
1.80861e+06
1.78251e+06
1.7566e+06
1.73088e+06
1.70537e+06
1.68007e+06
1.65499e+06
1.63005e+06
1.60529e+06
1.58065e+06
1.55616e+06
1.53186e+06
1.5077e+06
1.48378e+06
1.46008e+06
1.43661e+06
1.41331e+06
1.39026e+06
1.36737e+06
1.34473e+06
1.32224e+06
1.29999e+06
1.27789e+06
1.25602e+06
1.23429e+06
1.21282e+06
1.19144e+06
1.17036e+06
1.14935e+06
1.12863e+06
1.108e+06
1.08765e+06
1.06742e+06
1.04744e+06
1.02759e+06
1.00799e+06
988523
969298
950189
931334
912568
894059
875596
857424
839275
821433
803593
786052
768526
751257
734044
717015
700056
683216
666413
649680
632923
616175
599319
582378
565209
547795
529973
511635
492591
472600
451509
429108
2.87766e+06
2.82029e+06
2.76754e+06
2.71893e+06
2.6738e+06
2.63148e+06
2.59145e+06
2.55328e+06
2.51663e+06
2.48124e+06
2.44691e+06
2.41348e+06
2.38081e+06
2.3488e+06
2.31737e+06
2.28646e+06
2.256e+06
2.22594e+06
2.19626e+06
2.16692e+06
2.13789e+06
2.10914e+06
2.08067e+06
2.05245e+06
2.02449e+06
1.99675e+06
1.96925e+06
1.94196e+06
1.9149e+06
1.88804e+06
1.86139e+06
1.83491e+06
1.80862e+06
1.78251e+06
1.75659e+06
1.73086e+06
1.70535e+06
1.68005e+06
1.65498e+06
1.63003e+06
1.60527e+06
1.58062e+06
1.55613e+06
1.53182e+06
1.50766e+06
1.48373e+06
1.46004e+06
1.43656e+06
1.41325e+06
1.3902e+06
1.36731e+06
1.34467e+06
1.32218e+06
1.29993e+06
1.27783e+06
1.25597e+06
1.23424e+06
1.21277e+06
1.1914e+06
1.17033e+06
1.14931e+06
1.12861e+06
1.10797e+06
1.08763e+06
1.06739e+06
1.04741e+06
1.02756e+06
1.00796e+06
988486
969262
950146
931289
912518
894001
875532
857352
839188
821333
803475
785913
768364
751064
733820
716746
699745
682841
665974
649151
632304
615434
598455
581350
564018
546393
528369
509790
490556
470409
449332
427143
2.88204e+06
2.82503e+06
2.77221e+06
2.72325e+06
2.67763e+06
2.6348e+06
2.59427e+06
2.55565e+06
2.51861e+06
2.48289e+06
2.44827e+06
2.4146e+06
2.38173e+06
2.34956e+06
2.31799e+06
2.28696e+06
2.2564e+06
2.22628e+06
2.19653e+06
2.16714e+06
2.13806e+06
2.10928e+06
2.08078e+06
2.05254e+06
2.02456e+06
1.99681e+06
1.96929e+06
1.942e+06
1.91493e+06
1.88806e+06
1.8614e+06
1.83492e+06
1.80862e+06
1.7825e+06
1.75657e+06
1.73084e+06
1.70532e+06
1.68002e+06
1.65494e+06
1.63e+06
1.60524e+06
1.58058e+06
1.5561e+06
1.53177e+06
1.50761e+06
1.48368e+06
1.45999e+06
1.4365e+06
1.4132e+06
1.39014e+06
1.36726e+06
1.34461e+06
1.32213e+06
1.29988e+06
1.27778e+06
1.25591e+06
1.23419e+06
1.21271e+06
1.19136e+06
1.17028e+06
1.14927e+06
1.12858e+06
1.10794e+06
1.0876e+06
1.06735e+06
1.04738e+06
1.02752e+06
1.00792e+06
988445
969218
950100
931235
912463
893935
875467
857272
839102
821229
803360
785773
768209
750876
733611
716494
699454
682489
665563
648657
631729
614746
597655
580399
562917
545103
526899
508118
488732
468479
447431
425426
2.88585e+06
2.82914e+06
2.77629e+06
2.72707e+06
2.68105e+06
2.63778e+06
2.59683e+06
2.55781e+06
2.52042e+06
2.48439e+06
2.44952e+06
2.41563e+06
2.38258e+06
2.35025e+06
2.31856e+06
2.28742e+06
2.25678e+06
2.22658e+06
2.19678e+06
2.16734e+06
2.13822e+06
2.10941e+06
2.08087e+06
2.05262e+06
2.02462e+06
1.99686e+06
1.96932e+06
1.94202e+06
1.91494e+06
1.88807e+06
1.86139e+06
1.8349e+06
1.80859e+06
1.78247e+06
1.75653e+06
1.7308e+06
1.70529e+06
1.67998e+06
1.65489e+06
1.62994e+06
1.60519e+06
1.58052e+06
1.55605e+06
1.53171e+06
1.50757e+06
1.48363e+06
1.45994e+06
1.43644e+06
1.41314e+06
1.39008e+06
1.36721e+06
1.34456e+06
1.32209e+06
1.29982e+06
1.27773e+06
1.25586e+06
1.23414e+06
1.21266e+06
1.19131e+06
1.17023e+06
1.14923e+06
1.12853e+06
1.1079e+06
1.08756e+06
1.06731e+06
1.04734e+06
1.02748e+06
1.00788e+06
988399
969165
950049
931169
912404
893858
875400
857183
839016
821119
803249
785632
768062
750697
733415
716257
699180
682159
665180
648198
631195
614109
596915
579523
561906
543925
525566
506620
487116
466797
445777
423939
2.88913e+06
2.83269e+06
2.77983e+06
2.7304e+06
2.68406e+06
2.64043e+06
2.5991e+06
2.55974e+06
2.52204e+06
2.48575e+06
2.45065e+06
2.41656e+06
2.38335e+06
2.35088e+06
2.31908e+06
2.28785e+06
2.25713e+06
2.22686e+06
2.197e+06
2.16752e+06
2.13837e+06
2.10952e+06
2.08096e+06
2.05268e+06
2.02467e+06
1.99689e+06
1.96934e+06
1.94203e+06
1.91494e+06
1.88806e+06
1.86137e+06
1.83487e+06
1.80856e+06
1.78242e+06
1.75649e+06
1.73076e+06
1.70524e+06
1.67992e+06
1.65482e+06
1.62988e+06
1.60512e+06
1.58046e+06
1.55599e+06
1.53165e+06
1.50751e+06
1.48357e+06
1.4599e+06
1.43638e+06
1.41309e+06
1.39002e+06
1.36717e+06
1.3445e+06
1.32204e+06
1.29977e+06
1.27768e+06
1.2558e+06
1.23409e+06
1.2126e+06
1.19127e+06
1.17017e+06
1.14919e+06
1.12848e+06
1.10786e+06
1.08751e+06
1.06728e+06
1.04729e+06
1.02744e+06
1.00783e+06
988351
969103
949993
931095
912341
893772
875331
857084
838932
821003
803143
785493
767929
750530
733236
716034
698925
681849
664825
647772
630704
613523
596239
578723
560990
542863
524377
505299
485700
465345
444354
422663
2.89193e+06
2.83571e+06
2.78286e+06
2.73326e+06
2.68667e+06
2.64273e+06
2.6011e+06
2.56144e+06
2.52348e+06
2.48695e+06
2.45165e+06
2.41739e+06
2.38403e+06
2.35145e+06
2.31954e+06
2.28823e+06
2.25744e+06
2.22711e+06
2.1972e+06
2.16768e+06
2.13849e+06
2.10961e+06
2.08103e+06
2.05274e+06
2.02471e+06
1.99691e+06
1.96935e+06
1.94203e+06
1.91492e+06
1.88803e+06
1.86134e+06
1.83483e+06
1.80851e+06
1.78237e+06
1.75644e+06
1.73071e+06
1.70518e+06
1.67985e+06
1.65474e+06
1.6298e+06
1.60505e+06
1.58038e+06
1.55592e+06
1.53158e+06
1.50746e+06
1.48351e+06
1.45984e+06
1.43631e+06
1.41304e+06
1.38996e+06
1.36712e+06
1.34444e+06
1.32199e+06
1.29971e+06
1.27764e+06
1.25574e+06
1.23405e+06
1.21254e+06
1.19122e+06
1.1701e+06
1.14915e+06
1.12841e+06
1.10782e+06
1.08745e+06
1.06724e+06
1.04724e+06
1.02739e+06
1.00777e+06
988300
969035
949935
931017
912276
893684
875264
856984
838854
820889
803047
785364
767811
750377
733072
715825
698693
681564
664504
647382
630261
612991
595632
578006
560176
541928
523335
504158
484483
464107
443145
421578
2.89428e+06
2.83825e+06
2.7854e+06
2.73568e+06
2.68888e+06
2.6447e+06
2.60281e+06
2.56291e+06
2.52472e+06
2.48799e+06
2.45251e+06
2.41811e+06
2.38463e+06
2.35194e+06
2.31995e+06
2.28856e+06
2.25771e+06
2.22733e+06
2.19738e+06
2.16781e+06
2.1386e+06
2.10969e+06
2.08109e+06
2.05278e+06
2.02473e+06
1.99692e+06
1.96935e+06
1.94201e+06
1.9149e+06
1.88799e+06
1.86129e+06
1.83478e+06
1.80845e+06
1.78231e+06
1.75638e+06
1.73065e+06
1.70512e+06
1.67978e+06
1.65466e+06
1.62972e+06
1.60496e+06
1.58031e+06
1.55585e+06
1.53151e+06
1.5074e+06
1.48345e+06
1.45979e+06
1.43624e+06
1.41299e+06
1.3899e+06
1.36707e+06
1.34438e+06
1.32195e+06
1.29965e+06
1.27759e+06
1.25569e+06
1.234e+06
1.21248e+06
1.19118e+06
1.17003e+06
1.14911e+06
1.12834e+06
1.10778e+06
1.08739e+06
1.0672e+06
1.04718e+06
1.02735e+06
1.00771e+06
988251
968968
949879
930941
912212
893599
875199
856892
838784
820786
802964
785250
767705
750235
732925
715633
698486
681309
664220
647037
629871
612523
595101
577384
559472
541129
522447
503194
483458
463071
442135
420666
2.89621e+06
2.84033e+06
2.78749e+06
2.73768e+06
2.69072e+06
2.64633e+06
2.60424e+06
2.56413e+06
2.52576e+06
2.48887e+06
2.45325e+06
2.41872e+06
2.38513e+06
2.35236e+06
2.32029e+06
2.28884e+06
2.25793e+06
2.22751e+06
2.19752e+06
2.16793e+06
2.13869e+06
2.10976e+06
2.08114e+06
2.05281e+06
2.02475e+06
1.99692e+06
1.96934e+06
1.94199e+06
1.91487e+06
1.88795e+06
1.86124e+06
1.83471e+06
1.80838e+06
1.78225e+06
1.75632e+06
1.73059e+06
1.70505e+06
1.67971e+06
1.65457e+06
1.62963e+06
1.60487e+06
1.58023e+06
1.55578e+06
1.53144e+06
1.50735e+06
1.48339e+06
1.45974e+06
1.43619e+06
1.41294e+06
1.38985e+06
1.36703e+06
1.34433e+06
1.32191e+06
1.2996e+06
1.27756e+06
1.25564e+06
1.23397e+06
1.21243e+06
1.19114e+06
1.16998e+06
1.14907e+06
1.12828e+06
1.10774e+06
1.08734e+06
1.06716e+06
1.04713e+06
1.02731e+06
1.00765e+06
988209
968908
949828
930874
912152
893525
875136
856813
838721
820700
802892
785150
767615
750104
732796
715466
698310
681091
663977
646743
629538
612128
594652
576864
558883
540467
521711
502402
482616
462224
441310
419918
2.89773e+06
2.84196e+06
2.78914e+06
2.73926e+06
2.69218e+06
2.64764e+06
2.60538e+06
2.56512e+06
2.5266e+06
2.48957e+06
2.45384e+06
2.41921e+06
2.38554e+06
2.3527e+06
2.32057e+06
2.28907e+06
2.25812e+06
2.22766e+06
2.19764e+06
2.16802e+06
2.13875e+06
2.10981e+06
2.08117e+06
2.05283e+06
2.02475e+06
1.99692e+06
1.96933e+06
1.94197e+06
1.91483e+06
1.8879e+06
1.86118e+06
1.83465e+06
1.80832e+06
1.78219e+06
1.75626e+06
1.73053e+06
1.70498e+06
1.67963e+06
1.65449e+06
1.62955e+06
1.60478e+06
1.58016e+06
1.55571e+06
1.53138e+06
1.5073e+06
1.48334e+06
1.4597e+06
1.43614e+06
1.41291e+06
1.38981e+06
1.36701e+06
1.34429e+06
1.32187e+06
1.29956e+06
1.27753e+06
1.2556e+06
1.23394e+06
1.21239e+06
1.19111e+06
1.16994e+06
1.14904e+06
1.12825e+06
1.10771e+06
1.08729e+06
1.06713e+06
1.04709e+06
1.02728e+06
1.00761e+06
988173
968859
949785
930819
912102
893463
875081
856747
838668
820625
802833
785061
767538
749992
732689
715331
698166
680914
663779
646504
629268
611809
594289
576446
558410
539940
521125
501775
481949
461555
440660
419326
2.89886e+06
2.84317e+06
2.79037e+06
2.74044e+06
2.69327e+06
2.64862e+06
2.60624e+06
2.56586e+06
2.52723e+06
2.49011e+06
2.45429e+06
2.41959e+06
2.38585e+06
2.35295e+06
2.32078e+06
2.28924e+06
2.25826e+06
2.22777e+06
2.19773e+06
2.16809e+06
2.1388e+06
2.10985e+06
2.0812e+06
2.05284e+06
2.02475e+06
1.99691e+06
1.96931e+06
1.94194e+06
1.91479e+06
1.88785e+06
1.86112e+06
1.83459e+06
1.80826e+06
1.78213e+06
1.7562e+06
1.73047e+06
1.70493e+06
1.67957e+06
1.65442e+06
1.62947e+06
1.60471e+06
1.5801e+06
1.55565e+06
1.53133e+06
1.50726e+06
1.4833e+06
1.45966e+06
1.4361e+06
1.4129e+06
1.38977e+06
1.36698e+06
1.34427e+06
1.32185e+06
1.29953e+06
1.27751e+06
1.25558e+06
1.23392e+06
1.21237e+06
1.19109e+06
1.16992e+06
1.14902e+06
1.12822e+06
1.10769e+06
1.08727e+06
1.06711e+06
1.04706e+06
1.02726e+06
1.00758e+06
988147
968826
949756
930781
912067
893418
875042
856694
838628
820565
802787
784989
767476
749908
732607
715230
698056
680779
663628
646323
629062
611568
594016
576132
558056
539545
520686
501307
481452
461056
440178
418885
2.8996e+06
2.84397e+06
2.79118e+06
2.74123e+06
2.694e+06
2.64927e+06
2.60682e+06
2.56636e+06
2.52766e+06
2.49047e+06
2.45459e+06
2.41984e+06
2.38606e+06
2.35313e+06
2.32092e+06
2.28936e+06
2.25835e+06
2.22785e+06
2.19779e+06
2.16813e+06
2.13884e+06
2.10987e+06
2.08121e+06
2.05285e+06
2.02475e+06
1.9969e+06
1.96929e+06
1.94191e+06
1.91476e+06
1.88782e+06
1.86108e+06
1.83454e+06
1.80821e+06
1.78208e+06
1.75616e+06
1.73043e+06
1.70489e+06
1.67953e+06
1.65437e+06
1.62942e+06
1.60465e+06
1.58004e+06
1.55559e+06
1.5313e+06
1.50723e+06
1.48327e+06
1.45964e+06
1.43608e+06
1.41288e+06
1.38975e+06
1.36696e+06
1.34425e+06
1.32184e+06
1.29952e+06
1.27749e+06
1.25556e+06
1.23391e+06
1.21235e+06
1.19108e+06
1.1699e+06
1.14901e+06
1.12821e+06
1.10768e+06
1.08726e+06
1.06709e+06
1.04704e+06
1.02725e+06
1.00756e+06
988134
968807
949740
930758
912047
893390
875019
856661
838602
820526
802755
784942
767433
749855
732554
715164
697983
680691
663527
646204
628926
611409
593833
575923
557819
539282
520393
500996
481122
460726
439860
418593
2.89996e+06
2.84437e+06
2.79158e+06
2.74162e+06
2.69436e+06
2.6496e+06
2.60711e+06
2.56661e+06
2.52787e+06
2.49065e+06
2.45474e+06
2.41996e+06
2.38617e+06
2.35321e+06
2.32099e+06
2.28942e+06
2.2584e+06
2.22789e+06
2.19782e+06
2.16815e+06
2.13885e+06
2.10988e+06
2.08122e+06
2.05285e+06
2.02475e+06
1.99689e+06
1.96928e+06
1.9419e+06
1.91474e+06
1.8878e+06
1.86106e+06
1.83452e+06
1.80819e+06
1.78207e+06
1.75614e+06
1.73041e+06
1.70487e+06
1.67951e+06
1.65436e+06
1.6294e+06
1.60462e+06
1.58002e+06
1.55557e+06
1.53128e+06
1.50721e+06
1.48325e+06
1.45963e+06
1.43607e+06
1.41287e+06
1.38974e+06
1.36695e+06
1.34424e+06
1.32183e+06
1.29951e+06
1.27749e+06
1.25555e+06
1.2339e+06
1.21235e+06
1.19107e+06
1.1699e+06
1.149e+06
1.1282e+06
1.10767e+06
1.08725e+06
1.06709e+06
1.04704e+06
1.02724e+06
1.00756e+06
988129
968801
949734
930749
912040
893378
875010
856647
838591
820510
802741
784921
767414
749831
732530
715133
697949
680649
663480
646146
628860
611330
593744
575820
557702
539151
520248
500842
480958
460562
439702
418452
2.56569e+06
2.56188e+06
2.55441e+06
2.54357e+06
2.52966e+06
2.51309e+06
2.49422e+06
2.47344e+06
2.45109e+06
2.42746e+06
2.40279e+06
2.37727e+06
2.3511e+06
2.32443e+06
2.29738e+06
2.27005e+06
2.24251e+06
2.21486e+06
2.18716e+06
2.15943e+06
2.1317e+06
2.104e+06
2.07635e+06
2.0488e+06
2.02134e+06
1.99401e+06
1.96682e+06
1.93978e+06
1.91288e+06
1.88613e+06
1.85951e+06
1.83306e+06
1.80678e+06
1.78071e+06
1.75482e+06
1.72915e+06
1.70368e+06
1.6784e+06
1.65333e+06
1.62845e+06
1.60374e+06
1.57924e+06
1.55492e+06
1.5308e+06
1.50685e+06
1.48309e+06
1.45951e+06
1.43612e+06
1.41291e+06
1.38991e+06
1.36708e+06
1.34445e+06
1.322e+06
1.29975e+06
1.27768e+06
1.2558e+06
1.23411e+06
1.2126e+06
1.19127e+06
1.17014e+06
1.14918e+06
1.12842e+06
1.10786e+06
1.0875e+06
1.06734e+06
1.04737e+06
1.02761e+06
1.00804e+06
988671
969501
950532
931767
913208
894857
876720
858801
841105
823639
806413
789436
772719
756278
740128
724290
708787
693649
678908
664607
650794
637527
624877
612926
601772
591529
582329
574313
567637
562453
558881
557046
2.56637e+06
2.56253e+06
2.55502e+06
2.54412e+06
2.53015e+06
2.51351e+06
2.49458e+06
2.47374e+06
2.45135e+06
2.42768e+06
2.40297e+06
2.37743e+06
2.35123e+06
2.32454e+06
2.29748e+06
2.27013e+06
2.24258e+06
2.21492e+06
2.18721e+06
2.15948e+06
2.13175e+06
2.10404e+06
2.0764e+06
2.04884e+06
2.02138e+06
1.99405e+06
1.96685e+06
1.93981e+06
1.91291e+06
1.88615e+06
1.85953e+06
1.83308e+06
1.8068e+06
1.78072e+06
1.75484e+06
1.72916e+06
1.70369e+06
1.67842e+06
1.65334e+06
1.62846e+06
1.60375e+06
1.57925e+06
1.55493e+06
1.5308e+06
1.50685e+06
1.4831e+06
1.45951e+06
1.43612e+06
1.41291e+06
1.38991e+06
1.36708e+06
1.34445e+06
1.322e+06
1.29975e+06
1.27768e+06
1.25581e+06
1.23411e+06
1.2126e+06
1.19128e+06
1.17014e+06
1.14918e+06
1.12842e+06
1.10786e+06
1.0875e+06
1.06734e+06
1.04737e+06
1.02761e+06
1.00804e+06
988669
969499
950530
931764
913204
894853
876715
858794
841097
823630
806401
789422
772702
756258
740104
724261
708753
693608
678860
664549
650724
637444
624777
612807
601631
591363
582135
574091
567388
562180
558588
556742
2.56772e+06
2.56383e+06
2.55624e+06
2.54522e+06
2.53112e+06
2.51435e+06
2.49529e+06
2.47434e+06
2.45186e+06
2.42811e+06
2.40334e+06
2.37774e+06
2.35149e+06
2.32476e+06
2.29767e+06
2.2703e+06
2.24273e+06
2.21506e+06
2.18734e+06
2.15959e+06
2.13185e+06
2.10414e+06
2.07649e+06
2.04893e+06
2.02147e+06
1.99413e+06
1.96692e+06
1.93987e+06
1.91297e+06
1.88621e+06
1.85958e+06
1.83313e+06
1.80684e+06
1.78075e+06
1.75487e+06
1.72919e+06
1.70371e+06
1.67844e+06
1.65336e+06
1.62848e+06
1.60378e+06
1.57927e+06
1.55494e+06
1.53082e+06
1.50687e+06
1.48311e+06
1.45953e+06
1.43614e+06
1.41292e+06
1.38992e+06
1.36709e+06
1.34446e+06
1.32201e+06
1.29976e+06
1.27769e+06
1.25582e+06
1.23412e+06
1.21261e+06
1.19128e+06
1.17014e+06
1.14919e+06
1.12843e+06
1.10786e+06
1.0875e+06
1.06733e+06
1.04737e+06
1.0276e+06
1.00804e+06
988666
969495
950525
931758
913197
894844
876704
858782
841081
823611
806379
789394
772670
756218
740057
724205
708685
693527
678762
664432
650584
637277
624579
612571
601350
591032
581748
573645
566887
561630
557999
556130
2.56976e+06
2.5658e+06
2.55807e+06
2.54687e+06
2.53257e+06
2.5156e+06
2.49636e+06
2.47525e+06
2.45262e+06
2.42876e+06
2.40389e+06
2.3782e+06
2.35189e+06
2.32511e+06
2.29797e+06
2.27055e+06
2.24296e+06
2.21526e+06
2.18752e+06
2.15976e+06
2.132e+06
2.10427e+06
2.07662e+06
2.04906e+06
2.0216e+06
1.99424e+06
1.96702e+06
1.93995e+06
1.91304e+06
1.88628e+06
1.85964e+06
1.83318e+06
1.80689e+06
1.78079e+06
1.7549e+06
1.72922e+06
1.70375e+06
1.67847e+06
1.65339e+06
1.62851e+06
1.60381e+06
1.57929e+06
1.55497e+06
1.53084e+06
1.50689e+06
1.48314e+06
1.45955e+06
1.43616e+06
1.41295e+06
1.38994e+06
1.3671e+06
1.34448e+06
1.32203e+06
1.29978e+06
1.27771e+06
1.25584e+06
1.23414e+06
1.21263e+06
1.1913e+06
1.17016e+06
1.1492e+06
1.12843e+06
1.10786e+06
1.0875e+06
1.06733e+06
1.04737e+06
1.0276e+06
1.00803e+06
988662
969490
950519
931750
913187
894832
876689
858763
841058
823583
806345
789354
772621
756160
739987
724120
708584
693406
678617
664258
650376
637028
624281
612217
600931
590536
581168
572976
566134
560798
557106
555202
2.57251e+06
2.56844e+06
2.56051e+06
2.54907e+06
2.53449e+06
2.51726e+06
2.49777e+06
2.47644e+06
2.45364e+06
2.42962e+06
2.40462e+06
2.37883e+06
2.35242e+06
2.32556e+06
2.29835e+06
2.27089e+06
2.24325e+06
2.21552e+06
2.18776e+06
2.15998e+06
2.1322e+06
2.10445e+06
2.07678e+06
2.04921e+06
2.02174e+06
1.99437e+06
1.96713e+06
1.94005e+06
1.91312e+06
1.88635e+06
1.85971e+06
1.83324e+06
1.80695e+06
1.78084e+06
1.75495e+06
1.72926e+06
1.70379e+06
1.67851e+06
1.65343e+06
1.62855e+06
1.60384e+06
1.57933e+06
1.55501e+06
1.53088e+06
1.50693e+06
1.48317e+06
1.45958e+06
1.43619e+06
1.41297e+06
1.38997e+06
1.36713e+06
1.34451e+06
1.32205e+06
1.29981e+06
1.27774e+06
1.25586e+06
1.23417e+06
1.21265e+06
1.19132e+06
1.17017e+06
1.14921e+06
1.12844e+06
1.10787e+06
1.0875e+06
1.06733e+06
1.04737e+06
1.0276e+06
1.00803e+06
988658
969485
950511
931740
913174
894816
876669
858738
841029
823547
806301
789301
772557
756083
739894
724009
708451
693246
678425
664028
650101
636699
623888
611749
600374
589878
580397
572085
565125
559682
555905
553951
2.57597e+06
2.57176e+06
2.56358e+06
2.55181e+06
2.53688e+06
2.51931e+06
2.49952e+06
2.47793e+06
2.4549e+06
2.43069e+06
2.40553e+06
2.3796e+06
2.35308e+06
2.32612e+06
2.29883e+06
2.27129e+06
2.2436e+06
2.21583e+06
2.18803e+06
2.16022e+06
2.13241e+06
2.10464e+06
2.07695e+06
2.04938e+06
2.0219e+06
1.99451e+06
1.96724e+06
1.94014e+06
1.9132e+06
1.88642e+06
1.85978e+06
1.8333e+06
1.80701e+06
1.78089e+06
1.755e+06
1.72931e+06
1.70384e+06
1.67856e+06
1.65348e+06
1.6286e+06
1.60389e+06
1.57937e+06
1.55505e+06
1.53092e+06
1.50696e+06
1.48321e+06
1.45962e+06
1.43622e+06
1.413e+06
1.39e+06
1.36716e+06
1.34454e+06
1.32209e+06
1.29984e+06
1.27777e+06
1.25589e+06
1.2342e+06
1.21268e+06
1.19134e+06
1.17019e+06
1.14923e+06
1.12845e+06
1.10788e+06
1.0875e+06
1.06733e+06
1.04737e+06
1.0276e+06
1.00803e+06
988654
969478
950502
931729
913159
894797
876645
858709
840992
823502
806247
789235
772478
755988
739780
723872
708287
693048
678189
663745
649761
636292
623401
611167
599683
589061
579437
570973
563859
558274
554384
552367
2.58018e+06
2.57579e+06
2.56728e+06
2.5551e+06
2.53974e+06
2.52176e+06
2.5016e+06
2.4797e+06
2.4564e+06
2.43196e+06
2.40662e+06
2.38052e+06
2.35385e+06
2.32677e+06
2.29938e+06
2.27176e+06
2.244e+06
2.21618e+06
2.18833e+06
2.16049e+06
2.13265e+06
2.10485e+06
2.07714e+06
2.04955e+06
2.02206e+06
1.99465e+06
1.96736e+06
1.94024e+06
1.91328e+06
1.88649e+06
1.85985e+06
1.83336e+06
1.80707e+06
1.78095e+06
1.75505e+06
1.72937e+06
1.7039e+06
1.67862e+06
1.65354e+06
1.62865e+06
1.60395e+06
1.57942e+06
1.55509e+06
1.53096e+06
1.50701e+06
1.48325e+06
1.45966e+06
1.43626e+06
1.41304e+06
1.39004e+06
1.3672e+06
1.34458e+06
1.32212e+06
1.29987e+06
1.27781e+06
1.25593e+06
1.23423e+06
1.21271e+06
1.19137e+06
1.17022e+06
1.14925e+06
1.12846e+06
1.10789e+06
1.08751e+06
1.06734e+06
1.04737e+06
1.0276e+06
1.00803e+06
988649
969471
950492
931715
913141
894775
876617
858674
840949
823450
806183
789158
772385
755876
739645
723710
708092
692815
677908
663408
649358
635809
622823
610477
598862
588088
578293
569641
562335
556570
552536
550438
2.58518e+06
2.58054e+06
2.57163e+06
2.55895e+06
2.54307e+06
2.5246e+06
2.50401e+06
2.48174e+06
2.45813e+06
2.43343e+06
2.40786e+06
2.38157e+06
2.35472e+06
2.3275e+06
2.29999e+06
2.27228e+06
2.24444e+06
2.21655e+06
2.18866e+06
2.16077e+06
2.1329e+06
2.10507e+06
2.07733e+06
2.04972e+06
2.02222e+06
1.99479e+06
1.96748e+06
1.94034e+06
1.91336e+06
1.88657e+06
1.85991e+06
1.83343e+06
1.80714e+06
1.78102e+06
1.75512e+06
1.72944e+06
1.70397e+06
1.67869e+06
1.6536e+06
1.62871e+06
1.60401e+06
1.57948e+06
1.55515e+06
1.53101e+06
1.50706e+06
1.4833e+06
1.45971e+06
1.43631e+06
1.41309e+06
1.39008e+06
1.36724e+06
1.34462e+06
1.32217e+06
1.29992e+06
1.27785e+06
1.25597e+06
1.23428e+06
1.21275e+06
1.19141e+06
1.17024e+06
1.14927e+06
1.12848e+06
1.1079e+06
1.08751e+06
1.06734e+06
1.04737e+06
1.0276e+06
1.00802e+06
988643
969463
950480
931700
913121
894750
876585
858635
840900
823390
806110
789069
772278
755747
739490
723524
707868
692546
677586
663022
648895
635253
622158
609682
597914
586963
576967
568093
560553
554566
550352
548153
2.59099e+06
2.58607e+06
2.57665e+06
2.56336e+06
2.54686e+06
2.52782e+06
2.50673e+06
2.48405e+06
2.46007e+06
2.43506e+06
2.40923e+06
2.38272e+06
2.35568e+06
2.3283e+06
2.30066e+06
2.27285e+06
2.24492e+06
2.21696e+06
2.189e+06
2.16107e+06
2.13315e+06
2.10529e+06
2.07752e+06
2.04989e+06
2.02237e+06
1.99493e+06
1.9676e+06
1.94044e+06
1.91345e+06
1.88664e+06
1.85998e+06
1.83349e+06
1.8072e+06
1.78108e+06
1.75519e+06
1.72951e+06
1.70404e+06
1.67876e+06
1.65367e+06
1.62878e+06
1.60407e+06
1.57954e+06
1.55521e+06
1.53107e+06
1.50711e+06
1.48335e+06
1.45976e+06
1.43636e+06
1.41314e+06
1.39013e+06
1.36729e+06
1.34467e+06
1.32222e+06
1.29996e+06
1.27791e+06
1.25602e+06
1.23432e+06
1.21279e+06
1.19144e+06
1.17027e+06
1.14929e+06
1.1285e+06
1.10791e+06
1.08752e+06
1.06734e+06
1.04737e+06
1.0276e+06
1.00802e+06
988638
969455
950469
931684
913100
894722
876550
858591
840846
823323
806028
788970
772158
755602
739316
723315
707617
692244
677224
662588
648374
634629
621410
608787
596845
585691
575463
566331
558514
552257
547822
545495
2.59769e+06
2.59239e+06
2.58237e+06
2.56835e+06
2.55113e+06
2.53143e+06
2.50977e+06
2.4866e+06
2.46221e+06
2.43685e+06
2.41073e+06
2.38396e+06
2.35672e+06
2.32915e+06
2.30138e+06
2.27346e+06
2.24544e+06
2.21739e+06
2.18936e+06
2.16138e+06
2.13341e+06
2.10551e+06
2.07771e+06
2.05005e+06
2.02252e+06
1.99506e+06
1.96772e+06
1.94054e+06
1.91353e+06
1.88671e+06
1.86004e+06
1.83356e+06
1.80726e+06
1.78115e+06
1.75526e+06
1.72958e+06
1.70411e+06
1.67883e+06
1.65374e+06
1.62885e+06
1.60414e+06
1.57961e+06
1.55527e+06
1.53113e+06
1.50717e+06
1.4834e+06
1.45981e+06
1.43642e+06
1.41319e+06
1.39019e+06
1.36735e+06
1.34472e+06
1.32228e+06
1.30002e+06
1.27796e+06
1.25607e+06
1.23437e+06
1.21283e+06
1.19148e+06
1.1703e+06
1.14932e+06
1.12852e+06
1.10792e+06
1.08753e+06
1.06735e+06
1.04737e+06
1.0276e+06
1.00802e+06
988633
969447
950456
931668
913077
894693
876512
858544
840787
823251
805939
788862
772026
755443
739124
723084
707340
691912
676825
662108
647799
633939
620584
607797
595661
584280
573788
564358
556217
549640
544934
542449
2.60534e+06
2.59958e+06
2.58879e+06
2.57392e+06
2.55587e+06
2.5354e+06
2.5131e+06
2.48938e+06
2.46452e+06
2.43878e+06
2.41232e+06
2.38529e+06
2.35781e+06
2.33006e+06
2.30214e+06
2.2741e+06
2.24597e+06
2.21784e+06
2.18974e+06
2.1617e+06
2.13368e+06
2.10573e+06
2.07789e+06
2.05021e+06
2.02266e+06
1.99519e+06
1.96783e+06
1.94064e+06
1.91362e+06
1.88678e+06
1.86011e+06
1.83363e+06
1.80733e+06
1.78122e+06
1.75533e+06
1.72965e+06
1.70419e+06
1.6789e+06
1.65381e+06
1.62891e+06
1.60421e+06
1.57967e+06
1.55533e+06
1.53119e+06
1.50723e+06
1.48346e+06
1.45987e+06
1.43647e+06
1.41325e+06
1.39024e+06
1.36741e+06
1.34478e+06
1.32234e+06
1.30007e+06
1.27802e+06
1.25612e+06
1.23442e+06
1.21287e+06
1.19152e+06
1.17033e+06
1.14934e+06
1.12854e+06
1.10794e+06
1.08755e+06
1.06736e+06
1.04738e+06
1.0276e+06
1.00802e+06
988629
969440
950444
931651
913054
894663
876473
858494
840724
823172
805842
788744
771883
755270
738916
722834
707039
691550
676391
661587
647174
633189
619684
606718
594369
582736
571949
562181
553666
546708
541674
538987
2.61403e+06
2.60768e+06
2.59596e+06
2.58007e+06
2.56105e+06
2.53973e+06
2.5167e+06
2.49237e+06
2.46699e+06
2.44081e+06
2.414e+06
2.38667e+06
2.35895e+06
2.331e+06
2.30293e+06
2.27476e+06
2.24652e+06
2.2183e+06
2.19013e+06
2.16202e+06
2.13395e+06
2.10595e+06
2.07808e+06
2.05036e+06
2.02279e+06
1.9953e+06
1.96793e+06
1.94073e+06
1.9137e+06
1.88686e+06
1.86018e+06
1.83369e+06
1.8074e+06
1.78129e+06
1.75541e+06
1.72973e+06
1.70426e+06
1.67898e+06
1.65388e+06
1.62898e+06
1.60427e+06
1.57974e+06
1.5554e+06
1.53125e+06
1.50729e+06
1.48352e+06
1.45993e+06
1.43653e+06
1.41331e+06
1.3903e+06
1.36746e+06
1.34484e+06
1.3224e+06
1.30013e+06
1.27808e+06
1.25617e+06
1.23447e+06
1.21292e+06
1.19156e+06
1.17036e+06
1.14937e+06
1.12856e+06
1.10796e+06
1.08756e+06
1.06737e+06
1.04739e+06
1.0276e+06
1.00802e+06
988625
969433
950432
931634
913030
894631
876432
858441
840657
823089
805740
788618
771730
755085
738692
722565
706715
691162
675924
661028
646502
632384
618717
605558
592977
581068
569954
559807
550864
543458
538022
535088
2.62388e+06
2.61677e+06
2.60389e+06
2.5868e+06
2.56667e+06
2.54439e+06
2.52053e+06
2.49552e+06
2.46959e+06
2.44294e+06
2.41574e+06
2.3881e+06
2.36013e+06
2.33197e+06
2.30373e+06
2.27543e+06
2.24709e+06
2.21877e+06
2.19053e+06
2.16235e+06
2.13423e+06
2.10618e+06
2.07827e+06
2.05051e+06
2.02291e+06
1.9954e+06
1.96803e+06
1.94082e+06
1.91378e+06
1.88693e+06
1.86025e+06
1.83376e+06
1.80746e+06
1.78136e+06
1.75548e+06
1.7298e+06
1.70433e+06
1.67905e+06
1.65396e+06
1.62905e+06
1.60434e+06
1.57981e+06
1.55547e+06
1.53132e+06
1.50735e+06
1.48358e+06
1.45999e+06
1.43659e+06
1.41337e+06
1.39035e+06
1.36752e+06
1.34489e+06
1.32246e+06
1.30019e+06
1.27813e+06
1.25622e+06
1.23451e+06
1.21296e+06
1.19159e+06
1.1704e+06
1.14939e+06
1.12858e+06
1.10797e+06
1.08757e+06
1.06738e+06
1.04739e+06
1.02761e+06
1.00802e+06
988623
969426
950421
931617
913006
894599
876389
858386
840587
823002
805631
788485
771567
754888
738455
722279
706372
690749
675429
660434
645789
631528
617689
604323
591494
579286
567815
557246
547818
539888
533966
530707
2.63502e+06
2.62691e+06
2.6126e+06
2.59408e+06
2.57268e+06
2.54933e+06
2.52458e+06
2.49883e+06
2.47228e+06
2.44514e+06
2.41753e+06
2.38957e+06
2.36134e+06
2.33296e+06
2.30455e+06
2.27611e+06
2.24766e+06
2.21925e+06
2.19092e+06
2.16268e+06
2.1345e+06
2.10641e+06
2.07846e+06
2.05066e+06
2.02303e+06
1.9955e+06
1.96812e+06
1.9409e+06
1.91385e+06
1.88699e+06
1.86031e+06
1.83382e+06
1.80753e+06
1.78143e+06
1.75555e+06
1.72987e+06
1.7044e+06
1.67912e+06
1.65403e+06
1.62913e+06
1.60441e+06
1.57988e+06
1.55554e+06
1.53138e+06
1.50742e+06
1.48364e+06
1.46005e+06
1.43664e+06
1.41342e+06
1.39041e+06
1.36758e+06
1.34494e+06
1.32251e+06
1.30023e+06
1.27817e+06
1.25626e+06
1.23455e+06
1.21299e+06
1.19163e+06
1.17042e+06
1.14942e+06
1.12861e+06
1.10799e+06
1.08759e+06
1.06739e+06
1.0474e+06
1.02761e+06
1.00802e+06
988622
969421
950411
931601
912983
894567
876346
858330
840515
822911
805518
788345
771396
754681
738205
721978
706010
690315
674908
659808
645038
630626
616607
603022
589929
577402
565545
554513
544539
535998
529474
525805
2.64765e+06
2.63818e+06
2.62208e+06
2.60187e+06
2.57905e+06
2.55451e+06
2.52879e+06
2.50225e+06
2.47507e+06
2.4474e+06
2.41937e+06
2.39107e+06
2.36257e+06
2.33397e+06
2.30538e+06
2.2768e+06
2.24823e+06
2.21972e+06
2.19131e+06
2.16299e+06
2.13476e+06
2.10663e+06
2.07864e+06
2.0508e+06
2.02313e+06
1.99559e+06
1.9682e+06
1.94097e+06
1.91392e+06
1.88705e+06
1.86037e+06
1.83388e+06
1.80759e+06
1.7815e+06
1.75562e+06
1.72994e+06
1.70447e+06
1.67919e+06
1.6541e+06
1.6292e+06
1.60449e+06
1.57995e+06
1.55561e+06
1.53145e+06
1.50748e+06
1.48369e+06
1.4601e+06
1.4367e+06
1.41348e+06
1.39046e+06
1.36763e+06
1.34499e+06
1.32255e+06
1.30028e+06
1.27821e+06
1.2563e+06
1.23458e+06
1.21302e+06
1.19165e+06
1.17045e+06
1.14944e+06
1.12863e+06
1.10801e+06
1.08761e+06
1.06741e+06
1.04742e+06
1.02762e+06
1.00803e+06
988623
969418
950402
931586
912959
894534
876302
858272
840440
822816
805399
788199
771218
754465
737943
721663
705632
689862
674364
659156
644255
629686
615477
601664
588293
575428
563158
551624
541042
531792
524531
520311
2.66202e+06
2.65065e+06
2.63231e+06
2.61013e+06
2.58571e+06
2.5599e+06
2.53315e+06
2.50577e+06
2.47792e+06
2.44971e+06
2.42124e+06
2.39259e+06
2.36382e+06
2.33499e+06
2.30621e+06
2.27749e+06
2.24879e+06
2.22019e+06
2.19169e+06
2.1633e+06
2.13502e+06
2.10684e+06
2.07881e+06
2.05094e+06
2.02323e+06
1.99567e+06
1.96827e+06
1.94103e+06
1.91398e+06
1.8871e+06
1.86042e+06
1.83393e+06
1.80765e+06
1.78157e+06
1.75569e+06
1.73002e+06
1.70455e+06
1.67927e+06
1.65418e+06
1.62928e+06
1.60456e+06
1.58002e+06
1.55567e+06
1.53151e+06
1.50754e+06
1.48375e+06
1.46015e+06
1.43675e+06
1.41353e+06
1.39051e+06
1.36768e+06
1.34503e+06
1.32259e+06
1.30031e+06
1.27824e+06
1.25633e+06
1.23461e+06
1.21305e+06
1.19167e+06
1.17047e+06
1.14946e+06
1.12865e+06
1.10803e+06
1.08763e+06
1.06742e+06
1.04743e+06
1.02763e+06
1.00803e+06
988624
969415
950392
931570
912935
894501
876256
858213
840363
822719
805277
788048
771033
754240
737672
721337
705240
689392
673800
658480
643444
628713
614307
600258
586597
573379
560674
548599
537347
527280
519105
514160
2.6785e+06
2.6644e+06
2.64324e+06
2.61879e+06
2.59262e+06
2.56544e+06
2.53761e+06
2.50937e+06
2.48083e+06
2.45207e+06
2.42315e+06
2.39414e+06
2.36509e+06
2.33603e+06
2.30705e+06
2.27817e+06
2.24936e+06
2.22065e+06
2.19207e+06
2.16361e+06
2.13526e+06
2.10704e+06
2.07897e+06
2.05106e+06
2.02333e+06
1.99575e+06
1.96833e+06
1.94109e+06
1.91403e+06
1.88715e+06
1.86047e+06
1.83399e+06
1.80771e+06
1.78164e+06
1.75577e+06
1.7301e+06
1.70463e+06
1.67935e+06
1.65426e+06
1.62936e+06
1.60464e+06
1.5801e+06
1.55574e+06
1.53157e+06
1.50759e+06
1.4838e+06
1.4602e+06
1.43679e+06
1.41357e+06
1.39054e+06
1.36771e+06
1.34506e+06
1.32262e+06
1.30034e+06
1.27826e+06
1.25635e+06
1.23462e+06
1.21306e+06
1.19169e+06
1.17049e+06
1.14948e+06
1.12866e+06
1.10805e+06
1.08764e+06
1.06744e+06
1.04744e+06
1.02764e+06
1.00804e+06
988627
969413
950383
931554
912911
894467
876210
858152
840284
822619
805150
787893
770841
754009
737392
721002
704836
688909
673219
657786
642610
627714
613106
598814
584854
571272
558111
545466
533485
522489
513187
507236
2.69764e+06
2.67946e+06
2.65478e+06
2.62777e+06
2.59972e+06
2.5711e+06
2.54216e+06
2.51304e+06
2.48379e+06
2.45446e+06
2.42509e+06
2.39571e+06
2.36637e+06
2.33708e+06
2.3079e+06
2.27886e+06
2.24992e+06
2.22111e+06
2.19243e+06
2.1639e+06
2.1355e+06
2.10723e+06
2.07912e+06
2.05118e+06
2.02341e+06
1.99581e+06
1.96839e+06
1.94114e+06
1.91408e+06
1.8872e+06
1.86053e+06
1.83405e+06
1.80778e+06
1.78172e+06
1.75585e+06
1.73019e+06
1.70472e+06
1.67944e+06
1.65435e+06
1.62944e+06
1.60472e+06
1.58017e+06
1.55581e+06
1.53163e+06
1.50764e+06
1.48384e+06
1.46024e+06
1.43682e+06
1.4136e+06
1.39057e+06
1.36774e+06
1.34509e+06
1.32264e+06
1.30035e+06
1.27827e+06
1.25636e+06
1.23463e+06
1.21308e+06
1.1917e+06
1.1705e+06
1.14949e+06
1.12868e+06
1.10807e+06
1.08766e+06
1.06745e+06
1.04746e+06
1.02765e+06
1.00805e+06
988629
969412
950375
931541
912889
894436
876166
858093
840204
822517
805021
787734
770645
753772
737105
720659
704423
688416
672627
657078
641759
626696
611881
597342
583078
569123
555493
542254
529495
517460
506765
499400
2.72029e+06
2.6957e+06
2.66678e+06
2.63696e+06
2.60693e+06
2.57684e+06
2.54676e+06
2.51674e+06
2.48678e+06
2.45687e+06
2.42704e+06
2.3973e+06
2.36766e+06
2.33813e+06
2.30875e+06
2.27954e+06
2.25048e+06
2.22156e+06
2.19279e+06
2.16418e+06
2.13572e+06
2.10741e+06
2.07927e+06
2.05129e+06
2.0235e+06
1.99588e+06
1.96844e+06
1.94119e+06
1.91413e+06
1.88726e+06
1.86058e+06
1.83412e+06
1.80785e+06
1.7818e+06
1.75594e+06
1.73028e+06
1.70481e+06
1.67953e+06
1.65444e+06
1.62953e+06
1.6048e+06
1.58025e+06
1.55587e+06
1.53169e+06
1.50769e+06
1.48388e+06
1.46027e+06
1.43685e+06
1.41362e+06
1.39059e+06
1.36776e+06
1.3451e+06
1.32264e+06
1.30036e+06
1.27828e+06
1.25636e+06
1.23463e+06
1.21308e+06
1.1917e+06
1.17051e+06
1.1495e+06
1.1287e+06
1.10808e+06
1.08768e+06
1.06747e+06
1.04747e+06
1.02766e+06
1.00806e+06
988632
969412
950369
931530
912870
894409
876124
858036
840126
822416
804891
787573
770446
753533
736813
720311
704002
687916
672025
656360
640897
625666
610641
595855
581281
566951
552845
538999
525428
512268
499885
490421
2.74724e+06
2.71278e+06
2.67899e+06
2.64624e+06
2.61417e+06
2.58259e+06
2.55138e+06
2.52047e+06
2.48979e+06
2.45931e+06
2.42901e+06
2.3989e+06
2.36896e+06
2.33919e+06
2.3096e+06
2.28023e+06
2.25103e+06
2.222e+06
2.19314e+06
2.16445e+06
2.13594e+06
2.10758e+06
2.0794e+06
2.0514e+06
2.02358e+06
1.99595e+06
1.9685e+06
1.94124e+06
1.91418e+06
1.88732e+06
1.86065e+06
1.83419e+06
1.80793e+06
1.78188e+06
1.75603e+06
1.73037e+06
1.7049e+06
1.67963e+06
1.65453e+06
1.62962e+06
1.60488e+06
1.58032e+06
1.55594e+06
1.53174e+06
1.50773e+06
1.48391e+06
1.46029e+06
1.43687e+06
1.41364e+06
1.3906e+06
1.36776e+06
1.3451e+06
1.32264e+06
1.30036e+06
1.27827e+06
1.25636e+06
1.23463e+06
1.21308e+06
1.1917e+06
1.17052e+06
1.14951e+06
1.12871e+06
1.1081e+06
1.08769e+06
1.06748e+06
1.04749e+06
1.02767e+06
1.00807e+06
988636
969414
950365
931523
912854
894383
876085
857980
840049
822317
804761
787413
770245
753291
736518
719960
703578
687412
671417
655639
640028
624630
609395
594362
579479
564776
550192
535742
521344
507020
492642
479952
389623
305656
236880
177562
127066
85039.7
51437.5
26240.7
9445.99
1049.58
388661
305580
236866
177559
127065
85039.5
51437.4
26240.7
9445.99
1049.58
387435
305434
236839
177553
127063
85039.3
51437.4
26240.7
9446
1049.58
386070
305225
236794
177545
127060
85039
51437.4
26240.7
9446.02
1049.59
384643
304966
236732
177534
127057
85038.7
51437.5
26240.8
9446.06
1049.59
383223
304670
236655
177520
127053
85038.2
51437.7
26241
9446.13
1049.6
381847
304350
236567
177505
127048
85037.6
51437.9
26241.1
9446.21
1049.61
380539
304018
236471
177487
127043
85036.8
51438.1
26241.3
9446.29
1049.63
379312
303682
236371
177467
127038
85035.8
51438.3
26241.6
9446.39
1049.64
378182
303352
236272
177446
127034
85034.9
51438.4
26241.8
9446.49
1049.65
377156
303038
236177
177425
127029
85034
51438.5
26242
9446.58
1049.67
376235
302743
236087
177403
127024
85033.1
51438.6
26242.2
9446.66
1049.68
375418
302471
236003
177382
127020
85032.4
51438.7
26242.4
9446.75
1049.69
374703
302227
235927
177363
127016
85031.9
51438.9
26242.6
9446.85
1049.71
374089
302012
235859
177345
127013
85031.6
51439.1
26242.7
9446.94
1049.73
373578
301829
235801
177329
127010
85031.5
51439.2
26242.9
9447.01
1049.74
373169
301682
235755
177316
127007
85031.3
51439.4
26243
9447.05
1049.75
372862
301571
235720
177307
127006
85031.1
51439.3
26243
9447.07
1049.75
372658
301498
235696
177300
127004
85030.8
51439.3
26243
9447.1
1049.75
372561
301461
235685
177297
127003
85030.5
51439.2
26243
9447.12
1049.75
)
;

boundaryField
{
    inlet
    {
        type            calculated;
        value           nonuniform List<scalar> 
20
(
5.353e+06
5.35312e+06
5.35319e+06
5.35323e+06
5.35327e+06
5.3533e+06
5.35333e+06
5.35334e+06
5.35336e+06
5.35336e+06
5.35337e+06
5.35336e+06
5.35335e+06
5.35333e+06
5.3533e+06
5.35327e+06
5.35324e+06
5.35319e+06
5.35312e+06
5.353e+06
)
;
    }
    outlet
    {
        type            calculated;
        value           uniform 0;
    }
    walls
    {
        type            calculated;
        value           nonuniform List<scalar> 
280
(
5.353e+06
5.07764e+06
4.79076e+06
4.5114e+06
4.24043e+06
3.97794e+06
3.72411e+06
3.47949e+06
3.24567e+06
3.02702e+06
2.89996e+06
2.84437e+06
2.79158e+06
2.74162e+06
2.69436e+06
2.6496e+06
2.60711e+06
2.56661e+06
2.52787e+06
2.49065e+06
2.45474e+06
2.41996e+06
2.38617e+06
2.35321e+06
2.32099e+06
2.28942e+06
2.2584e+06
2.22789e+06
2.19782e+06
2.16815e+06
2.13885e+06
2.10988e+06
2.08122e+06
2.05285e+06
2.02475e+06
1.99689e+06
1.96928e+06
1.9419e+06
1.91474e+06
1.8878e+06
1.86106e+06
1.83452e+06
1.80819e+06
1.78207e+06
1.75614e+06
1.73041e+06
1.70487e+06
1.67951e+06
1.65436e+06
1.6294e+06
1.60462e+06
1.58002e+06
1.55557e+06
1.53128e+06
1.50721e+06
1.48325e+06
1.45963e+06
1.43607e+06
1.41287e+06
1.38974e+06
1.36695e+06
1.34424e+06
1.32183e+06
1.29951e+06
1.27749e+06
1.25555e+06
1.2339e+06
1.21235e+06
1.19107e+06
1.1699e+06
1.149e+06
1.1282e+06
1.10767e+06
1.08725e+06
1.06709e+06
1.04704e+06
1.02724e+06
1.00756e+06
988129
968801
949734
930749
912040
893378
875010
856647
838591
820510
802741
784921
767414
749831
732530
715133
697949
680649
663480
646146
628860
611330
593744
575820
557702
539151
520248
500842
480958
460562
439702
418452
372561
301461
235685
177297
127003
85030.5
51439.2
26243
9447.12
1049.75
5.353e+06
5.07764e+06
4.79075e+06
4.51136e+06
4.24031e+06
3.97757e+06
3.72295e+06
3.47586e+06
3.23428e+06
2.98885e+06
389623
305656
236880
177562
127066
85039.7
51437.5
26240.7
9445.99
1049.58
2.56569e+06
2.56188e+06
2.55441e+06
2.54357e+06
2.52966e+06
2.51309e+06
2.49422e+06
2.47344e+06
2.45109e+06
2.42746e+06
2.40279e+06
2.37727e+06
2.3511e+06
2.32443e+06
2.29738e+06
2.27005e+06
2.24251e+06
2.21486e+06
2.18716e+06
2.15943e+06
2.1317e+06
2.104e+06
2.07635e+06
2.0488e+06
2.02134e+06
1.99401e+06
1.96682e+06
1.93978e+06
1.91288e+06
1.88613e+06
1.85951e+06
1.83306e+06
1.80678e+06
1.78071e+06
1.75482e+06
1.72915e+06
1.70368e+06
1.6784e+06
1.65333e+06
1.62845e+06
1.60374e+06
1.57924e+06
1.55492e+06
1.5308e+06
1.50685e+06
1.48309e+06
1.45951e+06
1.43612e+06
1.41291e+06
1.38991e+06
1.36708e+06
1.34445e+06
1.322e+06
1.29975e+06
1.27768e+06
1.2558e+06
1.23411e+06
1.2126e+06
1.19127e+06
1.17014e+06
1.14918e+06
1.12842e+06
1.10786e+06
1.0875e+06
1.06734e+06
1.04737e+06
1.02761e+06
1.00804e+06
988671
969501
950532
931767
913208
894857
876720
858801
841105
823639
806413
789436
772719
756278
740128
724290
708787
693649
678908
664607
650794
637527
624877
612926
601772
591529
582329
574313
567637
562453
558881
557046
2.56569e+06
2.56637e+06
2.56772e+06
2.56976e+06
2.57251e+06
2.57597e+06
2.58018e+06
2.58518e+06
2.59099e+06
2.59769e+06
2.60534e+06
2.61403e+06
2.62388e+06
2.63502e+06
2.64765e+06
2.66202e+06
2.6785e+06
2.69764e+06
2.72029e+06
2.74724e+06
557046
556742
556130
555202
553951
552367
550438
548153
545495
542449
538987
535088
530707
525805
520311
514160
507236
499400
490421
479952
)
;
    }
    frontAndBack
    {
        type            empty;
    }
}


// ************************************************************************* //
