/*--------------------------------*- C++ -*----------------------------------*\
| =========                 |                                                 |
| \\      /  F ield         | OpenFOAM: The Open Source CFD Toolbox           |
|  \\    /   O peration     | Version:  2.4.0                                 |
|   \\  /    A nd           | Web:      www.OpenFOAM.org                      |
|    \\/     M anipulation  |                                                 |
\*---------------------------------------------------------------------------*/
FoamFile
{
    version     2.0;
    format      ascii;
    class       volVectorField;
    location    "0.011";
    object      U;
}
// * * * * * * * * * * * * * * * * * * * * * * * * * * * * * * * * * * * * * //

dimensions      [0 1 -1 0 0 0 0];

internalField   nonuniform List<vector> 
4400
(
(5.40582 0.316286 0)
(3.35539 0.0611425 0)
(2.58988 0.00388441 0)
(2.20483 -0.000322153 0)
(2.1154 -0.00171628 0)
(2.20945 -0.00360224 0)
(2.13068 0.00345841 0)
(2.31075 -0.00152489 0)
(2.11773 -0.00395577 0)
(3.26661 -0.196891 0)
(8.67974 0.853133 0)
(7.63223 0.341481 0)
(6.66439 0.126257 0)
(5.92488 0.0512104 0)
(5.66278 -0.00497222 0)
(5.85788 -0.00406756 0)
(5.58059 -0.00499473 0)
(6.15836 0.00378478 0)
(5.46959 -0.0609928 0)
(7.24265 0.123609 0)
(9.86771 0.927116 0)
(10.1052 0.469004 0)
(9.53914 0.232225 0)
(8.81586 0.118653 0)
(8.43458 0.00309204 0)
(8.67904 -0.00829798 0)
(8.23556 -0.015477 0)
(9.06648 0.00547273 0)
(8.24482 -0.0964775 0)
(9.70449 0.742049 0)
(10.0826 0.789201 0)
(11.2013 0.480496 0)
(11.2818 0.289565 0)
(10.9091 0.182945 0)
(10.5562 -0.00266553 0)
(10.7372 0.0184238 0)
(10.3831 -0.0433917 0)
(11.0455 -0.0064973 0)
(10.46 -0.0290245 0)
(10.4784 1.10682 0)
(10.0254 0.628314 0)
(11.3366 0.41471 0)
(11.9679 0.276137 0)
(11.9886 0.191123 0)
(11.8956 0.0170385 0)
(11.7823 -0.00852115 0)
(11.8078 -0.00995327 0)
(11.983 -0.0143284 0)
(11.6295 0.0160756 0)
(12.0359 0.966979 0)
(9.9969 0.500979 0)
(11.2197 0.337532 0)
(12.0446 0.222397 0)
(12.3232 0.17148 0)
(12.265 -0.00647596 0)
(12.0723 0.0387719 0)
(12.2734 -0.0570647 0)
(12.0849 -0.0105292 0)
(12.0081 0.0727059 0)
(12.6286 0.646415 0)
(9.99796 0.384502 0)
(11.1357 0.266199 0)
(12.0008 0.167891 0)
(12.3247 0.122886 0)
(12.2413 0.0282055 0)
(12.1771 -0.0298109 0)
(12.1182 0.0293831 0)
(12.2803 -0.00818467 0)
(12.0114 -0.0253527 0)
(12.6319 0.525967 0)
(10.0038 0.271647 0)
(11.0845 0.193002 0)
(11.9677 0.110412 0)
(12.255 0.109909 0)
(12.2728 -0.0212117 0)
(12.0612 0.0479789 0)
(12.2179 -0.0271442 0)
(12.2182 -0.0295304 0)
(12.0499 0.0604296 0)
(12.7528 0.306069 0)
(10.0074 0.161309 0)
(11.0553 0.116969 0)
(11.9359 0.0673839 0)
(12.237 0.0557942 0)
(12.2303 0.0161883 0)
(12.081 -0.018268 0)
(12.2003 0.0286059 0)
(12.1989 -0.0051698 0)
(12.1084 -0.0385642 0)
(12.3258 0.313083 0)
(10.0096 0.0526631 0)
(11.0391 0.0424921 0)
(11.9249 0.0143568 0)
(12.2159 0.035798 0)
(12.2309 -0.0264334 0)
(12.0718 0.0323629 0)
(12.1821 -0.00659104 0)
(12.2245 -0.0420739 0)
(12.0579 0.0330703 0)
(12.5838 0.127744 0)
(10.0098 -0.0549426 0)
(11.0387 -0.0346781 0)
(11.9251 -0.0295668 0)
(12.2167 -0.00980843 0)
(12.2286 -0.0097451 0)
(12.0727 -0.0028524 0)
(12.1885 0.0149428 0)
(12.2116 -0.00605746 0)
(12.1162 -0.0541844 0)
(12.335 0.0341279 0)
(10.0082 -0.163432 0)
(11.0526 -0.110119 0)
(11.9407 -0.0792249 0)
(12.2286 -0.0392572 0)
(12.24 -0.0316964 0)
(12.0793 0.0212024 0)
(12.1834 -0.00261653 0)
(12.2163 -0.032782 0)
(12.106 -0.0134477 0)
(12.3448 0.0371218 0)
(10.0048 -0.273613 0)
(11.0815 -0.185749 0)
(11.9707 -0.126937 0)
(12.2556 -0.076858 0)
(12.2598 -0.0320157 0)
(12.0917 0.0111535 0)
(12.1859 0.00414539 0)
(12.2141 -0.0163158 0)
(12.105 -0.0545215 0)
(12.2992 -0.0810168 0)
(10.0001 -0.386393 0)
(11.1282 -0.260216 0)
(12.0158 -0.178177 0)
(12.2953 -0.110646 0)
(12.29 -0.0391557 0)
(12.1084 0.019933 0)
(12.1887 -0.00658436 0)
(12.2136 -0.0175205 0)
(12.1114 -0.0542669 0)
(12.2621 -0.0499162 0)
(9.99968 -0.501821 0)
(11.2105 -0.333556 0)
(12.0607 -0.233499 0)
(12.2993 -0.146728 0)
(12.2813 -0.0419965 0)
(12.0997 0.0248522 0)
(12.17 -0.00686669 0)
(12.1789 -0.0100255 0)
(12.0915 -0.0720614 0)
(12.1569 -0.120061 0)
(10.0258 -0.629438 0)
(11.3342 -0.410803 0)
(11.9706 -0.284791 0)
(11.9851 -0.176428 0)
(11.8956 -0.0436472 0)
(11.7618 0.0294445 0)
(11.8455 -0.00861162 0)
(11.808 -0.00477841 0)
(11.8069 -0.0749269 0)
(11.6329 -0.0965092 0)
(10.0831 -0.78952 0)
(11.1969 -0.478535 0)
(11.2941 -0.296242 0)
(10.873 -0.167416 0)
(10.6339 -0.034448 0)
(10.5559 0.0275453 0)
(10.6561 -0.00787259 0)
(10.554 -0.00307939 0)
(10.6586 -0.0649633 0)
(10.2022 -0.0868008 0)
(9.86607 -0.927281 0)
(10.1061 -0.468192 0)
(9.54133 -0.23512 0)
(8.79491 -0.112706 0)
(8.49872 -0.0150149 0)
(8.48253 0.0217553 0)
(8.57932 -0.00487729 0)
(8.46024 -0.00334246 0)
(8.58839 -0.0463217 0)
(8.00163 -0.0490359 0)
(8.67851 -0.853206 0)
(7.63392 -0.341108 0)
(6.66236 -0.127599 0)
(5.91681 -0.0486595 0)
(5.69536 -0.00166547 0)
(5.7323 0.012554 0)
(5.80803 -0.00168295 0)
(5.72206 -0.00274269 0)
(5.80356 -0.0209966 0)
(5.29386 -0.0203019 0)
(5.40523 -0.316323 0)
(3.35638 -0.0610458 0)
(2.58795 -0.0041495 0)
(2.20333 0.00077652 0)
(2.12409 0.00133025 0)
(2.16846 0.00221688 0)
(2.20677 1.09027e-05 0)
(2.17768 -2.04631e-05 0)
(2.19457 5.69809e-05 0)
(1.99308 0.0140118 0)
(3.4202 3.01811 0)
(2.04318 5.87776 0)
(9.17183 -1.6295 0)
(10.2559 -6.60014 0)
(10.6627 -7.1376 0)
(9.41876 -6.0708 0)
(7.66784 -5.38023 0)
(7.85177 -4.31574 0)
(6.96491 -3.60649 0)
(5.86365 -3.21264 0)
(5.67002 -2.60708 0)
(5.74195 -1.99933 0)
(5.6831 -1.58668 0)
(5.5573 -1.3081 0)
(5.45182 -1.08342 0)
(5.38186 -0.889852 0)
(5.33648 -0.726552 0)
(5.30559 -0.591929 0)
(5.28367 -0.481977 0)
(5.26783 -0.392384 0)
(5.25629 -0.319409 0)
(5.24786 -0.25997 0)
(5.24167 -0.211558 0)
(5.23711 -0.172131 0)
(5.23373 -0.140028 0)
(5.23121 -0.113893 0)
(5.22933 -0.0926196 0)
(5.22791 -0.0753071 0)
(5.22683 -0.0612202 0)
(5.22601 -0.0497598 0)
(5.22538 -0.0404373 0)
(5.2249 -0.0328552 0)
(5.22452 -0.0266894 0)
(5.22423 -0.0216743 0)
(5.224 -0.0175969 0)
(5.22382 -0.0142813 0)
(5.22368 -0.0115829 0)
(5.22357 -0.00938839 0)
(5.22348 -0.00760347 0)
(5.22341 -0.00614833 0)
(5.22335 -0.00496055 0)
(5.22331 -0.00399029 0)
(5.22328 -0.00319546 0)
(5.22325 -0.00254108 0)
(5.22322 -0.00199891 0)
(5.22321 -0.00154577 0)
(5.22319 -0.00116213 0)
(5.22318 -0.00083156 0)
(5.22318 -0.000540015 0)
(5.22317 -0.000275216 0)
(5.22317 -2.62573e-05 0)
(5.22317 0.000217029 0)
(5.22317 0.000464156 0)
(5.22318 0.00072497 0)
(5.22318 0.00100948 0)
(5.22319 0.00132867 0)
(5.2232 0.00169452 0)
(5.22322 0.00212073 0)
(5.22323 0.00262307 0)
(5.22325 0.00322004 0)
(5.22328 0.00393354 0)
(5.22331 0.00478976 0)
(5.22335 0.00582012 0)
(5.2234 0.00706232 0)
(5.22346 0.00856173 0)
(5.22354 0.0103732 0)
(5.22362 0.0125629 0)
(5.22373 0.0152109 0)
(5.22387 0.0184139 0)
(5.22403 0.022289 0)
(5.22423 0.0269778 0)
(5.22447 0.0326524 0)
(5.22477 0.0395203 0)
(5.22515 0.0478349 0)
(5.22562 0.0579001 0)
(5.22618 0.0700984 0)
(5.22695 0.0848557 0)
(5.22778 0.102821 0)
(5.2292 0.12441 0)
(5.2301 0.151261 0)
(5.23354 0.182277 0)
(5.23265 0.224631 0)
(5.24338 0.26546 0)
(5.23193 0.342935 0)
(5.26558 0.379173 0)
(5.21617 0.554994 0)
(5.29188 0.523927 0)
(5.16784 0.938784 0)
(5.23166 0.70573 0)
(5.05982 1.44012 0)
(5.09552 0.932847 0)
(4.72374 1.86587 0)
(5.14637 1.27098 0)
(4.76059 2.2614 0)
(4.93656 2.10532 0)
(4.68649 3.44515 0)
(4.96554 3.20462 0)
(4.84526 5.01349 0)
(6.45247 5.25457 0)
(3.62505 9.93991 0)
(0.0477117 2.8439 0)
(4.82103 3.14596 0)
(12.4198 -2.69003 0)
(12.0256 -6.3371 0)
(10.0302 -7.14 0)
(9.55778 -5.85477 0)
(7.65451 -4.9938 0)
(7.40205 -4.16729 0)
(7.5655 -3.24511 0)
(6.64033 -2.83283 0)
(5.89212 -2.4934 0)
(5.71529 -2.00296 0)
(5.69199 -1.56714 0)
(5.62884 -1.26392 0)
(5.53981 -1.0423 0)
(5.46005 -0.860551 0)
(5.39998 -0.706713 0)
(5.3566 -0.578108 0)
(5.32493 -0.47201 0)
(5.30137 -0.385048 0)
(5.28362 -0.313953 0)
(5.27014 -0.255886 0)
(5.25983 -0.208483 0)
(5.25191 -0.169803 0)
(5.24579 -0.138255 0)
(5.24103 -0.112535 0)
(5.23732 -0.0915738 0)
(5.23442 -0.074498 0)
(5.23213 -0.0605905 0)
(5.23032 -0.0492674 0)
(5.22889 -0.0400516 0)
(5.22775 -0.0325502 0)
(5.22685 -0.0264485 0)
(5.22612 -0.0214834 0)
(5.22554 -0.0174445 0)
(5.22507 -0.0141596 0)
(5.2247 -0.0114856 0)
(5.2244 -0.0093107 0)
(5.22416 -0.00754131 0)
(5.22396 -0.00609846 0)
(5.2238 -0.00492045 0)
(5.22368 -0.00395834 0)
(5.22358 -0.00317026 0)
(5.2235 -0.00252132 0)
(5.22343 -0.0019835 0)
(5.22338 -0.00153387 0)
(5.22334 -0.00115317 0)
(5.22331 -0.000825089 0)
(5.22329 -0.000535665 0)
(5.22328 -0.000272762 0)
(5.22327 -2.54205e-05 0)
(5.22327 0.000216222 0)
(5.22328 0.000461766 0)
(5.22329 0.000720914 0)
(5.22331 0.00100371 0)
(5.22333 0.00132089 0)
(5.22337 0.00168446 0)
(5.22341 0.00210796 0)
(5.22346 0.00260713 0)
(5.22353 0.00320029 0)
(5.22361 0.00390925 0)
(5.22371 0.00476008 0)
(5.22383 0.00578394 0)
(5.22397 0.00701826 0)
(5.22415 0.00850819 0)
(5.22437 0.0103082 0)
(5.22463 0.012484 0)
(5.22495 0.0151151 0)
(5.22534 0.0182973 0)
(5.22581 0.0221472 0)
(5.22638 0.0268052 0)
(5.22708 0.0324417 0)
(5.22793 0.0392629 0)
(5.22897 0.0475197 0)
(5.23024 0.0575132 0)
(5.23179 0.0696221 0)
(5.23375 0.0842657 0)
(5.236 0.102095 0)
(5.23928 0.123478 0)
(5.24209 0.15018 0)
(5.24888 0.180614 0)
(5.24965 0.223406 0)
(5.26871 0.26131 0)
(5.2535 0.344541 0)
(5.31597 0.363837 0)
(5.2315 0.579509 0)
(5.41322 0.462499 0)
(5.14946 1.06567 0)
(5.44021 0.532204 0)
(5.16917 1.70435 0)
(5.06827 0.70273 0)
(5.30095 2.06534 0)
(4.93133 1.01208 0)
(5.25569 2.42571 0)
(5.1868 1.95437 0)
(5.15731 3.41654 0)
(6.06197 2.92503 0)
(4.9491 5.3633 0)
(7.21477 5.12352 0)
(5.1512 10.7415 0)
(3.61618 2.20748 0)
(9.47303 0.721029 0)
(14.9516 -3.13806 0)
(13.9427 -5.3472 0)
(10.192 -6.20802 0)
(9.39224 -5.34288 0)
(8.24057 -4.49319 0)
(6.8732 -4.09419 0)
(7.09253 -3.23153 0)
(7.10046 -2.50463 0)
(6.463 -2.18585 0)
(5.94909 -1.89435 0)
(5.74494 -1.54608 0)
(5.66557 -1.2425 0)
(5.59702 -1.01096 0)
(5.52394 -0.830185 0)
(5.458 -0.68249 0)
(5.40521 -0.559956 0)
(5.36476 -0.458479 0)
(5.3339 -0.374851 0)
(5.31019 -0.306183 0)
(5.29184 -0.249918 0)
(5.27756 -0.20387 0)
(5.26638 -0.166219 0)
(5.2576 -0.135456 0)
(5.25066 -0.110339 0)
(5.24518 -0.0898445 0)
(5.24082 -0.0731305 0)
(5.23734 -0.0595056 0)
(5.23457 -0.0484047 0)
(5.23235 -0.0393623 0)
(5.23057 -0.0319995 0)
(5.22913 -0.0260074 0)
(5.22798 -0.0211284 0)
(5.22706 -0.017159 0)
(5.22631 -0.0139307 0)
(5.2257 -0.0113012 0)
(5.22521 -0.0091614 0)
(5.22482 -0.00742095 0)
(5.2245 -0.00600188 0)
(5.22425 -0.00484273 0)
(5.22404 -0.00389562 0)
(5.22387 -0.00311977 0)
(5.22374 -0.00248091 0)
(5.22364 -0.0019514 0)
(5.22355 -0.00150874 0)
(5.22349 -0.00113396 0)
(5.22344 -0.000810931 0)
(5.22341 -0.000525891 0)
(5.22339 -0.000266855 0)
(5.22338 -2.31802e-05 0)
(5.22338 0.000215086 0)
(5.22338 0.000457295 0)
(5.2234 0.000713004 0)
(5.22343 0.000992106 0)
(5.22348 0.00130523 0)
(5.22353 0.00166421 0)
(5.2236 0.00208234 0)
(5.22369 0.0025752 0)
(5.2238 0.0031609 0)
(5.22393 0.00386099 0)
(5.2241 0.00470109 0)
(5.22429 0.00571202 0)
(5.22454 0.00693082 0)
(5.22483 0.00840196 0)
(5.22519 0.0101792 0)
(5.22563 0.0123273 0)
(5.22616 0.0149249 0)
(5.2268 0.0180666 0)
(5.22757 0.021867 0)
(5.22852 0.0264649 0)
(5.22966 0.0320282 0)
(5.23106 0.0387599 0)
(5.23275 0.046907 0)
(5.23483 0.056766 0)
(5.23733 0.0687079 0)
(5.24048 0.0831463 0)
(5.24412 0.100717 0)
(5.24925 0.121767 0)
(5.25386 0.148109 0)
(5.26418 0.177784 0)
(5.26594 0.220664 0)
(5.2947 0.255148 0)
(5.27254 0.343859 0)
(5.36979 0.344048 0)
(5.24075 0.598527 0)
(5.5559 0.393019 0)
(5.07911 1.18635 0)
(5.83898 0.329389 0)
(4.8775 2.0562 0)
(5.77817 0.344742 0)
(5.04357 2.39945 0)
(5.76449 0.824416 0)
(4.73459 2.67628 0)
(6.48063 1.52339 0)
(5.04061 3.77368 0)
(7.41199 2.24096 0)
(5.41814 5.44609 0)
(9.15037 4.23732 0)
(6.5053 10.6379 0)
(10.4913 1.06652 0)
(14.0722 -0.767463 0)
(15.3837 -3.5168 0)
(14.4401 -4.72471 0)
(11.0075 -5.43946 0)
(8.80191 -4.95769 0)
(8.55624 -3.90802 0)
(7.24862 -3.71029 0)
(6.43981 -3.42049 0)
(6.71172 -2.60622 0)
(6.76187 -1.97952 0)
(6.36745 -1.66875 0)
(5.98069 -1.43474 0)
(5.7693 -1.19594 0)
(5.65954 -0.979279 0)
(5.57959 -0.800613 0)
(5.50964 -0.656314 0)
(5.45031 -0.538694 0)
(5.40258 -0.441904 0)
(5.3651 -0.362043 0)
(5.33579 -0.296248 0)
(5.31282 -0.242165 0)
(5.29473 -0.197789 0)
(5.28043 -0.161428 0)
(5.26908 -0.131667 0)
(5.26004 -0.107333 0)
(5.25283 -0.0874516 0)
(5.24706 -0.0712208 0)
(5.24243 -0.0579784 0)
(5.23872 -0.0471796 0)
(5.23573 -0.0383791 0)
(5.23332 -0.0312086 0)
(5.23137 -0.0253692 0)
(5.22981 -0.0206148 0)
(5.22854 -0.0167448 0)
(5.22751 -0.0135952 0)
(5.22669 -0.0110302 0)
(5.22601 -0.00894279 0)
(5.22547 -0.00724426 0)
(5.22503 -0.00585892 0)
(5.22468 -0.00472712 0)
(5.22439 -0.00380242 0)
(5.22417 -0.0030451 0)
(5.22398 -0.00242151 0)
(5.22384 -0.00190452 0)
(5.22372 -0.0014722 0)
(5.22363 -0.0011061 0)
(5.22357 -0.000790496 0)
(5.22352 -0.000511896 0)
(5.22349 -0.000258582 0)
(5.22348 -2.01267e-05 0)
(5.22347 0.000213165 0)
(5.22349 0.000450439 0)
(5.22351 0.000701066 0)
(5.22356 0.00097475 0)
(5.22361 0.00128184 0)
(5.22369 0.00163391 0)
(5.22379 0.00204404 0)
(5.22391 0.0025275 0)
(5.22406 0.00310202 0)
(5.22425 0.00378871 0)
(5.22448 0.0046128 0)
(5.22476 0.0056045 0)
(5.22509 0.00680005 0)
(5.2255 0.00824311 0)
(5.226 0.00998647 0)
(5.22661 0.0120937 0)
(5.22734 0.0146417 0)
(5.22823 0.0177232 0)
(5.22931 0.0214506 0)
(5.23062 0.0259598 0)
(5.2322 0.0314151 0)
(5.23413 0.0380153 0)
(5.23647 0.0460014 0)
(5.23933 0.0556643 0)
(5.24278 0.0673628 0)
(5.24709 0.081507 0)
(5.25208 0.0986964 0)
(5.25905 0.119304 0)
(5.26535 0.145031 0)
(5.27935 0.173913 0)
(5.28115 0.216235 0)
(5.322 0.247339 0)
(5.28604 0.341044 0)
(5.43177 0.317839 0)
(5.23812 0.617634 0)
(5.70254 0.300317 0)
(5.08019 1.2867 0)
(6.12678 0.138552 0)
(4.84865 2.31946 0)
(6.25115 -0.0136015 0)
(5.09601 2.70541 0)
(5.92588 0.384939 0)
(5.47612 2.95211 0)
(6.35922 1.19211 0)
(4.93904 3.98593 0)
(7.61306 2.10558 0)
(4.39663 5.87247 0)
(10.0231 3.0479 0)
(7.73315 10.0274 0)
(13.6377 -0.042553 0)
(14.2169 -1.27511 0)
(13.9304 -3.00777 0)
(14.0404 -3.80576 0)
(12.4055 -4.40915 0)
(9.13446 -4.6274 0)
(8.44236 -3.64783 0)
(8.21252 -2.99052 0)
(6.9174 -3.07431 0)
(6.30292 -2.77645 0)
(6.50564 -2.08693 0)
(6.53551 -1.56504 0)
(6.25598 -1.29128 0)
(5.95879 -1.10299 0)
(5.76449 -0.92621 0)
(5.64442 -0.764113 0)
(5.55906 -0.626797 0)
(5.49186 -0.514338 0)
(5.43781 -0.42235 0)
(5.39458 -0.346642 0)
(5.3602 -0.284171 0)
(5.33292 -0.232666 0)
(5.31123 -0.190283 0)
(5.29395 -0.15547 0)
(5.28014 -0.126922 0)
(5.26909 -0.103543 0)
(5.26023 -0.0844169 0)
(5.2531 -0.0687858 0)
(5.24736 -0.0560207 0)
(5.24274 -0.0456039 0)
(5.239 -0.0371087 0)
(5.23599 -0.0301829 0)
(5.23355 -0.0245412 0)
(5.23158 -0.0199457 0)
(5.22998 -0.0162025 0)
(5.22869 -0.0131565 0)
(5.22764 -0.0106762 0)
(5.22679 -0.008656 0)
(5.22611 -0.00701139 0)
(5.22555 -0.00567068 0)
(5.2251 -0.00457556 0)
(5.22474 -0.00368049 0)
(5.22445 -0.00294725 0)
(5.22422 -0.0023434 0)
(5.22403 -0.00184265 0)
(5.22389 -0.00142384 0)
(5.22377 -0.00106919 0)
(5.22369 -0.000763386 0)
(5.22363 -0.000493238 0)
(5.22359 -0.000247433 0)
(5.22357 -1.5871e-05 0)
(5.22357 0.00021076 0)
(5.22359 0.000441491 0)
(5.22362 0.000685365 0)
(5.22368 0.000951753 0)
(5.22375 0.00125077 0)
(5.22385 0.0015937 0)
(5.22397 0.00199324 0)
(5.22413 0.00246418 0)
(5.22432 0.00302387 0)
(5.22456 0.00369294 0)
(5.22485 0.0044959 0)
(5.22521 0.00546208 0)
(5.22564 0.00662691 0)
(5.22616 0.00803303 0)
(5.2268 0.00973173 0)
(5.22757 0.0117848 0)
(5.2285 0.0142672 0)
(5.22963 0.0172694 0)
(5.231 0.0209006 0)
(5.23267 0.025293 0)
(5.23469 0.0306062 0)
(5.23713 0.0370337 0)
(5.2401 0.044809 0)
(5.24373 0.0542154 0)
(5.2481 0.0655957 0)
(5.25354 0.0793606 0)
(5.25986 0.0960451 0)
(5.26858 0.116122 0)
(5.27653 0.140925 0)
(5.29417 0.169215 0)
(5.29534 0.20963 0)
(5.35053 0.239504 0)
(5.29084 0.332826 0)
(5.51357 0.291825 0)
(5.17584 0.632123 0)
(5.96507 0.173048 0)
(4.91768 1.41789 0)
(6.7331 -0.216221 0)
(4.88748 2.62534 0)
(7.60272 -0.60874 0)
(5.00371 3.1191 0)
(9.19293 -0.163149 0)
(5.64334 2.94958 0)
(10.757 1.02385 0)
(4.80269 4.26227 0)
(11.5618 1.47974 0)
(4.76688 6.27828 0)
(10.8497 1.79619 0)
(8.31594 9.40689 0)
(13.362 -0.0846729 0)
(14.4677 -0.89493 0)
(13.9154 -2.83282 0)
(12.7284 -3.88229 0)
(12.6115 -3.63691 0)
(10.3848 -3.83163 0)
(8.5012 -3.72714 0)
(8.75034 -2.81918 0)
(8.23223 -2.41008 0)
(6.88126 -2.41729 0)
(6.32474 -2.10193 0)
(6.37113 -1.59205 0)
(6.33528 -1.22008 0)
(6.13361 -1.00364 0)
(5.91088 -0.850235 0)
(5.74002 -0.714625 0)
(5.6207 -0.592754 0)
(5.53562 -0.488287 0)
(5.47193 -0.401351 0)
(5.42243 -0.329608 0)
(5.38323 -0.270444 0)
(5.35194 -0.221662 0)
(5.32691 -0.181478 0)
(5.30684 -0.148423 0)
(5.29072 -0.121273 0)
(5.27776 -0.0990069 0)
(5.26731 -0.0807688 0)
(5.25889 -0.0658472 0)
(5.25209 -0.0536509 0)
(5.2466 -0.0436904 0)
(5.24215 -0.0355621 0)
(5.23855 -0.0289325 0)
(5.23564 -0.0235289 0)
(5.23328 -0.0191256 0)
(5.23137 -0.0155386 0)
(5.22982 -0.0126189 0)
(5.22856 -0.0102405 0)
(5.22754 -0.00830264 0)
(5.22672 -0.00672523 0)
(5.22605 -0.00543957 0)
(5.22551 -0.00438913 0)
(5.22507 -0.00353015 0)
(5.22472 -0.00282638 0)
(5.22444 -0.00224683 0)
(5.22422 -0.00176621 0)
(5.22404 -0.00136418 0)
(5.22391 -0.00102366 0)
(5.22381 -0.000729893 0)
(5.22374 -0.000470197 0)
(5.22369 -0.000233711 0)
(5.22367 -1.06231e-05 0)
(5.22366 0.000207762 0)
(5.22369 0.000430368 0)
(5.22373 0.000665833 0)
(5.22379 0.000923208 0)
(5.22388 0.00121228 0)
(5.224 0.00154387 0)
(5.22415 0.00193022 0)
(5.22434 0.00238569 0)
(5.22458 0.00292709 0)
(5.22486 0.00357432 0)
(5.22521 0.00435105 0)
(5.22564 0.00528571 0)
(5.22617 0.00641261 0)
(5.2268 0.00777297 0)
(5.22757 0.00941633 0)
(5.2285 0.0114025 0)
(5.22963 0.013804 0)
(5.23099 0.0167081 0)
(5.23265 0.0202204 0)
(5.23466 0.0244686 0)
(5.23709 0.0296068 0)
(5.24005 0.0358217 0)
(5.24363 0.0433377 0)
(5.24799 0.0524292 0)
(5.25326 0.0634196 0)
(5.25978 0.0767218 0)
(5.2674 0.0927849 0)
(5.27776 0.112244 0)
(5.28743 0.135816 0)
(5.3082 0.163814 0)
(5.30943 0.200519 0)
(5.37727 0.233387 0)
(5.29353 0.313983 0)
(5.60033 0.283161 0)
(5.06546 0.603939 0)
(6.32647 0.101799 0)
(4.38259 1.46781 0)
(7.8314 -0.549768 0)
(3.96083 2.87781 0)
(9.57872 -0.950655 0)
(3.55106 3.37735 0)
(11.7663 -0.720264 0)
(4.28693 3.45335 0)
(12.8197 0.368175 0)
(5.31067 4.61944 0)
(13.1867 0.552277 0)
(7.07916 6.39123 0)
(12.251 1.3445 0)
(9.5479 8.53802 0)
(13.5982 -0.536387 0)
(13.6602 -1.14834 0)
(12.9835 -2.05313 0)
(11.8877 -3.32217 0)
(11.9933 -3.38814 0)
(11.0857 -2.87398 0)
(8.58112 -3.10511 0)
(8.02232 -2.96924 0)
(8.5795 -2.283 0)
(7.9323 -1.88843 0)
(6.75489 -1.73595 0)
(6.18547 -1.48615 0)
(6.06872 -1.18152 0)
(6.0239 -0.934209 0)
(5.92665 -0.762746 0)
(5.79872 -0.638976 0)
(5.6786 -0.53788 0)
(5.58171 -0.450071 0)
(5.50734 -0.373934 0)
(5.45017 -0.309029 0)
(5.4055 -0.254469 0)
(5.37009 -0.209026 0)
(5.34178 -0.171389 0)
(5.31905 -0.140331 0)
(5.30074 -0.114765 0)
(5.28597 -0.0937632 0)
(5.27405 -0.0765381 0)
(5.2644 -0.0624301 0)
(5.25659 -0.0508882 0)
(5.25027 -0.041455 0)
(5.24515 -0.0337522 0)
(5.241 -0.0274663 0)
(5.23764 -0.0223404 0)
(5.23491 -0.0181624 0)
(5.23269 -0.0147579 0)
(5.2309 -0.0119852 0)
(5.22944 -0.00972675 0)
(5.22826 -0.00788669 0)
(5.2273 -0.00638829 0)
(5.22652 -0.00516671 0)
(5.2259 -0.00416863 0)
(5.22539 -0.00335238 0)
(5.22498 -0.00268357 0)
(5.22466 -0.0021328 0)
(5.2244 -0.00167595 0)
(5.2242 -0.0012937 0)
(5.22404 -0.000969856 0)
(5.22392 -0.000690331 0)
(5.22384 -0.000443012 0)
(5.22378 -0.000217527 0)
(5.22376 -4.5385e-06 0)
(5.22375 0.00020409 0)
(5.22378 0.000417094 0)
(5.22383 0.000642607 0)
(5.2239 0.000889302 0)
(5.22401 0.00116655 0)
(5.22415 0.00148467 0)
(5.22432 0.00185541 0)
(5.22454 0.00229256 0)
(5.22482 0.00281226 0)
(5.22515 0.00343356 0)
(5.22556 0.00417922 0)
(5.22607 0.00507652 0)
(5.22667 0.00615842 0)
(5.22741 0.00746451 0)
(5.22831 0.0090423 0)
(5.2294 0.0109492 0)
(5.23071 0.0132548 0)
(5.23231 0.0160428 0)
(5.23424 0.0194144 0)
(5.23658 0.023492 0)
(5.23942 0.0284233 0)
(5.24286 0.034387 0)
(5.24702 0.0415971 0)
(5.25209 0.0503175 0)
(5.25822 0.0608499 0)
(5.26577 0.0736073 0)
(5.27466 0.088946 0)
(5.2865 0.107682 0)
(5.29805 0.129804 0)
(5.32105 0.157616 0)
(5.3244 0.189324 0)
(5.39844 0.228525 0)
(5.3058 0.285167 0)
(5.65858 0.294952 0)
(4.99838 0.52251 0)
(6.5704 0.134984 0)
(3.90218 1.34098 0)
(8.51244 -0.706912 0)
(2.98821 2.98606 0)
(9.75082 -1.37961 0)
(3.85905 3.43389 0)
(9.46594 -1.3761 0)
(4.64468 3.7352 0)
(9.38584 -0.473206 0)
(5.8243 4.97013 0)
(9.59865 -0.333989 0)
(7.67696 6.77086 0)
(10.8141 1.24871 0)
(10.1492 7.92679 0)
(12.3816 -0.496295 0)
(12.7142 -0.759652 0)
(14.3895 -1.67076 0)
(12.5278 -3.07258 0)
(9.79753 -3.53731 0)
(9.97126 -2.71976 0)
(9.45621 -2.33613 0)
(7.95861 -2.6816 0)
(7.69285 -2.57673 0)
(7.97309 -1.95741 0)
(7.53903 -1.44041 0)
(6.72223 -1.22709 0)
(6.14889 -1.10179 0)
(5.89068 -0.940367 0)
(5.79052 -0.767139 0)
(5.7282 -0.622057 0)
(5.66241 -0.509688 0)
(5.59301 -0.420824 0)
(5.52794 -0.348149 0)
(5.47164 -0.287677 0)
(5.42482 -0.237168 0)
(5.38658 -0.195086 0)
(5.35555 -0.160162 0)
(5.33045 -0.131278 0)
(5.31013 -0.107457 0)
(5.29369 -0.0878567 0)
(5.28037 -0.0717604 0)
(5.26958 -0.0585622 0)
(5.26083 -0.047755 0)
(5.25374 -0.0389157 0)
(5.24798 -0.0316931 0)
(5.24331 -0.0257963 0)
(5.23952 -0.0209856 0)
(5.23644 -0.0170631 0)
(5.23394 -0.0138657 0)
(5.23191 -0.0112612 0)
(5.23027 -0.00913969 0)
(5.22893 -0.00741078 0)
(5.22785 -0.00600227 0)
(5.22697 -0.00485404 0)
(5.22626 -0.00391614 0)
(5.22569 -0.00314895 0)
(5.22523 -0.00252014 0)
(5.22486 -0.00200219 0)
(5.22457 -0.00157249 0)
(5.22434 -0.0012129 0)
(5.22416 -0.000908183 0)
(5.22403 -0.000645005 0)
(5.22393 -0.000411881 0)
(5.22387 -0.000199052 0)
(5.22384 2.185e-06 0)
(5.22384 0.000199798 0)
(5.22387 0.000401784 0)
(5.22392 0.000615846 0)
(5.22401 0.000850254 0)
(5.22413 0.00111389 0)
(5.22429 0.00141651 0)
(5.22449 0.00176929 0)
(5.22474 0.00218535 0)
(5.22505 0.00268005 0)
(5.22543 0.00327154 0)
(5.2259 0.00398145 0)
(5.22647 0.00483575 0)
(5.22716 0.00586589 0)
(5.228 0.00710958 0)
(5.22902 0.008612 0)
(5.23025 0.0104278 0)
(5.23175 0.0126231 0)
(5.23356 0.0152776 0)
(5.23576 0.0184877 0)
(5.23841 0.0223695 0)
(5.24163 0.0270633 0)
(5.24554 0.0327389 0)
(5.25027 0.0395988 0)
(5.25601 0.0478941 0)
(5.26296 0.0579044 0)
(5.27148 0.0700367 0)
(5.2816 0.0845635 0)
(5.29476 0.102446 0)
(5.30834 0.123022 0)
(5.33258 0.150412 0)
(5.34044 0.176956 0)
(5.41273 0.222771 0)
(5.33263 0.252324 0)
(5.67409 0.314328 0)
(5.02591 0.417163 0)
(6.6171 0.227509 0)
(3.77607 1.12246 0)
(8.66787 -0.752769 0)
(2.43055 3.09456 0)
(9.41625 -2.1249 0)
(4.60717 3.81923 0)
(7.64645 -2.05669 0)
(5.2176 3.96236 0)
(8.06256 -1.12546 0)
(6.48841 5.44868 0)
(7.65061 -1.17061 0)
(8.03747 6.76615 0)
(9.42004 0.982271 0)
(10.2983 7.13305 0)
(12.8838 -0.461145 0)
(13.4369 -1.52417 0)
(12.9311 -1.73234 0)
(12.3024 -1.4949 0)
(11.1663 -2.41951 0)
(10.6713 -3.07272 0)
(10.5701 -2.40593 0)
(8.85981 -1.83947 0)
(6.99528 -1.92086 0)
(6.32857 -1.85717 0)
(6.7399 -1.41695 0)
(7.18899 -1.04148 0)
(7.09315 -0.850548 0)
(6.66763 -0.741279 0)
(6.2521 -0.645125 0)
(5.96114 -0.550916 0)
(5.77472 -0.463242 0)
(5.65121 -0.38597 0)
(5.56319 -0.320111 0)
(5.49653 -0.264776 0)
(5.44415 -0.218509 0)
(5.40222 -0.179941 0)
(5.3684 -0.147892 0)
(5.34103 -0.121342 0)
(5.31884 -0.0994095 0)
(5.30085 -0.0813361 0)
(5.28626 -0.0664741 0)
(5.2744 -0.0542747 0)
(5.26478 -0.0442763 0)
(5.25697 -0.0360923 0)
(5.25062 -0.0294012 0)
(5.24546 -0.0239355 0)
(5.24127 -0.0194745 0)
(5.23787 -0.015836 0)
(5.23511 -0.0128696 0)
(5.23286 -0.0104524 0)
(5.23104 -0.00848314 0)
(5.22956 -0.00687837 0)
(5.22836 -0.00557065 0)
(5.22739 -0.00450445 0)
(5.22661 -0.00363361 0)
(5.22597 -0.00292116 0)
(5.22546 -0.00233708 0)
(5.22505 -0.00185589 0)
(5.22473 -0.00145661 0)
(5.22447 -0.00112246 0)
(5.22427 -0.000839198 0)
(5.22413 -0.000594332 0)
(5.22402 -0.000377111 0)
(5.22396 -0.000178493 0)
(5.22392 9.55138e-06 0)
(5.22392 0.000194849 0)
(5.22395 0.000384445 0)
(5.22401 0.000585637 0)
(5.22411 0.000806242 0)
(5.22425 0.0010546 0)
(5.22442 0.00133979 0)
(5.22464 0.00167236 0)
(5.22492 0.00206472 0)
(5.22527 0.00253134 0)
(5.2257 0.0030893 0)
(5.22622 0.00375899 0)
(5.22685 0.00456495 0)
(5.22762 0.0055369 0)
(5.22856 0.00671044 0)
(5.22969 0.0081281 0)
(5.23107 0.00984146 0)
(5.23273 0.0119129 0)
(5.23475 0.0144175 0)
(5.23719 0.0174461 0)
(5.24015 0.0211081 0)
(5.24374 0.0255354 0)
(5.24808 0.030888 0)
(5.25334 0.0373555 0)
(5.25972 0.0451747 0)
(5.26745 0.0546033 0)
(5.27688 0.0660333 0)
(5.28817 0.0796737 0)
(5.30249 0.0965551 0)
(5.31818 0.115589 0)
(5.3429 0.142039 0)
(5.35699 0.164258 0)
(5.42127 0.214018 0)
(5.37122 0.221669 0)
(5.65251 0.326384 0)
(5.143 0.318774 0)
(6.48949 0.323584 0)
(4.02963 0.909888 0)
(8.44563 -0.741999 0)
(2.47152 3.25538 0)
(9.03722 -2.97236 0)
(4.9921 4.41042 0)
(7.00537 -2.57753 0)
(5.69314 4.14308 0)
(7.91011 -1.63318 0)
(6.87073 5.66833 0)
(7.39515 -1.49949 0)
(8.48439 6.36717 0)
(9.15512 1.02863 0)
(9.93996 6.2092 0)
(13.1275 -0.67096 0)
(12.0794 -0.861453 0)
(11.3494 -1.21155 0)
(13.0634 -2.01408 0)
(12.6321 -2.35976 0)
(9.19396 -2.28785 0)
(7.76423 -2.05276 0)
(9.04073 -1.63349 0)
(10.0684 -1.49196 0)
(8.58073 -1.57404 0)
(6.70676 -1.49032 0)
(5.92565 -1.21699 0)
(5.80795 -0.920997 0)
(5.85399 -0.694237 0)
(5.86588 -0.556691 0)
(5.81902 -0.470456 0)
(5.74087 -0.402539 0)
(5.65677 -0.341661 0)
(5.57988 -0.286921 0)
(5.51444 -0.239047 0)
(5.46033 -0.198087 0)
(5.41607 -0.163527 0)
(5.38 -0.134622 0)
(5.35066 -0.110587 0)
(5.32681 -0.0906833 0)
(5.30742 -0.0742516 0)
(5.29165 -0.0607205 0)
(5.27883 -0.0496008 0)
(5.26841 -0.0404789 0)
(5.25994 -0.0330069 0)
(5.25305 -0.0268938 0)
(5.24745 -0.021898 0)
(5.24289 -0.0178189 0)
(5.23919 -0.0144908 0)
(5.23618 -0.0117768 0)
(5.23374 -0.00956479 0)
(5.23176 -0.00776249 0)
(5.23015 -0.00629375 0)
(5.22884 -0.00509651 0)
(5.22778 -0.00412026 0)
(5.22692 -0.00332308 0)
(5.22623 -0.00267085 0)
(5.22568 -0.00213597 0)
(5.22523 -0.00169514 0)
(5.22487 -0.00132925 0)
(5.2246 -0.00102304 0)
(5.22438 -0.00076339 0)
(5.22422 -0.000538676 0)
(5.22411 -0.000338963 0)
(5.22403 -0.000155978 0)
(5.224 1.77096e-05 0)
(5.224 0.000189283 0)
(5.22403 0.0003652 0)
(5.2241 0.000552189 0)
(5.22421 0.000757581 0)
(5.22435 0.000989066 0)
(5.22455 0.001255 0)
(5.22479 0.00156523 0)
(5.2251 0.00193142 0)
(5.22548 0.00236701 0)
(5.22594 0.00288794 0)
(5.22651 0.00351321 0)
(5.22721 0.00426575 0)
(5.22805 0.00517346 0)
(5.22908 0.00626954 0)
(5.23032 0.00759362 0)
(5.23183 0.00919392 0)
(5.23366 0.0111286 0)
(5.23587 0.0134678 0)
(5.23854 0.0162962 0)
(5.24178 0.0197157 0)
(5.24571 0.0238494 0)
(5.25046 0.028846 0)
(5.25622 0.0348819 0)
(5.2632 0.0421769 0)
(5.27165 0.0509684 0)
(5.28193 0.0616233 0)
(5.29432 0.074312 0)
(5.30969 0.0900471 0)
(5.32743 0.107588 0)
(5.35221 0.132477 0)
(5.37315 0.151687 0)
(5.42642 0.201199 0)
(5.41471 0.197087 0)
(5.60924 0.320776 0)
(5.31383 0.248882 0)
(6.2327 0.377241 0)
(4.57723 0.749057 0)
(7.86052 -0.715763 0)
(3.17211 3.39851 0)
(8.55235 -3.71239 0)
(5.11121 5.00117 0)
(6.75808 -2.85535 0)
(6.27014 4.10572 0)
(7.42243 -1.81757 0)
(7.09609 6.01767 0)
(7.60041 -1.48977 0)
(8.20032 5.73827 0)
(9.2045 1.1903 0)
(9.55108 5.18463 0)
(12.2404 -0.186774 0)
(13.1119 -0.516191 0)
(13.1754 -1.6371 0)
(10.9153 -2.05708 0)
(10.4454 -1.50472 0)
(11.7798 -1.3126 0)
(10.6795 -1.93036 0)
(7.98033 -2.23515 0)
(7.05639 -1.71488 0)
(7.37669 -0.985144 0)
(7.60165 -0.674715 0)
(7.33658 -0.687855 0)
(6.85536 -0.702969 0)
(6.44363 -0.6377 0)
(6.1521 -0.540496 0)
(5.95013 -0.449062 0)
(5.80438 -0.372693 0)
(5.69293 -0.309775 0)
(5.60452 -0.2575 0)
(5.53333 -0.21376 0)
(5.47563 -0.17705 0)
(5.4287 -0.146268 0)
(5.39048 -0.12054 0)
(5.35935 -0.0991197 0)
(5.334 -0.0813512 0)
(5.31335 -0.0666592 0)
(5.29653 -0.054544 0)
(5.28284 -0.0445763 0)
(5.2717 -0.036392 0)
(5.26263 -0.0296826 0)
(5.25525 -0.0241901 0)
(5.24924 -0.0196995 0)
(5.24436 -0.0160313 0)
(5.24039 -0.0130376 0)
(5.23716 -0.0105959 0)
(5.23454 -0.00860518 0)
(5.23241 -0.00698298 0)
(5.23067 -0.00566123 0)
(5.22927 -0.00458355 0)
(5.22813 -0.00370464 0)
(5.22721 -0.00298703 0)
(5.22647 -0.00239988 0)
(5.22587 -0.00191824 0)
(5.22539 -0.00152109 0)
(5.22501 -0.00119136 0)
(5.22471 -0.00091545 0)
(5.22448 -0.000681417 0)
(5.2243 -0.000478559 0)
(5.22418 -0.000297815 0)
(5.2241 -0.00013179 0)
(5.22407 2.63463e-05 0)
(5.22407 0.000183021 0)
(5.2241 0.000344077 0)
(5.22418 0.000515629 0)
(5.22429 0.000704507 0)
(5.22445 0.000917647 0)
(5.22466 0.00116262 0)
(5.22493 0.00144857 0)
(5.22526 0.00178629 0)
(5.22567 0.00218812 0)
(5.22617 0.00266874 0)
(5.22679 0.00324566 0)
(5.22754 0.00394006 0)
(5.22846 0.00477786 0)
(5.22957 0.00578965 0)
(5.23091 0.00701189 0)
(5.23254 0.00848919 0)
(5.23451 0.0102751 0)
(5.2369 0.0124344 0)
(5.2398 0.0150451 0)
(5.2433 0.0182011 0)
(5.24754 0.0220158 0)
(5.25268 0.026626 0)
(5.25889 0.0321934 0)
(5.26642 0.0389202 0)
(5.27555 0.0470231 0)
(5.28661 0.0568367 0)
(5.30002 0.0685134 0)
(5.31633 0.0829724 0)
(5.33598 0.0990628 0)
(5.3607 0.12184 0)
(5.38808 0.139267 0)
(5.43053 0.184547 0)
(5.45571 0.179111 0)
(5.56332 0.29523 0)
(5.48715 0.216349 0)
(5.93334 0.360452 0)
(5.21647 0.668461 0)
(7.0398 -0.727413 0)
(4.25132 3.45509 0)
(8.07249 -4.20204 0)
(5.0112 5.56519 0)
(6.78097 -2.86699 0)
(6.56053 3.8098 0)
(7.29218 -1.80489 0)
(7.15384 6.03797 0)
(7.74823 -1.32643 0)
(7.65423 4.98235 0)
(9.46342 1.27798 0)
(9.71823 4.266 0)
(12.4747 -0.700243 0)
(12.2298 -1.12684 0)
(12.1764 -0.651171 0)
(12.4667 -0.743829 0)
(11.3341 -2.00183 0)
(9.73944 -2.28718 0)
(9.44032 -1.24107 0)
(9.40735 -0.631726 0)
(8.6364 -0.998333 0)
(7.5967 -1.33422 0)
(6.91684 -1.21842 0)
(6.5785 -0.924087 0)
(6.38954 -0.667918 0)
(6.23279 -0.513513 0)
(6.07965 -0.424555 0)
(5.93792 -0.362676 0)
(5.81429 -0.310783 0)
(5.70912 -0.264122 0)
(5.62108 -0.222377 0)
(5.54831 -0.185887 0)
(5.48858 -0.154568 0)
(5.43967 -0.128008 0)
(5.39968 -0.105672 0)
(5.36701 -0.0870042 0)
(5.34035 -0.071478 0)
(5.3186 -0.0586146 0)
(5.30086 -0.0479906 0)
(5.2864 -0.0392389 0)
(5.27462 -0.0320459 0)
(5.26502 -0.0261447 0)
(5.25721 -0.0213105 0)
(5.25085 -0.0173563 0)
(5.24567 -0.0141252 0)
(5.24146 -0.0114873 0)
(5.23803 -0.00933545 0)
(5.23525 -0.00758064 0)
(5.23298 -0.00615077 0)
(5.23115 -0.00498581 0)
(5.22965 -0.00403559 0)
(5.22845 -0.00326053 0)
(5.22747 -0.00262789 0)
(5.22668 -0.00211031 0)
(5.22604 -0.00168563 0)
(5.22553 -0.00133513 0)
(5.22513 -0.00104401 0)
(5.22481 -0.0008005 0)
(5.22456 -0.000593894 0)
(5.22438 -0.00041442 0)
(5.22425 -0.000253993 0)
(5.22417 -0.000106105 0)
(5.22413 3.53749e-05 0)
(5.22413 0.000176114 0)
(5.22417 0.000321209 0)
(5.22425 0.000476209 0)
(5.22437 0.000647373 0)
(5.22454 0.000840808 0)
(5.22477 0.00106324 0)
(5.22505 0.0013231 0)
(5.22541 0.00163022 0)
(5.22585 0.00199575 0)
(5.22638 0.00243306 0)
(5.22704 0.00295798 0)
(5.22785 0.00358987 0)
(5.22882 0.00435255 0)
(5.23001 0.00527373 0)
(5.23145 0.00638657 0)
(5.23319 0.00773169 0)
(5.2353 0.00935774 0)
(5.23785 0.0113238 0)
(5.24095 0.0137007 0)
(5.24469 0.0165738 0)
(5.24922 0.0200461 0)
(5.2547 0.0242417 0)
(5.26134 0.0293073 0)
(5.26938 0.0354252 0)
(5.27912 0.0427926 0)
(5.29088 0.0517053 0)
(5.30522 0.062313 0)
(5.3224 0.0753901 0)
(5.34373 0.0900367 0)
(5.36849 0.110324 0)
(5.40127 0.126744 0)
(5.43506 0.165202 0)
(5.48974 0.165442 0)
(5.52822 0.25581 0)
(5.62593 0.212264 0)
(5.68258 0.285431 0)
(5.75517 0.657416 0)
(6.23419 -0.778326 0)
(5.36349 3.32713 0)
(7.58547 -4.31976 0)
(4.82602 5.90813 0)
(6.95919 -2.87891 0)
(6.80817 3.23943 0)
(7.20559 -1.53334 0)
(6.53774 5.62044 0)
(7.72459 -1.20239 0)
(8.00277 3.85249 0)
(9.82279 1.14234 0)
(9.91665 3.60858 0)
(12.4098 -0.216266 0)
(12.4011 -0.307254 0)
(11.9979 -1.18525 0)
(11.5837 -1.62688 0)
(11.4308 -0.965597 0)
(10.7519 -0.773392 0)
(9.51294 -1.35343 0)
(8.63469 -1.49793 0)
(8.23503 -1.0745 0)
(7.86455 -0.657533 0)
(7.38272 -0.509676 0)
(6.92968 -0.49124 0)
(6.58698 -0.474269 0)
(6.33456 -0.429616 0)
(6.13523 -0.371629 0)
(5.97238 -0.315657 0)
(5.83877 -0.2669 0)
(5.72836 -0.225023 0)
(5.63697 -0.188941 0)
(5.56166 -0.157953 0)
(5.49983 -0.131508 0)
(5.44913 -0.109082 0)
(5.4076 -0.0901814 0)
(5.37362 -0.0743438 0)
(5.34584 -0.0611397 0)
(5.32314 -0.0501779 0)
(5.30461 -0.041109 0)
(5.28949 -0.0336281 0)
(5.27715 -0.0274734 0)
(5.2671 -0.0224192 0)
(5.25891 -0.0182764 0)
(5.25224 -0.0148862 0)
(5.24681 -0.0121147 0)
(5.24239 -0.00985157 0)
(5.23879 -0.00800531 0)
(5.23586 -0.00649913 0)
(5.23349 -0.00527182 0)
(5.23156 -0.00427225 0)
(5.22999 -0.00345676 0)
(5.22872 -0.00279156 0)
(5.22769 -0.00224861 0)
(5.22686 -0.00180441 0)
(5.22619 -0.00143985 0)
(5.22566 -0.00113862 0)
(5.22523 -0.0008883 0)
(5.2249 -0.00067911 0)
(5.22464 -0.000501561 0)
(5.22445 -0.000346855 0)
(5.22431 -0.000207931 0)
(5.22422 -7.92514e-05 0)
(5.22418 4.4619e-05 0)
(5.22419 0.000168467 0)
(5.22423 0.000296636 0)
(5.22431 0.0004341 0)
(5.22445 0.00058649 0)
(5.22463 0.000758978 0)
(5.22486 0.00095746 0)
(5.22516 0.0011896 0)
(5.22554 0.00146419 0)
(5.226 0.00179111 0)
(5.22657 0.00218237 0)
(5.22727 0.00265197 0)
(5.22812 0.00321737 0)
(5.22916 0.00390017 0)
(5.23041 0.00472501 0)
(5.23193 0.00572152 0)
(5.23378 0.00692613 0)
(5.23601 0.00838225 0)
(5.23871 0.0101429 0)
(5.24198 0.0122715 0)
(5.24594 0.014844 0)
(5.25074 0.0179528 0)
(5.25653 0.0217084 0)
(5.26355 0.0262416 0)
(5.27204 0.0317142 0)
(5.28233 0.0383034 0)
(5.29474 0.0462635 0)
(5.30989 0.0557477 0)
(5.32787 0.0673627 0)
(5.35062 0.0805318 0)
(5.37561 0.0981362 0)
(5.41253 0.113818 0)
(5.44046 0.144461 0)
(5.5156 0.153021 0)
(5.50829 0.21111 0)
(5.72 0.219247 0)
(5.52165 0.188378 0)
(6.12222 0.674661 0)
(5.63635 -0.826548 0)
(6.26154 3.04924 0)
(7.06485 -4.01877 0)
(4.64701 6.10258 0)
(7.39213 -2.95878 0)
(7.08015 2.82268 0)
(7.0207 -0.995952 0)
(6.32467 4.96224 0)
(7.92093 -1.10464 0)
(8.88766 2.72392 0)
(9.8241 1.17167 0)
(9.85669 3.17821 0)
(12.1964 -0.441361 0)
(12.1833 -0.758751 0)
(12.1833 -0.639344 0)
(11.7586 -0.614028 0)
(10.994 -1.13391 0)
(10.3957 -1.29355 0)
(9.82171 -0.849909 0)
(9.04001 -0.508492 0)
(8.27753 -0.551761 0)
(7.69857 -0.673686 0)
(7.25387 -0.646347 0)
(6.8882 -0.535493 0)
(6.59399 -0.428661 0)
(6.35586 -0.350389 0)
(6.15686 -0.293892 0)
(5.99124 -0.249774 0)
(5.85503 -0.213103 0)
(5.74257 -0.181312 0)
(5.6494 -0.153306 0)
(5.57242 -0.128797 0)
(5.50904 -0.107615 0)
(5.45695 -0.0895015 0)
(5.41419 -0.0741451 0)
(5.37913 -0.0612205 0)
(5.35043 -0.0504088 0)
(5.32695 -0.0414096 0)
(5.30776 -0.033949 0)
(5.29208 -0.0277851 0)
(5.27929 -0.0227075 0)
(5.26885 -0.0185339 0)
(5.26035 -0.0151101 0)
(5.25341 -0.0123072 0)
(5.24777 -0.010015 0)
(5.24317 -0.00814265 0)
(5.23943 -0.00661498 0)
(5.23639 -0.00536853 0)
(5.23391 -0.00435318 0)
(5.2319 -0.00352632 0)
(5.23027 -0.00285136 0)
(5.22895 -0.00230095 0)
(5.22788 -0.00185179 0)
(5.22701 -0.00148444 0)
(5.22632 -0.00118287 0)
(5.22576 -0.000933092 0)
(5.22532 -0.000725416 0)
(5.22497 -0.000552187 0)
(5.2247 -0.00040512 0)
(5.2245 -0.00027639 0)
(5.22436 -0.000160005 0)
(5.22427 -5.14301e-05 0)
(5.22423 5.40126e-05 0)
(5.22423 0.000160142 0)
(5.22428 0.000270484 0)
(5.22437 0.000389559 0)
(5.22451 0.000522258 0)
(5.2247 0.000672702 0)
(5.22495 0.000845939 0)
(5.22526 0.00104891 0)
(5.22566 0.00128925 0)
(5.22614 0.00157553 0)
(5.22674 0.00191831 0)
(5.22748 0.00232956 0)
(5.22837 0.0028249 0)
(5.22945 0.00342361 0)
(5.23077 0.00414698 0)
(5.23237 0.005021 0)
(5.2343 0.00607763 0)
(5.23664 0.00735481 0)
(5.23947 0.00889934 0)
(5.2429 0.0107664 0)
(5.24706 0.0130227 0)
(5.25208 0.0157491 0)
(5.25816 0.019042 0)
(5.26551 0.0230158 0)
(5.2744 0.027811 0)
(5.28518 0.0335842 0)
(5.29815 0.0405471 0)
(5.31401 0.0488569 0)
(5.33271 0.0589533 0)
(5.35663 0.0705787 0)
(5.38202 0.0854596 0)
(5.42185 0.100267 0)
(5.44662 0.123348 0)
(5.53395 0.139424 0)
(5.50189 0.167624 0)
(5.77527 0.222019 0)
(5.44309 0.0998694 0)
(6.33463 0.667958 0)
(5.27734 -0.825386 0)
(6.87246 2.6347 0)
(6.51932 -3.48455 0)
(4.84073 5.81452 0)
(7.94523 -2.96316 0)
(6.73852 2.66339 0)
(6.92228 -0.524745 0)
(6.78433 4.08963 0)
(8.26623 -1.11891 0)
(8.9993 1.99268 0)
(9.29916 1.39169 0)
(9.68845 2.7843 0)
(12.1336 -0.274783 0)
(12.0702 -0.320173 0)
(11.801 -0.635186 0)
(11.4714 -0.896297 0)
(11.0759 -0.734176 0)
(10.4209 -0.559515 0)
(9.60816 -0.598411 0)
(8.87694 -0.583714 0)
(8.29342 -0.478154 0)
(7.78639 -0.380276 0)
(7.31977 -0.329066 0)
(6.9218 -0.296881 0)
(6.61209 -0.268725 0)
(6.36992 -0.242041 0)
(6.17071 -0.21451 0)
(6.0047 -0.186869 0)
(5.86736 -0.161254 0)
(5.75358 -0.138211 0)
(5.6591 -0.117557 0)
(5.58087 -0.0992458 0)
(5.51631 -0.0832559 0)
(5.46314 -0.0694684 0)
(5.41943 -0.0576988 0)
(5.38353 -0.0477376 0)
(5.35411 -0.039368 0)
(5.33001 -0.0323777 0)
(5.31029 -0.0265663 0)
(5.29418 -0.0217552 0)
(5.28101 -0.0177862 0)
(5.27027 -0.014519 0)
(5.26151 -0.0118369 0)
(5.25436 -0.00964018 0)
(5.24854 -0.00784245 0)
(5.2438 -0.0063741 0)
(5.23995 -0.00517614 0)
(5.23681 -0.00419804 0)
(5.23426 -0.00340183 0)
(5.23218 -0.00275378 0)
(5.2305 -0.00222448 0)
(5.22914 -0.00179298 0)
(5.22803 -0.00144081 0)
(5.22714 -0.00115304 0)
(5.22642 -0.000916763 0)
(5.22585 -0.00072025 0)
(5.22539 -0.000556676 0)
(5.22503 -0.00042072 0)
(5.22475 -0.000305301 0)
(5.22455 -0.000203619 0)
(5.2244 -0.000110763 0)
(5.22431 -2.29955e-05 0)
(5.22427 6.33549e-05 0)
(5.22428 0.000151158 0)
(5.22432 0.000242966 0)
(5.22442 0.000342885 0)
(5.22456 0.00045507 0)
(5.22476 0.000582603 0)
(5.22502 0.000729569 0)
(5.22535 0.000902127 0)
(5.22576 0.00110668 0)
(5.22627 0.00135064 0)
(5.22689 0.00164297 0)
(5.22765 0.00199334 0)
(5.22858 0.00241559 0)
(5.22971 0.00292657 0)
(5.23108 0.00354408 0)
(5.23274 0.00429047 0)
(5.23475 0.00519283 0)
(5.23719 0.00628349 0)
(5.24013 0.0076027 0)
(5.2437 0.00919725 0)
(5.24802 0.011124 0)
(5.25324 0.0134522 0)
(5.25956 0.0162634 0)
(5.26721 0.0196552 0)
(5.27645 0.0237462 0)
(5.28764 0.0286716 0)
(5.3011 0.0346017 0)
(5.31757 0.0416924 0)
(5.3369 0.0502344 0)
(5.36174 0.060234 0)
(5.38769 0.0724568 0)
(5.42936 0.0860083 0)
(5.45311 0.102538 0)
(5.54613 0.123281 0)
(5.50516 0.128842 0)
(5.80026 0.212403 0)
(5.42603 0.0321338 0)
(6.40811 0.617046 0)
(5.1434 -0.771043 0)
(7.13594 2.10843 0)
(6.04083 -2.81281 0)
(5.42596 4.82135 0)
(8.23453 -2.66088 0)
(5.68362 2.54501 0)
(7.0218 -0.254856 0)
(6.95645 3.19001 0)
(8.50595 -0.993009 0)
(8.26887 1.59863 0)
(8.67112 1.49504 0)
(9.60554 2.29525 0)
(11.5391 -0.236825 0)
(11.4473 -0.393093 0)
(11.2592 -0.512396 0)
(10.9422 -0.505065 0)
(10.4853 -0.506967 0)
(9.94681 -0.491391 0)
(9.35996 -0.366484 0)
(8.74115 -0.198037 0)
(8.16765 -0.139678 0)
(7.68082 -0.174609 0)
(7.26297 -0.205334 0)
(6.90536 -0.196937 0)
(6.61278 -0.175344 0)
(6.37562 -0.156955 0)
(6.17809 -0.140529 0)
(6.01251 -0.124196 0)
(5.87488 -0.108759 0)
(5.7606 -0.09453 0)
(5.66556 -0.0813666 0)
(5.58668 -0.0693367 0)
(5.52143 -0.0585847 0)
(5.46758 -0.0491541 0)
(5.42323 -0.0409996 0)
(5.38675 -0.03403 0)
(5.35681 -0.0281309 0)
(5.33227 -0.023176 0)
(5.31217 -0.0190388 0)
(5.29573 -0.0156029 0)
(5.28229 -0.0127615 0)
(5.27132 -0.0104183 0)
(5.26237 -0.0084922 0)
(5.25507 -0.00691372 0)
(5.24912 -0.00562124 0)
(5.24427 -0.00456545 0)
(5.24032 -0.00370405 0)
(5.23711 -0.00300044 0)
(5.2345 -0.00242856 0)
(5.23238 -0.00196327 0)
(5.23066 -0.00158297 0)
(5.22927 -0.00127317 0)
(5.22814 -0.00102013 0)
(5.22722 -0.000813768 0)
(5.22649 -0.000644265 0)
(5.2259 -0.000502347 0)
(5.22543 -0.000384098 0)
(5.22506 -0.000286284 0)
(5.22478 -0.000203224 0)
(5.22457 -0.000129108 0)
(5.22443 -6.04635e-05 0)
(5.22434 5.83045e-06 0)
(5.22429 7.25748e-05 0)
(5.2243 0.000141545 0)
(5.22435 0.000214551 0)
(5.22445 0.000294999 0)
(5.2246 0.000386039 0)
(5.2248 0.000489913 0)
(5.22507 0.000609938 0)
(5.22541 0.00075131 0)
(5.22583 0.00091899 0)
(5.22636 0.00111932 0)
(5.227 0.00135972 0)
(5.22779 0.00164765 0)
(5.22875 0.00199504 0)
(5.22992 0.00241589 0)
(5.23133 0.00292457 0)
(5.23305 0.00353984 0)
(5.23512 0.00428376 0)
(5.23764 0.00518291 0)
(5.24068 0.00627079 0)
(5.24437 0.00758552 0)
(5.24883 0.00917401 0)
(5.25422 0.0110935 0)
(5.26074 0.0134106 0)
(5.26863 0.0162057 0)
(5.27816 0.0195755 0)
(5.28971 0.0236328 0)
(5.30358 0.0285089 0)
(5.32055 0.0343516 0)
(5.34043 0.0413281 0)
(5.36598 0.0496316 0)
(5.39255 0.0593244 0)
(5.43525 0.0711723 0)
(5.45939 0.0824537 0)
(5.55371 0.104338 0)
(5.51353 0.0962548 0)
(5.80527 0.187979 0)
(5.44306 -0.00992206 0)
(6.38516 0.524199 0)
(5.15819 -0.673463 0)
(7.09871 1.60474 0)
(5.72182 -2.14477 0)
(6.07822 3.64272 0)
(8.05646 -2.22858 0)
(5.28941 2.22526 0)
(7.20649 -0.19885 0)
(7.2234 2.38567 0)
(8.67257 -0.728179 0)
(7.91186 1.28757 0)
(8.56798 1.34219 0)
(9.82584 1.71468 0)
(10.1199 -0.170356 0)
(10.0265 -0.249134 0)
(9.8078 -0.361665 0)
(9.5106 -0.427541 0)
(9.17956 -0.371485 0)
(8.81199 -0.244102 0)
(8.42254 -0.125984 0)
(8.03854 -0.0226947 0)
(7.68303 0.0190288 0)
(7.36085 -0.00809247 0)
(7.05831 -0.044905 0)
(6.77564 -0.0593104 0)
(6.52835 -0.0620832 0)
(6.31957 -0.0645999 0)
(6.14134 -0.0649705 0)
(5.98861 -0.0618144 0)
(5.85909 -0.0568625 0)
(5.74998 -0.0512851 0)
(5.65829 -0.0454082 0)
(5.58157 -0.0395197 0)
(5.51767 -0.0339227 0)
(5.46466 -0.0288038 0)
(5.42082 -0.0242424 0)
(5.38466 -0.0202563 0)
(5.35489 -0.0168273 0)
(5.33044 -0.0139118 0)
(5.31039 -0.0114548 0)
(5.29396 -0.00940091 0)
(5.28052 -0.00769398 0)
(5.26954 -0.0062805 0)
(5.26057 -0.00511653 0)
(5.25325 -0.00416145 0)
(5.24728 -0.00337819 0)
(5.24242 -0.00273899 0)
(5.23846 -0.0022173 0)
(5.23524 -0.0017906 0)
(5.23262 -0.00144532 0)
(5.23049 -0.0011645 0)
(5.22877 -0.000934823 0)
(5.22737 -0.000748047 0)
(5.22623 -0.000595199 0)
(5.22531 -0.00047134 0)
(5.22458 -0.000369171 0)
(5.22399 -0.000281938 0)
(5.22352 -0.000209577 0)
(5.22315 -0.000150715 0)
(5.22287 -0.00010066 0)
(5.22266 -5.48703e-05 0)
(5.22252 -1.04232e-05 0)
(5.22243 3.39392e-05 0)
(5.22239 8.08841e-05 0)
(5.2224 0.000130527 0)
(5.22245 0.000184204 0)
(5.22256 0.000244906 0)
(5.22271 0.000314561 0)
(5.22293 0.000394166 0)
(5.2232 0.000486393 0)
(5.22356 0.000595627 0)
(5.224 0.000725364 0)
(5.22454 0.000880822 0)
(5.2252 0.00106715 0)
(5.22602 0.00129 0)
(5.22701 0.00156012 0)
(5.22822 0.00188802 0)
(5.22968 0.00228445 0)
(5.23145 0.00276436 0)
(5.2336 0.00334446 0)
(5.2362 0.00404593 0)
(5.23935 0.0048951 0)
(5.24316 0.00592104 0)
(5.24776 0.00716072 0)
(5.25334 0.00865876 0)
(5.26007 0.0104661 0)
(5.26822 0.0126462 0)
(5.27807 0.0152735 0)
(5.28998 0.0184379 0)
(5.3043 0.0222332 0)
(5.32178 0.0267915 0)
(5.34227 0.0321855 0)
(5.3685 0.03871 0)
(5.3959 0.0460011 0)
(5.43929 0.0556693 0)
(5.46484 0.0630103 0)
(5.5582 0.0825668 0)
(5.52383 0.0696724 0)
(5.79974 0.149666 0)
(5.47267 -0.0228579 0)
(6.31694 0.392699 0)
(5.23155 -0.516199 0)
(6.86276 1.1228 0)
(5.58351 -1.49586 0)
(6.13326 2.60316 0)
(7.57684 -1.61255 0)
(5.56782 1.82084 0)
(7.29361 -0.175177 0)
(7.5749 1.68221 0)
(8.69395 -0.438709 0)
(7.92969 1.01581 0)
(8.86109 1.00739 0)
(10.0858 1.17725 0)
(7.97616 -0.0857273 0)
(7.86333 -0.182312 0)
(7.63957 -0.272698 0)
(7.37013 -0.281299 0)
(7.09782 -0.213741 0)
(6.84446 -0.124922 0)
(6.64461 -0.0301018 0)
(6.51537 0.0679564 0)
(6.43261 0.113402 0)
(6.35807 0.0901534 0)
(6.26461 0.0504088 0)
(6.15046 0.0288929 0)
(6.03113 0.0185403 0)
(5.91737 0.00830935 0)
(5.81115 -0.000402261 0)
(5.71323 -0.00569817 0)
(5.62519 -0.00862022 0)
(5.54759 -0.0101992 0)
(5.48002 -0.0107062 0)
(5.42186 -0.0104003 0)
(5.37232 -0.00961677 0)
(5.33051 -0.00860395 0)
(5.29545 -0.00751613 0)
(5.26622 -0.00644741 0)
(5.24196 -0.00545507 0)
(5.2219 -0.00456525 0)
(5.20536 -0.00378602 0)
(5.19176 -0.00311838 0)
(5.18061 -0.00255338 0)
(5.17147 -0.00207849 0)
(5.16399 -0.00168502 0)
(5.15789 -0.00136135 0)
(5.15291 -0.00109511 0)
(5.14885 -0.000879258 0)
(5.14554 -0.00070297 0)
(5.14286 -0.000557903 0)
(5.14067 -0.000443163 0)
(5.1389 -0.000350425 0)
(5.13746 -0.000274663 0)
(5.1363 -0.000213088 0)
(5.13536 -0.000162136 0)
(5.1346 -0.000122379 0)
(5.13399 -8.90425e-05 0)
(5.13351 -5.82675e-05 0)
(5.13313 -3.25071e-05 0)
(5.13283 -1.31224e-05 0)
(5.13261 3.36122e-06 0)
(5.13245 2.0138e-05 0)
(5.13234 3.90878e-05 0)
(5.13228 6.0257e-05 0)
(5.13227 8.56167e-05 0)
(5.13231 0.000114401 0)
(5.13239 0.000147235 0)
(5.13252 0.000186201 0)
(5.1327 0.000232423 0)
(5.13294 0.000286096 0)
(5.13325 0.000348378 0)
(5.13364 0.000422382 0)
(5.13412 0.000510506 0)
(5.13471 0.000617225 0)
(5.13543 0.000744944 0)
(5.13631 0.000896314 0)
(5.13738 0.00108066 0)
(5.13868 0.00130583 0)
(5.14025 0.00157895 0)
(5.14215 0.00191024 0)
(5.14445 0.00231012 0)
(5.14723 0.00279361 0)
(5.1506 0.00337951 0)
(5.15468 0.0040871 0)
(5.15962 0.00494222 0)
(5.16558 0.0059758 0)
(5.1728 0.00722171 0)
(5.18153 0.00872419 0)
(5.19207 0.010533 0)
(5.20482 0.0127137 0)
(5.22014 0.0153205 0)
(5.23882 0.0184664 0)
(5.26077 0.0221293 0)
(5.28866 0.0266894 0)
(5.31812 0.0314233 0)
(5.36369 0.0385399 0)
(5.39201 0.0422042 0)
(5.48807 0.0577072 0)
(5.45573 0.0440413 0)
(5.73668 0.102292 0)
(5.39651 -0.020038 0)
(6.26453 0.241055 0)
(5.07863 -0.324749 0)
(6.84902 0.645247 0)
(5.14974 -0.890219 0)
(6.24118 1.7017 0)
(6.88362 -1.0175 0)
(5.81196 1.5154 0)
(6.95233 -0.180021 0)
(7.96717 0.986712 0)
(8.37289 -0.18388 0)
(8.223 0.721963 0)
(8.98238 0.598834 0)
(10.4305 0.660042 0)
(5.36956 -0.0463938 0)
(5.22075 -0.127421 0)
(4.97354 -0.17255 0)
(4.69379 -0.166828 0)
(4.43993 -0.117764 0)
(4.25275 -0.0541003 0)
(4.15957 0.00798082 0)
(4.16786 0.0652283 0)
(4.24129 0.0900956 0)
(4.32299 0.0759291 0)
(4.37867 0.0546666 0)
(4.40705 0.044576 0)
(4.42072 0.038909 0)
(4.42644 0.0313381 0)
(4.42471 0.0236393 0)
(4.41657 0.0178586 0)
(4.40451 0.013637 0)
(4.3906 0.0103234 0)
(4.37612 0.00778049 0)
(4.36197 0.00591225 0)
(4.34876 0.00454472 0)
(4.33687 0.00353305 0)
(4.32641 0.00277931 0)
(4.31739 0.0022139 0)
(4.30971 0.00178425 0)
(4.30324 0.00145353 0)
(4.29786 0.00119584 0)
(4.2934 0.000991499 0)
(4.28974 0.000827294 0)
(4.28674 0.000694696 0)
(4.2843 0.000585643 0)
(4.28232 0.000495019 0)
(4.28071 0.00041959 0)
(4.27942 0.000355436 0)
(4.27838 0.000302173 0)
(4.27755 0.000258413 0)
(4.27689 0.000220103 0)
(4.27636 0.000187852 0)
(4.27594 0.000160355 0)
(4.27561 0.000138293 0)
(4.27536 0.00012037 0)
(4.27516 0.00010426 0)
(4.27501 9.1963e-05 0)
(4.2749 8.32904e-05 0)
(4.27483 7.66629e-05 0)
(4.27478 7.03028e-05 0)
(4.27477 6.44975e-05 0)
(4.27476 6.15017e-05 0)
(4.27478 6.23502e-05 0)
(4.27482 6.67377e-05 0)
(4.27489 7.5101e-05 0)
(4.27499 8.615e-05 0)
(4.27513 0.000100743 0)
(4.27531 0.000119454 0)
(4.27554 0.000142794 0)
(4.27582 0.000170743 0)
(4.27616 0.000203859 0)
(4.27659 0.000243611 0)
(4.2771 0.000291332 0)
(4.27772 0.000349573 0)
(4.27847 0.000418903 0)
(4.27937 0.000501073 0)
(4.28046 0.000601469 0)
(4.28178 0.00072425 0)
(4.28336 0.000874209 0)
(4.28528 0.00105685 0)
(4.2876 0.00127727 0)
(4.2904 0.00154396 0)
(4.29379 0.00186702 0)
(4.2979 0.00225708 0)
(4.30286 0.00272864 0)
(4.30887 0.00329821 0)
(4.31613 0.00398411 0)
(4.32491 0.00481108 0)
(4.33551 0.00580483 0)
(4.34833 0.00700419 0)
(4.36375 0.00842884 0)
(4.38247 0.0101635 0)
(4.40461 0.0121234 0)
(4.43229 0.0146979 0)
(4.4625 0.0169928 0)
(4.50625 0.0214243 0)
(4.53835 0.0218154 0)
(4.62481 0.0331284 0)
(4.60849 0.0183869 0)
(4.85389 0.0600582 0)
(4.553 -0.0252952 0)
(5.36024 0.120447 0)
(4.12769 -0.166505 0)
(6.13284 0.255429 0)
(3.68031 -0.367206 0)
(6.47046 0.77342 0)
(5.04466 -0.444364 0)
(6.36273 0.952065 0)
(6.32921 -0.129041 0)
(7.85231 0.377268 0)
(7.25919 0.0138817 0)
(8.3213 0.368978 0)
(8.35196 0.269509 0)
(10.0188 0.206601 0)
(2.06904 0.0196536 0)
(1.90854 -0.0360916 0)
(1.67554 -0.0456016 0)
(1.41734 -0.0395843 0)
(1.2015 -0.0249165 0)
(1.07192 -0.0077938 0)
(1.03991 0.0080814 0)
(1.09912 0.0218911 0)
(1.21836 0.025323 0)
(1.34603 0.0194242 0)
(1.44692 0.0135354 0)
(1.52114 0.0110645 0)
(1.58121 0.00950144 0)
(1.63109 0.00744342 0)
(1.66993 0.00565163 0)
(1.69905 0.00455119 0)
(1.72116 0.00380619 0)
(1.73818 0.00319058 0)
(1.75128 0.00266911 0)
(1.76138 0.00224201 0)
(1.76926 0.00188817 0)
(1.77547 0.00158834 0)
(1.78042 0.00133341 0)
(1.7844 0.0011174 0)
(1.78763 0.000934748 0)
(1.79028 0.000780348 0)
(1.79245 0.000650393 0)
(1.79425 0.00054134 0)
(1.79575 0.000449738 0)
(1.797 0.000373272 0)
(1.79805 0.000309654 0)
(1.79893 0.000256459 0)
(1.79967 0.000212165 0)
(1.8003 0.000175518 0)
(1.80082 0.000145129 0)
(1.80127 0.000120112 0)
(1.80164 9.94487e-05 0)
(1.80196 8.21182e-05 0)
(1.80223 6.79692e-05 0)
(1.80246 5.66927e-05 0)
(1.80266 4.71843e-05 0)
(1.80282 3.96067e-05 0)
(1.80297 3.34999e-05 0)
(1.8031 2.82787e-05 0)
(1.80322 2.41176e-05 0)
(1.80332 2.09025e-05 0)
(1.80342 1.98575e-05 0)
(1.80352 1.99352e-05 0)
(1.80361 1.9674e-05 0)
(1.80371 1.85858e-05 0)
(1.80381 1.78812e-05 0)
(1.80392 1.93786e-05 0)
(1.80406 2.21276e-05 0)
(1.80422 2.53196e-05 0)
(1.8044 2.90158e-05 0)
(1.80462 3.35426e-05 0)
(1.80489 3.89113e-05 0)
(1.8052 4.53089e-05 0)
(1.80558 5.33074e-05 0)
(1.80603 6.30063e-05 0)
(1.80656 7.44751e-05 0)
(1.8072 8.85583e-05 0)
(1.80797 0.000106536 0)
(1.8089 0.000129197 0)
(1.81002 0.00015672 0)
(1.81138 0.000189452 0)
(1.81302 0.000228566 0)
(1.81501 0.000275685 0)
(1.81741 0.000332465 0)
(1.82031 0.000400845 0)
(1.82381 0.000483077 0)
(1.82805 0.000581746 0)
(1.83316 0.000699998 0)
(1.83934 0.000841898 0)
(1.84679 0.00101089 0)
(1.85578 0.00121338 0)
(1.86659 0.00144771 0)
(1.87964 0.00173546 0)
(1.89516 0.00203083 0)
(1.9141 0.00246741 0)
(1.93567 0.00267906 0)
(1.96375 0.00359268 0)
(1.9901 0.00273919 0)
(2.03642 0.0060323 0)
(2.04995 -0.00145621 0)
(2.1519 0.0134422 0)
(2.05627 -0.0230141 0)
(2.36648 0.0321615 0)
(1.84192 -0.0725027 0)
(2.67068 0.0664825 0)
(1.4881 -0.0977996 0)
(3.05823 0.174594 0)
(2.307 -0.060194 0)
(3.58769 0.217444 0)
(3.77581 -0.157819 0)
(4.18474 0.0816579 0)
(4.05216 -0.0221976 0)
(4.69333 0.00264504 0)
(4.70247 0.00215901 0)
(5.51121 -0.102456 0)
(-0.445623 0.164852 0)
(-1.20223 0.137674 0)
(-1.75951 0.0949177 0)
(-1.98588 0.0316474 0)
(-1.87494 -0.0203032 0)
(-1.47629 -0.0698486 0)
(-0.872202 -0.0772303 0)
(-0.259197 -0.0698564 0)
(0.313332 -0.0496359 0)
(0.780875 -0.0277563 0)
(1.13565 -0.0103934 0)
(1.38764 0.000869496 0)
(1.55751 0.00677152 0)
(1.6672 0.00894111 0)
(1.73546 0.0089554 0)
(1.7765 0.00795743 0)
(1.80023 0.00663648 0)
(1.81324 0.00533847 0)
(1.81971 0.00419726 0)
(1.82235 0.0032546 0)
(1.82278 0.00255707 0)
(1.82199 0.00210297 0)
(1.82059 0.00171965 0)
(1.81891 0.00140249 0)
(1.81715 0.00114439 0)
(1.81545 0.000934622 0)
(1.81386 0.000764174 0)
(1.81243 0.000625512 0)
(1.81115 0.000512416 0)
(1.81003 0.000420142 0)
(1.80906 0.000345036 0)
(1.80822 0.000283595 0)
(1.80749 0.000233054 0)
(1.80687 0.000191649 0)
(1.80634 0.000157759 0)
(1.80589 0.000129929 0)
(1.80551 0.000107213 0)
(1.80518 8.86221e-05 0)
(1.8049 7.32389e-05 0)
(1.80466 6.06909e-05 0)
(1.80446 5.042e-05 0)
(1.80428 4.22933e-05 0)
(1.80413 3.5512e-05 0)
(1.80399 3.01794e-05 0)
(1.80388 2.61178e-05 0)
(1.80376 2.22372e-05 0)
(1.80366 2.05672e-05 0)
(1.80356 1.90164e-05 0)
(1.80346 1.76886e-05 0)
(1.80336 1.90613e-05 0)
(1.80324 1.78366e-05 0)
(1.80311 1.56956e-05 0)
(1.80298 1.77472e-05 0)
(1.80282 2.02567e-05 0)
(1.80265 2.30915e-05 0)
(1.80245 2.91245e-05 0)
(1.8022 3.77415e-05 0)
(1.8019 4.54391e-05 0)
(1.80154 5.26438e-05 0)
(1.8011 6.16207e-05 0)
(1.80057 7.31284e-05 0)
(1.79994 8.78182e-05 0)
(1.79918 0.000105793 0)
(1.79826 0.000127239 0)
(1.79715 0.000153279 0)
(1.7958 0.000184987 0)
(1.79418 0.00022308 0)
(1.79222 0.000268827 0)
(1.78985 0.000324255 0)
(1.78698 0.000391395 0)
(1.78352 0.000472436 0)
(1.77933 0.00057036 0)
(1.77427 0.000688614 0)
(1.76815 0.000831151 0)
(1.76076 0.0010028 0)
(1.75183 0.00120922 0)
(1.74104 0.00145685 0)
(1.72804 0.00175283 0)
(1.71237 0.00210457 0)
(1.69352 0.00251929 0)
(1.67091 0.00300324 0)
(1.64387 0.00355997 0)
(1.61165 0.00418796 0)
(1.57347 0.00487909 0)
(1.52853 0.00561474 0)
(1.47602 0.00636404 0)
(1.41525 0.00708075 0)
(1.34562 0.00770086 0)
(1.2668 0.00813675 0)
(1.17875 0.00826483 0)
(1.08197 0.00790347 0)
(0.977713 0.00678906 0)
(0.868332 0.0045103 0)
(0.757579 0.000654994 0)
(0.650757 -0.00543904 0)
(0.554683 -0.0138624 0)
(0.47575 -0.0240898 0)
(0.410649 -0.0284993 0)
(0.326036 -0.0135164 0)
(0.139168 0.0228898 0)
(-0.464445 0.507844 0)
(-1.26949 0.428298 0)
(-1.86868 0.274155 0)
(-2.08836 0.0388055 0)
(-1.90206 -0.168056 0)
(-1.40167 -0.359297 0)
(-0.648118 -0.417821 0)
(0.138819 -0.420411 0)
(0.920309 -0.371534 0)
(1.6211 -0.301031 0)
(2.21792 -0.228486 0)
(2.70432 -0.164606 0)
(3.08768 -0.113699 0)
(3.38242 -0.0759161 0)
(3.60517 -0.0493168 0)
(3.77174 -0.0313045 0)
(3.89563 -0.0194599 0)
(3.98771 -0.0118135 0)
(4.05624 -0.00696806 0)
(4.1075 -0.00398173 0)
(4.14608 -0.00210393 0)
(4.17523 -0.000846548 0)
(4.19739 -8.73815e-05 0)
(4.21436 0.000342054 0)
(4.22742 0.000566497 0)
(4.23752 0.000665178 0)
(4.24538 0.000688818 0)
(4.25151 0.000668052 0)
(4.25631 0.000622557 0)
(4.26008 0.000566599 0)
(4.26304 0.000507638 0)
(4.26538 0.000449258 0)
(4.26723 0.000393976 0)
(4.26868 0.000342687 0)
(4.26984 0.000296373 0)
(4.27075 0.000255894 0)
(4.27147 0.000221077 0)
(4.27203 0.000190801 0)
(4.27248 0.000164596 0)
(4.27283 0.000141492 0)
(4.2731 0.000123592 0)
(4.2733 0.000106956 0)
(4.27346 9.58707e-05 0)
(4.27357 8.57778e-05 0)
(4.27366 7.70542e-05 0)
(4.27369 7.43237e-05 0)
(4.27371 6.88733e-05 0)
(4.27371 6.9264e-05 0)
(4.27367 7.36737e-05 0)
(4.27361 7.47141e-05 0)
(4.27353 8.26885e-05 0)
(4.2734 9.95349e-05 0)
(4.27323 0.000114015 0)
(4.27304 0.000121062 0)
(4.27282 0.000130797 0)
(4.27254 0.000153509 0)
(4.27222 0.000187987 0)
(4.27182 0.000230704 0)
(4.27133 0.000280418 0)
(4.27073 0.00033787 0)
(4.27 0.000407412 0)
(4.26912 0.00049155 0)
(4.26804 0.000593243 0)
(4.26674 0.000717517 0)
(4.26517 0.000867755 0)
(4.26326 0.00104822 0)
(4.26096 0.00126631 0)
(4.25817 0.00153107 0)
(4.25479 0.00185234 0)
(4.25071 0.00224089 0)
(4.24576 0.00271051 0)
(4.23977 0.00327834 0)
(4.23252 0.00396506 0)
(4.22375 0.00479581 0)
(4.21314 0.0057985 0)
(4.2003 0.00700836 0)
(4.18478 0.00846684 0)
(4.16601 0.0102203 0)
(4.14335 0.0123225 0)
(4.11601 0.0148342 0)
(4.08307 0.0178187 0)
(4.04346 0.02134 0)
(3.99595 0.0254572 0)
(3.93915 0.0302192 0)
(3.87152 0.0356522 0)
(3.79138 0.0417595 0)
(3.69693 0.0485055 0)
(3.5863 0.0558135 0)
(3.45753 0.0635632 0)
(3.30865 0.0715449 0)
(3.13767 0.0794589 0)
(2.94275 0.0867709 0)
(2.72224 0.09282 0)
(2.47478 0.0965197 0)
(2.19912 0.0974523 0)
(1.89301 0.0945407 0)
(1.55244 0.0918976 0)
(1.16566 0.0983108 0)
(0.724767 0.136868 0)
(0.242573 0.182295 0)
(-0.485917 0.866251 0)
(-1.34014 0.738092 0)
(-1.98628 0.474315 0)
(-2.24214 0.0635094 0)
(-2.03828 -0.303954 0)
(-1.51192 -0.638942 0)
(-0.709196 -0.750793 0)
(0.109074 -0.766619 0)
(0.92457 -0.696819 0)
(1.66383 -0.590322 0)
(2.30957 -0.475984 0)
(2.85646 -0.370601 0)
(3.30922 -0.281691 0)
(3.67788 -0.21082 0)
(3.9745 -0.156401 0)
(4.21128 -0.115598 0)
(4.39936 -0.0854319 0)
(4.54838 -0.0633014 0)
(4.66639 -0.0470918 0)
(4.75989 -0.0351962 0)
(4.83405 -0.0264678 0)
(4.89297 -0.0200512 0)
(4.9399 -0.0152787 0)
(4.97736 -0.0117064 0)
(5.00733 -0.00901414 0)
(5.03134 -0.00697216 0)
(5.05062 -0.00541349 0)
(5.06612 -0.00421832 0)
(5.0786 -0.00329779 0)
(5.08866 -0.00258305 0)
(5.09678 -0.00202585 0)
(5.10333 -0.00159144 0)
(5.10863 -0.00125123 0)
(5.11291 -0.000984368 0)
(5.11638 -0.00077489 0)
(5.11918 -0.000608768 0)
(5.12144 -0.000476359 0)
(5.12328 -0.000371944 0)
(5.12476 -0.000289024 0)
(5.12595 -0.000223902 0)
(5.12692 -0.000169321 0)
(5.12769 -0.000127319 0)
(5.12831 -9.05447e-05 0)
(5.1288 -5.9881e-05 0)
(5.12919 -3.71878e-05 0)
(5.12949 -1.03673e-05 0)
(5.12972 7.33968e-06 0)
(5.12988 2.6796e-05 0)
(5.12998 5.42884e-05 0)
(5.13004 7.0457e-05 0)
(5.13005 9.31141e-05 0)
(5.13 0.000133772 0)
(5.12992 0.000169072 0)
(5.1298 0.000191046 0)
(5.12961 0.000217809 0)
(5.12936 0.000265951 0)
(5.12905 0.000331439 0)
(5.12866 0.00040785 0)
(5.12819 0.000497326 0)
(5.1276 0.000602822 0)
(5.12688 0.000730762 0)
(5.126 0.000885866 0)
(5.12493 0.00107185 0)
(5.12363 0.0012981 0)
(5.12206 0.00157225 0)
(5.12015 0.0019012 0)
(5.11785 0.00229814 0)
(5.11505 0.00278009 0)
(5.11166 0.00336499 0)
(5.10756 0.00407261 0)
(5.10259 0.0049282 0)
(5.09657 0.00596321 0)
(5.08929 0.00721513 0)
(5.08048 0.00873022 0)
(5.06981 0.0105609 0)
(5.05689 0.0127718 0)
(5.04126 0.0154408 0)
(5.02236 0.0186559 0)
(4.99949 0.0225197 0)
(4.97186 0.0271516 0)
(4.9385 0.0326805 0)
(4.89827 0.039243 0)
(4.84984 0.0469777 0)
(4.79169 0.0560189 0)
(4.72204 0.0664765 0)
(4.63892 0.0784438 0)
(4.5401 0.0919726 0)
(4.4231 0.107088 0)
(4.28514 0.12377 0)
(4.12308 0.141984 0)
(3.93333 0.161494 0)
(3.71185 0.182181 0)
(3.45394 0.203006 0)
(3.15461 0.224237 0)
(2.80741 0.24311 0)
(2.40698 0.263703 0)
(1.94639 0.281656 0)
(1.42674 0.316699 0)
(0.859216 0.35982 0)
(0.281139 0.412145 0)
(-0.516066 1.24779 0)
(-1.44161 1.07475 0)
(-2.15872 0.694854 0)
(-2.46667 0.0904848 0)
(-2.21689 -0.453438 0)
(-1.63642 -0.937504 0)
(-0.747156 -1.09796 0)
(0.120185 -1.11957 0)
(0.96491 -1.02272 0)
(1.71252 -0.8769 0)
(2.3548 -0.720473 0)
(2.89355 -0.575207 0)
(3.33848 -0.450723 0)
(3.70216 -0.349192 0)
(3.99736 -0.268909 0)
(4.23587 -0.206626 0)
(4.428 -0.158845 0)
(4.58253 -0.122381 0)
(4.70669 -0.0945987 0)
(4.80645 -0.0734248 0)
(4.88662 -0.0572363 0)
(4.95109 -0.0447969 0)
(5.00297 -0.0351869 0)
(5.04477 -0.0277366 0)
(5.07847 -0.0219351 0)
(5.10567 -0.0173972 0)
(5.12764 -0.013833 0)
(5.1454 -0.0110235 0)
(5.15976 -0.00880177 0)
(5.17138 -0.00703767 0)
(5.18079 -0.00563334 0)
(5.18842 -0.00451428 0)
(5.1946 -0.00362027 0)
(5.19961 -0.00290468 0)
(5.20367 -0.00233143 0)
(5.20696 -0.00187061 0)
(5.20963 -0.00149927 0)
(5.21179 -0.00120097 0)
(5.21354 -0.000960443 0)
(5.21496 -0.000766589 0)
(5.21611 -0.000607738 0)
(5.21703 -0.000479782 0)
(5.21777 -0.000374189 0)
(5.21836 -0.000285586 0)
(5.21884 -0.000214457 0)
(5.2192 -0.000149079 0)
(5.21949 -9.64307e-05 0)
(5.2197 -4.79594e-05 0)
(5.21985 3.4456e-06 0)
(5.21994 4.39745e-05 0)
(5.21998 8.95074e-05 0)
(5.21997 0.000149244 0)
(5.21993 0.000201799 0)
(5.21984 0.00024462 0)
(5.21968 0.00029959 0)
(5.21945 0.000377654 0)
(5.21917 0.00047216 0)
(5.21881 0.000581351 0)
(5.21837 0.000711462 0)
(5.21782 0.00086673 0)
(5.21715 0.00105408 0)
(5.21634 0.00128009 0)
(5.21534 0.00155137 0)
(5.21414 0.00188011 0)
(5.21267 0.00227757 0)
(5.2109 0.00275574 0)
(5.20874 0.00333397 0)
(5.20613 0.00403563 0)
(5.20298 0.00488578 0)
(5.19915 0.00591408 0)
(5.19452 0.00715798 0)
(5.18892 0.00866323 0)
(5.18213 0.0104845 0)
(5.17392 0.0126886 0)
(5.16398 0.0153537 0)
(5.15194 0.0185744 0)
(5.13737 0.0224649 0)
(5.11974 0.027157 0)
(5.09841 0.0328049 0)
(5.07262 0.0395886 0)
(5.04145 0.0477064 0)
(5.00381 0.057375 0)
(4.95844 0.0688205 0)
(4.90384 0.0822736 0)
(4.83829 0.0979451 0)
(4.75984 0.116033 0)
(4.66626 0.136713 0)
(4.55502 0.160115 0)
(4.42326 0.186461 0)
(4.26756 0.215735 0)
(4.08407 0.24845 0)
(3.86774 0.283724 0)
(3.61353 0.323347 0)
(3.31335 0.36256 0)
(2.96214 0.409335 0)
(2.54573 0.446437 0)
(2.06877 0.504425 0)
(1.51087 0.536799 0)
(0.922421 0.622823 0)
(0.284464 0.650226 0)
(-0.554536 1.65746 0)
(-1.57795 1.45142 0)
(-2.40396 0.947149 0)
(-2.79681 0.124832 0)
(-2.46904 -0.632697 0)
(-1.8144 -1.27695 0)
(-0.808292 -1.48205 0)
(0.1247 -1.49584 0)
(1.01276 -1.36048 0)
(1.77886 -1.16606 0)
(2.42422 -0.96173 0)
(2.95739 -0.773669 0)
(3.39297 -0.612692 0)
(3.74648 -0.480752 0)
(4.03229 -0.37544 0)
(4.26288 -0.292714 0)
(4.44868 -0.228317 0)
(4.59831 -0.178405 0)
(4.71879 -0.139767 0)
(4.81582 -0.109826 0)
(4.894 -0.0865703 0)
(4.95701 -0.0684482 0)
(5.00784 -0.0542736 0)
(5.04887 -0.0431508 0)
(5.08201 -0.0343915 0)
(5.1088 -0.0274695 0)
(5.13047 -0.0219822 0)
(5.14801 -0.01762 0)
(5.16221 -0.0141438 0)
(5.17371 -0.0113662 0)
(5.18303 -0.00914181 0)
(5.19058 -0.00735864 0)
(5.19671 -0.00592689 0)
(5.20168 -0.0047752 0)
(5.20571 -0.00384834 0)
(5.20897 -0.00310106 0)
(5.21162 -0.00249706 0)
(5.21377 -0.00200958 0)
(5.21551 -0.00161536 0)
(5.21692 -0.00129621 0)
(5.21806 -0.00103578 0)
(5.21898 -0.000824277 0)
(5.21972 -0.00065105 0)
(5.22031 -0.000506389 0)
(5.22078 -0.000388503 0)
(5.22114 -0.000285934 0)
(5.22143 -0.000198924 0)
(5.22164 -0.000123872 0)
(5.22179 -4.97298e-05 0)
(5.22188 1.59852e-05 0)
(5.22193 8.0187e-05 0)
(5.22192 0.000154772 0)
(5.22188 0.000228008 0)
(5.2218 0.000296622 0)
(5.22164 0.000376014 0)
(5.22143 0.000476552 0)
(5.22115 0.000597163 0)
(5.22081 0.000738531 0)
(5.22038 0.000906828 0)
(5.21986 0.00110753 0)
(5.21921 0.00134831 0)
(5.21842 0.00163846 0)
(5.21746 0.00198739 0)
(5.21629 0.00240902 0)
(5.21488 0.00291888 0)
(5.21316 0.00353387 0)
(5.21108 0.00427745 0)
(5.20856 0.00517835 0)
(5.2055 0.00626915 0)
(5.20181 0.00758897 0)
(5.19733 0.00918598 0)
(5.19192 0.0111189 0)
(5.18536 0.0134581 0)
(5.17742 0.0162893 0)
(5.16781 0.0197142 0)
(5.15618 0.0238552 0)
(5.1421 0.0288601 0)
(5.12506 0.034902 0)
(5.10443 0.0421834 0)
(5.07948 0.0509417 0)
(5.04932 0.0614426 0)
(5.01287 0.0739822 0)
(4.96889 0.0888714 0)
(4.9159 0.106441 0)
(4.85222 0.126999 0)
(4.7759 0.150866 0)
(4.68475 0.178303 0)
(4.57633 0.209675 0)
(4.44771 0.245138 0)
(4.2958 0.285562 0)
(4.11616 0.330231 0)
(3.90517 0.382401 0)
(3.65413 0.436031 0)
(3.36241 0.504499 0)
(3.00726 0.559967 0)
(2.60936 0.652937 0)
(2.10091 0.690465 0)
(1.59306 0.820151 0)
(0.905599 0.82284 0)
(0.39249 0.92242 0)
(-0.594417 2.11187 0)
(-1.74932 1.88308 0)
(-2.73353 1.25245 0)
(-3.23727 0.166648 0)
(-2.7582 -0.854166 0)
(-2.00054 -1.66416 0)
(-0.858173 -1.91188 0)
(0.146546 -1.89951 0)
(1.07952 -1.71344 0)
(1.86372 -1.46165 0)
(2.51016 -1.20424 0)
(3.0353 -0.970768 0)
(3.45924 -0.772231 0)
(3.80075 -0.609663 0)
(4.07572 -0.479524 0)
(4.29715 -0.376718 0)
(4.47552 -0.296098 0)
(4.61925 -0.23309 0)
(4.73512 -0.183884 0)
(4.82856 -0.145423 0)
(4.90395 -0.115302 0)
(4.96482 -0.0916496 0)
(5.01398 -0.0730194 0)
(5.05371 -0.0583038 0)
(5.08584 -0.0466465 0)
(5.11184 -0.0373858 0)
(5.13289 -0.0300101 0)
(5.14994 -0.0241222 0)
(5.16375 -0.0194123 0)
(5.17495 -0.0156367 0)
(5.18402 -0.0126044 0)
(5.19139 -0.0101668 0)
(5.19736 -0.00820482 0)
(5.2022 -0.00662314 0)
(5.20613 -0.00534738 0)
(5.20932 -0.00431706 0)
(5.2119 -0.00348325 0)
(5.214 -0.00280903 0)
(5.2157 -0.00226309 0)
(5.21707 -0.00182015 0)
(5.21819 -0.00145924 0)
(5.21908 -0.00116536 0)
(5.2198 -0.000924896 0)
(5.22038 -0.000725237 0)
(5.22084 -0.000561029 0)
(5.2212 -0.000421166 0)
(5.22148 -0.000301662 0)
(5.22169 -0.000198915 0)
(5.22183 -0.000102086 0)
(5.22193 -1.38617e-05 0)
(5.22197 7.00233e-05 0)
(5.22197 0.000161734 0)
(5.22193 0.000254788 0)
(5.22184 0.000345209 0)
(5.22169 0.000446333 0)
(5.22149 0.000570234 0)
(5.22122 0.000718141 0)
(5.22089 0.000891087 0)
(5.22048 0.00109586 0)
(5.21997 0.0013399 0)
(5.21934 0.00163241 0)
(5.21858 0.00198473 0)
(5.21765 0.00240873 0)
(5.21652 0.00292058 0)
(5.21515 0.00353942 0)
(5.21349 0.00428637 0)
(5.21147 0.00518921 0)
(5.20903 0.00628251 0)
(5.20608 0.00760614 0)
(5.2025 0.00920784 0)
(5.19817 0.0111461 0)
(5.19292 0.0134923 0)
(5.18657 0.016332 0)
(5.17889 0.0197694 0)
(5.16959 0.0239287 0)
(5.15832 0.0289596 0)
(5.14469 0.0350425 0)
(5.12818 0.0423907 0)
(5.1082 0.0512543 0)
(5.08401 0.0619279 0)
(5.05474 0.074744 0)
(5.01934 0.0900785 0)
(4.97657 0.108329 0)
(4.92495 0.129924 0)
(4.86281 0.155279 0)
(4.7882 0.184799 0)
(4.69897 0.218945 0)
(4.59258 0.257953 0)
(4.46651 0.302867 0)
(4.31684 0.352977 0)
(4.14144 0.412386 0)
(3.93118 0.474485 0)
(3.69062 0.556623 0)
(3.38788 0.62472 0)
(3.06943 0.746184 0)
(2.60745 0.794044 0)
(2.22896 0.979239 0)
(1.49199 0.961577 0)
(1.15507 1.2032 0)
(0.0344806 1.14719 0)
(-0.662897 2.5928 0)
(-1.94623 2.38469 0)
(-3.15543 1.62201 0)
(-3.73042 0.1972 0)
(-2.98724 -1.15987 0)
(-2.10156 -2.11774 0)
(-0.837078 -2.3945 0)
(0.21991 -2.32987 0)
(1.18041 -2.07931 0)
(1.97385 -1.76054 0)
(2.61645 -1.44448 0)
(3.13005 -1.16306 0)
(3.53941 -0.926338 0)
(3.86634 -0.733488 0)
(4.1283 -0.579238 0)
(4.3388 -0.457137 0)
(4.5083 -0.361015 0)
(4.64498 -0.285522 0)
(4.7553 -0.226248 0)
(4.8444 -0.179662 0)
(4.91641 -0.142984 0)
(4.97464 -0.114039 0)
(5.02175 -0.091135 0)
(5.05987 -0.0729671 0)
(5.09074 -0.0585202 0)
(5.11574 -0.0470043 0)
(5.13601 -0.0378045 0)
(5.15243 -0.0304405 0)
(5.16575 -0.0245354 0)
(5.17655 -0.0197919 0)
(5.18531 -0.0159755 0)
(5.19242 -0.012902 0)
(5.19819 -0.0104244 0)
(5.20288 -0.00842429 0)
(5.20668 -0.00680896 0)
(5.20976 -0.00550292 0)
(5.21226 -0.0044452 0)
(5.21429 -0.00358907 0)
(5.21593 -0.00289513 0)
(5.21727 -0.00233145 0)
(5.21834 -0.00187248 0)
(5.21921 -0.00149836 0)
(5.21991 -0.00119225 0)
(5.22047 -0.000938888 0)
(5.22091 -0.000729636 0)
(5.22126 -0.000553195 0)
(5.22153 -0.000402223 0)
(5.22173 -0.000272259 0)
(5.22187 -0.000153166 0)
(5.22197 -4.34524e-05 0)
(5.22201 6.03066e-05 0)
(5.22201 0.00016859 0)
(5.22197 0.000279731 0)
(5.22189 0.000391456 0)
(5.22175 0.000515058 0)
(5.22155 0.000662222 0)
(5.2213 0.00083608 0)
(5.22098 0.00103923 0)
(5.22058 0.00127941 0)
(5.22009 0.00156576 0)
(5.21949 0.00190886 0)
(5.21876 0.00232171 0)
(5.21786 0.00281875 0)
(5.21678 0.00341841 0)
(5.21546 0.00414307 0)
(5.21386 0.00501823 0)
(5.21192 0.00607614 0)
(5.20958 0.00735674 0)
(5.20674 0.0089069 0)
(5.2033 0.0107828 0)
(5.19914 0.0130531 0)
(5.1941 0.0158012 0)
(5.188 0.0191279 0)
(5.18061 0.023155 0)
(5.17167 0.0280289 0)
(5.16084 0.0339259 0)
(5.14774 0.0410586 0)
(5.13186 0.0496797 0)
(5.11263 0.0600866 0)
(5.08934 0.0726318 0)
(5.06114 0.0877139 0)
(5.02698 0.105793 0)
(4.98564 0.127349 0)
(4.93566 0.152929 0)
(4.87535 0.183013 0)
(4.80279 0.218211 0)
(4.71571 0.258839 0)
(4.612 0.305913 0)
(4.48812 0.35892 0)
(4.34305 0.421708 0)
(4.16761 0.488352 0)
(3.97055 0.576517 0)
(3.71305 0.652757 0)
(3.46396 0.788257 0)
(3.04561 0.850429 0)
(2.7944 1.0689 0)
(2.03733 1.06415 0)
(1.93645 1.38125 0)
(0.610842 1.27509 0)
(0.98541 1.49207 0)
(-0.63597 3.13656 0)
(-2.20408 2.95731 0)
(-3.63162 2.05031 0)
(-4.09541 0.183278 0)
(-3.03854 -1.58547 0)
(-1.99274 -2.63031 0)
(-0.647173 -2.91099 0)
(0.414369 -2.77343 0)
(1.35165 -2.44807 0)
(2.1246 -2.05769 0)
(2.74831 -1.68007 0)
(3.2429 -1.34915 0)
(3.63338 -1.0739 0)
(3.94284 -0.851217 0)
(4.18961 -0.67368 0)
(4.38747 -0.533193 0)
(4.54673 -0.422414 0)
(4.67527 -0.335161 0)
(4.77916 -0.266415 0)
(4.86322 -0.212182 0)
(4.93128 -0.169322 0)
(4.98641 -0.135375 0)
(5.03109 -0.108425 0)
(5.0673 -0.0869821 0)
(5.09666 -0.0698832 0)
(5.12047 -0.0562192 0)
(5.13979 -0.0452793 0)
(5.15547 -0.0365049 0)
(5.16819 -0.0294562 0)
(5.17851 -0.0237857 0)
(5.18689 -0.0192174 0)
(5.1937 -0.0155337 0)
(5.19922 -0.0125609 0)
(5.20371 -0.0101586 0)
(5.20735 -0.00821675 0)
(5.2103 -0.00664546 0)
(5.2127 -0.00537231 0)
(5.21465 -0.00434105 0)
(5.21622 -0.00350446 0)
(5.2175 -0.00282445 0)
(5.21853 -0.00227104 0)
(5.21937 -0.00181973 0)
(5.22004 -0.00145021 0)
(5.22057 -0.00114501 0)
(5.221 -0.000892486 0)
(5.22134 -0.00068052 0)
(5.2216 -0.000499432 0)
(5.22179 -0.000343264 0)
(5.22193 -0.000202378 0)
(5.22201 -7.23609e-05 0)
(5.22206 5.03782e-05 0)
(5.22206 0.000175135 0)
(5.22202 0.000303782 0)
(5.22194 0.000435904 0)
(5.22181 0.000580883 0)
(5.22162 0.000750066 0)
(5.22138 0.00094869 0)
(5.22108 0.00118097 0)
(5.2207 0.00145536 0)
(5.22023 0.00178237 0)
(5.21966 0.00217398 0)
(5.21896 0.00264486 0)
(5.21811 0.00321184 0)
(5.21707 0.00389569 0)
(5.21581 0.00472188 0)
(5.21429 0.00571999 0)
(5.21245 0.00692654 0)
(5.21021 0.00838669 0)
(5.2075 0.010154 0)
(5.20423 0.0122928 0)
(5.20026 0.0148814 0)
(5.19545 0.018015 0)
(5.18964 0.0218085 0)
(5.1826 0.0264011 0)
(5.17408 0.0319604 0)
(5.16375 0.0386887 0)
(5.15126 0.0468292 0)
(5.13611 0.0566739 0)
(5.11777 0.0685661 0)
(5.09552 0.0829162 0)
(5.06856 0.100189 0)
(5.03586 0.12093 0)
(4.99622 0.145709 0)
(4.94816 0.175176 0)
(4.89004 0.209951 0)
(4.81982 0.25061 0)
(4.73559 0.298031 0)
(4.63426 0.352 0)
(4.51519 0.415681 0)
(4.36995 0.484354 0)
(4.20906 0.573005 0)
(3.99258 0.654655 0)
(3.79779 0.790107 0)
(3.43127 0.869322 0)
(3.26743 1.09052 0)
(2.5602 1.12415 0)
(2.58298 1.46625 0)
(1.26764 1.3948 0)
(1.65934 1.79449 0)
(-0.545419 1.67631 0)
(-0.713689 3.76428 0)
(-2.35757 3.61863 0)
(-4.08639 2.48187 0)
(-4.16118 0.0412501 0)
(-2.89991 -2.1048 0)
(-1.65502 -3.18745 0)
(-0.255684 -3.42808 0)
(0.780715 -3.19929 0)
(1.63676 -2.79639 0)
(2.33989 -2.3395 0)
(2.91585 -1.90413 0)
(3.37723 -1.52561 0)
(3.74193 -1.213 0)
(4.03012 -0.961608 0)
(4.25927 -0.761952 0)
(4.44275 -0.604198 0)
(4.59046 -0.479757 0)
(4.70982 -0.381581 0)
(4.80647 -0.304042 0)
(4.88483 -0.242704 0)
(4.9484 -0.19409 0)
(5.00001 -0.155477 0)
(5.04191 -0.124744 0)
(5.07593 -0.10023 0)
(5.10355 -0.0806396 0)
(5.12599 -0.0649534 0)
(5.14422 -0.0523718 0)
(5.15902 -0.0422647 0)
(5.17105 -0.034134 0)
(5.18082 -0.027585 0)
(5.18875 -0.0223033 0)
(5.1952 -0.0180403 0)
(5.20043 -0.0145965 0)
(5.20469 -0.0118119 0)
(5.20814 -0.00955944 0)
(5.21094 -0.00773526 0)
(5.21322 -0.0062567 0)
(5.21507 -0.00505871 0)
(5.21657 -0.00408618 0)
(5.21778 -0.00329521 0)
(5.21876 -0.00265159 0)
(5.21955 -0.0021266 0)
(5.22019 -0.00169658 0)
(5.2207 -0.00134193 0)
(5.22111 -0.00104826 0)
(5.22142 -0.000802248 0)
(5.22167 -0.000592508 0)
(5.22186 -0.000411414 0)
(5.22199 -0.000249482 0)
(5.22207 -0.000100311 0)
(5.22211 4.0519e-05 0)
(5.22211 0.000181472 0)
(5.22208 0.000326739 0)
(5.222 0.00047781 0)
(5.22188 0.000642958 0)
(5.2217 0.000833216 0)
(5.22148 0.00105548 0)
(5.22119 0.00131546 0)
(5.22083 0.00162238 0)
(5.22039 0.00198795 0)
(5.21985 0.00242561 0)
(5.21919 0.0029516 0)
(5.21838 0.00358493 0)
(5.2174 0.00434875 0)
(5.21622 0.00527135 0)
(5.21478 0.00638611 0)
(5.21304 0.00773372 0)
(5.21092 0.00936428 0)
(5.20837 0.0113377 0)
(5.20527 0.013726 0)
(5.20152 0.0166167 0)
(5.19698 0.020116 0)
(5.19149 0.0243527 0)
(5.18484 0.0294821 0)
(5.17679 0.0356922 0)
(5.16704 0.0432099 0)
(5.15523 0.0523085 0)
(5.14092 0.0633172 0)
(5.12357 0.0766243 0)
(5.10252 0.0926985 0)
(5.07698 0.112068 0)
(5.04595 0.135373 0)
(5.00824 0.163252 0)
(4.96243 0.196532 0)
(4.90678 0.235784 0)
(4.83952 0.28209 0)
(4.75789 0.335416 0)
(4.66131 0.398148 0)
(4.54246 0.46737 0)
(4.41102 0.553125 0)
(4.2324 0.638259 0)
(4.07578 0.764703 0)
(3.77182 0.859502 0)
(3.64582 1.0614 0)
(3.06465 1.1412 0)
(3.06459 1.46329 0)
(2.03625 1.4672 0)
(2.176 1.92275 0)
(0.615283 1.81143 0)
(1.12589 2.11073 0)
(-0.865013 4.15642 0)
(-2.63057 4.32985 0)
(-4.35866 2.85073 0)
(-4.02622 -0.221196 0)
(-2.59577 -2.72046 0)
(-1.20169 -3.80939 0)
(0.244662 -3.9501 0)
(1.2806 -3.59035 0)
(2.04241 -3.09982 0)
(2.63659 -2.58673 0)
(3.13018 -2.10555 0)
(3.5378 -1.68694 0)
(3.8664 -1.34097 0)
(4.12819 -1.06323 0)
(4.3369 -0.843152 0)
(4.5042 -0.669517 0)
(4.63909 -0.532564 0)
(4.7483 -0.424405 0)
(4.83695 -0.338831 0)
(4.909 -0.27099 0)
(4.96761 -0.217095 0)
(5.0153 -0.17419 0)
(5.0541 -0.139964 0)
(5.08567 -0.11261 0)
(5.11136 -0.090707 0)
(5.13225 -0.0731395 0)
(5.14925 -0.0590278 0)
(5.16307 -0.047676 0)
(5.17431 -0.0385329 0)
(5.18344 -0.0311608 0)
(5.19087 -0.0252096 0)
(5.19691 -0.0204024 0)
(5.20182 -0.0165161 0)
(5.20581 -0.0133714 0)
(5.20905 -0.0108264 0)
(5.21168 -0.00876414 0)
(5.21382 -0.00709207 0)
(5.21555 -0.00573657 0)
(5.21696 -0.00463551 0)
(5.2181 -0.00373999 0)
(5.21902 -0.00301143 0)
(5.21976 -0.00241689 0)
(5.22036 -0.00192963 0)
(5.22084 -0.00152812 0)
(5.22123 -0.00119562 0)
(5.22153 -0.000917377 0)
(5.22176 -0.000680586 0)
(5.22193 -0.000476043 0)
(5.22206 -0.000294084 0)
(5.22214 -0.000126945 0)
(5.22218 3.08776e-05 0)
(5.22218 0.000187409 0)
(5.22214 0.000348334 0)
(5.22207 0.000516942 0)
(5.22196 0.000701027 0)
(5.22179 0.000911254 0)
(5.22158 0.00115579 0)
(5.22131 0.00144181 0)
(5.22098 0.00177937 0)
(5.22057 0.00218122 0)
(5.22006 0.00266217 0)
(5.21944 0.00323999 0)
(5.21869 0.00393571 0)
(5.21777 0.00477472 0)
(5.21666 0.00578797 0)
(5.21532 0.00701233 0)
(5.21369 0.00849252 0)
(5.21171 0.0102833 0)
(5.20932 0.0124504 0)
(5.20643 0.0150732 0)
(5.20292 0.0182478 0)
(5.19868 0.022091 0)
(5.19354 0.026744 0)
(5.18732 0.0323781 0)
(5.1798 0.0392 0)
(5.17068 0.0474603 0)
(5.15963 0.0574603 0)
(5.14624 0.0695658 0)
(5.13001 0.0842076 0)
(5.11029 0.101913 0)
(5.08634 0.12327 0)
(5.05719 0.149019 0)
(5.0217 0.179881 0)
(4.97838 0.216797 0)
(4.92571 0.260546 0)
(4.86128 0.311936 0)
(4.78415 0.37225 0)
(4.68867 0.440511 0)
(4.5814 0.522364 0)
(4.43709 0.608582 0)
(4.30622 0.723505 0)
(4.06787 0.828333 0)
(3.94633 1.00268 0)
(3.52549 1.11784 0)
(3.42847 1.40175 0)
(2.77797 1.47431 0)
(2.585 1.9332 0)
(1.70251 1.87367 0)
(1.43387 2.42572 0)
(-0.114144 2.25719 0)
(-0.608832 5.23372 0)
(-2.78708 4.86368 0)
(-4.41278 3.17055 0)
(-3.75456 -0.601783 0)
(-2.09669 -3.47274 0)
(-0.637425 -4.48817 0)
(0.763703 -4.49825 0)
(1.80011 -3.97053 0)
(2.50916 -3.35914 0)
(3.00005 -2.78705 0)
(3.39252 -2.27258 0)
(3.72733 -1.82591 0)
(4.00798 -1.45408 0)
(4.23712 -1.15419 0)
(4.42211 -0.916238 0)
(4.57135 -0.728492 0)
(4.69218 -0.580371 0)
(4.79035 -0.463285 0)
(4.87031 -0.37051 0)
(4.93552 -0.296823 0)
(4.98872 -0.238165 0)
(5.03214 -0.191373 0)
(5.06756 -0.153973 0)
(5.09645 -0.124027 0)
(5.12 -0.100009 0)
(5.13919 -0.0807162 0)
(5.15483 -0.0651969 0)
(5.16756 -0.0526977 0)
(5.17793 -0.0426196 0)
(5.18637 -0.0344857 0)
(5.19323 -0.0279144 0)
(5.19882 -0.0226023 0)
(5.20336 -0.0183046 0)
(5.20706 -0.0148256 0)
(5.21006 -0.0120083 0)
(5.2125 -0.00972385 0)
(5.21448 -0.00787165 0)
(5.21609 -0.00636967 0)
(5.2174 -0.00514873 0)
(5.21846 -0.0041555 0)
(5.21931 -0.00334749 0)
(5.22 -0.00268799 0)
(5.22056 -0.00214738 0)
(5.22101 -0.0017022 0)
(5.22136 -0.00133352 0)
(5.22164 -0.00102514 0)
(5.22186 -0.000763065 0)
(5.22202 -0.000536682 0)
(5.22213 -0.000335903 0)
(5.22221 -0.000151997 0)
(5.22224 2.16109e-05 0)
(5.22225 0.000192875 0)
(5.22221 0.000368467 0)
(5.22215 0.000553209 0)
(5.22204 0.000754824 0)
(5.22189 0.000983718 0)
(5.2217 0.00124905 0)
(5.22145 0.00155929 0)
(5.22114 0.00192535 0)
(5.22076 0.00236096 0)
(5.22029 0.0028822 0)
(5.21972 0.00350823 0)
(5.21902 0.00426197 0)
(5.21818 0.00517091 0)
(5.21715 0.00626849 0)
(5.21591 0.00759477 0)
(5.2144 0.00919821 0)
(5.21257 0.011138 0)
(5.21036 0.0134853 0)
(5.20769 0.0163261 0)
(5.20445 0.0197646 0)
(5.20052 0.0239273 0)
(5.19578 0.0289675 0)
(5.19003 0.0350707 0)
(5.18307 0.0424615 0)
(5.17465 0.0514125 0)
(5.16444 0.0622515 0)
(5.15206 0.075379 0)
(5.13705 0.0912652 0)
(5.1188 0.110498 0)
(5.0966 0.133717 0)
(5.06953 0.161784 0)
(5.03648 0.195442 0)
(4.99605 0.235944 0)
(4.94639 0.283776 0)
(4.88618 0.340794 0)
(4.81114 0.406303 0)
(4.72473 0.483795 0)
(4.61048 0.56952 0)
(4.49859 0.673471 0)
(4.31914 0.782638 0)
(4.19215 0.931131 0)
(3.91376 1.06359 0)
(3.73801 1.30546 0)
(3.37658 1.43132 0)
(3.02404 1.83295 0)
(2.524 1.90886 0)
(2.10074 2.43363 0)
(0.963312 2.40617 0)
(1.10522 2.78483 0)
(0.0282977 5.33117 0)
(-2.5323 5.77015 0)
(-4.01248 3.43712 0)
(-3.08541 -1.08891 0)
(-1.41916 -4.23358 0)
(0.128501 -5.14654 0)
(1.37706 -5.00794 0)
(2.28996 -4.33994 0)
(2.95328 -3.59559 0)
(3.3814 -2.94709 0)
(3.68542 -2.40116 0)
(3.94143 -1.93686 0)
(4.16565 -1.54847 0)
(4.35638 -1.23236 0)
(4.51433 -0.980072 0)
(4.64363 -0.78046 0)
(4.74923 -0.622743 0)
(4.83556 -0.497906 0)
(4.90622 -0.398837 0)
(4.96411 -0.320012 0)
(5.01154 -0.257144 0)
(5.05038 -0.206899 0)
(5.08216 -0.166667 0)
(5.10816 -0.134399 0)
(5.12941 -0.108478 0)
(5.14676 -0.0876272 0)
(5.16092 -0.0708336 0)
(5.17247 -0.0572925 0)
(5.18189 -0.0463637 0)
(5.18957 -0.0375353 0)
(5.19582 -0.0303973 0)
(5.20091 -0.0246236 0)
(5.20506 -0.019949 0)
(5.20843 -0.0161631 0)
(5.21117 -0.0130961 0)
(5.2134 -0.0106079 0)
(5.21521 -0.00858996 0)
(5.21668 -0.00695269 0)
(5.21788 -0.00562141 0)
(5.21885 -0.00453865 0)
(5.21963 -0.00365767 0)
(5.22026 -0.0029382 0)
(5.22077 -0.00234829 0)
(5.22118 -0.00186277 0)
(5.22151 -0.00146076 0)
(5.22176 -0.00112458 0)
(5.22196 -0.000839197 0)
(5.22211 -0.000592746 0)
(5.22222 -0.000374583 0)
(5.22228 -0.000175226 0)
(5.22232 1.28668e-05 0)
(5.22232 0.000197811 0)
(5.22229 0.00038696 0)
(5.22223 0.000586396 0)
(5.22213 0.000804047 0)
(5.222 0.00105017 0)
(5.22182 0.00133467 0)
(5.2216 0.00166716 0)
(5.22131 0.00205943 0)
(5.22097 0.00252608 0)
(5.22054 0.00308433 0)
(5.22002 0.00375468 0)
(5.21938 0.00456169 0)
(5.21861 0.00553487 0)
(5.21767 0.00670991 0)
(5.21654 0.00812978 0)
(5.21516 0.0098464 0)
(5.2135 0.0119229 0)
(5.21148 0.0144357 0)
(5.20904 0.0174766 0)
(5.20609 0.0211574 0)
(5.20251 0.0256136 0)
(5.19819 0.0310091 0)
(5.19295 0.037543 0)
(5.18661 0.045456 0)
(5.17892 0.0550412 0)
(5.16962 0.0666509 0)
(5.15833 0.0807184 0)
(5.14464 0.0977502 0)
(5.12798 0.118394 0)
(5.10771 0.143337 0)
(5.0829 0.173566 0)
(5.05261 0.209864 0)
(5.01516 0.253715 0)
(4.96945 0.305658 0)
(4.91218 0.367602 0)
(4.84408 0.439566 0)
(4.75609 0.522931 0)
(4.66083 0.619136 0)
(4.52797 0.726245 0)
(4.402 0.857454 0)
(4.22048 0.991432 0)
(4.02224 1.19325 0)
(3.81426 1.35522 0)
(3.47974 1.66521 0)
(3.11895 1.89162 0)
(2.7787 2.26107 0)
(1.89651 2.5355 0)
(1.59314 3.02927 0)
(-0.33251 2.98747 0)
(-1.14868 5.91202 0)
(-2.29356 6.35556 0)
(-3.3153 3.64976 0)
(-1.95254 -1.58237 0)
(-0.668681 -4.86645 0)
(0.872868 -5.77125 0)
(2.10872 -5.42273 0)
(2.81487 -4.63916 0)
(3.34426 -3.80772 0)
(3.72813 -3.08241 0)
(3.97777 -2.49804 0)
(4.16742 -2.01949 0)
(4.33485 -1.62196 0)
(4.4841 -1.29597 0)
(4.61257 -1.03357 0)
(4.72034 -0.824787 0)
(4.8097 -0.65928 0)
(4.88349 -0.52799 0)
(4.94436 -0.423601 0)
(4.99453 -0.340388 0)
(5.03585 -0.273897 0)
(5.06984 -0.220659 0)
(5.09777 -0.177957 0)
(5.1207 -0.143652 0)
(5.13949 -0.116054 0)
(5.15488 -0.093823 0)
(5.16747 -0.0758969 0)
(5.17776 -0.0614271 0)
(5.18616 -0.0497376 0)
(5.19302 -0.0402868 0)
(5.19861 -0.0326402 0)
(5.20317 -0.0264507 0)
(5.20689 -0.0214369 0)
(5.20991 -0.0173746 0)
(5.21237 -0.0140811 0)
(5.21438 -0.0114089 0)
(5.21601 -0.00924178 0)
(5.21733 -0.00748194 0)
(5.2184 -0.00605022 0)
(5.21927 -0.00488623 0)
(5.21998 -0.00393914 0)
(5.22055 -0.00316536 0)
(5.22101 -0.00253083 0)
(5.22138 -0.00200873 0)
(5.22167 -0.00157646 0)
(5.2219 -0.00121502 0)
(5.22208 -0.000908435 0)
(5.22221 -0.000643806 0)
(5.22231 -0.00040983 0)
(5.22237 -0.000196419 0)
(5.2224 4.82332e-06 0)
(5.2224 0.000202208 0)
(5.22238 0.00040372 0)
(5.22232 0.00061638 0)
(5.22223 0.000848493 0)
(5.22211 0.00111024 0)
(5.22195 0.00141215 0)
(5.22175 0.0017648 0)
(5.2215 0.0021808 0)
(5.22119 0.00267554 0)
(5.2208 0.00326729 0)
(5.22033 0.00397775 0)
(5.21976 0.00483301 0)
(5.21907 0.00586431 0)
(5.21823 0.00710946 0)
(5.21721 0.00861402 0)
(5.21598 0.0104331 0)
(5.21448 0.0126334 0)
(5.21268 0.0152957 0)
(5.21049 0.0185178 0)
(5.20784 0.0224177 0)
(5.20463 0.0271392 0)
(5.20075 0.032856 0)
(5.19605 0.0397792 0)
(5.19037 0.0481644 0)
(5.18348 0.0583232 0)
(5.17514 0.0706297 0)
(5.16502 0.0855489 0)
(5.15274 0.103617 0)
(5.13779 0.125549 0)
(5.11959 0.152054 0)
(5.09725 0.184295 0)
(5.06988 0.222979 0)
(5.03598 0.270112 0)
(4.99382 0.325692 0)
(4.94201 0.392958 0)
(4.87598 0.470216 0)
(4.79861 0.561227 0)
(4.69919 0.663853 0)
(4.58572 0.782309 0)
(4.45826 0.913821 0)
(4.28023 1.07959 0)
(4.13142 1.25752 0)
(3.8881 1.48421 0)
(3.58937 1.79478 0)
(3.31832 2.04341 0)
(2.81345 2.48016 0)
(2.23789 2.91614 0)
(1.52795 3.0863 0)
(1.08595 3.56681 0)
(-0.281216 6.88705 0)
(-1.7599 6.63839 0)
(-2.50985 3.6843 0)
(-0.66651 -2.13799 0)
(0.438744 -5.43465 0)
(1.4491 -6.40962 0)
(2.70514 -5.83007 0)
(3.40172 -4.84803 0)
(3.72575 -3.96524 0)
(4.02058 -3.19803 0)
(4.23962 -2.57468 0)
(4.38802 -2.07895 0)
(4.50806 -1.67536 0)
(4.6171 -1.34444 0)
(4.71525 -1.07606 0)
(4.80055 -0.860983 0)
(4.87294 -0.689652 0)
(4.93368 -0.553303 0)
(4.98434 -0.44463 0)
(5.02647 -0.357818 0)
(5.06142 -0.288314 0)
(5.09035 -0.232562 0)
(5.11425 -0.187766 0)
(5.13395 -0.151722 0)
(5.15017 -0.122682 0)
(5.16349 -0.0992602 0)
(5.17442 -0.0803511 0)
(5.18337 -0.0650719 0)
(5.1907 -0.0527174 0)
(5.19669 -0.0427202 0)
(5.20159 -0.0346266 0)
(5.20558 -0.028071 0)
(5.20884 -0.0227568 0)
(5.21149 -0.0184506 0)
(5.21366 -0.0149572 0)
(5.21542 -0.0121212 0)
(5.21685 -0.00982123 0)
(5.21801 -0.00795292 0)
(5.21896 -0.00643251 0)
(5.21973 -0.00519627 0)
(5.22035 -0.00418997 0)
(5.22085 -0.0033676 0)
(5.22126 -0.00269339 0)
(5.22158 -0.00213881 0)
(5.22184 -0.00167966 0)
(5.22204 -0.00129574 0)
(5.2222 -0.000970258 0)
(5.22232 -0.000689429 0)
(5.2224 -0.000441358 0)
(5.22246 -0.000215416 0)
(5.22249 -2.39972e-06 0)
(5.22249 0.000206044 0)
(5.22246 0.000418577 0)
(5.22242 0.000642964 0)
(5.22234 0.000887887 0)
(5.22223 0.00116358 0)
(5.22209 0.00148101 0)
(5.22192 0.00185159 0)
(5.22169 0.00228871 0)
(5.22142 0.00280846 0)
(5.22108 0.00342998 0)
(5.22067 0.00417611 0)
(5.22017 0.00507424 0)
(5.21956 0.00615723 0)
(5.21882 0.00746468 0)
(5.21792 0.00904448 0)
(5.21684 0.0109545 0)
(5.21552 0.0132648 0)
(5.21393 0.0160601 0)
(5.21201 0.0194429 0)
(5.20968 0.0235375 0)
(5.20686 0.0284945 0)
(5.20345 0.0344965 0)
(5.19933 0.0417653 0)
(5.19433 0.0505694 0)
(5.18828 0.0612373 0)
(5.18096 0.074162 0)
(5.17208 0.0898383 0)
(5.16131 0.108827 0)
(5.14816 0.13191 0)
(5.13219 0.159802 0)
(5.11245 0.193884 0)
(5.08837 0.234686 0)
(5.05795 0.284976 0)
(5.02062 0.343754 0)
(4.97263 0.416603 0)
(4.91323 0.498305 0)
(4.83993 0.597686 0)
(4.74504 0.706944 0)
(4.64744 0.831012 0)
(4.50537 0.977631 0)
(4.37418 1.14537 0)
(4.21406 1.32333 0)
(3.98263 1.6315 0)
(3.72107 1.8425 0)
(3.55236 2.26381 0)
(2.85679 2.71138 0)
(2.45318 3.01344 0)
(1.82194 3.78411 0)
(0.041752 3.75574 0)
(1.54417 6.42223 0)
(-0.848228 7.21845 0)
(-1.38093 3.57728 0)
(0.811104 -2.72938 0)
(2.23302 -5.90159 0)
(2.55536 -6.88397 0)
(3.13247 -6.25354 0)
(3.9506 -5.02626 0)
(4.1688 -4.04727 0)
(4.29873 -3.28079 0)
(4.46277 -2.63878 0)
(4.58806 -2.12342 0)
(4.67651 -1.71211 0)
(4.75132 -1.37855 0)
(4.82043 -1.10747 0)
(4.88317 -0.888822 0)
(4.93827 -0.713654 0)
(4.98561 -0.573681 0)
(5.02579 -0.461789 0)
(5.05964 -0.372191 0)
(5.08803 -0.300307 0)
(5.11174 -0.242534 0)
(5.13146 -0.196033 0)
(5.14782 -0.158557 0)
(5.16135 -0.128321 0)
(5.17252 -0.103902 0)
(5.18172 -0.0841658 0)
(5.18927 -0.0682015 0)
(5.19548 -0.0552816 0)
(5.20056 -0.044819 0)
(5.20472 -0.0363417 0)
(5.20812 -0.0294722 0)
(5.2109 -0.0239007 0)
(5.21316 -0.0193827 0)
(5.21501 -0.0157164 0)
(5.21652 -0.0127402 0)
(5.21774 -0.0103252 0)
(5.21874 -0.00836169 0)
(5.21955 -0.00676418 0)
(5.22021 -0.00546587 0)
(5.22074 -0.00440858 0)
(5.22117 -0.00354404 0)
(5.22152 -0.00283516 0)
(5.2218 -0.00225215 0)
(5.22202 -0.0017695 0)
(5.22219 -0.00136601 0)
(5.22233 -0.0010241 0)
(5.22243 -0.000729203 0)
(5.2225 -0.000468854 0)
(5.22255 -0.000231981 0)
(5.22258 -8.81953e-06 0)
(5.22258 0.000209323 0)
(5.22256 0.0004315 0)
(5.22252 0.000666057 0)
(5.22245 0.000922062 0)
(5.22236 0.00120989 0)
(5.22224 0.00154086 0)
(5.22209 0.00192702 0)
(5.2219 0.00238246 0)
(5.22166 0.00292394 0)
(5.22137 0.00357137 0)
(5.22102 0.00434849 0)
(5.22059 0.00528386 0)
(5.22007 0.00641175 0)
(5.21943 0.00777337 0)
(5.21867 0.00941853 0)
(5.21774 0.0114075 0)
(5.21661 0.0138133 0)
(5.21525 0.016724 0)
(5.2136 0.0202464 0)
(5.21161 0.0245098 0)
(5.2092 0.0296711 0)
(5.20628 0.0359204 0)
(5.20275 0.0434887 0)
(5.19848 0.0526558 0)
(5.19331 0.0637648 0)
(5.18706 0.0772247 0)
(5.17946 0.0935581 0)
(5.17027 0.113341 0)
(5.15903 0.137434 0)
(5.14542 0.166518 0)
(5.12844 0.202256 0)
(5.10786 0.244872 0)
(5.08134 0.298155 0)
(5.04892 0.359729 0)
(5.00568 0.438198 0)
(4.95325 0.523778 0)
(4.88201 0.632819 0)
(4.80112 0.745271 0)
(4.69774 0.880028 0)
(4.57456 1.03942 0)
(4.46132 1.18192 0)
(4.30216 1.44781 0)
(4.04925 1.66049 0)
(4.03036 1.98364 0)
(3.5551 2.42182 0)
(2.94796 2.89793 0)
(3.10651 3.41297 0)
(1.11075 3.86988 0)
(1.24838 4.71928 0)
(-0.22692 6.55397 0)
(-0.544405 7.39162 0)
(0.0527829 3.16929 0)
(2.25979 -3.19606 0)
(3.70324 -6.18303 0)
(4.29416 -6.93071 0)
(3.82334 -6.47797 0)
(4.35973 -5.21589 0)
(4.67061 -4.07416 0)
(4.65021 -3.30215 0)
(4.68614 -2.68092 0)
(4.76805 -2.15835 0)
(4.83375 -1.73741 0)
(4.88261 -1.40045 0)
(4.92597 -1.12833 0)
(4.96701 -0.908345 0)
(5.00491 -0.731213 0)
(5.03876 -0.589038 0)
(5.06831 -0.474997 0)
(5.09375 -0.383435 0)
(5.11545 -0.309808 0)
(5.13381 -0.250517 0)
(5.14925 -0.202709 0)
(5.16217 -0.164117 0)
(5.17294 -0.132935 0)
(5.18189 -0.10772 0)
(5.1893 -0.0873158 0)
(5.19541 -0.0707955 0)
(5.20045 -0.0574132 0)
(5.20459 -0.0465674 0)
(5.20798 -0.037775 0)
(5.21077 -0.0306441 0)
(5.21304 -0.0248587 0)
(5.2149 -0.0201658 0)
(5.21643 -0.0163545 0)
(5.21767 -0.0132601 0)
(5.21867 -0.010749 0)
(5.2195 -0.00870661 0)
(5.22017 -0.0070443 0)
(5.22071 -0.00569293 0)
(5.22115 -0.00459228 0)
(5.22151 -0.00369246 0)
(5.2218 -0.0029548 0)
(5.22203 -0.00234801 0)
(5.22221 -0.00184557 0)
(5.22235 -0.00142552 0)
(5.22246 -0.00106972 0)
(5.22255 -0.000762972 0)
(5.22261 -0.000492251 0)
(5.22265 -0.000246143 0)
(5.22267 -1.43811e-05 0)
(5.22267 0.000212018 0)
(5.22266 0.000442367 0)
(5.22262 0.00068553 0)
(5.22257 0.00095089 0)
(5.22249 0.00124893 0)
(5.22239 0.00159134 0)
(5.22227 0.00199068 0)
(5.22211 0.00246158 0)
(5.22191 0.00302132 0)
(5.22167 0.00369055 0)
(5.22138 0.00449382 0)
(5.22103 0.00546059 0)
(5.2206 0.00662624 0)
(5.22007 0.00803346 0)
(5.21944 0.00973374 0)
(5.21867 0.0117893 0)
(5.21774 0.0142754 0)
(5.21661 0.0172833 0)
(5.21525 0.0209232 0)
(5.21361 0.0253287 0)
(5.21162 0.0306617 0)
(5.20921 0.0371188 0)
(5.2063 0.0449388 0)
(5.20278 0.0544104 0)
(5.19852 0.0658896 0)
(5.19338 0.0797976 0)
(5.18713 0.0966837 0)
(5.17959 0.117128 0)
(5.17031 0.142082 0)
(5.1592 0.172135 0)
(5.14509 0.209372 0)
(5.12833 0.253346 0)
(5.10584 0.309713 0)
(5.07882 0.373028 0)
(5.04137 0.458172 0)
(4.99393 0.545783 0)
(4.93134 0.666811 0)
(4.85408 0.778484 0)
(4.75404 0.935596 0)
(4.65226 1.07131 0)
(4.54959 1.26287 0)
(4.33421 1.50503 0)
(4.3118 1.70838 0)
(4.15632 2.11625 0)
(3.39309 2.63363 0)
(3.86427 2.94592 0)
(2.75148 3.6708 0)
(2.49528 4.55719 0)
(0.187877 4.7341 0)
(2.03982 6.70359 0)
(0.217904 7.60084 0)
(1.60562 2.71327 0)
(3.7372 -3.82047 0)
(4.10216 -6.8378 0)
(5.26829 -6.96222 0)
(4.8476 -6.35544 0)
(4.65176 -5.35659 0)
(5.07222 -4.12461 0)
(5.09539 -3.26347 0)
(4.98319 -2.67119 0)
(4.96004 -2.1735 0)
(4.98397 -1.75313 0)
(5.00889 -1.41285 0)
(5.03006 -1.13987 0)
(5.05098 -0.919895 0)
(5.07215 -0.742386 0)
(5.0926 -0.599355 0)
(5.11152 -0.48422 0)
(5.12849 -0.39151 0)
(5.14343 -0.316781 0)
(5.15637 -0.256476 0)
(5.16747 -0.20776 0)
(5.17689 -0.168371 0)
(5.18485 -0.136497 0)
(5.19153 -0.110689 0)
(5.1971 -0.089782 0)
(5.20173 -0.0728368 0)
(5.20557 -0.059098 0)
(5.20874 -0.047955 0)
(5.21135 -0.0389152 0)
(5.2135 -0.0315795 0)
(5.21526 -0.0256249 0)
(5.21671 -0.0207922 0)
(5.21789 -0.016867 0)
(5.21885 -0.0136784 0)
(5.21964 -0.0110891 0)
(5.22028 -0.00898378 0)
(5.22081 -0.00727064 0)
(5.22123 -0.00587673 0)
(5.22157 -0.00474063 0)
(5.22185 -0.00381203 0)
(5.22208 -0.00305107 0)
(5.22226 -0.00242514 0)
(5.2224 -0.00190683 0)
(5.22252 -0.00147351 0)
(5.22261 -0.00110651 0)
(5.22267 -0.0007902 0)
(5.22272 -0.000511165 0)
(5.22275 -0.000257645 0)
(5.22277 -1.90636e-05 0)
(5.22277 0.000214066 0)
(5.22276 0.00045102 0)
(5.22273 0.000701132 0)
(5.22269 0.000974039 0)
(5.22263 0.00128043 0)
(5.22255 0.00163208 0)
(5.22245 0.00204209 0)
(5.22233 0.00252551 0)
(5.22217 0.00310009 0)
(5.22199 0.00378693 0)
(5.22176 0.00461127 0)
(5.22148 0.0056034 0)
(5.22114 0.0067996 0)
(5.22073 0.00824355 0)
(5.22023 0.00998818 0)
(5.21963 0.0120974 0)
(5.2189 0.0146484 0)
(5.21802 0.0177345 0)
(5.21695 0.0214689 0)
(5.21567 0.0259888 0)
(5.21411 0.0314601 0)
(5.21223 0.0380842 0)
(5.20995 0.0461062 0)
(5.20721 0.0558222 0)
(5.20389 0.0675983 0)
(5.19989 0.0818641 0)
(5.19502 0.099194 0)
(5.18919 0.120161 0)
(5.18194 0.14582 0)
(5.17347 0.176608 0)
(5.16225 0.215164 0)
(5.14975 0.260001 0)
(5.13103 0.319571 0)
(5.11104 0.383194 0)
(5.07759 0.477042 0)
(5.03914 0.56258 0)
(4.9831 0.70113 0)
(4.90564 0.809451 0)
(4.82269 0.981534 0)
(4.73369 1.11272 0)
(4.5846 1.33846 0)
(4.48939 1.50903 0)
(4.57978 1.79914 0)
(3.78733 2.29639 0)
(4.333 2.56992 0)
(3.7596 3.25818 0)
(2.97331 3.99053 0)
(2.04913 4.86375 0)
(1.78664 5.90555 0)
(1.90472 5.57237 0)
(0.873313 7.59435 0)
(3.34355 2.0721 0)
(6.20314 -4.33969 0)
(5.5963 -7.46216 0)
(5.51939 -7.37822 0)
(5.8239 -6.13486 0)
(5.06144 -5.29135 0)
(5.21757 -4.23298 0)
(5.47189 -3.24656 0)
(5.36205 -2.60726 0)
(5.21066 -2.14475 0)
(5.14854 -1.74954 0)
(5.13415 -1.41523 0)
(5.13211 -1.14312 0)
(5.13417 -0.924048 0)
(5.13934 -0.747366 0)
(5.14667 -0.604684 0)
(5.15503 -0.489463 0)
(5.16356 -0.396408 0)
(5.17173 -0.321211 0)
(5.17924 -0.260394 0)
(5.18597 -0.211169 0)
(5.19187 -0.171301 0)
(5.19698 -0.138992 0)
(5.20136 -0.112796 0)
(5.20507 -0.0915507 0)
(5.2082 -0.0743136 0)
(5.21081 -0.0603258 0)
(5.213 -0.0489725 0)
(5.21481 -0.0397547 0)
(5.2163 -0.0322718 0)
(5.21754 -0.0261945 0)
(5.21855 -0.0212578 0)
(5.21939 -0.017249 0)
(5.22007 -0.0139921 0)
(5.22063 -0.0113443 0)
(5.22109 -0.00919091 0)
(5.22146 -0.0074399 0)
(5.22176 -0.00601495 0)
(5.22201 -0.00485284 0)
(5.22221 -0.00390277 0)
(5.22237 -0.00312412 0)
(5.2225 -0.00248351 0)
(5.2226 -0.00195301 0)
(5.22269 -0.00150963 0)
(5.22275 -0.00113422 0)
(5.2228 -0.000810676 0)
(5.22283 -0.000525323 0)
(5.22285 -0.000266105 0)
(5.22287 -2.25385e-05 0)
(5.22287 0.000215695 0)
(5.22286 0.000457721 0)
(5.22284 0.000713076 0)
(5.22281 0.000991625 0)
(5.22277 0.00130427 0)
(5.22271 0.00166294 0)
(5.22264 0.00208097 0)
(5.22255 0.00257378 0)
(5.22244 0.00315953 0)
(5.2223 0.00385974 0)
(5.22214 0.00470002 0)
(5.22194 0.00571126 0)
(5.2217 0.00693054 0)
(5.2214 0.00840235 0)
(5.22104 0.0101805 0)
(5.22061 0.0123301 0)
(5.22009 0.0149299 0)
(5.21946 0.018075 0)
(5.21869 0.0218806 0)
(5.21777 0.0264862 0)
(5.21666 0.0320613 0)
(5.21531 0.0388106 0)
(5.21369 0.0469839 0)
(5.21173 0.0568821 0)
(5.20937 0.0688798 0)
(5.20654 0.0834107 0)
(5.20308 0.101073 0)
(5.19902 0.122418 0)
(5.19383 0.148623 0)
(5.18811 0.179887 0)
(5.1798 0.219599 0)
(5.17194 0.264702 0)
(5.15686 0.327676 0)
(5.14529 0.389821 0)
(5.11413 0.495186 0)
(5.091 0.571533 0)
(5.03076 0.742888 0)
(4.9676 0.822404 0)
(4.90083 1.0409 0)
(4.77767 1.15651 0)
(4.64941 1.36509 0)
(4.81821 1.55806 0)
(4.1627 1.9223 0)
(4.62734 2.27591 0)
(4.34541 2.68814 0)
(3.94075 3.30812 0)
(3.57963 4.42333 0)
(3.13254 5.01774 0)
(0.496844 6.59421 0)
(1.34439 5.45672 0)
(1.27562 6.79084 0)
(4.96944 1.10685 0)
(8.89192 -4.4802 0)
(9.03723 -6.96206 0)
(6.77245 -7.38189 0)
(6.79099 -6.02036 0)
(5.95184 -4.98257 0)
(5.31791 -4.25184 0)
(5.57739 -3.31304 0)
(5.67383 -2.55663 0)
(5.50709 -2.07376 0)
(5.3492 -1.71194 0)
(5.26998 -1.40072 0)
(5.23458 -1.13697 0)
(5.21623 -0.921072 0)
(5.20583 -0.746401 0)
(5.20046 -0.605131 0)
(5.19848 -0.490766 0)
(5.19868 -0.398143 0)
(5.20014 -0.323099 0)
(5.20224 -0.262267 0)
(5.2046 -0.212931 0)
(5.20697 -0.172901 0)
(5.20923 -0.14041 0)
(5.2113 -0.114033 0)
(5.21314 -0.0926141 0)
(5.21475 -0.0752195 0)
(5.21613 -0.0610906 0)
(5.21731 -0.0496137 0)
(5.21831 -0.0402911 0)
(5.21915 -0.032716 0)
(5.21985 -0.0265626 0)
(5.22043 -0.0215627 0)
(5.22092 -0.0174991 0)
(5.22131 -0.0141968 0)
(5.22164 -0.011512 0)
(5.22191 -0.00932889 0)
(5.22213 -0.00755282 0)
(5.22231 -0.00610633 0)
(5.22245 -0.00492658 0)
(5.22257 -0.00396271 0)
(5.22267 -0.00317296 0)
(5.22275 -0.00252295 0)
(5.22281 -0.0019845 0)
(5.22286 -0.00153439 0)
(5.2229 -0.0011533 0)
(5.22293 -0.000824932 0)
(5.22295 -0.00053531 0)
(5.22296 -0.000272317 0)
(5.22297 -2.50004e-05 0)
(5.22297 0.000216597 0)
(5.22296 0.000462025 0)
(5.22295 0.000720963 0)
(5.22293 0.00100343 0)
(5.22291 0.0013203 0)
(5.22287 0.0016837 0)
(5.22283 0.00210715 0)
(5.22278 0.00260628 0)
(5.22271 0.00319946 0)
(5.22263 0.00390851 0)
(5.22253 0.00475946 0)
(5.22241 0.0057835 0)
(5.22226 0.00701809 0)
(5.22208 0.00850845 0)
(5.22187 0.0103091 0)
(5.22161 0.0124857 0)
(5.22129 0.0151181 0)
(5.22092 0.0183025 0)
(5.22046 0.0221555 0)
(5.21991 0.0268183 0)
(5.21924 0.0324619 0)
(5.21844 0.0392939 0)
(5.21748 0.0475666 0)
(5.21633 0.0575843 0)
(5.21494 0.0697266 0)
(5.2133 0.0844281 0)
(5.21127 0.102309 0)
(5.20901 0.123882 0)
(5.20588 0.150475 0)
(5.20306 0.18193 0)
(5.19754 0.222676 0)
(5.19487 0.267243 0)
(5.18297 0.334182 0)
(5.18136 0.392157 0)
(5.1518 0.512905 0)
(5.14745 0.571693 0)
(5.07588 0.793736 0)
(5.04977 0.807569 0)
(4.9616 1.14993 0)
(4.7871 1.11946 0)
(4.98368 1.44629 0)
(4.45083 1.59775 0)
(4.78928 1.98852 0)
(4.6096 2.18966 0)
(4.53968 2.90902 0)
(3.84236 3.62511 0)
(3.58081 4.626 0)
(3.7351 5.27618 0)
(2.42734 7.73871 0)
(4.81562 4.30653 0)
(1.37481 6.51362 0)
(6.57662 -0.183436 0)
(9.79993 -5.38839 0)
(11.1092 -6.52317 0)
(8.6208 -6.60003 0)
(7.58284 -5.79295 0)
(7.1986 -4.61048 0)
(5.90122 -4.02205 0)
(5.54308 -3.36119 0)
(5.7376 -2.57692 0)
(5.7225 -2.01038 0)
(5.55843 -1.64587 0)
(5.42134 -1.36268 0)
(5.34249 -1.1178 0)
(5.29847 -0.910245 0)
(5.27138 -0.739596 0)
(5.25347 -0.600853 0)
(5.24146 -0.488226 0)
(5.23352 -0.39677 0)
(5.2284 -0.322478 0)
(5.22517 -0.262112 0)
(5.22321 -0.21305 0)
(5.22209 -0.173171 0)
(5.22151 -0.140752 0)
(5.22128 -0.114396 0)
(5.22124 -0.0929687 0)
(5.22133 -0.0755493 0)
(5.22148 -0.0613879 0)
(5.22166 -0.049876 0)
(5.22185 -0.0405179 0)
(5.22202 -0.0329106 0)
(5.22219 -0.0267277 0)
(5.22233 -0.0217012 0)
(5.22246 -0.0176151 0)
(5.22257 -0.0142935 0)
(5.22266 -0.0115918 0)
(5.22274 -0.00939469 0)
(5.22281 -0.00760746 0)
(5.22286 -0.00615102 0)
(5.2229 -0.00496259 0)
(5.22294 -0.00399169 0)
(5.22297 -0.0031963 0)
(5.223 -0.0025416 0)
(5.22302 -0.00199926 0)
(5.22303 -0.00154598 0)
(5.22305 -0.00116222 0)
(5.22305 -0.000831573 0)
(5.22306 -0.000539961 0)
(5.22307 -0.000275158 0)
(5.22307 -2.61648e-05 0)
(5.22307 0.0002171 0)
(5.22307 0.000464187 0)
(5.22306 0.00072494 0)
(5.22306 0.00100935 0)
(5.22305 0.00132845 0)
(5.22304 0.00169426 0)
(5.22302 0.00212047 0)
(5.223 0.0026228 0)
(5.22298 0.00321978 0)
(5.22295 0.00393332 0)
(5.22292 0.00478959 0)
(5.22288 0.00581999 0)
(5.22283 0.00706226 0)
(5.22277 0.00856181 0)
(5.2227 0.0103735 0)
(5.22262 0.0125634 0)
(5.22251 0.0152119 0)
(5.22239 0.0184156 0)
(5.22224 0.0222918 0)
(5.22206 0.0269822 0)
(5.22185 0.0326592 0)
(5.22161 0.0395307 0)
(5.22131 0.0478507 0)
(5.22097 0.0579241 0)
(5.22056 0.0701335 0)
(5.22012 0.0849105 0)
(5.21952 0.102892 0)
(5.21909 0.124546 0)
(5.218 0.151358 0)
(5.21824 0.182723 0)
(5.21522 0.224373 0)
(5.2187 0.267481 0)
(5.20828 0.339317 0)
(5.22086 0.388867 0)
(5.18768 0.532138 0)
(5.21103 0.558938 0)
(5.12114 0.854572 0)
(5.15463 0.773258 0)
(4.93971 1.29511 0)
(5.05655 1.00516 0)
(4.80233 1.66499 0)
(4.79335 1.48487 0)
(5.01794 1.97585 0)
(4.92528 2.27959 0)
(4.49496 3.08096 0)
(4.88792 3.43231 0)
(4.31185 4.7924 0)
(4.67913 5.48195 0)
(1.50507 8.68517 0)
(4.90567 0.559168 0)
(-2.35362 -0.00618544 0)
(1.78504 -0.0801038 0)
(1.58602 -0.00205693 0)
(1.98906 -0.00272103 0)
(2.12628 -0.000345799 0)
(2.18007 -9.64075e-05 0)
(2.19912 -2.9129e-05 0)
(2.2044 2.03655e-05 0)
(2.20535 1.26977e-05 0)
(9.77249 0.639591 0)
(-0.370776 0.223714 0)
(4.46631 -0.37623 0)
(4.54505 -0.0663396 0)
(5.22645 -0.0474842 0)
(5.57133 -0.0212566 0)
(5.72535 -0.00833938 0)
(5.78583 -0.00283049 0)
(5.80569 -0.000702481 0)
(5.81137 -0.000108683 0)
(13.0585 1.05649 0)
(3.10653 0.418217 0)
(6.65841 -0.57401 0)
(6.90557 -0.175563 0)
(7.66472 -0.110912 0)
(8.15787 -0.057142 0)
(8.41051 -0.0246721 0)
(8.52274 -0.00921823 0)
(8.56498 -0.00282556 0)
(8.5801 -0.000632777 0)
(15.1205 1.26702 0)
(6.68133 0.642403 0)
(8.77202 -0.642847 0)
(8.86256 -0.288398 0)
(9.48513 -0.190733 0)
(10.0444 -0.111746 0)
(10.3824 -0.0530966 0)
(10.5516 -0.0214315 0)
(10.6236 -0.00741229 0)
(10.6538 -0.00186476 0)
(15.5735 1.18628 0)
(9.56882 0.778275 0)
(10.5605 -0.607316 0)
(10.3472 -0.354857 0)
(10.6552 -0.249774 0)
(11.1181 -0.16611 0)
(11.4742 -0.0892417 0)
(11.6829 -0.0401352 0)
(11.7834 -0.0158767 0)
(11.8321 -0.00449855 0)
(15.3363 1.10697 0)
(11.4968 0.83026 0)
(11.6516 -0.510725 0)
(11.2304 -0.375874 0)
(11.3004 -0.285705 0)
(11.5871 -0.21037 0)
(11.8446 -0.124836 0)
(12.0106 -0.0613168 0)
(12.0976 -0.0267878 0)
(12.1434 -0.00822555 0)
(14.7613 1.07318 0)
(12.2718 0.820433 0)
(12.0962 -0.385794 0)
(11.7353 -0.367232 0)
(11.7178 -0.294783 0)
(11.8693 -0.223383 0)
(12.009 -0.137088 0)
(12.0978 -0.0695639 0)
(12.1457 -0.0316499 0)
(12.172 -0.0100738 0)
(13.9723 1.00106 0)
(12.3418 0.774274 0)
(12.2905 -0.277612 0)
(12.1028 -0.367075 0)
(12.0443 -0.312839 0)
(12.087 -0.238481 0)
(12.1296 -0.148171 0)
(12.1545 -0.0761903 0)
(12.1695 -0.0352786 0)
(12.179 -0.0113981 0)
(13.1699 0.897109 0)
(12.2521 0.682227 0)
(12.4393 -0.210005 0)
(12.3948 -0.362944 0)
(12.2976 -0.313245 0)
(12.2511 -0.233119 0)
(12.2186 -0.143814 0)
(12.1957 -0.0740273 0)
(12.1867 -0.0345904 0)
(12.1838 -0.0112963 0)
(12.6206 0.769213 0)
(12.2213 0.557755 0)
(12.5959 -0.174694 0)
(12.643 -0.360186 0)
(12.5032 -0.312828 0)
(12.3792 -0.226051 0)
(12.2864 -0.137326 0)
(12.2266 -0.0703332 0)
(12.1996 -0.0329955 0)
(12.1874 -0.0108588 0)
(12.2891 0.677448 0)
(12.2791 0.431093 0)
(12.7829 -0.16197 0)
(12.8757 -0.351933 0)
(12.6828 -0.301 0)
(12.485 -0.208603 0)
(12.3396 -0.123549 0)
(12.2502 -0.0625627 0)
(12.2093 -0.0293747 0)
(12.1902 -0.00973253 0)
(12.0091 0.598107 0)
(12.3715 0.290661 0)
(12.9799 -0.170822 0)
(13.0883 -0.34043 0)
(12.8367 -0.281085 0)
(12.5709 -0.185375 0)
(12.3809 -0.106274 0)
(12.268 -0.0529122 0)
(12.2167 -0.0248061 0)
(12.1922 -0.00828356 0)
(11.7231 0.492627 0)
(12.4461 0.139289 0)
(13.1612 -0.204715 0)
(13.2651 -0.329025 0)
(12.9576 -0.25304 0)
(12.6355 -0.156059 0)
(12.411 -0.0855042 0)
(12.2807 -0.0414348 0)
(12.2219 -0.019312 0)
(12.1937 -0.00650954 0)
(11.523 0.350075 0)
(12.5664 -0.00999993 0)
(13.3304 -0.255744 0)
(13.3952 -0.316063 0)
(13.0382 -0.217183 0)
(12.6771 -0.12187 0)
(12.4301 -0.0624408 0)
(12.2887 -0.0288512 0)
(12.2251 -0.0132727 0)
(12.1943 -0.00454824 0)
(11.5329 0.178485 0)
(12.769 -0.1567 0)
(13.437 -0.311104 0)
(13.3965 -0.299454 0)
(13.0032 -0.176288 0)
(12.6393 -0.0850145 0)
(12.3992 -0.0382304 0)
(12.2633 -0.0155959 0)
(12.2022 -0.00679974 0)
(12.1725 -0.0024207 0)
(11.7629 -0.0249079 0)
(12.9703 -0.296425 0)
(13.2462 -0.350475 0)
(12.9397 -0.27304 0)
(12.4988 -0.134202 0)
(12.1833 -0.05097 0)
(12.0043 -0.0169737 0)
(11.9125 -0.00420532 0)
(11.8738 -0.0012481 0)
(11.8555 -0.000562654 0)
(12.0364 -0.24351 0)
(12.7122 -0.37673 0)
(12.2583 -0.328198 0)
(11.5764 -0.215254 0)
(11.0812 -0.0886707 0)
(10.8311 -0.0246883 0)
(10.723 -0.00404806 0)
(10.6809 0.00150185 0)
(10.6679 0.00122298 0)
(10.6626 0.00021691 0)
(11.6569 -0.378555 0)
(11.1924 -0.329526 0)
(10.1149 -0.226091 0)
(9.25876 -0.128174 0)
(8.80695 -0.04361 0)
(8.63512 -0.00716239 0)
(8.58479 0.00174484 0)
(8.57643 0.00287051 0)
(8.5789 0.0015101 0)
(8.5802 0.000296926 0)
(9.25336 -0.324909 0)
(8.04338 -0.180144 0)
(6.90012 -0.100236 0)
(6.18981 -0.0503186 0)
(5.87813 -0.0131934 0)
(5.79051 0.000814476 0)
(5.78383 0.00295053 0)
(5.79479 0.00223108 0)
(5.80419 0.00098183 0)
(5.80782 0.00018546 0)
(3.99456 -0.144792 0)
(3.20142 -0.0156545 0)
(2.61508 -0.000996632 0)
(2.29878 -0.00148049 0)
(2.17678 0.000880334 0)
(2.16219 0.00152772 0)
(2.17736 0.000924402 0)
(2.19151 0.000428226 0)
(2.19949 0.000126216 0)
(2.20217 6.38869e-06 0)
)
;

boundaryField
{
    inlet
    {
        type            fixedValue;
        value           uniform (10 0 0);
    }
    outlet
    {
        type            zeroGradient;
    }
    walls
    {
        type            fixedValue;
        value           uniform (0 0 0);
    }
    frontAndBack
    {
        type            empty;
    }
}


// ************************************************************************* //
