/*--------------------------------*- C++ -*----------------------------------*\
| =========                 |                                                 |
| \\      /  F ield         | OpenFOAM: The Open Source CFD Toolbox           |
|  \\    /   O peration     | Version:  2.4.0                                 |
|   \\  /    A nd           | Web:      www.OpenFOAM.org                      |
|    \\/     M anipulation  |                                                 |
\*---------------------------------------------------------------------------*/
FoamFile
{
    version     2.0;
    format      ascii;
    class       volScalarField;
    location    "0.041";
    object      k_0;
}
// * * * * * * * * * * * * * * * * * * * * * * * * * * * * * * * * * * * * * //

dimensions      [0 2 -2 0 0 0 0];

internalField   nonuniform List<scalar> 
4400
(
9.53912
8.48396
6.50768
5.32274
4.5732
4.29369
3.98188
3.80009
3.87483
3.17187
4.41796
6.7547
6.72719
6.33224
5.62683
5.30894
4.92464
4.66892
4.67206
4.41673
1.18668
3.15834
4.19686
4.55756
4.44379
4.31582
4.10353
3.92372
3.8806
3.83986
0.166755
0.954927
1.68361
2.34101
2.64954
2.80251
2.85281
2.83419
2.81773
2.83688
0.0176332
0.172791
0.390011
0.756888
1.09217
1.29197
1.53801
1.61594
1.73547
1.75214
0.0015042
0.0204014
0.0526277
0.12183
0.27612
0.355926
0.543818
0.615776
0.77772
0.822134
0.000139812
0.00207411
0.0046908
0.0116635
0.0355907
0.0515837
0.10507
0.131796
0.197817
0.253003
4.12419e-05
0.000330856
0.000498621
0.000960537
0.00272034
0.00373747
0.00997633
0.0135171
0.0211559
0.0401224
3.45404e-05
0.000133113
0.000196341
0.000271767
0.000376183
0.000374946
0.000696521
0.000845744
0.00117415
0.00247363
3.37728e-05
0.00010531
0.000164998
0.000222289
0.000239748
0.000231558
0.000234169
0.000231166
0.000236876
0.000258401
3.38327e-05
0.00010235
0.000154191
0.000217857
0.000238091
0.000239595
0.000228856
0.000237277
0.000275551
0.000385957
3.62755e-05
8.63115e-05
0.000162857
0.00027571
0.000331743
0.000505022
0.000572067
0.0010396
0.00214402
0.0048749
4.03131e-05
0.000166609
0.00041363
0.00121192
0.00223259
0.00545363
0.00799748
0.0174479
0.0295671
0.0624817
0.000137116
0.00139839
0.00462679
0.015695
0.0291638
0.0644982
0.0896038
0.159682
0.213819
0.349918
0.00145847
0.0161466
0.0539002
0.149354
0.238302
0.403064
0.496545
0.696009
0.797846
1.00821
0.0170049
0.144979
0.425944
0.75973
1.07946
1.33639
1.51333
1.69801
1.78096
1.94103
0.16107
0.913752
1.74569
2.30978
2.68312
2.79246
2.87694
2.87639
2.88438
2.90774
1.15341
3.152
4.25553
4.51652
4.48398
4.26361
4.15842
3.93247
3.87884
3.76663
4.38782
6.77147
6.75901
6.26317
5.74422
5.17534
4.99245
4.61429
4.5216
4.24
9.51042
8.49917
6.53103
5.25974
4.66579
4.16766
4.01315
3.68261
3.56454
3.14985
2.10839
1.84587
1.43474
1.30135
1.04782
0.568976
0.380665
0.327444
0.314349
0.371591
0.418916
0.365523
0.291393
0.298777
0.398844
0.48865
0.495502
0.449175
0.290689
0.120167
0.0638168
0.0508893
0.0512009
0.05561
0.0827531
0.0947567
0.111909
0.119921
0.113487
0.110394
0.11108
0.108762
0.0927247
0.0648774
0.0470872
0.0389536
0.0354378
0.030699
0.0235811
0.016237
0.0102931
0.0061349
0.00348927
0.00191061
0.00101192
0.000519586
0.000258987
0.000125495
5.91909e-05
2.72439e-05
1.22471e-05
5.41021e-06
2.3407e-06
1.01323e-06
4.32914e-07
2.04785e-07
1.10675e-07
1.25967e-07
2.73371e-07
6.48764e-07
3.73663e-06
6.05589e-06
4.07054e-05
4.17451e-05
0.000160062
0.00015056
0.000324948
0.000317904
0.000544507
0.000546063
0.00080961
0.000861861
0.00124765
0.00131972
0.0019016
0.00200878
0.00268513
0.00283708
0.00417361
0.00441032
0.00669745
0.00709636
0.0103711
0.00996531
0.0133168
0.0111525
0.0111237
0.00669304
0.00440394
0.0017035
0.00097642
0.000328274
0.000295897
0.000326971
0.000747265
0.000773709
0.00265792
0.00511835
0.04194
0.342838
3.17729
2.51671
1.94268
1.63141
1.52955
1.30505
0.841941
0.51516
0.471427
0.62166
0.685706
0.578405
0.489053
0.507651
0.521549
0.504682
0.442876
0.281897
0.117944
0.0592714
0.0458862
0.0480842
0.0576881
0.0768501
0.143402
0.17697
0.172126
0.165857
0.158042
0.134654
0.121441
0.113666
0.0939622
0.0674219
0.0494243
0.0406612
0.0354086
0.0292247
0.0218817
0.0149605
0.00952257
0.00573726
0.00330464
0.00182959
0.00097708
0.000504685
0.000252603
0.000122748
5.80004e-05
2.67298e-05
1.20243e-05
5.31676e-06
2.30012e-06
1.00013e-06
4.2701e-07
2.12104e-07
1.21397e-07
1.61474e-07
3.63928e-07
1.06664e-06
4.20395e-06
9.34513e-06
3.77346e-05
5.10932e-05
8.95056e-05
0.000143555
0.000154407
0.00018449
0.000509569
0.000483924
0.00134017
0.00110994
0.0021505
0.00181823
0.00297488
0.00266568
0.00348314
0.00340473
0.00359286
0.00393092
0.00438903
0.00541656
0.00574891
0.00671573
0.00974274
0.0113227
0.0180779
0.0198482
0.0243656
0.0197988
0.0144121
0.00457716
0.00295177
0.00105569
0.00146392
0.00127312
0.00334072
0.00512327
0.0399416
0.256504
3.07831
2.47876
2.09446
1.72441
1.55654
1.4691
1.35189
1.04095
0.920492
0.917558
0.857758
0.745707
0.696481
0.626812
0.552392
0.450844
0.245226
0.10636
0.0522607
0.0394125
0.0424421
0.0577708
0.0987441
0.15608
0.261269
0.293632
0.280935
0.237268
0.207077
0.164622
0.138663
0.123363
0.0990517
0.072217
0.0532208
0.0425255
0.0350976
0.0276046
0.0200533
0.0135222
0.00858358
0.00518835
0.00300728
0.00167819
0.000903727
0.000470315
0.0002369
0.000115744
5.49507e-05
2.54377e-05
1.1489e-05
5.10335e-06
2.21533e-06
9.72118e-07
4.16635e-07
2.19016e-07
1.38115e-07
2.1978e-07
5.00096e-07
1.85248e-06
5.29336e-06
1.41275e-05
2.72959e-05
5.4897e-05
5.89611e-05
8.48583e-05
0.000234716
0.000240332
0.00110319
0.000919704
0.00191664
0.0017144
0.00223789
0.00228753
0.00254524
0.00281205
0.00301063
0.00347494
0.00365862
0.00404057
0.00496065
0.00539162
0.00574694
0.0065041
0.00751493
0.00877211
0.0120046
0.0149631
0.0289763
0.031138
0.0534291
0.0332106
0.0332866
0.0131039
0.0106242
0.00351527
0.0122901
0.00711787
0.0416859
0.173807
2.44517
1.99374
1.77147
1.59658
1.39112
1.26103
1.23186
1.16521
1.08286
0.918195
0.788821
0.744866
0.699035
0.598537
0.432322
0.200493
0.0881709
0.0436121
0.0319547
0.0353764
0.0531337
0.108187
0.221422
0.342682
0.423108
0.433054
0.408365
0.33414
0.2638
0.206523
0.165145
0.132939
0.102581
0.0755204
0.0562516
0.0435543
0.0340924
0.0255766
0.0180661
0.0120559
0.007661
0.00466077
0.00272176
0.00152798
0.000825886
0.000430656
0.000217153
0.000106193
5.04842e-05
2.34245e-05
1.06149e-05
4.73935e-06
2.06838e-06
9.18505e-07
3.97202e-07
2.20435e-07
1.52497e-07
2.72596e-07
5.95982e-07
2.50633e-06
5.31689e-06
2.05459e-05
2.29018e-05
4.66266e-05
6.10126e-05
8.69656e-05
0.000288357
0.000343689
0.000640426
0.000831782
0.00071631
0.00113694
0.00113618
0.0017033
0.00173885
0.0023035
0.00235635
0.00288883
0.00307663
0.0038059
0.0040919
0.00492618
0.00526082
0.00598549
0.00789077
0.008465
0.0107561
0.0125187
0.0214696
0.026465
0.0658001
0.0653876
0.1441
0.0744719
0.0996627
0.032518
0.0363512
0.0155563
0.0433214
0.117185
1.57653
1.33792
1.1571
1.1335
1.10973
0.966968
0.905045
0.920802
0.906323
0.792223
0.592792
0.513617
0.444569
0.290063
0.146926
0.0671976
0.0334362
0.0246855
0.0274019
0.0439725
0.103193
0.26173
0.464895
0.553334
0.565924
0.542786
0.49199
0.410827
0.328922
0.241533
0.17768
0.139397
0.110962
0.0831014
0.0596749
0.0435118
0.0319302
0.0230122
0.0160354
0.0107566
0.0069331
0.00428412
0.0025337
0.00143405
0.000777976
0.000405718
0.000204099
9.94374e-05
4.70755e-05
2.17612e-05
9.8335e-06
4.3877e-06
1.91586e-06
8.57818e-07
3.7466e-07
2.1748e-07
1.6872e-07
3.16896e-07
6.80031e-07
2.96447e-06
4.87706e-06
1.96033e-05
1.80995e-05
3.40663e-05
5.76269e-05
9.67845e-05
0.000200312
0.000340785
0.000313617
0.000537082
0.000486151
0.000762956
0.000735449
0.00113338
0.00106664
0.00151096
0.00156545
0.00204231
0.00199804
0.00277341
0.0029689
0.00387038
0.00388586
0.00500905
0.00544106
0.00711823
0.00753301
0.00930631
0.0140743
0.0173489
0.0365608
0.0481719
0.192975
0.161758
0.585279
0.316029
0.402833
0.103295
0.0893607
0.108713
0.763675
0.647202
0.547624
0.563811
0.607454
0.595002
0.532395
0.53676
0.526894
0.44488
0.297022
0.234181
0.16338
0.0922311
0.0464893
0.0246722
0.0190095
0.0208319
0.0332451
0.0873953
0.244663
0.554746
0.638479
0.637952
0.618748
0.562531
0.507479
0.451856
0.373716
0.27636
0.203453
0.159269
0.120623
0.0870985
0.0606788
0.0422088
0.0296284
0.0209909
0.0147413
0.0100843
0.00663409
0.00416586
0.002491
0.0014194
0.00077265
0.000403164
0.000202419
9.82225e-05
4.62456e-05
2.12431e-05
9.53802e-06
4.23241e-06
1.83988e-06
8.2544e-07
3.65328e-07
2.18047e-07
2.01948e-07
3.83705e-07
8.42064e-07
3.37813e-06
4.90531e-06
1.80315e-05
1.44599e-05
2.79723e-05
4.50854e-05
9.63992e-05
0.000126816
0.000286027
0.000251202
0.000346356
0.000313176
0.000491443
0.000438959
0.000682585
0.000737068
0.00108602
0.000962764
0.00143326
0.00135842
0.00206412
0.00203214
0.00292732
0.00278705
0.00416721
0.00440671
0.00606171
0.00662091
0.00921792
0.0117935
0.0175136
0.0227543
0.0377751
0.0669266
0.103127
0.226737
0.269194
0.395618
0.31714
0.299763
0.148867
0.240882
0.199228
0.156642
0.165274
0.218725
0.221692
0.203921
0.213591
0.206124
0.15939
0.0946423
0.0653872
0.0423454
0.0258956
0.0161207
0.0150373
0.0169863
0.026933
0.0674377
0.211256
0.573915
0.705977
0.695851
0.658415
0.610449
0.542562
0.500686
0.462226
0.390133
0.305431
0.226669
0.166195
0.123616
0.0886334
0.0595741
0.0396869
0.0277373
0.02004
0.0144257
0.0100702
0.00672592
0.00427236
0.00257474
0.00147328
0.000802672
0.000418087
0.000209139
0.00010097
4.72628e-05
2.15752e-05
9.62918e-06
4.24703e-06
1.83856e-06
8.20713e-07
3.66928e-07
2.13555e-07
2.07368e-07
3.42545e-07
7.38755e-07
2.26278e-06
3.21018e-06
1.086e-05
7.68695e-06
1.73718e-05
2.63103e-05
8.13129e-05
8.15972e-05
0.000204073
0.000164491
0.00023666
0.000221928
0.000333039
0.00032726
0.000508139
0.00047291
0.000701203
0.000660292
0.000946947
0.000957258
0.00144363
0.00138773
0.00198827
0.00197531
0.00277311
0.00307008
0.00425009
0.00456859
0.00725156
0.00897171
0.0128658
0.0268925
0.0339426
0.146129
0.123677
0.382518
0.314483
0.418981
0.367405
0.368573
0.257086
0.0392855
0.0326363
0.0250513
0.0277535
0.047668
0.0477181
0.0438228
0.0473902
0.0446327
0.033039
0.0186553
0.0127861
0.00918588
0.00949707
0.0109253
0.0148
0.0269251
0.0605123
0.165363
0.517675
0.7727
0.767722
0.708616
0.606089
0.520159
0.478228
0.467968
0.449925
0.39976
0.312492
0.226995
0.168702
0.129227
0.0897869
0.0587219
0.0390641
0.0277333
0.0205555
0.0152727
0.0109949
0.00751132
0.00482232
0.00290256
0.00164364
0.000881138
0.000450366
0.000220989
0.000104824
4.83529e-05
2.1819e-05
9.66029e-06
4.23495e-06
1.83032e-06
8.13361e-07
3.68636e-07
2.0842e-07
2.13047e-07
3.18984e-07
7.19961e-07
1.56806e-06
2.83922e-06
6.44357e-06
5.77467e-06
1.0234e-05
1.77728e-05
5.48328e-05
5.52603e-05
0.00013358
0.000121777
0.000164505
0.000169477
0.000257312
0.000257594
0.000387191
0.0003877
0.000507587
0.000573719
0.000764378
0.00078001
0.00106992
0.00120112
0.00166005
0.00173512
0.00219905
0.00267698
0.00387564
0.00388389
0.00521868
0.00632583
0.00941737
0.0100715
0.0220292
0.0266714
0.0893704
0.102174
0.231154
0.365931
0.365601
0.379547
0.302965
0.00248641
0.00223798
0.00208926
0.00271253
0.00549159
0.00518277
0.00461538
0.00489551
0.00475241
0.0036544
0.00303517
0.00314879
0.0040589
0.00740674
0.01587
0.0337218
0.0693496
0.151036
0.395943
0.818072
0.859878
0.784888
0.611444
0.523204
0.456676
0.426499
0.427555
0.430198
0.402823
0.313157
0.230863
0.180602
0.132688
0.0894728
0.0575016
0.0390059
0.0295435
0.0237476
0.0187337
0.0138193
0.00937802
0.00585775
0.00339462
0.00184395
0.000948709
0.00046678
0.00022149
0.000101989
4.58087e-05
2.01804e-05
8.77194e-06
3.79082e-06
1.63329e-06
7.23495e-07
3.35773e-07
1.91194e-07
2.07391e-07
3.19857e-07
7.41471e-07
1.47496e-06
3.85472e-06
4.30771e-06
6.95628e-06
8.48963e-06
1.58071e-05
3.06902e-05
4.71801e-05
9.4327e-05
0.000108181
0.00012303
0.000155462
0.000204275
0.00023292
0.00028666
0.000352985
0.00039167
0.000538439
0.000599789
0.00071198
0.000810412
0.00116965
0.00130051
0.00163604
0.001851
0.00259201
0.003066
0.00357684
0.00430796
0.00587919
0.00863825
0.00888713
0.0165309
0.0163765
0.0552272
0.0452992
0.146585
0.139409
0.279955
0.455645
0.386811
0.000292905
0.000340772
0.000488869
0.000739001
0.0006618
0.000665168
0.000792978
0.00144004
0.00185054
0.00210741
0.00260496
0.00368186
0.00851562
0.0213626
0.0489344
0.0904472
0.162871
0.337036
0.801529
0.950723
0.886691
0.64983
0.507453
0.481486
0.432156
0.406457
0.405624
0.41273
0.393582
0.310358
0.238842
0.18192
0.131254
0.0861949
0.0551815
0.03969
0.0317003
0.0255665
0.0194571
0.0136056
0.00876651
0.00525372
0.00295453
0.00157209
0.000797584
0.000388608
0.00018308
8.40232e-05
3.78448e-05
1.68308e-05
7.42358e-06
3.26242e-06
1.4343e-06
6.44692e-07
3.085e-07
1.80625e-07
2.04911e-07
3.59215e-07
8.52354e-07
2.01143e-06
5.1413e-06
6.0983e-06
1.43667e-05
1.14753e-05
3.08454e-05
2.99715e-05
7.9398e-05
7.76716e-05
0.000123915
0.000134559
0.000191979
0.000202905
0.000316123
0.000297781
0.000512924
0.000438487
0.000718292
0.00064834
0.00102763
0.000879129
0.00164385
0.00141372
0.00213975
0.00196232
0.00326851
0.00312214
0.00443921
0.00443672
0.00619281
0.00741322
0.00809604
0.0130048
0.012682
0.0358495
0.0292782
0.0972709
0.0875
0.166321
0.289688
0.353609
0.000517086
0.000990763
0.00175121
0.00159269
0.00109499
0.00111781
0.00247167
0.00408434
0.00634902
0.00891598
0.0111523
0.0174794
0.0396121
0.0710776
0.127188
0.195217
0.333127
0.722882
0.997065
0.983591
0.765424
0.500045
0.460296
0.450661
0.417749
0.394159
0.388095
0.384312
0.368545
0.302938
0.234758
0.176744
0.125017
0.0799692
0.0545094
0.0432578
0.0369513
0.0305833
0.0233382
0.0163455
0.0105669
0.00634755
0.00357446
0.00190495
0.000968556
0.000473227
0.000223628
0.000102806
4.62118e-05
2.04084e-05
8.89582e-06
3.84436e-06
1.66067e-06
7.24844e-07
3.42062e-07
1.89943e-07
2.19008e-07
4.16377e-07
1.07611e-06
3.1949e-06
7.52093e-06
1.32287e-05
3.181e-05
2.52116e-05
6.42433e-05
4.10036e-05
0.000156219
0.000101333
0.000224824
0.000198376
0.000322175
0.000293251
0.000516534
0.00037255
0.000944344
0.000639419
0.00127333
0.000894473
0.00178841
0.00116565
0.00273114
0.00187254
0.00334114
0.00241752
0.00494708
0.00364685
0.00596317
0.00492054
0.00818146
0.00758619
0.00874426
0.011052
0.0117473
0.0248106
0.0226824
0.0662061
0.0614108
0.122713
0.137385
0.239413
0.00688001
0.0105859
0.0145317
0.0130817
0.0106677
0.011285
0.0172013
0.0232748
0.0308188
0.0434689
0.0552734
0.0793691
0.134305
0.186629
0.274129
0.38263
0.63808
0.978606
1.04462
0.917661
0.531499
0.423458
0.419739
0.408932
0.383656
0.377355
0.38296
0.375965
0.3465
0.28272
0.219666
0.17056
0.117399
0.0774388
0.0567951
0.0498512
0.046719
0.0399277
0.0284764
0.0185377
0.0112516
0.00643287
0.00348312
0.00179141
0.00088224
0.000420042
0.000194773
8.84015e-05
3.94757e-05
1.74002e-05
7.62599e-06
3.31934e-06
1.46011e-06
6.43491e-07
3.12508e-07
1.72944e-07
2.04364e-07
3.91404e-07
1.11327e-06
3.51664e-06
9.00309e-06
1.98027e-05
4.51627e-05
4.76857e-05
0.000135396
7.85934e-05
0.000376847
0.000194392
0.000521071
0.000399683
0.00058851
0.000541859
0.00108973
0.000626826
0.0019277
0.00115978
0.00234125
0.00156459
0.00349547
0.00193629
0.00490912
0.00302425
0.0057478
0.00354973
0.00820991
0.0050993
0.00917366
0.00623026
0.012054
0.00872925
0.0131118
0.0115071
0.0137871
0.0203793
0.020829
0.0475958
0.046363
0.0912739
0.0964481
0.148745
0.0687137
0.0792038
0.0914796
0.0895717
0.0811843
0.0841727
0.102456
0.114989
0.12909
0.160078
0.191227
0.2565
0.311536
0.42178
0.524033
0.668206
0.937784
1.06471
1.0171
0.666746
0.397196
0.335103
0.330139
0.335967
0.344632
0.334987
0.36129
0.3578
0.314014
0.260666
0.213587
0.1643
0.111612
0.077753
0.0640889
0.0604895
0.0536419
0.040103
0.0268942
0.0165972
0.00965869
0.00538705
0.00291311
0.00154051
0.00079593
0.000400343
0.000195978
9.3652e-05
4.38634e-05
2.02144e-05
9.20985e-06
4.18772e-06
1.90682e-06
9.62244e-07
4.40459e-07
4.39936e-07
4.43624e-07
9.20266e-07
1.81301e-06
4.45195e-06
1.08005e-05
2.26725e-05
5.86238e-05
7.61825e-05
0.000308137
0.000185485
0.00104728
0.000490055
0.00142563
0.00103932
0.00140053
0.00124538
0.00255758
0.0013702
0.00445478
0.00249942
0.00522448
0.00349453
0.00731486
0.0038138
0.00960453
0.00566495
0.010801
0.00617067
0.0143332
0.0081402
0.0153012
0.0091931
0.0191921
0.0117068
0.0189545
0.0137625
0.0212953
0.0210946
0.0222206
0.0378519
0.0384044
0.0691563
0.0721979
0.10338
0.341995
0.341814
0.347629
0.335268
0.312142
0.319151
0.349515
0.357207
0.373777
0.414068
0.447817
0.492194
0.592254
0.730774
0.804841
0.939378
1.05899
1.06861
0.846875
0.470072
0.309931
0.261567
0.26026
0.289669
0.312268
0.293247
0.305259
0.31617
0.290832
0.250293
0.207922
0.151001
0.107953
0.0846875
0.0780753
0.066856
0.0513373
0.0347666
0.0219195
0.013434
0.00810699
0.00481233
0.0027934
0.00158059
0.000874517
0.000475013
0.000254609
0.000135974
7.34423e-05
4.14429e-05
2.48957e-05
1.71055e-05
1.22316e-05
1.16074e-05
9.49071e-06
1.27776e-05
1.10711e-05
2.12911e-05
1.971e-05
3.75074e-05
4.7395e-05
5.70611e-05
0.000166471
0.000181728
0.000923815
0.000553952
0.00318535
0.00145745
0.00427399
0.00305269
0.00401031
0.00340332
0.00622276
0.00358428
0.0106444
0.00577768
0.0109356
0.00798464
0.0144671
0.00795222
0.0181508
0.0111938
0.0191047
0.0116148
0.024677
0.0140739
0.025564
0.0156634
0.0310744
0.0181259
0.0303127
0.0199208
0.0313896
0.025463
0.0279737
0.0382
0.0375519
0.053414
0.0551024
0.0717812
0.952747
0.89954
0.876969
0.783928
0.703577
0.712867
0.724551
0.706688
0.707757
0.718765
0.745545
0.783797
0.866433
0.949143
0.996207
1.05711
1.08226
0.954561
0.544275
0.385492
0.279025
0.242047
0.240032
0.259074
0.276821
0.265815
0.262456
0.27124
0.260991
0.233249
0.188882
0.14319
0.113019
0.100531
0.0835874
0.0632012
0.0427383
0.0281423
0.0186257
0.0123596
0.00817161
0.00541345
0.00363433
0.00249337
0.00176099
0.00129398
0.00099682
0.000812074
0.000691727
0.000622773
0.000567433
0.000547078
0.000512476
0.000514091
0.000491221
0.000540236
0.000500183
0.0006262
0.000562591
0.000743
0.000714939
0.000707111
0.00128303
0.00108821
0.00397358
0.00256046
0.0107648
0.00508656
0.0141492
0.00968675
0.0131032
0.0110714
0.0167768
0.0107194
0.0257211
0.0138479
0.0252237
0.018492
0.0290575
0.0173402
0.0358541
0.0223257
0.0353728
0.0228598
0.0438474
0.0262437
0.0438717
0.0280774
0.0519592
0.031083
0.0495945
0.0333495
0.050293
0.0368677
0.0426267
0.0423244
0.040979
0.0479348
0.0488319
0.0553528
1.77513
1.60326
1.44602
1.23943
1.15042
1.13573
1.07853
0.980129
0.96749
0.981505
0.999242
1.02168
1.06545
1.08703
1.08331
1.0775
0.981685
0.600552
0.403959
0.361184
0.273961
0.240357
0.234668
0.231295
0.245208
0.247748
0.23447
0.237373
0.23002
0.210024
0.177397
0.147061
0.125653
0.101918
0.0752561
0.0524753
0.0374353
0.0274612
0.0209792
0.0171193
0.0149413
0.0137406
0.0130769
0.0127051
0.0124791
0.0123347
0.0122101
0.0121353
0.0120207
0.0119926
0.0118837
0.0118789
0.0117818
0.0118288
0.0116757
0.0119306
0.0115939
0.0121989
0.0116642
0.0125154
0.0121691
0.0120934
0.0142323
0.011801
0.021555
0.016096
0.0400473
0.0228765
0.0497925
0.0330925
0.0457266
0.0385112
0.0482061
0.0341339
0.0640119
0.0356979
0.0607366
0.0443316
0.0590971
0.0407965
0.0708361
0.0444048
0.064302
0.0472545
0.0772192
0.0468221
0.0751069
0.0521573
0.0879171
0.0550582
0.0826931
0.0571686
0.0839658
0.0599343
0.0669257
0.0563218
0.052742
0.0527947
0.0529192
0.0545935
2.55131
2.17966
1.87171
1.60744
1.47914
1.38178
1.24815
1.19049
1.18506
1.16669
1.16046
1.17056
1.16477
1.13537
1.07559
0.932305
0.578609
0.357766
0.358784
0.394183
0.336808
0.281805
0.255844
0.227885
0.222696
0.226718
0.225703
0.220243
0.216624
0.200338
0.175609
0.148724
0.120868
0.0924349
0.0710126
0.0584393
0.0544825
0.054725
0.0580939
0.0647106
0.0705304
0.0754411
0.0794539
0.0826463
0.0851165
0.0870189
0.0884204
0.0895409
0.0902691
0.0910277
0.0912985
0.0919545
0.0919747
0.0925749
0.09211
0.0932783
0.0918215
0.094413
0.0914036
0.0963186
0.0923813
0.0983424
0.0970177
0.0938061
0.106217
0.0844294
0.135633
0.0970904
0.169132
0.114402
0.149182
0.121407
0.135115
0.102612
0.147086
0.0961733
0.137662
0.101343
0.121489
0.0923056
0.136147
0.0886562
0.125267
0.0947061
0.140619
0.0883581
0.139935
0.102344
0.157615
0.0997102
0.147767
0.106664
0.152667
0.107647
0.117116
0.0907832
0.0870023
0.077573
0.0779176
0.0734771
3.0843
2.45202
2.02586
1.74829
1.6006
1.47254
1.36324
1.33738
1.31149
1.26906
1.24577
1.21507
1.15685
1.0233
0.766847
0.473321
0.288254
0.271419
0.390932
0.542951
0.568443
0.483925
0.441843
0.314387
0.233071
0.212734
0.21598
0.217432
0.212638
0.198472
0.176323
0.151033
0.128757
0.119754
0.123923
0.146611
0.177571
0.204444
0.226154
0.242842
0.2554
0.264882
0.272093
0.277605
0.281833
0.285101
0.287622
0.289639
0.291147
0.292531
0.293297
0.29451
0.294727
0.295936
0.295386
0.297544
0.294858
0.300568
0.292747
0.307105
0.289761
0.320275
0.291268
0.338119
0.303313
0.331808
0.331044
0.2749
0.360325
0.274391
0.355027
0.285023
0.312488
0.264459
0.299871
0.233023
0.304931
0.2308
0.272883
0.217518
0.282407
0.207152
0.283338
0.213437
0.288658
0.202964
0.303612
0.220662
0.321213
0.211228
0.315512
0.23138
0.32772
0.22775
0.263776
0.205562
0.208447
0.194996
0.208891
0.202089
3.13049
2.3724
1.96198
1.74843
1.62911
1.5256
1.45972
1.41852
1.34505
1.27409
1.17593
1.02933
0.8026
0.512555
0.299029
0.203392
0.192062
0.244976
0.409834
0.621732
0.800135
0.998243
1.11674
1.027
0.641014
0.362184
0.256936
0.237126
0.227432
0.221984
0.220682
0.229435
0.257547
0.300796
0.347279
0.388112
0.418642
0.441347
0.458828
0.472481
0.483314
0.492023
0.499081
0.50482
0.509502
0.513322
0.516459
0.51902
0.521144
0.522889
0.524311
0.525627
0.526356
0.527838
0.52773
0.529849
0.527456
0.533646
0.523596
0.542668
0.513466
0.564356
0.498102
0.608444
0.488252
0.677132
0.502383
0.73139
0.554157
0.688343
0.598085
0.668168
0.580441
0.714379
0.597286
0.694419
0.665512
0.650958
0.654368
0.691345
0.68824
0.627414
0.721426
0.657353
0.719809
0.621624
0.785976
0.656213
0.796322
0.627393
0.852346
0.698233
0.897196
0.713352
0.880319
0.817897
0.89709
1.01065
1.2385
1.32445
2.07493
1.67774
1.5093
1.4287
1.3549
1.25703
1.14739
1.01978
0.858862
0.683538
0.505933
0.348681
0.227778
0.15587
0.135788
0.147327
0.19115
0.262693
0.332262
0.41895
0.654846
1.11332
1.85404
2.59541
2.89946
2.45246
1.63618
0.976872
0.54437
0.32498
0.231665
0.210495
0.240842
0.289961
0.34032
0.383416
0.417627
0.444566
0.466148
0.483809
0.498451
0.510633
0.520745
0.5291
0.535982
0.541629
0.546277
0.550078
0.553245
0.555816
0.558022
0.559804
0.561301
0.562789
0.563255
0.565525
0.563413
0.569463
0.55899
0.579507
0.544954
0.604821
0.516785
0.655298
0.480151
0.740661
0.455028
0.895151
0.474337
1.12259
0.558657
1.32623
0.656833
1.5274
0.739434
1.72498
0.85926
1.83861
0.990455
1.96516
1.07274
2.11298
1.24659
2.18715
1.35118
2.31346
1.58186
2.3201
1.69599
2.37029
2.07091
2.54901
2.34609
2.69114
2.9056
3.62592
3.93801
5.09594
5.22195
5.98965
0.0861016
0.163542
0.345168
0.72053
1.6131
2.19415
1.85318
1.2746
1.00364
0.700314
0.56011
1.4516
3.33373
4.86975
5.5757
5.72638
5.04614
3.93795
3.02908
1.9844
1.48921
0.813057
0.574137
0.312082
0.219978
0.179756
0.210998
0.307219
0.457007
0.626893
0.772545
0.864846
0.900013
0.897019
0.866508
0.821084
0.775883
0.734792
0.699516
0.670537
0.647354
0.629056
0.614706
0.603471
0.594656
0.587705
0.582186
0.577756
0.574158
0.571172
0.568649
0.56642
0.564414
0.562454
0.560546
0.558455
0.556285
0.553705
0.55094
0.547592
0.543962
0.539741
0.535135
0.53018
0.524713
0.519289
0.513235
0.507438
0.501014
0.494545
0.487613
0.479888
0.47176
0.462233
0.451785
0.439856
0.426032
0.410599
0.392698
0.372319
0.349515
0.323307
0.294424
0.262535
0.227413
0.191308
0.153241
0.117812
0.0850808
0.0627583
0.0575509
0.0698319
0.100293
0.147524
0.188284
0.205241
0.187193
0.109915
0.0514898
0.0240609
0.1066
0.116762
0.136267
0.175625
0.226377
0.490387
0.779049
0.654713
0.655589
1.36163
2.34655
2.73833
2.9103
2.35879
1.6892
1.02607
0.60334
0.465678
0.339001
0.254968
0.218598
0.165249
0.152415
0.149103
0.138068
0.13626
0.132128
0.133401
0.149534
0.19539
0.272016
0.366912
0.461792
0.535843
0.583412
0.607218
0.611305
0.608842
0.600578
0.589515
0.579378
0.570481
0.562935
0.556689
0.551568
0.547399
0.544017
0.54127
0.539042
0.53722
0.535739
0.534501
0.533498
0.53261
0.5319
0.531193
0.530639
0.529975
0.529436
0.528715
0.528013
0.527147
0.526083
0.525019
0.52346
0.522132
0.520114
0.518399
0.516092
0.513802
0.5113
0.508399
0.505449
0.502149
0.498281
0.49458
0.489686
0.484933
0.479144
0.472752
0.465216
0.457711
0.446224
0.438208
0.421164
0.410738
0.387989
0.372765
0.340583
0.316284
0.269266
0.230879
0.173033
0.14319
0.11275
0.089109
0.0666353
0.0571795
0.0459054
0.0437246
0.10861
0.115206
0.14326
0.203603
0.210476
0.234862
0.300991
0.432016
1.20169
2.0895
2.1827
1.83405
0.97857
0.484523
0.310721
0.25239
0.244834
0.24703
0.227207
0.222279
0.212111
0.196295
0.187671
0.185808
0.171313
0.157002
0.133835
0.111048
0.0901733
0.0763739
0.0707508
0.072285
0.0824569
0.115183
0.167466
0.213361
0.250744
0.278846
0.297252
0.307835
0.313032
0.314682
0.314396
0.313405
0.311692
0.309935
0.308284
0.306812
0.305545
0.304491
0.303624
0.302949
0.302431
0.302079
0.301851
0.301831
0.301865
0.302033
0.302259
0.30276
0.303162
0.303778
0.304365
0.304846
0.305643
0.305925
0.306722
0.307009
0.307738
0.30814
0.309029
0.309636
0.310993
0.311704
0.314092
0.314677
0.318572
0.319
0.324664
0.325231
0.332724
0.333934
0.343256
0.345545
0.355057
0.356591
0.363127
0.361381
0.362534
0.356382
0.355365
0.340014
0.32432
0.267719
0.218935
0.156613
0.130361
0.0943718
0.0607918
0.0540036
0.110015
0.121324
0.179923
0.251319
0.29049
0.284154
0.323155
0.677267
1.77758
1.92294
1.33436
0.645139
0.342828
0.262582
0.273352
0.329857
0.360792
0.362396
0.331968
0.281974
0.261106
0.228155
0.224222
0.219516
0.22234
0.21633
0.197072
0.164408
0.124107
0.0873435
0.0624978
0.0448491
0.0333974
0.029633
0.0303736
0.0345201
0.0455322
0.0598333
0.0724712
0.082318
0.089232
0.0936679
0.0962432
0.0975712
0.0981205
0.098115
0.0979802
0.0976691
0.097304
0.0969689
0.0966616
0.0964272
0.0962364
0.0961521
0.0961296
0.0961653
0.0962454
0.0964943
0.0967001
0.0971749
0.0974864
0.0980878
0.0986517
0.0991312
0.0999987
0.100408
0.101253
0.102083
0.102567
0.104004
0.104512
0.106486
0.10698
0.109772
0.110519
0.114251
0.115469
0.120438
0.122551
0.129109
0.13275
0.141422
0.148002
0.157923
0.174065
0.186178
0.211653
0.234152
0.264916
0.293399
0.316229
0.327422
0.331147
0.325217
0.296822
0.256028
0.175042
0.131184
0.0828404
0.0629836
0.10862
0.129151
0.212215
0.301327
0.371919
0.419996
0.569861
1.32994
1.72825
1.29786
0.577773
0.319057
0.258314
0.297695
0.374787
0.403862
0.414077
0.410885
0.413605
0.316124
0.295881
0.24277
0.232812
0.233544
0.242045
0.24235
0.228208
0.201303
0.171506
0.13327
0.0940261
0.0650299
0.0449497
0.0314717
0.0216439
0.0144347
0.0110738
0.0106637
0.0109211
0.0117679
0.0130416
0.0139744
0.0145483
0.0147415
0.014708
0.0145884
0.0143391
0.0140652
0.0137926
0.013549
0.0133281
0.0131556
0.0130041
0.0129108
0.0128309
0.0128278
0.0128327
0.0128823
0.012938
0.0130873
0.0131943
0.0134039
0.0136505
0.013788
0.0141574
0.0143123
0.0147088
0.0148827
0.01533
0.0155914
0.0161477
0.016514
0.0173054
0.0177886
0.0189627
0.019621
0.0211776
0.0225004
0.0238711
0.0271706
0.028926
0.0334018
0.0363022
0.0433659
0.0487287
0.0594214
0.0697929
0.0874295
0.107353
0.137368
0.173643
0.224116
0.266365
0.295399
0.286639
0.265304
0.218947
0.144077
0.0952828
0.0814941
0.107829
0.143914
0.244574
0.341695
0.471119
0.629744
0.99855
1.39219
1.43705
0.642852
0.318954
0.248796
0.280629
0.368414
0.39581
0.404727
0.405942
0.400718
0.408111
0.330215
0.30752
0.251268
0.242179
0.250182
0.270441
0.278199
0.265047
0.223261
0.188411
0.159833
0.124216
0.0868962
0.0599496
0.0417249
0.02923
0.0201852
0.0135944
0.00900988
0.0059202
0.00394637
0.00275478
0.00206531
0.00166492
0.00141842
0.00125115
0.00112677
0.00102541
0.000940678
0.000868185
0.000808626
0.000757416
0.000718563
0.000683844
0.000663258
0.000641924
0.000635075
0.000631946
0.000636904
0.000642058
0.000660788
0.000674345
0.000704528
0.000736914
0.000757372
0.000814817
0.000837935
0.00089592
0.000923648
0.000977655
0.00106061
0.00109787
0.00121428
0.0012777
0.00143157
0.00159516
0.00171353
0.00207712
0.00226792
0.00277161
0.00312775
0.00387894
0.00470935
0.00566395
0.00772348
0.0093619
0.013176
0.0165006
0.0246795
0.031645
0.0488026
0.0633236
0.0989154
0.124926
0.181378
0.223464
0.222212
0.205697
0.160512
0.0975619
0.0947996
0.107655
0.15859
0.266223
0.368966
0.545251
0.781872
1.07314
1.27353
0.81591
0.3556
0.247175
0.250067
0.324229
0.349143
0.348057
0.351332
0.346778
0.347971
0.327044
0.301593
0.274408
0.246181
0.249651
0.283698
0.320861
0.32881
0.319065
0.270822
0.204508
0.168205
0.143002
0.111993
0.0783168
0.0532074
0.0362768
0.0249738
0.0171275
0.0114703
0.00740988
0.00462828
0.00281923
0.00166028
0.000950122
0.000533943
0.000299248
0.000170896
0.000102141
6.53548e-05
4.51984e-05
3.38451e-05
2.69196e-05
2.27527e-05
1.97009e-05
1.80826e-05
1.65116e-05
1.60092e-05
1.5571e-05
1.58777e-05
1.60475e-05
1.70536e-05
1.76991e-05
1.94224e-05
2.11005e-05
2.22887e-05
2.60236e-05
2.71699e-05
3.12137e-05
3.24588e-05
3.71781e-05
4.06601e-05
4.41863e-05
5.40307e-05
5.87795e-05
7.38674e-05
8.25182e-05
0.000102823
0.00012827
0.00015266
0.000216894
0.000260564
0.000369894
0.00047412
0.000680897
0.000949651
0.00146893
0.002067
0.00341084
0.00499692
0.00830744
0.0125571
0.0218702
0.0324104
0.0561485
0.0760851
0.120605
0.138941
0.142521
0.135584
0.106372
0.0908307
0.103245
0.166038
0.276704
0.379254
0.57588
0.803595
0.98764
0.940315
0.443779
0.251006
0.219249
0.265513
0.311821
0.315825
0.319031
0.336188
0.329303
0.332522
0.314905
0.276009
0.246322
0.234693
0.250913
0.31412
0.341807
0.342546
0.333236
0.305788
0.237296
0.175864
0.145608
0.124128
0.0970461
0.0680419
0.0459063
0.030834
0.0208233
0.0140206
0.0092866
0.00595782
0.00365683
0.00215413
0.00121828
0.000662549
0.000348724
0.000178563
8.8813e-05
4.3128e-05
2.06152e-05
9.81296e-06
4.71909e-06
2.3541e-06
1.24412e-06
7.3998e-07
4.82662e-07
3.8076e-07
3.11263e-07
3.10306e-07
3.05487e-07
3.32297e-07
3.45354e-07
4.05538e-07
4.44225e-07
4.97901e-07
6.31653e-07
6.7091e-07
8.28224e-07
8.81511e-07
1.10218e-06
1.22851e-06
1.45546e-06
1.89555e-06
2.15919e-06
2.90676e-06
3.53437e-06
5.11712e-06
6.57202e-06
9.6043e-06
1.34215e-05
1.80668e-05
2.96339e-05
4.17902e-05
6.68177e-05
0.000129663
0.000191183
0.000334077
0.000547728
0.000919127
0.0016193
0.00296544
0.00545429
0.010056
0.0177327
0.0338228
0.0496465
0.085081
0.0881327
0.0947767
0.120472
0.0796794
0.0984841
0.169174
0.280068
0.368035
0.544453
0.70041
0.759045
0.537841
0.278981
0.213186
0.217929
0.27558
0.30091
0.309946
0.323873
0.335486
0.308132
0.307365
0.308069
0.287055
0.249739
0.238521
0.264756
0.326987
0.343773
0.340091
0.321263
0.303268
0.260731
0.192439
0.144657
0.12404
0.10626
0.0820861
0.0570252
0.0379755
0.0250747
0.0166022
0.010956
0.00710974
0.00448093
0.00272086
0.0015859
0.000886757
0.000475136
0.00024435
0.000121366
5.84539e-05
2.74053e-05
1.25612e-05
5.66023e-06
2.52285e-06
1.11508e-06
4.9245e-07
2.1798e-07
9.9023e-08
4.5452e-08
2.38913e-08
1.24838e-08
1.00376e-08
7.78536e-09
9.33721e-09
9.46208e-09
1.15751e-08
1.42554e-08
1.55327e-08
2.19236e-08
2.33316e-08
3.21984e-08
3.55566e-08
4.60494e-08
6.02529e-08
8.22109e-08
1.37135e-07
1.9275e-07
3.07683e-07
3.93372e-07
5.8119e-07
9.59295e-07
1.33958e-06
2.71687e-06
5.92689e-06
1.27186e-05
1.82089e-05
2.90372e-05
7.71792e-05
0.00010521
0.000204945
0.000337201
0.000695242
0.00129194
0.00262017
0.00526377
0.0112067
0.0206063
0.0360626
0.0617311
0.0660521
0.0830666
0.124026
0.0963803
0.166646
0.277258
0.347281
0.463384
0.526117
0.525438
0.31856
0.220748
0.203121
0.224221
0.284918
0.309533
0.321546
0.325291
0.301518
0.245523
0.239019
0.262168
0.286555
0.2846
0.286343
0.312814
0.333684
0.327437
0.313227
0.266074
0.246011
0.246432
0.210375
0.150271
0.116847
0.104728
0.089676
0.0679386
0.0463616
0.0303135
0.0196222
0.0127046
0.00818144
0.00517886
0.0031874
0.0018935
0.00108168
0.000593523
0.000313028
0.000158984
7.79594e-05
3.70254e-05
1.70918e-05
7.69451e-06
3.39141e-06
1.47176e-06
6.32576e-07
2.70271e-07
1.15841e-07
4.97129e-08
2.20696e-08
9.54732e-09
5.09574e-09
2.08562e-09
1.83923e-09
1.05386e-09
1.45612e-09
1.15634e-09
1.4144e-09
1.42649e-09
1.37515e-09
1.78514e-09
2.14869e-09
3.44493e-09
6.13812e-09
9.46469e-09
1.90635e-08
1.88986e-08
2.99941e-08
4.17383e-08
6.74705e-08
1.08094e-07
2.36119e-07
6.91623e-07
8.4054e-07
3.96072e-06
1.06242e-05
3.6404e-05
3.47376e-05
5.33267e-05
7.02295e-05
0.000130176
0.000193222
0.000354224
0.000710883
0.00151591
0.00346689
0.00739244
0.0149839
0.0314258
0.054605
0.0773125
0.130028
0.0894583
0.157447
0.270935
0.324558
0.394474
0.422303
0.369119
0.247194
0.212758
0.2052
0.241482
0.292416
0.322499
0.340628
0.320596
0.275045
0.230712
0.218906
0.233891
0.266827
0.293338
0.322445
0.337425
0.330491
0.300435
0.271795
0.246123
0.203532
0.188636
0.191291
0.163503
0.115844
0.0946051
0.0869361
0.0749437
0.054863
0.036417
0.0232622
0.0147193
0.00929138
0.0058166
0.00357475
0.00213741
0.00123583
0.00068878
0.000369669
0.000191149
9.53687e-05
4.60098e-05
2.15214e-05
9.78978e-06
4.34648e-06
1.89009e-06
8.09233e-07
3.4223e-07
1.44238e-07
6.05968e-08
2.61714e-08
1.11119e-08
6.04929e-09
2.44104e-09
2.51454e-09
1.63737e-09
2.88374e-09
2.23891e-09
3.09876e-09
2.66867e-09
2.70513e-09
2.6878e-09
3.06214e-09
6.59064e-09
7.72897e-09
1.73645e-08
1.63219e-08
2.03651e-08
3.24087e-08
3.51744e-08
6.31708e-08
5.79281e-08
1.77927e-07
3.88945e-07
2.32592e-06
3.34827e-06
7.47471e-06
1.18975e-05
1.3204e-05
1.67588e-05
4.45299e-05
5.06701e-05
9.00624e-05
0.000122179
0.000255402
0.000484771
0.00108174
0.00263923
0.00611067
0.0145507
0.0332114
0.0621835
0.128728
0.0829943
0.143888
0.26192
0.305311
0.343375
0.359224
0.284214
0.22982
0.214444
0.210067
0.254261
0.300462
0.320749
0.349267
0.323988
0.276801
0.241213
0.230378
0.245826
0.273973
0.303712
0.337631
0.337569
0.327092
0.29663
0.261623
0.244626
0.204996
0.167351
0.153506
0.149336
0.121286
0.0896397
0.0778486
0.072183
0.0610181
0.042686
0.0274574
0.0171067
0.0105577
0.00647725
0.00392659
0.00233252
0.00134838
0.000755124
0.000408735
0.000213698
0.000107971
5.27847e-05
2.50164e-05
1.15184e-05
5.16767e-06
2.26475e-06
9.74112e-07
4.12183e-07
1.73003e-07
7.23736e-08
3.09439e-08
1.33978e-08
7.63603e-09
3.70402e-09
5.08275e-09
4.04504e-09
9.54923e-09
8.92728e-09
1.33486e-08
1.52906e-08
1.66614e-08
1.74386e-08
2.1098e-08
2.05364e-08
1.83081e-08
2.09479e-08
2.50399e-08
4.25664e-08
5.48981e-08
1.29154e-07
1.21908e-07
2.49482e-07
2.85148e-07
6.83707e-07
7.21946e-07
1.04274e-06
2.79303e-06
3.55034e-06
5.24243e-06
2.08665e-05
2.18662e-05
4.23379e-05
4.81583e-05
0.000126069
0.000139092
0.000278904
0.000457785
0.000994412
0.00276355
0.00723531
0.0204991
0.0562668
0.143274
0.0791382
0.121838
0.25416
0.297994
0.31246
0.31197
0.246644
0.220803
0.209165
0.212544
0.261992
0.328283
0.33902
0.353297
0.328532
0.278738
0.246039
0.247634
0.278571
0.341725
0.370548
0.372041
0.360582
0.336156
0.319146
0.269237
0.246422
0.218209
0.170577
0.140479
0.128584
0.115667
0.0872972
0.0713023
0.0653087
0.0601392
0.047803
0.0317709
0.0197985
0.0120202
0.00721934
0.00429234
0.00251234
0.0014383
0.000801381
0.000433245
0.00022695
0.000115178
5.66671e-05
2.70654e-05
1.25681e-05
5.68864e-06
2.51372e-06
1.08933e-06
4.63595e-07
1.95242e-07
8.2314e-08
3.51742e-08
1.6324e-08
9.73636e-09
6.84728e-09
1.20645e-08
1.22458e-08
3.56677e-08
3.83887e-08
6.80962e-08
7.52704e-08
9.52209e-08
9.15031e-08
8.89516e-08
7.60792e-08
7.47634e-08
7.57373e-08
1.07161e-07
1.57467e-07
3.11879e-07
2.84057e-07
3.64305e-07
3.50415e-07
4.36375e-07
4.77495e-07
5.16637e-07
7.46152e-07
1.01029e-06
1.42499e-06
3.33644e-06
6.74432e-06
8.80511e-06
1.38428e-05
4.02492e-05
6.29667e-05
0.000146486
0.000165987
0.000377082
0.000544533
0.00114686
0.00389556
0.0131336
0.0450739
0.152167
0.0740791
0.100115
0.231666
0.297128
0.312405
0.29167
0.237247
0.217108
0.202806
0.220781
0.279335
0.367041
0.365356
0.350257
0.303513
0.265932
0.232932
0.233828
0.273719
0.367446
0.428457
0.438416
0.42693
0.393988
0.358158
0.283976
0.244083
0.221506
0.180645
0.140795
0.120449
0.105899
0.0832253
0.066354
0.0590293
0.0554523
0.049272
0.0353953
0.0225421
0.0136282
0.00805338
0.0046961
0.00269963
0.00152292
0.000839151
0.000450147
0.00023465
0.000118792
5.84185e-05
2.79371e-05
1.30066e-05
5.90992e-06
2.62297e-06
1.14264e-06
4.88865e-07
2.06931e-07
8.87271e-08
3.8161e-08
2.00756e-08
1.32025e-08
1.37853e-08
2.69965e-08
3.34231e-08
9.9292e-08
1.15778e-07
1.87618e-07
2.32708e-07
2.62771e-07
2.79785e-07
2.76292e-07
2.86533e-07
3.32887e-07
4.64243e-07
5.91532e-07
8.53786e-07
7.53007e-07
7.79314e-07
7.54656e-07
7.63858e-07
8.11011e-07
7.47751e-07
1.0061e-06
1.01003e-06
1.30987e-06
1.37877e-06
3.12252e-06
3.11799e-06
4.79034e-06
9.9237e-06
1.77197e-05
3.41876e-05
6.46719e-05
0.000210838
0.000247143
0.000598573
0.000945223
0.00214562
0.00926445
0.0381021
0.162313
0.0645262
0.0791206
0.185249
0.29601
0.323254
0.292162
0.23885
0.216465
0.207175
0.252579
0.331117
0.374606
0.361671
0.320208
0.261275
0.23161
0.214183
0.211412
0.233434
0.337886
0.426031
0.446409
0.438119
0.408727
0.358555
0.278419
0.21674
0.202057
0.180854
0.14505
0.119625
0.100371
0.0790129
0.0622076
0.0538915
0.0505398
0.0469462
0.0378934
0.024975
0.0152336
0.00893815
0.00513317
0.00289896
0.00160755
0.000872465
0.000462119
0.000238447
0.000119766
5.85588e-05
2.79023e-05
1.29652e-05
5.8897e-06
2.61619e-06
1.14263e-06
4.90807e-07
2.08807e-07
9.19372e-08
4.00976e-08
2.52853e-08
2.19308e-08
2.99639e-08
6.60308e-08
1.09192e-07
3.20949e-07
4.21725e-07
7.21165e-07
1.0769e-06
1.29039e-06
1.58848e-06
2.29093e-06
2.31042e-06
2.90408e-06
2.86103e-06
3.1184e-06
2.93802e-06
2.92356e-06
2.8249e-06
2.50395e-06
2.41162e-06
2.03194e-06
2.31171e-06
2.23524e-06
2.58397e-06
2.42091e-06
3.41728e-06
3.0894e-06
5.0241e-06
5.2412e-06
1.4175e-05
1.21998e-05
1.72769e-05
3.0753e-05
8.9569e-05
0.00030911
0.000428489
0.000836544
0.00185889
0.00601942
0.0342275
0.193718
0.0603676
0.0645269
0.135108
0.27726
0.334536
0.301041
0.250609
0.221467
0.224953
0.26916
0.358333
0.369454
0.34507
0.279056
0.23615
0.21626
0.209297
0.210139
0.230898
0.304334
0.368026
0.392769
0.381695
0.345204
0.267212
0.187877
0.145971
0.143588
0.150698
0.145618
0.121888
0.0991208
0.0765725
0.0591307
0.0498825
0.0462343
0.0437107
0.038294
0.0266843
0.0166363
0.00979281
0.00558295
0.00311329
0.00170122
0.00090962
0.000474965
0.000241858
0.00012004
5.80763e-05
2.74249e-05
1.26498e-05
5.71666e-06
2.52987e-06
1.10403e-06
4.74775e-07
2.0291e-07
9.2819e-08
4.09489e-08
3.41036e-08
3.72874e-08
6.98274e-08
1.51526e-07
3.13273e-07
8.02465e-07
1.10971e-06
1.91092e-06
2.69513e-06
2.88307e-06
3.83433e-06
4.19387e-06
5.07883e-06
5.17503e-06
5.55817e-06
5.47296e-06
5.10065e-06
4.97311e-06
4.64928e-06
4.43359e-06
3.80835e-06
3.7747e-06
3.35235e-06
3.34979e-06
3.22304e-06
3.35297e-06
3.4393e-06
4.85035e-06
4.7947e-06
1.09748e-05
1.01093e-05
2.37396e-05
2.13038e-05
5.85064e-05
8.13072e-05
0.000156115
0.000636214
0.000757937
0.00149575
0.00554915
0.026637
0.207559
0.0604274
0.0583685
0.0966745
0.209135
0.334074
0.335105
0.290011
0.24314
0.26459
0.295796
0.367733
0.366018
0.324799
0.2486
0.228
0.217743
0.218798
0.232474
0.28211
0.330635
0.317727
0.281212
0.219975
0.148642
0.104515
0.0814217
0.0760404
0.080212
0.103569
0.121846
0.120538
0.101994
0.0764914
0.0575328
0.0470705
0.0428197
0.0406545
0.0369937
0.0276351
0.0176445
0.0105031
0.00599114
0.00332102
0.00179781
0.000950869
0.000490873
0.000247104
0.000121278
5.80392e-05
2.7113e-05
1.23766e-05
5.54075e-06
2.4312e-06
1.05463e-06
4.52254e-07
1.93639e-07
9.31848e-08
4.25107e-08
4.87181e-08
6.14921e-08
1.75141e-07
3.29944e-07
9.32567e-07
1.51767e-06
3.31814e-06
3.96124e-06
7.13444e-06
7.48439e-06
9.94433e-06
1.02934e-05
1.20701e-05
1.26575e-05
1.53756e-05
1.77492e-05
2.06055e-05
1.9783e-05
1.9214e-05
1.76408e-05
1.56717e-05
1.48579e-05
1.26587e-05
1.16754e-05
8.94391e-06
8.18388e-06
6.30978e-06
6.49979e-06
5.92608e-06
6.7681e-06
7.41937e-06
1.07882e-05
3.33618e-05
4.13383e-05
8.07481e-05
0.000105632
0.000301803
0.00123762
0.0015895
0.00463292
0.0262677
0.250669
0.0742958
0.0719127
0.0935798
0.146012
0.30687
0.359946
0.341182
0.303766
0.328759
0.347541
0.381617
0.367987
0.299992
0.23541
0.228767
0.248738
0.273874
0.326268
0.3883
0.36748
0.311966
0.192045
0.114756
0.0754293
0.0597372
0.0577177
0.0600679
0.0649227
0.0819877
0.107543
0.111429
0.104284
0.0787938
0.0575071
0.0454251
0.0403131
0.0381043
0.0351862
0.0275607
0.018083
0.0109492
0.00629255
0.00349024
0.00188257
0.000989818
0.000507409
0.000253521
0.000123467
5.86414e-05
2.72048e-05
1.2333e-05
5.48521e-06
2.39115e-06
1.0324e-06
4.415e-07
1.90168e-07
9.60037e-08
5.05977e-08
7.38743e-08
1.10766e-07
5.15016e-07
8.28534e-07
3.64564e-06
4.42423e-06
1.33448e-05
1.2463e-05
2.58191e-05
2.27638e-05
3.65344e-05
3.41288e-05
4.50969e-05
4.4128e-05
5.61285e-05
5.32261e-05
6.65758e-05
6.30695e-05
6.38443e-05
6.2896e-05
5.88433e-05
5.03981e-05
5.02145e-05
4.44921e-05
3.513e-05
2.70057e-05
2.54636e-05
1.81102e-05
1.6521e-05
1.1943e-05
1.34076e-05
1.62672e-05
2.50464e-05
3.99315e-05
4.92549e-05
0.000168585
0.000316119
0.000782503
0.00219508
0.00473788
0.023954
0.270056
0.189039
0.210493
0.233508
0.19438
0.231844
0.331125
0.338116
0.333189
0.334631
0.343224
0.368243
0.351223
0.279572
0.232308
0.242816
0.318683
0.401073
0.44744
0.427679
0.36949
0.236897
0.124819
0.0747292
0.05766
0.0531706
0.0538523
0.060259
0.0646977
0.0760797
0.101976
0.108787
0.104837
0.0825758
0.0588524
0.0450724
0.0387841
0.0362361
0.033491
0.0267209
0.0178781
0.0110025
0.00640205
0.00357618
0.00193358
0.00101586
0.000519372
0.000258544
0.000125397
5.92973e-05
2.73872e-05
1.23641e-05
5.48038e-06
2.38095e-06
1.02704e-06
4.39088e-07
1.92216e-07
1.00908e-07
6.43288e-08
1.12709e-07
1.83849e-07
1.17516e-06
1.56186e-06
9.8978e-06
1.00412e-05
4.01151e-05
3.35343e-05
0.000105359
7.51276e-05
0.000229743
0.000154635
0.000389491
0.000264689
0.000539454
0.00037074
0.000620319
0.000441977
0.00058268
0.000430715
0.000427358
0.000324272
0.000310007
0.000225655
0.000187644
0.000127497
9.92796e-05
6.42728e-05
4.68875e-05
3.73724e-05
2.89464e-05
3.54052e-05
3.13596e-05
3.85013e-05
5.7667e-05
0.000108133
0.000320432
0.000960374
0.00180184
0.00502799
0.0252458
0.31202
0.844168
0.79444
0.745894
0.626771
0.351208
0.311399
0.312761
0.318818
0.309494
0.328914
0.353852
0.333154
0.258822
0.243894
0.282121
0.432309
0.487017
0.47866
0.424152
0.265369
0.118489
0.0682364
0.0550725
0.0541452
0.0569936
0.0606335
0.0765227
0.0819598
0.0834008
0.0990745
0.108453
0.106029
0.0867394
0.0610871
0.0457066
0.0383043
0.035364
0.0322498
0.0252652
0.0172802
0.0107904
0.00633744
0.00356544
0.00193874
0.00102218
0.000523309
0.000260393
0.000126084
5.9479e-05
2.74003e-05
1.23367e-05
5.45651e-06
2.3651e-06
1.02135e-06
4.36818e-07
1.96983e-07
1.05727e-07
8.7994e-08
1.7189e-07
3.22212e-07
2.31473e-06
2.75781e-06
2.30623e-05
1.8268e-05
9.80068e-05
6.73266e-05
0.000258868
0.000179691
0.000547071
0.000411512
0.000951725
0.000771787
0.00147784
0.00124847
0.00202246
0.00179167
0.00260315
0.00228402
0.00313537
0.00257643
0.0029732
0.00230584
0.00221092
0.00168472
0.00144905
0.000864064
0.000634609
0.000327555
0.000203342
0.000103121
6.96757e-05
5.35948e-05
0.000100544
0.000170999
0.000287661
0.000698263
0.00296654
0.00519524
0.0280239
0.370841
9.62491
2.46059
2.56346
1.25947
1.91636
2.1405
2.38409
2.60074
2.73295
2.87057
5.97715
3.40949
3.31097
2.66649
2.67443
2.83461
3.04324
3.25366
3.40008
3.58321
2.97692
4.51535
3.43659
3.26137
2.909
2.85497
2.87655
2.94924
3.01636
3.14228
1.0076
4.4308
3.41111
3.39095
3.05848
2.79601
2.66363
2.60772
2.58436
2.59592
0.328113
3.40629
2.7938
2.94763
2.76641
2.5212
2.34169
2.22008
2.15796
2.07337
0.207336
1.98685
1.73426
1.98968
1.96695
1.90781
1.79737
1.69095
1.64725
1.54732
0.273602
1.06721
0.934548
1.05819
1.09
1.09979
1.08698
1.04114
1.02372
0.979461
0.342721
0.634581
0.573716
0.581095
0.570524
0.561421
0.547023
0.514986
0.504257
0.483839
0.524341
0.519142
0.489647
0.44479
0.409268
0.376144
0.350292
0.312186
0.296477
0.264444
0.664335
0.574699
0.528999
0.450134
0.402782
0.356924
0.322233
0.275423
0.257267
0.217935
0.559709
0.549962
0.512302
0.432141
0.375256
0.325675
0.288377
0.238699
0.219002
0.1795
0.272548
0.402394
0.371912
0.304673
0.25301
0.214318
0.186187
0.162548
0.154593
0.140063
0.12175
0.202571
0.188766
0.155712
0.137708
0.13356
0.134909
0.142114
0.153555
0.18958
0.0778957
0.107281
0.100442
0.10254
0.116266
0.15738
0.215706
0.320082
0.390536
0.534513
0.0652759
0.069314
0.0836508
0.152123
0.314957
0.558474
0.797063
0.995836
1.15042
1.28058
0.0616739
0.0974137
0.271936
0.750693
1.35901
1.77496
2.04191
2.15808
2.22808
2.20511
0.161569
0.607157
1.63154
2.78548
3.36246
3.49828
3.46896
3.34492
3.25305
3.05026
1.13136
3.38954
4.98185
5.54984
5.39781
4.98672
4.59578
4.22206
4.01459
3.72373
5.40593
7.85639
8.05694
7.50595
6.49088
5.66853
5.11065
4.64925
4.3976
4.10504
9.72784
9.05904
7.61799
6.08665
4.91359
4.21479
3.8093
3.49238
3.32101
3.1261
)
;

boundaryField
{
    inlet
    {
        type            fixedValue;
        value           uniform 2e-05;
    }
    outlet
    {
        type            inletOutlet;
        inletValue      uniform 0;
        value           nonuniform List<scalar> 
20
(
2.87057
3.58321
3.14228
2.59592
2.07337
1.54732
0.979461
0.483839
0.264444
0.217935
0.1795
0.140063
0.18958
0.534513
1.28058
2.20511
3.05026
3.72373
4.10504
3.1261
)
;
    }
    walls
    {
        type            fixedValue;
        value           uniform 0;
    }
    frontAndBack
    {
        type            empty;
    }
}


// ************************************************************************* //
