/*--------------------------------*- C++ -*----------------------------------*\
| =========                 |                                                 |
| \\      /  F ield         | OpenFOAM: The Open Source CFD Toolbox           |
|  \\    /   O peration     | Version:  2.4.0                                 |
|   \\  /    A nd           | Web:      www.OpenFOAM.org                      |
|    \\/     M anipulation  |                                                 |
\*---------------------------------------------------------------------------*/
FoamFile
{
    version     2.0;
    format      ascii;
    class       volScalarField;
    location    "0.069";
    object      k_0;
}
// * * * * * * * * * * * * * * * * * * * * * * * * * * * * * * * * * * * * * //

dimensions      [0 2 -2 0 0 0 0];

internalField   nonuniform List<scalar> 
4400
(
9.52167
8.50727
6.50414
5.29695
4.65833
4.20403
4.03728
3.83589
3.79486
3.44677
4.39489
6.78188
6.73659
6.28722
5.73262
5.19675
4.98799
4.70647
4.66616
4.52427
1.15161
3.17724
4.21844
4.52229
4.48643
4.26986
4.14117
3.91566
3.91015
3.86142
0.160645
0.945755
1.71762
2.28822
2.6904
2.80173
2.8518
2.80831
2.84038
2.86478
0.0169412
0.153954
0.430251
0.719955
1.08415
1.35685
1.51246
1.58806
1.71432
1.80739
0.0014368
0.0175112
0.059643
0.12271
0.233094
0.424805
0.517393
0.608133
0.729173
0.869756
0.000133707
0.0015527
0.00499596
0.0118418
0.025786
0.0677627
0.0998743
0.130562
0.164918
0.264948
4.49977e-05
0.000242464
0.000562185
0.000958973
0.00178743
0.00568201
0.0102781
0.0131276
0.0166702
0.0407622
3.63337e-05
0.000134533
0.000231472
0.000261061
0.000298595
0.000575079
0.000851298
0.000843272
0.00092232
0.00289098
3.27155e-05
0.000136446
0.000212729
0.000207382
0.000206266
0.000246686
0.000270206
0.000264514
0.000264527
0.000295453
3.26319e-05
0.000161781
0.000178602
0.000173954
0.000188633
0.000221665
0.000258406
0.000284431
0.000314149
0.000380039
3.40973e-05
0.000144094
0.000155172
0.000185886
0.000282159
0.000350199
0.000616665
0.00119738
0.00197451
0.00382942
4.09072e-05
0.000233995
0.000400658
0.000837896
0.00193493
0.00364551
0.00863938
0.0187694
0.0278348
0.0518415
0.000139089
0.00150006
0.00435547
0.0119005
0.0295757
0.0515244
0.100815
0.167341
0.209417
0.339062
0.00148706
0.0168872
0.0521835
0.129871
0.257441
0.37526
0.544605
0.695617
0.782756
1.03501
0.0173796
0.149629
0.41419
0.745592
1.09934
1.32125
1.55616
1.68548
1.76551
1.97752
0.164598
0.935165
1.71594
2.3135
2.68578
2.79546
2.88798
2.86626
2.87412
2.93242
1.17505
3.15172
4.22487
4.53276
4.47845
4.27638
4.14551
3.92214
3.86348
3.76849
4.40892
6.75732
6.74139
6.29457
5.70222
5.21382
4.95188
4.6177
4.50295
4.22558
9.5319
8.48634
6.5187
5.28977
4.62573
4.20419
3.97908
3.69199
3.55665
3.16541
2.31533
1.18694
0.576271
0.391273
0.3162
0.288431
0.309231
0.387545
0.631429
0.791778
0.807896
0.790703
0.69922
0.512137
0.369005
0.218248
0.148616
0.158466
0.201967
0.288609
0.349203
0.350115
0.320498
0.280266
0.252529
0.212081
0.203368
0.20495
0.202104
0.182312
0.175878
0.249836
0.439423
0.465985
0.414286
0.244872
0.154043
0.11842
0.108128
0.104959
0.103166
0.100391
0.0987645
0.100017
0.11107
0.122145
0.123078
0.124586
0.137693
0.196546
0.226559
0.228012
0.214178
0.181475
0.163857
0.147552
0.125484
0.115469
0.0967324
0.0846012
0.0611243
0.0490835
0.0343744
0.0285764
0.0203934
0.0170057
0.0123363
0.0098159
0.00747506
0.00576509
0.00478975
0.00388865
0.00356038
0.00306855
0.00309305
0.00298204
0.00316994
0.00307096
0.00333926
0.00324791
0.00363426
0.00345461
0.00366636
0.00332408
0.00351368
0.00346042
0.00369564
0.00384671
0.0038401
0.00378343
0.00354846
0.00244822
0.00204707
0.000811589
0.000649691
0.00059959
0.00125845
0.0030694
0.0378607
0.432323
3.46534
2.57733
1.71368
1.10584
0.754689
0.727032
0.78277
0.887195
0.922622
0.89474
0.817836
0.726444
0.504161
0.273772
0.164081
0.0877163
0.0683481
0.0735447
0.091566
0.122082
0.205823
0.274414
0.28287
0.276714
0.261922
0.236019
0.218848
0.21241
0.203475
0.164929
0.158742
0.272187
0.468671
0.488186
0.421258
0.241975
0.147649
0.117778
0.107897
0.106686
0.105377
0.10048
0.0974202
0.09787
0.104819
0.118079
0.120637
0.121943
0.128565
0.171845
0.211239
0.216741
0.210244
0.188707
0.169652
0.15076
0.12658
0.116756
0.098039
0.0863569
0.0620875
0.0490245
0.0335658
0.0274528
0.0183583
0.0157924
0.0107263
0.00927832
0.0062324
0.00550337
0.00395516
0.00366645
0.003063
0.00298138
0.00284999
0.00288174
0.00299704
0.00302251
0.00324912
0.00331474
0.00395604
0.00400346
0.0048194
0.00471196
0.00589469
0.00542647
0.00607567
0.00534446
0.00604426
0.00529273
0.00561915
0.00432353
0.0041928
0.00216284
0.00230165
0.00122715
0.00403173
0.0038163
0.0330784
0.284148
3.21576
2.63229
2.16315
1.80357
1.45844
1.30835
1.20629
1.08828
0.99364
0.836693
0.645504
0.449441
0.2203
0.111121
0.0693098
0.0384505
0.0337249
0.0378133
0.0460392
0.0581914
0.0879259
0.162919
0.219487
0.232491
0.231223
0.228249
0.215209
0.20493
0.186521
0.133174
0.139447
0.3103
0.497603
0.511701
0.434084
0.241972
0.142916
0.118558
0.106382
0.106683
0.107579
0.101979
0.0975022
0.0976843
0.101479
0.115555
0.118132
0.119622
0.123661
0.150549
0.193116
0.205732
0.203059
0.190271
0.169635
0.149446
0.126526
0.117208
0.0985818
0.0861181
0.0618115
0.0485724
0.0335683
0.0265623
0.0177149
0.0150037
0.00974314
0.00829878
0.00543099
0.0048331
0.00340698
0.00321627
0.00265135
0.0027018
0.00254054
0.00268429
0.00265589
0.00282404
0.00292986
0.00316177
0.00383797
0.00399019
0.00506231
0.0051703
0.00762015
0.00745111
0.01184
0.010409
0.0163349
0.0122663
0.0160572
0.0105145
0.0109296
0.00607022
0.00658263
0.00337669
0.0116928
0.0064688
0.0363278
0.185229
2.53433
2.20275
1.95611
1.73668
1.536
1.32114
1.16033
1.03883
0.790234
0.562349
0.321569
0.169613
0.0835988
0.0446652
0.0287023
0.0197532
0.0192903
0.0227455
0.0269273
0.0320323
0.0437782
0.0768191
0.131362
0.162653
0.180542
0.182162
0.177599
0.167346
0.13515
0.0991237
0.129451
0.367004
0.525752
0.532668
0.455696
0.24843
0.141744
0.119047
0.103567
0.104726
0.109971
0.103886
0.0985619
0.098336
0.101097
0.113276
0.117769
0.118497
0.121038
0.136121
0.17119
0.18907
0.186972
0.182383
0.167552
0.147376
0.127503
0.118598
0.0997796
0.0852583
0.058482
0.0460009
0.0308548
0.0253995
0.0163919
0.0140293
0.00917994
0.00768266
0.00478247
0.0041628
0.00271937
0.00254373
0.0020044
0.00213351
0.00191836
0.00220163
0.00210735
0.00240566
0.00241979
0.00279445
0.00295951
0.00364294
0.00389702
0.00448846
0.00607083
0.00671285
0.0104918
0.0106565
0.0216895
0.0203164
0.0571917
0.042551
0.118759
0.0572957
0.0952218
0.0314316
0.03483
0.015436
0.0306288
0.102499
1.65694
1.48202
1.41242
1.3087
1.20767
1.02552
0.851111
0.700944
0.447477
0.238546
0.119667
0.0573256
0.030189
0.0196804
0.015115
0.0143591
0.0155041
0.0188337
0.0225833
0.0247308
0.0287877
0.0408693
0.0554805
0.0778548
0.114037
0.125722
0.122128
0.111826
0.0808183
0.077592
0.138477
0.435863
0.547335
0.547957
0.484146
0.265456
0.141972
0.119599
0.103318
0.104338
0.113059
0.106164
0.10172
0.100079
0.102222
0.113586
0.118315
0.117372
0.120361
0.129175
0.154425
0.172131
0.170866
0.167115
0.158663
0.144746
0.128254
0.11984
0.100602
0.0839417
0.0571231
0.044276
0.0287634
0.0239756
0.0150853
0.0129151
0.00830797
0.00698506
0.00434615
0.00374414
0.00239261
0.00214035
0.00151205
0.00162943
0.00143737
0.00170176
0.00154956
0.00187347
0.00182038
0.00231695
0.00235856
0.00303932
0.00313394
0.00408558
0.00437151
0.00627514
0.00691599
0.0095459
0.0113947
0.0162185
0.0377106
0.0396968
0.123434
0.10413
0.319077
0.211688
0.304567
0.128953
0.0762145
0.0929305
0.812244
0.724643
0.725779
0.720386
0.692708
0.604829
0.465208
0.306074
0.15772
0.07714
0.0357545
0.0184278
0.0131346
0.0127651
0.0128321
0.0134013
0.0165026
0.0214108
0.0239772
0.0252434
0.0258233
0.028609
0.0337686
0.038596
0.0543529
0.0670984
0.0663112
0.0610658
0.0557346
0.0678634
0.179536
0.492188
0.556792
0.563383
0.519792
0.292118
0.147093
0.122554
0.105594
0.107053
0.114986
0.10842
0.107856
0.104109
0.10516
0.114703
0.121185
0.117495
0.120752
0.126977
0.15045
0.161882
0.165952
0.163038
0.153876
0.144796
0.129285
0.12092
0.100238
0.0823502
0.0550872
0.0420663
0.0269106
0.0221013
0.0138235
0.0116684
0.00749082
0.0061749
0.00396222
0.00338276
0.0021811
0.00188857
0.00132454
0.00130162
0.00118477
0.0013388
0.00123556
0.00145281
0.00146206
0.00178826
0.00182709
0.00231411
0.00251049
0.00329004
0.00352014
0.00498365
0.0058023
0.00741105
0.0121684
0.0164039
0.0340665
0.0391236
0.0811202
0.0924776
0.170068
0.188029
0.236554
0.207622
0.232549
0.138411
0.251185
0.223814
0.236987
0.250767
0.243305
0.21301
0.141166
0.0825778
0.0399996
0.0193405
0.0104172
0.00944106
0.0100207
0.0123989
0.0161107
0.0197938
0.0319485
0.0333802
0.0311798
0.0300876
0.0279319
0.027956
0.0286441
0.0307556
0.0357548
0.0409933
0.0421762
0.0420788
0.0465852
0.0748179
0.266336
0.536492
0.561258
0.582035
0.564527
0.332254
0.15835
0.125079
0.111175
0.113448
0.114846
0.111088
0.115839
0.109439
0.111025
0.115996
0.127396
0.118486
0.121599
0.126147
0.152043
0.156993
0.164029
0.161839
0.153128
0.143496
0.133576
0.124432
0.0987319
0.0773622
0.050358
0.0384695
0.0248531
0.020603
0.0130698
0.010863
0.00715181
0.00563796
0.00373383
0.00311004
0.00210957
0.00177299
0.00131588
0.00117136
0.00108278
0.00114109
0.00113378
0.00118132
0.00132756
0.00156164
0.00166484
0.00194958
0.00240406
0.00274824
0.00303532
0.00381404
0.00486972
0.00585175
0.00703981
0.0110825
0.0225449
0.0307814
0.102037
0.0979767
0.317383
0.242527
0.334493
0.276129
0.256967
0.183369
0.0401434
0.0378918
0.0426448
0.0463941
0.044602
0.037664
0.0229475
0.0131916
0.00744405
0.00633856
0.00671339
0.00890564
0.014303
0.0271703
0.036172
0.0495453
0.065135
0.06369
0.0572665
0.04808
0.0371037
0.0310562
0.0306157
0.0316215
0.0318173
0.0326097
0.0338555
0.036286
0.0483139
0.108698
0.368672
0.56155
0.558857
0.59135
0.623992
0.393634
0.175063
0.126509
0.116966
0.115336
0.112782
0.114854
0.128063
0.117265
0.119535
0.120581
0.139092
0.122067
0.124651
0.126497
0.154063
0.155697
0.162885
0.157666
0.152488
0.145061
0.135581
0.125461
0.0929798
0.0711175
0.047135
0.0358607
0.0233232
0.0189082
0.0121604
0.00979177
0.00683466
0.00519311
0.00366641
0.00285043
0.00210684
0.00154551
0.00130576
0.00105082
0.00107444
0.00103354
0.00114679
0.00113885
0.00136737
0.00141885
0.00172983
0.00181787
0.00239016
0.0025173
0.00304059
0.00332853
0.00456418
0.00508511
0.00561803
0.00788048
0.0091221
0.0193402
0.0202138
0.0720303
0.0716433
0.187307
0.204089
0.251521
0.317938
0.251853
0.00319149
0.00310319
0.00356985
0.00373903
0.00356549
0.00282671
0.00264487
0.00283454
0.00359433
0.0061744
0.0116618
0.0247378
0.0464812
0.0694171
0.0909567
0.119159
0.12457
0.11782
0.103958
0.0871467
0.0593131
0.0428152
0.039224
0.0331638
0.0307874
0.0313578
0.0329044
0.0398679
0.0733021
0.19103
0.467431
0.566376
0.541599
0.58353
0.703039
0.480493
0.203999
0.132441
0.120872
0.115865
0.112913
0.121344
0.138763
0.126066
0.133118
0.1235
0.158347
0.126817
0.13128
0.128074
0.156083
0.154404
0.164538
0.157208
0.152395
0.147126
0.136308
0.123565
0.0864092
0.0665661
0.043975
0.0327185
0.0214814
0.016976
0.0115972
0.00892831
0.00674742
0.00479514
0.00373424
0.00255264
0.00222505
0.00150421
0.00149931
0.00116201
0.00139853
0.00112624
0.00150505
0.00126476
0.00174443
0.00152048
0.00218432
0.00196962
0.00277693
0.00260947
0.00355932
0.00347109
0.0048337
0.00502094
0.00581033
0.00685964
0.00786557
0.0147315
0.0143364
0.0448699
0.0359709
0.11719
0.107173
0.1695
0.302477
0.284431
0.000323267
0.00038575
0.00050767
0.000542357
0.000668716
0.000995094
0.00204543
0.0044606
0.00978972
0.0259464
0.0420846
0.0804769
0.11672
0.156572
0.205872
0.227268
0.225152
0.207938
0.173004
0.137596
0.0945062
0.0726191
0.0562468
0.04034
0.0380088
0.0394996
0.044715
0.0670061
0.146702
0.329136
0.508147
0.550312
0.509498
0.554184
0.752345
0.606064
0.256118
0.144811
0.124532
0.119013
0.117496
0.129916
0.145178
0.131243
0.149209
0.131923
0.181463
0.137287
0.147819
0.132299
0.160022
0.154841
0.166424
0.157321
0.154699
0.149547
0.138439
0.119825
0.0796255
0.0611686
0.0400881
0.0290651
0.0197901
0.0149088
0.0112734
0.00806757
0.00663316
0.0044875
0.00389647
0.00254077
0.00260979
0.00178454
0.00211357
0.00149887
0.00212763
0.00146002
0.00226631
0.00165772
0.00257968
0.00188654
0.00309023
0.00240924
0.00367987
0.00296713
0.00449924
0.00389313
0.0055901
0.00522389
0.00679466
0.00686964
0.00756236
0.011811
0.0117818
0.0297528
0.0242441
0.0758542
0.0676507
0.117599
0.152303
0.23765
0.000497288
0.000864672
0.0012172
0.00176212
0.0032673
0.00609774
0.0137355
0.0247606
0.0436406
0.0901432
0.12393
0.199002
0.256433
0.316775
0.378191
0.383564
0.373264
0.335284
0.269493
0.203376
0.148685
0.116818
0.0783841
0.0590677
0.0590051
0.0623036
0.0758301
0.134814
0.313352
0.405918
0.508568
0.514583
0.464607
0.506203
0.751919
0.771347
0.343795
0.164311
0.132108
0.125667
0.124288
0.132944
0.143717
0.135845
0.165524
0.135264
0.23617
0.144956
0.182274
0.141955
0.171632
0.157886
0.1709
0.159549
0.164398
0.159273
0.136493
0.109926
0.0708916
0.0535296
0.0351677
0.024792
0.0186726
0.0132632
0.0111506
0.00765905
0.00684366
0.00468405
0.00462054
0.00312247
0.00385381
0.00254472
0.0033877
0.00227914
0.0035584
0.00224492
0.003768
0.00253532
0.00426923
0.00274237
0.00491886
0.00339052
0.00564515
0.00386244
0.0065217
0.00484506
0.00757873
0.00592536
0.00847508
0.00730731
0.00908142
0.0108166
0.0112216
0.0209356
0.0189572
0.0501096
0.0469728
0.0878898
0.0950303
0.14007
0.00603436
0.00949738
0.0132285
0.0173438
0.0296607
0.0427995
0.0727728
0.103446
0.152755
0.23683
0.303798
0.40408
0.479945
0.550681
0.601803
0.600309
0.571268
0.496714
0.413647
0.305285
0.228884
0.170776
0.120036
0.101555
0.0980606
0.102181
0.135542
0.301651
0.41272
0.436604
0.480563
0.46816
0.412046
0.446156
0.719494
0.959134
0.489977
0.201753
0.141954
0.132961
0.13144
0.138457
0.142222
0.146363
0.202869
0.147681
0.414949
0.16395
0.268989
0.165703
0.199165
0.168497
0.185524
0.173268
0.178077
0.163104
0.123207
0.095748
0.0646464
0.0462908
0.0321524
0.02208
0.0182667
0.0125572
0.0115699
0.00823002
0.0084214
0.00611076
0.0068303
0.00466073
0.00628531
0.00417067
0.00579289
0.00393649
0.00620694
0.00387191
0.00649711
0.00432817
0.00725006
0.00448238
0.0080608
0.00531535
0.0090604
0.00573386
0.0100828
0.00680841
0.011455
0.00763481
0.0119794
0.00874135
0.0133159
0.0115443
0.0128126
0.0173249
0.0173639
0.035964
0.0350826
0.0650704
0.0690052
0.0968267
0.0652652
0.0835472
0.103364
0.11822
0.158057
0.191207
0.249646
0.308285
0.385445
0.496696
0.580321
0.684304
0.75694
0.81093
0.808407
0.771084
0.69048
0.63526
0.530214
0.40314
0.323699
0.234838
0.176536
0.152159
0.14773
0.162954
0.280956
0.452142
0.453278
0.428068
0.435583
0.412458
0.3572
0.377596
0.644514
1.04648
0.726925
0.27751
0.158624
0.139974
0.138957
0.144306
0.143995
0.169616
0.22043
0.220456
0.435503
0.169684
0.443682
0.196708
0.246886
0.193722
0.214451
0.202852
0.184625
0.150514
0.118012
0.0837233
0.0579181
0.0391777
0.0301065
0.0205846
0.018486
0.013486
0.0145324
0.0107114
0.0120419
0.00905962
0.0106628
0.00753674
0.0104266
0.0071039
0.00989831
0.00697933
0.0107229
0.00697298
0.0111727
0.00769572
0.0123011
0.00776756
0.0134302
0.00883863
0.0147445
0.00903035
0.0160591
0.0102737
0.0177879
0.0110437
0.0182837
0.012057
0.0193432
0.0142404
0.0185606
0.018337
0.0189522
0.0290586
0.02944
0.0484492
0.0516681
0.0708661
0.356466
0.382439
0.402328
0.421715
0.470064
0.515756
0.568564
0.634074
0.73144
0.815084
0.887305
0.933436
0.944654
0.933856
0.89067
0.797071
0.73887
0.672803
0.557388
0.47775
0.390508
0.290747
0.244333
0.224016
0.226765
0.279512
0.475535
0.5017
0.428472
0.364004
0.370985
0.348742
0.303389
0.308298
0.523391
1.05603
1.05429
0.428291
0.195823
0.148828
0.14304
0.14778
0.152715
0.182907
0.215047
0.231216
0.280161
0.197292
0.423006
0.26292
0.295697
0.263419
0.229861
0.208365
0.172979
0.132714
0.100206
0.0663708
0.0523172
0.0340974
0.0300836
0.0223283
0.0228428
0.0187256
0.021617
0.0161107
0.0195329
0.0149194
0.018209
0.0132869
0.0184716
0.012835
0.0177871
0.0129852
0.0187596
0.0127548
0.0193716
0.0137574
0.020516
0.0139183
0.0223596
0.0152509
0.0238777
0.015564
0.0261709
0.0172154
0.0282854
0.0175697
0.0290112
0.0191395
0.0302469
0.0207387
0.0269689
0.0224869
0.023964
0.0297628
0.0302049
0.0398552
0.0417914
0.0527197
0.998973
0.963182
0.928707
0.909454
0.916641
0.933896
0.953768
0.998349
1.02289
1.03646
1.04093
1.03145
1.00809
0.967424
0.876298
0.801775
0.73843
0.643506
0.573909
0.517388
0.421106
0.353077
0.317851
0.308298
0.331364
0.485337
0.553596
0.479126
0.290991
0.272076
0.297568
0.295666
0.262046
0.252228
0.381902
0.995318
1.33853
0.721965
0.286793
0.171342
0.150312
0.14929
0.16223
0.179176
0.193524
0.219379
0.233742
0.207979
0.313769
0.391998
0.289457
0.272031
0.229094
0.197065
0.152799
0.11959
0.0891557
0.0580505
0.0510667
0.0363245
0.0390531
0.0326783
0.0358093
0.0304711
0.0365695
0.027977
0.0351667
0.0268687
0.0326726
0.025241
0.0334172
0.0237752
0.0318347
0.0241602
0.0326196
0.0230737
0.0336154
0.024303
0.0343585
0.024046
0.0371606
0.025766
0.0386681
0.0261639
0.0424268
0.0288418
0.045361
0.0294319
0.0469638
0.0323551
0.0483869
0.0338596
0.042555
0.0325141
0.0371647
0.0353927
0.0356096
0.0399647
0.0405785
0.0435533
1.82491
1.6566
1.50761
1.40228
1.33035
1.26406
1.21335
1.18184
1.1474
1.11563
1.09306
1.05212
1.00563
0.913336
0.827778
0.770776
0.693622
0.62245
0.578311
0.517828
0.450718
0.411754
0.396165
0.409193
0.522801
0.599898
0.534416
0.273706
0.179834
0.192734
0.236745
0.250615
0.235926
0.214846
0.274408
0.803415
1.41163
1.23426
0.508991
0.239224
0.174641
0.166921
0.180405
0.185721
0.192985
0.192057
0.198127
0.200872
0.239473
0.460152
0.265296
0.262955
0.224335
0.179792
0.15074
0.100816
0.0803915
0.0576219
0.0597233
0.055133
0.0659843
0.0571289
0.0662342
0.0567813
0.0654188
0.0535588
0.0660391
0.0509505
0.061109
0.0491245
0.0609228
0.0457845
0.0600495
0.0460648
0.0583849
0.0439641
0.0616606
0.0446257
0.0601519
0.0442031
0.0655819
0.0455255
0.0655888
0.0460815
0.0724994
0.0497601
0.0748903
0.0501753
0.0785858
0.0554162
0.0797152
0.0559135
0.0683718
0.0517688
0.0582718
0.0511745
0.0505161
0.0475645
0.0445961
0.0448567
2.58644
2.2112
1.90292
1.68045
1.51657
1.39244
1.29852
1.23631
1.18009
1.12648
1.05957
0.961497
0.858942
0.781661
0.745218
0.714399
0.669149
0.625369
0.584937
0.543952
0.527424
0.522543
0.539164
0.611363
0.619565
0.532509
0.270156
0.144731
0.127539
0.148854
0.207262
0.245439
0.239911
0.208448
0.233665
0.533505
1.38234
1.66217
1.03847
0.455483
0.252552
0.221621
0.253764
0.278094
0.29269
0.201893
0.201863
0.203286
0.187913
0.364534
0.241568
0.217024
0.17275
0.158969
0.120449
0.0945863
0.0957766
0.0915297
0.110929
0.107649
0.134423
0.119315
0.143035
0.121748
0.137424
0.11434
0.138333
0.109166
0.130576
0.10505
0.125217
0.0986337
0.126033
0.0962925
0.118692
0.0922639
0.124102
0.0899971
0.11876
0.089275
0.126691
0.0880757
0.124772
0.0899449
0.136051
0.093171
0.137733
0.0947211
0.145349
0.103111
0.145442
0.101218
0.124586
0.093998
0.107036
0.090886
0.0881907
0.075112
0.0676829
0.0593939
3.08638
2.43235
2.00408
1.72658
1.5394
1.40212
1.29594
1.20375
1.09904
0.969386
0.825979
0.704172
0.644963
0.637875
0.648027
0.655143
0.654747
0.646956
0.63923
0.637514
0.631308
0.622197
0.611204
0.573686
0.426188
0.222412
0.12252
0.105148
0.112221
0.152109
0.22097
0.254055
0.28266
0.311461
0.302658
0.409235
1.08199
1.77033
1.86024
1.19943
0.53467
0.319257
0.283763
0.386879
0.445428
0.257959
0.268749
0.242007
0.175956
0.224471
0.204688
0.207191
0.167751
0.159979
0.148947
0.152154
0.194525
0.223819
0.296266
0.308707
0.353249
0.317125
0.361464
0.309746
0.339648
0.290992
0.326598
0.265976
0.316278
0.257035
0.294668
0.239585
0.291203
0.229896
0.276564
0.221671
0.277076
0.213628
0.272663
0.211972
0.277263
0.206349
0.278831
0.208779
0.292641
0.208885
0.296268
0.213447
0.312678
0.22372
0.311442
0.221241
0.283378
0.219034
0.258647
0.218018
0.217418
0.190409
0.187127
0.181985
3.09568
2.30106
1.86897
1.61304
1.43478
1.28738
1.13988
0.973115
0.788896
0.611434
0.478987
0.414705
0.410532
0.434487
0.467928
0.50188
0.532796
0.560218
0.576763
0.581964
0.565721
0.523184
0.429746
0.304504
0.205083
0.151281
0.13559
0.138441
0.149613
0.199849
0.287538
0.38612
0.71984
0.996426
0.957935
0.786855
0.849348
1.48641
2.11591
2.28
2.0027
1.05801
0.624803
0.58084
0.696934
0.503316
0.669603
0.390785
0.220706
0.278453
0.244901
0.352963
0.313898
0.499391
0.511764
0.784158
0.746744
0.966984
0.823141
0.989078
0.787675
0.93691
0.753721
0.876199
0.723026
0.848472
0.704569
0.810831
0.709752
0.780929
0.696946
0.771025
0.710098
0.735287
0.707973
0.736581
0.71929
0.69793
0.727458
0.705362
0.73941
0.673276
0.759073
0.682499
0.784497
0.661397
0.803323
0.673827
0.849481
0.690393
0.867555
0.706381
0.889164
0.788825
0.944161
0.904443
0.964121
1.01596
1.1327
1.27231
2.0474
1.58968
1.35412
1.18163
1.00544
0.807707
0.592483
0.385804
0.223006
0.132555
0.108517
0.13823
0.208742
0.301161
0.379896
0.416443
0.417704
0.37491
0.320215
0.270612
0.240204
0.227373
0.24484
0.287084
0.351555
0.421975
0.453391
0.442799
0.455926
0.595251
1.07006
1.85104
2.10835
1.99005
1.91042
1.89987
1.7727
1.18832
1.02831
2.10843
3.50512
3.97438
3.15851
2.70771
2.62983
1.14426
2.1495
0.401372
0.236741
0.491403
0.374442
1.084
0.967005
1.79923
1.3914
1.99977
1.34346
1.8026
1.09452
1.58073
0.902115
1.47572
0.811499
1.44892
0.785323
1.46243
0.786046
1.52304
0.81682
1.58395
0.859026
1.66591
0.904777
1.76369
0.973444
1.86099
1.0347
1.97467
1.13153
2.07344
1.21707
2.17696
1.35115
2.25862
1.46645
2.30686
1.6425
2.37179
1.84043
2.40411
2.07961
2.5436
2.50116
2.98824
3.07663
3.58897
3.75016
4.63657
4.86461
5.86896
0.0231065
0.0336435
0.0736465
0.100695
0.207671
0.273527
0.398981
0.428015
0.63901
0.929903
0.772797
0.519725
0.361315
0.314278
0.40873
0.642049
1.20428
1.56558
1.67347
1.71502
1.6493
1.21807
1.14197
3.34901
4.70349
5.15955
5.05503
4.15597
3.10938
2.07361
1.12317
0.722564
0.582703
0.802014
1.43573
2.75817
4.36544
5.60413
5.88914
5.60258
4.58085
3.14615
1.95518
1.12271
0.593319
0.290928
0.149177
0.0984254
0.084567
0.0850251
0.0894194
0.0969153
0.105083
0.114201
0.123433
0.132283
0.143542
0.155979
0.171556
0.191484
0.211229
0.233205
0.253402
0.269255
0.285734
0.293369
0.303107
0.305598
0.307428
0.307093
0.303123
0.298882
0.290205
0.281908
0.269547
0.256599
0.240322
0.222833
0.202223
0.180529
0.156074
0.131338
0.105272
0.0808286
0.0579977
0.0411942
0.0357385
0.0370161
0.0429311
0.0496861
0.0526493
0.0519153
0.0511178
0.0553917
0.0882403
0.286127
0.47537
0.478363
0.250398
0.151571
0.0341061
0.0432315
0.0585595
0.0917529
0.134971
0.145445
0.230882
0.346388
0.634997
0.560334
0.419315
0.406751
0.369548
0.333889
0.267739
0.267705
0.295899
0.452212
0.630824
0.616073
0.744979
1.97438
3.12596
3.09499
1.99436
1.37082
0.882051
0.588317
0.505174
0.505211
0.547797
0.600495
0.642938
0.62527
0.632622
0.682865
0.815495
1.11802
1.66339
2.42945
2.86709
2.77459
2.36744
1.62816
0.962144
0.53968
0.343661
0.274224
0.248061
0.241424
0.235271
0.235045
0.235529
0.23774
0.24435
0.249702
0.259995
0.273444
0.28485
0.302397
0.31452
0.326628
0.340408
0.345065
0.356221
0.358801
0.363917
0.366575
0.367004
0.369115
0.367431
0.366942
0.364587
0.361735
0.357796
0.353025
0.347198
0.340786
0.331954
0.323314
0.310841
0.298792
0.281361
0.263469
0.238626
0.21199
0.178534
0.141608
0.0991171
0.0670023
0.0545398
0.0547001
0.0701601
0.107652
0.184277
0.251462
0.234002
0.161575
0.155285
0.204903
0.0370066
0.0487944
0.0750977
0.143329
0.224009
0.222347
0.210595
0.228408
0.484428
0.549899
0.367405
0.326366
0.274594
0.24281
0.214351
0.202815
0.198801
0.20292
0.21798
0.361549
1.36655
2.71327
2.66651
1.29197
0.562631
0.378474
0.327536
0.320519
0.370632
0.435598
0.462918
0.477468
0.498893
0.494225
0.469367
0.437821
0.414811
0.416251
0.448264
0.570073
0.793055
1.3338
1.57314
1.46283
1.09467
0.690619
0.447591
0.333063
0.277173
0.248452
0.226944
0.205399
0.185121
0.165487
0.147216
0.141163
0.136197
0.142042
0.153677
0.168227
0.191756
0.205204
0.227288
0.236901
0.250356
0.25741
0.263284
0.270264
0.272386
0.277336
0.279748
0.28238
0.286086
0.287223
0.29078
0.291693
0.29516
0.29574
0.298361
0.298039
0.298723
0.296794
0.295754
0.292374
0.289014
0.281183
0.271318
0.250759
0.223384
0.177421
0.127729
0.082867
0.0692655
0.0883091
0.133291
0.144519
0.106279
0.0937996
0.153313
0.214597
0.0388521
0.0648164
0.120022
0.187467
0.3437
0.282867
0.251152
0.229317
0.350238
0.454862
0.353832
0.33634
0.292462
0.256589
0.231132
0.225008
0.221114
0.222406
0.287604
0.7683
2.11808
2.50342
1.33305
0.497747
0.294732
0.266642
0.273975
0.293882
0.347316
0.366631
0.364941
0.356106
0.359135
0.35898
0.355113
0.338699
0.330561
0.314348
0.309904
0.319508
0.356124
0.46788
0.753567
0.970493
0.937235
0.725399
0.477443
0.339938
0.264414
0.203777
0.15531
0.110897
0.0794694
0.0587314
0.0437669
0.0389299
0.0360256
0.0362064
0.0382629
0.041583
0.0509885
0.059157
0.0733284
0.0890855
0.101326
0.117704
0.124409
0.137394
0.141281
0.150365
0.152772
0.160123
0.161731
0.168899
0.170516
0.178178
0.180791
0.189888
0.194173
0.206224
0.212809
0.229041
0.237181
0.25377
0.25992
0.271442
0.271937
0.276639
0.273512
0.264859
0.237187
0.19187
0.117202
0.084129
0.091465
0.092538
0.0761323
0.0816962
0.13286
0.202564
0.0451135
0.101372
0.209297
0.313124
0.403283
0.375433
0.398754
0.33664
0.402462
0.421644
0.59087
0.471033
0.380908
0.325535
0.271617
0.273603
0.290294
0.34432
0.577575
1.42243
2.12171
1.81913
0.619758
0.292831
0.240258
0.23794
0.254739
0.274827
0.281023
0.26551
0.246882
0.25879
0.25116
0.263342
0.2679
0.262762
0.249162
0.237282
0.235628
0.241237
0.257469
0.292234
0.375352
0.593921
0.680048
0.647881
0.486257
0.321307
0.219311
0.141997
0.0906209
0.054899
0.0350393
0.0254368
0.0214598
0.0205496
0.0206177
0.0201246
0.018825
0.0172978
0.0155522
0.0151703
0.0153933
0.0172927
0.0224126
0.0252334
0.0322554
0.0348932
0.0421194
0.0439395
0.0499898
0.0514717
0.0571174
0.0586304
0.0642152
0.0661943
0.0728744
0.0757637
0.0843919
0.088989
0.101131
0.108307
0.125456
0.13841
0.166637
0.185058
0.221776
0.241036
0.262041
0.265713
0.2742
0.268405
0.238978
0.120305
0.0882963
0.0796439
0.0662782
0.0742669
0.108806
0.180451
0.0590758
0.163061
0.288661
0.368833
0.430684
0.449571
0.498228
0.473676
0.483855
0.478947
0.714712
0.505567
0.440114
0.411785
0.317788
0.322155
0.380857
0.527495
0.951498
1.59081
1.91339
0.969624
0.353021
0.229315
0.218677
0.224771
0.237842
0.248557
0.220649
0.21371
0.195525
0.214977
0.206306
0.222428
0.239089
0.236172
0.225192
0.216341
0.199513
0.19451
0.19867
0.214083
0.25231
0.370427
0.517418
0.530875
0.474694
0.321981
0.199314
0.116476
0.0672056
0.0405626
0.0280108
0.0230795
0.0220285
0.0224381
0.0235098
0.0225431
0.0207867
0.0172816
0.01369
0.0112992
0.00843419
0.00712857
0.00563621
0.0055553
0.00539337
0.005709
0.00606448
0.00694701
0.00749914
0.00886284
0.00958267
0.0113242
0.012273
0.0145293
0.015811
0.0189985
0.0209038
0.0255898
0.028719
0.0360516
0.0415312
0.0537588
0.0637207
0.0847535
0.10443
0.138853
0.178171
0.222874
0.253104
0.266847
0.29175
0.237011
0.105856
0.080233
0.065308
0.0737842
0.102287
0.177991
0.082409
0.227879
0.32144
0.381557
0.442184
0.496858
0.539171
0.525227
0.547839
0.588465
0.564344
0.504348
0.449278
0.445425
0.374861
0.360874
0.468982
0.685663
1.11167
1.51868
1.38002
0.543328
0.262033
0.220738
0.219548
0.222212
0.218843
0.222571
0.190537
0.188086
0.168804
0.166069
0.176016
0.204152
0.22914
0.227712
0.218552
0.211146
0.19962
0.176931
0.170536
0.174383
0.191497
0.243059
0.395022
0.457156
0.442509
0.340184
0.206894
0.118718
0.0661766
0.0400126
0.0290081
0.0265541
0.0281722
0.0309407
0.0328965
0.0325122
0.0303483
0.0239357
0.019022
0.0135727
0.0102384
0.0067187
0.00502774
0.00354105
0.0024309
0.00188553
0.00136994
0.00105118
0.000909596
0.000905576
0.000948712
0.00111576
0.00139846
0.00165186
0.00225927
0.0027181
0.00360997
0.00439104
0.00607407
0.00757293
0.0107537
0.0137198
0.0201009
0.0264634
0.0401823
0.0533736
0.0822443
0.112096
0.170064
0.222638
0.276487
0.298877
0.192444
0.0922453
0.0675888
0.0766319
0.102691
0.181495
0.111801
0.26677
0.338402
0.389124
0.447508
0.494767
0.515857
0.506558
0.538095
0.546089
0.399717
0.382658
0.422247
0.446101
0.42646
0.38129
0.510774
0.758148
1.09531
1.29638
0.868674
0.37252
0.253232
0.233054
0.227538
0.209346
0.196718
0.183524
0.169544
0.163934
0.14555
0.144378
0.158782
0.198872
0.227779
0.226995
0.221407
0.215063
0.207258
0.188587
0.161892
0.154891
0.159647
0.183527
0.283624
0.396037
0.406146
0.362963
0.227891
0.126887
0.0690201
0.0419579
0.0333241
0.0321023
0.0337738
0.0375834
0.0407018
0.04141
0.0386044
0.0315478
0.024393
0.0195287
0.0129764
0.00922158
0.00677264
0.00412077
0.00305842
0.00197805
0.00129501
0.00084863
0.000579954
0.000366828
0.000267413
0.000213638
0.000211837
0.000220463
0.000274978
0.000334071
0.000454449
0.00065961
0.000895787
0.00135192
0.00190652
0.00304416
0.00445676
0.00731457
0.0109614
0.0183758
0.028064
0.0477868
0.0747145
0.119396
0.199821
0.28526
0.269606
0.152823
0.084098
0.0906744
0.122213
0.1865
0.144604
0.295739
0.350353
0.387668
0.41813
0.42082
0.417475
0.434131
0.461291
0.427539
0.332643
0.334202
0.379779
0.444677
0.470637
0.418873
0.527319
0.755543
0.972965
1.00643
0.572386
0.326137
0.267982
0.291491
0.254504
0.194525
0.185565
0.160728
0.159801
0.149088
0.131042
0.134479
0.15076
0.201797
0.237767
0.239896
0.238838
0.237792
0.232036
0.217011
0.180749
0.152737
0.146557
0.154001
0.196577
0.332755
0.378513
0.363125
0.269985
0.145169
0.0756957
0.0469294
0.038332
0.0372928
0.0399704
0.0454958
0.0511077
0.0517118
0.0490532
0.0384526
0.0321048
0.0231482
0.0154791
0.0127
0.00787805
0.00560294
0.00382808
0.00247248
0.00158219
0.00112559
0.00069164
0.000486796
0.000307461
0.000228585
0.000151781
0.000136659
0.000114173
0.000114769
0.000119148
0.000148383
0.000174527
0.000242423
0.000341399
0.000578022
0.000894522
0.00152958
0.00263576
0.00484232
0.00878179
0.0155092
0.0299126
0.0507712
0.0945001
0.212453
0.263299
0.233169
0.143513
0.123243
0.141134
0.204322
0.173867
0.317751
0.346965
0.355696
0.345105
0.337158
0.357954
0.377321
0.38743
0.370248
0.328678
0.330255
0.364618
0.464573
0.504323
0.482835
0.535561
0.699532
0.831597
0.753166
0.447777
0.333563
0.324117
0.335477
0.285611
0.201515
0.180949
0.15507
0.145935
0.135617
0.123747
0.126925
0.148982
0.222613
0.251482
0.254856
0.253973
0.251069
0.245386
0.234524
0.214233
0.169586
0.145365
0.143289
0.159484
0.251797
0.34924
0.354739
0.310157
0.174528
0.0894168
0.055389
0.0444125
0.0428758
0.0464986
0.0542873
0.0618248
0.0632568
0.0601623
0.0495957
0.040329
0.0269075
0.0214891
0.0140464
0.00926321
0.00644212
0.00430138
0.00262683
0.00198645
0.00122185
0.000837549
0.000525967
0.000387482
0.000244324
0.000205276
0.000141968
0.000129635
0.000113727
0.000124639
0.000119812
0.000129339
0.00013582
0.000171243
0.00019906
0.000262848
0.000378604
0.000639202
0.00118689
0.00230896
0.00458498
0.00940773
0.019309
0.0391759
0.0922147
0.216508
0.230081
0.206254
0.163921
0.169502
0.232472
0.20681
0.325411
0.339865
0.324699
0.320482
0.354365
0.417733
0.443543
0.438623
0.374924
0.337971
0.333387
0.351872
0.467061
0.558483
0.554145
0.563036
0.671524
0.723741
0.59943
0.435671
0.361739
0.353354
0.337908
0.279098
0.192443
0.16182
0.152605
0.136217
0.124928
0.120044
0.123661
0.159987
0.240156
0.263293
0.266603
0.265469
0.255628
0.248309
0.235175
0.224616
0.201802
0.156692
0.140321
0.144143
0.185996
0.308733
0.345279
0.32614
0.22021
0.110916
0.0649652
0.0504139
0.0485699
0.0537915
0.0625939
0.0728983
0.0736268
0.0718139
0.0615619
0.0460604
0.0352772
0.024534
0.0166175
0.0108911
0.0077262
0.00465674
0.00329802
0.00207023
0.00130318
0.000810352
0.000538695
0.000317653
0.000220575
0.000137841
0.000101177
7.2116e-05
7.31069e-05
6.75704e-05
7.15548e-05
7.28629e-05
9.84091e-05
0.000103973
0.000129838
0.000146152
0.000199161
0.000260293
0.000399409
0.000679621
0.00133347
0.00284907
0.00645337
0.0151511
0.036563
0.103951
0.198906
0.199268
0.176169
0.182823
0.25438
0.230207
0.332309
0.339795
0.323174
0.338111
0.46134
0.530503
0.549267
0.505447
0.393943
0.36285
0.358719
0.362486
0.40958
0.579316
0.600582
0.614815
0.633076
0.658288
0.550107
0.448912
0.366796
0.337078
0.290831
0.207585
0.156938
0.148759
0.147954
0.135124
0.120361
0.118594
0.123506
0.181632
0.261931
0.281479
0.282494
0.275975
0.254833
0.242702
0.231048
0.221764
0.211177
0.179588
0.144668
0.139502
0.156333
0.248794
0.326427
0.325675
0.261545
0.13927
0.0786712
0.0586494
0.0552159
0.0611229
0.0704163
0.0817339
0.0811628
0.0790181
0.0667004
0.0565299
0.0412584
0.0299865
0.0197753
0.0135549
0.00873928
0.00551541
0.00369596
0.00226104
0.00143172
0.000898143
0.000543304
0.000319265
0.000199935
0.000119555
6.78429e-05
4.84775e-05
2.92634e-05
2.45629e-05
2.17945e-05
2.86957e-05
3.03082e-05
4.19193e-05
4.84232e-05
8.08459e-05
9.6075e-05
0.000142655
0.000174285
0.000255559
0.000433117
0.000906452
0.00214862
0.00536189
0.0141545
0.0386813
0.113074
0.174732
0.172076
0.176167
0.277492
0.238598
0.337181
0.347419
0.336141
0.40547
0.483929
0.495239
0.483974
0.476891
0.403379
0.370277
0.368479
0.394358
0.390623
0.54218
0.648313
0.65128
0.624984
0.628503
0.553928
0.470365
0.35009
0.257754
0.188312
0.146888
0.138987
0.147865
0.147834
0.131268
0.118588
0.118202
0.129216
0.2064
0.284628
0.29664
0.29423
0.277999
0.243769
0.21627
0.206579
0.207604
0.206076
0.195083
0.156147
0.138111
0.142557
0.196511
0.301876
0.320381
0.289203
0.173834
0.0951221
0.06699
0.0615482
0.0679304
0.0780289
0.0869763
0.0849885
0.0812593
0.0689424
0.059337
0.0471104
0.0357184
0.0241632
0.0166694
0.0103892
0.0068725
0.00426836
0.00274152
0.00166846
0.0010774
0.000634832
0.000408513
0.000242127
0.000148736
8.79678e-05
5.60087e-05
3.59764e-05
2.07338e-05
1.92413e-05
1.6145e-05
1.91798e-05
1.94328e-05
3.4283e-05
3.88841e-05
6.72723e-05
7.48215e-05
0.0001205
0.000144752
0.000223295
0.000377909
0.000804181
0.00183271
0.00489669
0.0143447
0.0426381
0.108406
0.151917
0.17448
0.282327
0.234357
0.336626
0.378075
0.381555
0.446655
0.468313
0.405771
0.403005
0.433899
0.412871
0.331281
0.302599
0.366941
0.397564
0.460708
0.677841
0.704114
0.657182
0.635592
0.575498
0.473556
0.31358
0.219174
0.161253
0.139706
0.141506
0.156692
0.150408
0.128588
0.118486
0.120426
0.137907
0.231383
0.303373
0.311007
0.303437
0.260671
0.222254
0.183025
0.169652
0.172497
0.187378
0.187734
0.172115
0.140689
0.138468
0.162183
0.265064
0.310396
0.298132
0.215098
0.115037
0.0804867
0.0711765
0.0771341
0.0842718
0.091774
0.0869006
0.0827053
0.0691308
0.0599294
0.0483234
0.0387812
0.0291867
0.0202421
0.0133496
0.00825263
0.00539473
0.00318971
0.00206062
0.00122281
0.000792448
0.000462229
0.000312341
0.000180222
0.000134757
8.12173e-05
6.43277e-05
3.9063e-05
3.43421e-05
2.54236e-05
2.04371e-05
2.05058e-05
2.11831e-05
2.58878e-05
2.77048e-05
4.80128e-05
5.92469e-05
0.000115786
0.000149329
0.000247778
0.000361155
0.000711003
0.00174906
0.00522295
0.0171538
0.0499249
0.09862
0.162978
0.292261
0.232214
0.322722
0.392454
0.415398
0.458311
0.430995
0.373892
0.376602
0.380148
0.344805
0.251015
0.222844
0.271045
0.406758
0.452091
0.656186
0.724005
0.717991
0.65633
0.588928
0.452161
0.298295
0.207346
0.170933
0.161987
0.164858
0.16594
0.147039
0.127397
0.12176
0.126592
0.151145
0.260473
0.323782
0.326502
0.308304
0.241547
0.191146
0.160802
0.140243
0.140412
0.150508
0.173567
0.170527
0.148742
0.136645
0.146433
0.221441
0.294829
0.294788
0.251388
0.143251
0.0956608
0.0809733
0.0847592
0.091669
0.0956084
0.0898702
0.0841401
0.0690591
0.059919
0.0466333
0.0398712
0.0297305
0.0236695
0.0161347
0.0114523
0.00700303
0.00445124
0.00263846
0.00166709
0.000946308
0.000603331
0.000344522
0.000231683
0.000133805
9.95558e-05
6.20086e-05
5.4529e-05
3.87841e-05
3.6736e-05
3.04722e-05
3.02645e-05
2.68066e-05
2.42499e-05
2.64344e-05
2.86288e-05
4.25841e-05
5.53763e-05
0.000105196
0.000121967
0.000187185
0.000333014
0.000802011
0.00207714
0.00639594
0.0208199
0.053103
0.115273
0.314887
0.23626
0.285444
0.388821
0.415945
0.454235
0.416066
0.373875
0.335664
0.271436
0.228044
0.211673
0.212497
0.262452
0.440938
0.477674
0.553006
0.692736
0.767364
0.694568
0.584935
0.419328
0.296822
0.203223
0.181953
0.184932
0.183162
0.172284
0.139092
0.127911
0.127661
0.136614
0.168197
0.289768
0.346301
0.344791
0.30613
0.222778
0.166601
0.142251
0.123002
0.121695
0.125375
0.145896
0.161436
0.153409
0.136118
0.138849
0.181028
0.274012
0.289837
0.267999
0.175678
0.113404
0.0928011
0.095384
0.100104
0.101886
0.0959909
0.0879063
0.0725083
0.0591433
0.0466771
0.0379883
0.0290527
0.02377
0.0173423
0.0133433
0.00899799
0.00650065
0.00402683
0.00268242
0.00161729
0.0010333
0.000655556
0.000391031
0.000264665
0.00015675
0.000122171
7.43964e-05
6.55033e-05
4.68299e-05
4.82748e-05
4.11562e-05
4.33568e-05
3.57704e-05
3.88354e-05
3.69566e-05
4.01527e-05
5.61531e-05
5.95502e-05
9.98615e-05
0.000124244
0.000220376
0.000437285
0.00108018
0.00277385
0.00855456
0.0288609
0.0985554
0.351505
0.247569
0.250338
0.366621
0.405636
0.417248
0.375122
0.34623
0.293975
0.219229
0.197016
0.20174
0.22952
0.329832
0.516074
0.549631
0.519581
0.572507
0.732301
0.710497
0.596652
0.420958
0.305043
0.211257
0.183552
0.183732
0.179614
0.159893
0.135746
0.13355
0.137085
0.151498
0.187477
0.315811
0.367705
0.36085
0.294335
0.20639
0.149142
0.12456
0.110493
0.109164
0.111145
0.120519
0.146408
0.147945
0.136669
0.134937
0.155664
0.241374
0.279759
0.271213
0.208617
0.138406
0.108213
0.108675
0.110171
0.109721
0.102951
0.0920974
0.0785916
0.0629643
0.0482485
0.0374742
0.0286405
0.0227751
0.017249
0.0133373
0.00988026
0.00752756
0.00523403
0.00396646
0.00279627
0.00196622
0.00146274
0.00109597
0.000815342
0.000635017
0.000475405
0.000375983
0.000256675
0.000201001
0.000133344
0.000110467
8.06854e-05
6.85172e-05
5.71884e-05
5.64515e-05
4.8648e-05
5.1859e-05
5.94533e-05
7.54559e-05
0.000149524
0.000179336
0.000259386
0.000456781
0.00136548
0.00413989
0.0144316
0.0596105
0.38645
0.256395
0.240483
0.311331
0.375192
0.368024
0.332004
0.297365
0.244537
0.206411
0.210095
0.242404
0.317567
0.513221
0.600493
0.595407
0.502488
0.510142
0.5983
0.646859
0.605752
0.451831
0.32822
0.233967
0.192346
0.184563
0.174186
0.149978
0.140778
0.144036
0.154623
0.169588
0.204703
0.34099
0.390595
0.37697
0.284052
0.189457
0.135339
0.115835
0.105772
0.103835
0.104622
0.107885
0.126954
0.140203
0.135465
0.13169
0.142242
0.20818
0.266237
0.267003
0.232595
0.162063
0.125731
0.124286
0.122797
0.115922
0.106714
0.0927159
0.0818124
0.0655616
0.0513833
0.0388772
0.028998
0.0225827
0.0169487
0.0134022
0.00988627
0.00780942
0.0054129
0.00446906
0.00311051
0.00262937
0.00204878
0.00203401
0.0018884
0.00196371
0.00185343
0.00191197
0.00175314
0.00169518
0.0015217
0.00127579
0.000801163
0.000452547
0.000310407
0.000188846
0.000120042
8.27983e-05
7.60688e-05
7.87804e-05
0.000109712
0.000219048
0.000239694
0.000327648
0.000598082
0.00210567
0.00997654
0.0508757
0.41565
0.285347
0.24906
0.265281
0.300982
0.294404
0.271428
0.224741
0.192502
0.198274
0.272838
0.429481
0.590893
0.676368
0.662088
0.615321
0.458744
0.426396
0.448371
0.540937
0.547437
0.488698
0.36656
0.268945
0.211211
0.19572
0.171564
0.153849
0.154661
0.165578
0.174243
0.177889
0.215122
0.370089
0.415494
0.391739
0.268424
0.17353
0.125301
0.110823
0.104067
0.102206
0.102449
0.102894
0.111817
0.13068
0.132305
0.129198
0.134034
0.177506
0.246108
0.257959
0.242836
0.192183
0.146512
0.1411
0.132582
0.119373
0.108604
0.092911
0.0816769
0.0648436
0.0524092
0.0400427
0.0301629
0.0228665
0.0170252
0.0133571
0.00988375
0.00788133
0.0057709
0.00486825
0.00350026
0.00311564
0.00240147
0.00224203
0.00197652
0.00193969
0.00189399
0.00186835
0.0018778
0.00186343
0.00199613
0.00205436
0.00228481
0.0022139
0.00212458
0.00186278
0.00109315
0.000625535
0.000310091
0.000174307
0.000131348
0.000159361
0.000260281
0.000335875
0.00057208
0.00113096
0.00450996
0.0373
0.453281
0.564869
0.354042
0.283352
0.280879
0.268523
0.233049
0.209103
0.216949
0.27592
0.485496
0.702165
0.74975
0.726609
0.667245
0.559441
0.374851
0.293472
0.310425
0.384375
0.438729
0.434915
0.393896
0.306866
0.243519
0.220019
0.184562
0.173056
0.178014
0.191272
0.181909
0.179889
0.231951
0.408889
0.442503
0.405184
0.253469
0.160658
0.120391
0.108754
0.103728
0.102276
0.101182
0.100409
0.103723
0.120019
0.127349
0.126525
0.128901
0.152548
0.22308
0.242087
0.238563
0.211167
0.167635
0.153682
0.141389
0.122371
0.112296
0.0934466
0.081784
0.0611336
0.0505496
0.0384768
0.0305399
0.0229514
0.0176115
0.0132404
0.00997599
0.00776709
0.00580598
0.0049027
0.00377999
0.00345374
0.00285003
0.00280713
0.00259271
0.00269649
0.00250906
0.00257035
0.00244532
0.00253125
0.00244459
0.00251515
0.00252547
0.00278148
0.00284173
0.00331275
0.00328819
0.00309443
0.0025508
0.00127946
0.000588143
0.000298132
0.000282988
0.000337599
0.000486155
0.00164269
0.0041617
0.0291829
0.486857
9.76031
2.06733
2.56873
1.48792
2.01776
2.25529
2.41875
2.58151
2.63965
2.73395
5.99524
3.78792
3.47295
2.8505
2.801
2.94171
3.06527
3.22478
3.28904
3.41011
2.91001
4.71734
3.65111
3.40289
2.99387
2.92247
2.89819
2.93265
2.95665
3.02581
0.912651
4.33882
3.46139
3.40508
3.05989
2.81725
2.67203
2.6057
2.56395
2.56333
0.281974
2.96494
2.5915
2.7708
2.65435
2.46818
2.33271
2.2271
2.16525
2.10519
0.187688
1.59698
1.49366
1.72907
1.80712
1.7947
1.76474
1.70637
1.67598
1.61527
0.207349
0.818309
0.768721
0.857766
0.955213
0.997499
1.03484
1.05422
1.06618
1.06299
0.276472
0.469949
0.453582
0.459792
0.473783
0.481216
0.489684
0.507638
0.517075
0.536696
0.45248
0.437838
0.40859
0.374114
0.350751
0.327513
0.311212
0.293814
0.285114
0.273306
0.525874
0.485762
0.457341
0.40304
0.367584
0.327687
0.30385
0.269278
0.254965
0.223939
0.383701
0.441106
0.421908
0.373208
0.331532
0.293664
0.268377
0.23694
0.223282
0.19454
0.139886
0.277037
0.264991
0.232848
0.199895
0.179784
0.161491
0.152032
0.144253
0.141196
0.0798936
0.127535
0.123357
0.110798
0.102864
0.103928
0.106984
0.11783
0.127924
0.163525
0.0562332
0.0699604
0.069586
0.0732679
0.0879485
0.127471
0.17339
0.271188
0.324821
0.462263
0.0490108
0.0515909
0.0651549
0.125904
0.279144
0.500169
0.703847
0.910853
1.01414
1.19861
0.049536
0.0893471
0.257463
0.682494
1.27935
1.65752
1.9164
2.03855
2.11425
2.14792
0.146305
0.609041
1.5998
2.63517
3.21619
3.35107
3.34393
3.25303
3.19371
3.04988
1.10565
3.34121
4.79021
5.31495
5.21124
4.85459
4.54439
4.19131
4.05624
3.77481
5.36774
7.56805
7.72414
7.23385
6.35672
5.59237
5.14243
4.69639
4.53245
4.19446
9.43496
8.63573
7.26675
5.92363
4.88577
4.22489
3.89775
3.58179
3.46938
3.22198
)
;

boundaryField
{
    inlet
    {
        type            fixedValue;
        value           uniform 2e-05;
    }
    outlet
    {
        type            inletOutlet;
        inletValue      uniform 0;
        value           nonuniform List<scalar> 
20
(
2.73395
3.41011
3.02581
2.56333
2.10519
1.61527
1.06299
0.536696
0.273306
0.223939
0.19454
0.141196
0.163525
0.462263
1.19861
2.14792
3.04988
3.77481
4.19446
3.22198
)
;
    }
    walls
    {
        type            fixedValue;
        value           uniform 0;
    }
    frontAndBack
    {
        type            empty;
    }
}


// ************************************************************************* //
