/*--------------------------------*- C++ -*----------------------------------*\
| =========                 |                                                 |
| \\      /  F ield         | OpenFOAM: The Open Source CFD Toolbox           |
|  \\    /   O peration     | Version:  2.4.0                                 |
|   \\  /    A nd           | Web:      www.OpenFOAM.org                      |
|    \\/     M anipulation  |                                                 |
\*---------------------------------------------------------------------------*/
FoamFile
{
    version     2.0;
    format      ascii;
    class       volScalarField;
    location    "0.19";
    object      nuSgs;
}
// * * * * * * * * * * * * * * * * * * * * * * * * * * * * * * * * * * * * * //

dimensions      [0 2 -1 0 0 0 0];

internalField   nonuniform List<scalar> 
4400
(
0.00205259
0.001936
0.00169727
0.00152977
0.00143127
0.00136688
0.00133401
0.00129794
0.00130382
0.00121451
0.00139641
0.00172732
0.00172552
0.0016685
0.00158741
0.00151955
0.00148353
0.00143842
0.00143648
0.00138585
0.000722175
0.00117964
0.00136516
0.00141541
0.00140632
0.00137371
0.00135327
0.0013168
0.00131239
0.00127945
0.000270389
0.000644281
0.000868288
0.00101127
0.00108811
0.00110922
0.00112453
0.00112098
0.00111759
0.00110456
8.78275e-05
0.000261474
0.000421901
0.000574699
0.000695723
0.000761167
0.000819446
0.000854269
0.000865636
0.00087953
2.56591e-05
8.73635e-05
0.000150663
0.0002366
0.000341583
0.000401507
0.000483618
0.000531017
0.000576608
0.000605097
7.85089e-06
2.61291e-05
4.35388e-05
7.15019e-05
0.000119062
0.000150605
0.000199471
0.000246603
0.000303569
0.000322794
4.20822e-06
1.07514e-05
1.35904e-05
1.91639e-05
3.10473e-05
4.03987e-05
5.40477e-05
8.06365e-05
0.000108095
0.000117908
3.85163e-06
7.8909e-06
9.00619e-06
1.02706e-05
1.19326e-05
1.27501e-05
1.42589e-05
1.98504e-05
2.43809e-05
2.71881e-05
3.8578e-06
7.45973e-06
7.9993e-06
9.11367e-06
1.00193e-05
1.01319e-05
1.00901e-05
1.0099e-05
1.02342e-05
1.05705e-05
3.83069e-06
7.44907e-06
8.75517e-06
9.3234e-06
9.46437e-06
9.57986e-06
9.79942e-06
1.02784e-05
1.12236e-05
1.5741e-05
3.84889e-06
7.84146e-06
9.0024e-06
9.35471e-06
1.0301e-05
1.31598e-05
1.58832e-05
2.07445e-05
2.86761e-05
5.35228e-05
4.2038e-06
1.01157e-05
1.34574e-05
1.87661e-05
2.81603e-05
4.66991e-05
6.03379e-05
8.47114e-05
0.000110176
0.00017759
7.77813e-06
2.56042e-05
4.50757e-05
7.10951e-05
0.000109233
0.000170173
0.000203382
0.000263661
0.000304253
0.000407383
2.54665e-05
8.60731e-05
0.00015807
0.000231448
0.000332947
0.000426649
0.000476229
0.000550319
0.00059165
0.000682563
8.71587e-05
0.000256774
0.000432306
0.000567356
0.000698173
0.000770828
0.000821339
0.000862237
0.000888216
0.000935655
0.0002684
0.000642889
0.000872006
0.00100802
0.00109176
0.00111174
0.00112774
0.00112638
0.00112971
0.00113744
0.00071767
0.00118155
0.00136625
0.00141442
0.00140784
0.00137295
0.00135472
0.00131785
0.00130888
0.00128931
0.00139452
0.00172922
0.00172552
0.00166725
0.00158958
0.00151365
0.00148285
0.0014282
0.00141122
0.00136179
0.00205144
0.00193757
0.00169596
0.00152894
0.00143199
0.00135855
0.00132825
0.00127449
0.00125107
0.00116947
0.000528305
0.00047256
0.000419312
0.000420684
0.000396405
0.000407681
0.000379518
0.000339701
0.000332414
0.000305915
0.000253171
0.000248561
0.000243971
0.000229749
0.00023308
0.000241237
0.000260786
0.000272655
0.000272622
0.000270272
0.000260754
0.000233556
0.000195652
0.000134736
9.71822e-05
8.74388e-05
8.77155e-05
9.82441e-05
0.000143121
0.000238633
0.000253664
0.000243494
0.000224981
0.000216591
0.000208056
0.000199085
0.000179305
0.000143022
0.00011229
0.000110137
0.000144328
0.0001984
0.000271087
0.0003356
0.000344401
0.000238672
0.000159911
0.000134393
0.000135815
0.000143663
0.000158083
0.000156649
0.000141182
0.000128559
0.00012778
0.000136434
0.0001424
0.0001448
0.000155607
0.000188104
0.000202685
0.000203462
0.00019994
0.000191352
0.000166224
0.000144075
0.000122993
0.000126828
0.000127086
0.000146268
0.00015576
0.000151522
0.000144377
0.000138927
0.000130483
0.000124285
0.000116583
0.000114952
0.000114599
0.000106158
9.56288e-05
9.03271e-05
8.98109e-05
9.11549e-05
0.000103863
0.000109837
0.000115466
0.000152743
0.000173638
0.000176038
0.000174245
0.000171179
0.000165265
0.000155931
0.000154972
0.000153076
0.00015634
0.000167843
0.000189912
0.000325121
0.000657164
0.000587081
0.000506289
0.00049014
0.000442244
0.000436851
0.000424531
0.000393997
0.000385275
0.000379555
0.000353631
0.000344017
0.000337319
0.000323839
0.000311688
0.000300603
0.000295304
0.000285382
0.000275366
0.00026286
0.000233953
0.000173075
0.000127188
8.9485e-05
7.18065e-05
7.1566e-05
7.31793e-05
7.86782e-05
9.94596e-05
0.000164258
0.000226172
0.000233213
0.000227676
0.000218646
0.000211291
0.000191344
0.000158684
0.000123668
0.000101175
0.000102932
0.000144705
0.000202302
0.000272118
0.000335392
0.000357257
0.000272126
0.000163081
0.000130638
0.000135162
0.000142519
0.000155448
0.000157165
0.00014931
0.000132107
0.000128855
0.000135439
0.000142718
0.000144225
0.00014984
0.000173939
0.000192783
0.000195118
0.000192282
0.000187272
0.000169096
0.00014575
0.000121199
0.000117161
0.000118326
0.000127667
0.000145219
0.000146387
0.00014286
0.000136973
0.000131148
0.000126396
0.000117328
0.000114039
0.000112209
0.000102507
9.2664e-05
8.82454e-05
8.84115e-05
9.13194e-05
0.000103884
0.000111412
0.000124567
0.000168015
0.000180319
0.000180242
0.000175348
0.000167938
0.000159964
0.000151002
0.000151352
0.000152413
0.000155472
0.000163895
0.000188814
0.000288438
0.000630567
0.000584986
0.000517096
0.000497487
0.000456982
0.000437915
0.000428178
0.000403099
0.000379427
0.000375076
0.000363584
0.000346713
0.000338423
0.000331629
0.000316629
0.000301755
0.000291085
0.000267736
0.000245957
0.000213337
0.000152917
0.000107046
7.97636e-05
6.22908e-05
5.97042e-05
6.35576e-05
6.63874e-05
7.09853e-05
8.01136e-05
0.000107055
0.000165677
0.000206392
0.000211415
0.00020754
0.00019642
0.000165031
0.000133116
0.000104283
9.0732e-05
9.72063e-05
0.000147712
0.000204947
0.000270817
0.000330906
0.000362841
0.000308921
0.000166314
0.000129183
0.00013355
0.000143683
0.000147617
0.000151312
0.000149889
0.000137641
0.000131331
0.000135548
0.000143543
0.000144465
0.0001469
0.000162143
0.000183367
0.000186549
0.000184022
0.000179145
0.000166262
0.000144664
0.000121939
0.000109593
0.000110027
0.000113244
0.000128372
0.000135112
0.000132915
0.000131538
0.000127664
0.000125084
0.000115653
0.000110363
0.000106197
9.57217e-05
8.85442e-05
8.70367e-05
8.79953e-05
9.49397e-05
0.000107962
0.00011251
0.000133366
0.000178339
0.00018604
0.000184799
0.000174996
0.000164598
0.000157944
0.000148702
0.000147252
0.000149558
0.000154168
0.000160161
0.000186307
0.000257428
0.000561563
0.000523791
0.000478721
0.000447053
0.000427673
0.000404497
0.000395292
0.00038596
0.000359579
0.000342936
0.000334241
0.000313309
0.000296421
0.000286838
0.000263936
0.000247704
0.000228343
0.000198852
0.000158232
0.000120962
8.82771e-05
6.53266e-05
5.37411e-05
5.17007e-05
5.47883e-05
6.37395e-05
6.55299e-05
6.97947e-05
7.31992e-05
8.22278e-05
0.000107082
0.000156357
0.000166032
0.000163654
0.000152688
0.000128687
0.000108602
9.00077e-05
8.38909e-05
9.43398e-05
0.00015187
0.000205861
0.000265919
0.000320039
0.000363119
0.000342371
0.000176979
0.000131638
0.000126019
0.000140594
0.000145076
0.000147276
0.000147076
0.000140963
0.000134238
0.000136216
0.000143353
0.000144828
0.000146488
0.000154795
0.000174978
0.000178771
0.00017682
0.000171949
0.000161815
0.000143157
0.000121744
0.000105864
0.000102228
0.000103486
0.000112177
0.000121939
0.000120668
0.000121542
0.000120671
0.000118486
0.000107323
0.00010123
9.76346e-05
8.97237e-05
8.54168e-05
8.58936e-05
8.90568e-05
0.000103569
0.000116531
0.000118237
0.000144207
0.00018678
0.000192017
0.000187722
0.000172471
0.000163497
0.000156955
0.000147233
0.0001458
0.000147311
0.000151949
0.000155582
0.000177707
0.000227845
0.000456685
0.000427169
0.00040274
0.000366647
0.000352999
0.000337755
0.000329149
0.000327452
0.000316631
0.000296888
0.00028807
0.000267202
0.000243003
0.00022946
0.00019976
0.000170914
0.000142346
0.000112989
8.81444e-05
6.63749e-05
5.2388e-05
4.53137e-05
4.6234e-05
4.95726e-05
5.90664e-05
7.54165e-05
7.79948e-05
7.73679e-05
7.62529e-05
7.69207e-05
8.24364e-05
0.000104189
0.000118034
0.000118311
0.00011456
0.000104235
9.11675e-05
8.05235e-05
7.98244e-05
9.40594e-05
0.00015603
0.000204187
0.000260792
0.000305303
0.000361423
0.000372592
0.000203814
0.000137642
0.000122149
0.000131637
0.000144502
0.000147755
0.000147341
0.000143838
0.000137131
0.000137592
0.000143562
0.000145689
0.000146924
0.000151103
0.000168303
0.000172395
0.000170612
0.000164553
0.000158035
0.000141708
0.000121617
0.000104902
9.62995e-05
9.64714e-05
9.97236e-05
0.000109994
0.000110395
0.000111009
0.000110371
0.000107567
9.65879e-05
9.25004e-05
8.95322e-05
8.41884e-05
8.26841e-05
8.48683e-05
9.15279e-05
0.000114136
0.000126181
0.000125837
0.000156562
0.000195406
0.000195813
0.000187996
0.000168327
0.000156461
0.000148467
0.000142415
0.000142283
0.000143587
0.000152657
0.0001535
0.000168799
0.000208702
0.000314438
0.000291175
0.000280126
0.000252419
0.000246207
0.000237914
0.000235781
0.000239933
0.000236948
0.00022534
0.000218359
0.00019822
0.000169733
0.000145019
0.000117284
9.38477e-05
7.58138e-05
5.98385e-05
4.79105e-05
3.97009e-05
3.87777e-05
4.06047e-05
4.78618e-05
6.13285e-05
8.55772e-05
0.000101425
0.000101524
9.82833e-05
8.92051e-05
7.98831e-05
7.66917e-05
7.9396e-05
8.55135e-05
9.1651e-05
9.07504e-05
8.6728e-05
8.04025e-05
7.64832e-05
7.80156e-05
9.72935e-05
0.000162295
0.000201248
0.000253478
0.000289611
0.000354018
0.000397133
0.000245909
0.000144487
0.000121696
0.000126798
0.000144443
0.000152423
0.000151569
0.000147225
0.000141189
0.000140337
0.000144155
0.00014652
0.000148525
0.000151239
0.000163601
0.000167502
0.000167089
0.000159242
0.000153271
0.000140504
0.000121984
0.000103916
9.41963e-05
9.16189e-05
9.24513e-05
9.84533e-05
0.000101019
0.000100625
9.94493e-05
9.47985e-05
8.63001e-05
8.45841e-05
8.34868e-05
8.06642e-05
8.02909e-05
8.44711e-05
9.5339e-05
0.000125519
0.000135714
0.000133829
0.000166468
0.000200361
0.000197244
0.000184325
0.000157634
0.000145745
0.000141239
0.000138136
0.000140549
0.00014214
0.00015279
0.000152623
0.000162476
0.000196435
0.000166671
0.000152372
0.000147783
0.000134717
0.000134239
0.000133888
0.00013407
0.000142565
0.000141711
0.000135037
0.000129597
0.00011167
9.0232e-05
7.28758e-05
5.84212e-05
4.62267e-05
3.85422e-05
3.3421e-05
3.23981e-05
3.33713e-05
3.71342e-05
4.79555e-05
7.22596e-05
9.75732e-05
0.000128347
0.000136241
0.000133754
0.00012621
0.000110888
9.02602e-05
7.86655e-05
7.59153e-05
7.81616e-05
8.00791e-05
7.84204e-05
7.76043e-05
7.62643e-05
7.55332e-05
7.94155e-05
0.000104687
0.000167152
0.000198377
0.000240942
0.000272801
0.00033516
0.000401499
0.000296345
0.00014988
0.000122253
0.000126002
0.000143622
0.000153364
0.000153931
0.000151106
0.000144434
0.000143227
0.000146307
0.000148138
0.000151316
0.000152167
0.000162757
0.000164465
0.000165565
0.000157947
0.000151871
0.000140601
0.000122646
0.000102451
9.33489e-05
8.91176e-05
8.87394e-05
9.08423e-05
9.27479e-05
9.21271e-05
8.98552e-05
8.23433e-05
7.78339e-05
7.73746e-05
7.72367e-05
7.65576e-05
7.75967e-05
8.62936e-05
0.000104385
0.000137976
0.000141958
0.000140391
0.000179694
0.000208128
0.000195668
0.000173436
0.000140534
0.000134152
0.000136125
0.000135763
0.000139058
0.000140426
0.000150717
0.000150481
0.000157547
0.000185638
6.17563e-05
5.7645e-05
5.56585e-05
5.33483e-05
5.41885e-05
5.5204e-05
5.6312e-05
6.31692e-05
6.29948e-05
6.01423e-05
5.49746e-05
4.65314e-05
3.7427e-05
3.11437e-05
2.77585e-05
2.66998e-05
2.69951e-05
2.81853e-05
3.14744e-05
3.92631e-05
5.41198e-05
7.92654e-05
0.00011848
0.000152705
0.000177761
0.000178506
0.000173442
0.000158912
0.000138893
0.000110678
8.76742e-05
7.94497e-05
7.90081e-05
7.58492e-05
7.43767e-05
7.58963e-05
7.70514e-05
7.90166e-05
8.66932e-05
0.000120435
0.000172493
0.000194929
0.000227405
0.000251869
0.000301142
0.000397637
0.000345001
0.000160357
0.000124757
0.000126104
0.000142368
0.000151514
0.000156086
0.000154686
0.000149559
0.000147855
0.000149268
0.000149598
0.000155007
0.000154542
0.000163595
0.000163842
0.000165201
0.000159117
0.000151588
0.000138826
0.000121138
0.000101775
9.17984e-05
8.87283e-05
8.56035e-05
8.55346e-05
8.51451e-05
8.40834e-05
8.05381e-05
7.60322e-05
7.49453e-05
7.39502e-05
7.36465e-05
7.39137e-05
7.64204e-05
9.02615e-05
0.000121894
0.000148116
0.000147633
0.000148925
0.000198156
0.000216348
0.00019471
0.000158168
0.000127605
0.000121327
0.000123722
0.000129912
0.00013618
0.000138371
0.000151613
0.000149133
0.000153452
0.00017763
1.45305e-05
1.39468e-05
1.40029e-05
1.41617e-05
1.46402e-05
1.51793e-05
1.61771e-05
1.81686e-05
1.81645e-05
1.72738e-05
1.67326e-05
1.704e-05
1.77638e-05
2.01765e-05
2.24273e-05
2.59588e-05
3.27349e-05
3.99131e-05
5.08018e-05
6.77855e-05
9.37348e-05
0.000134716
0.000181076
0.000215052
0.00023148
0.000230271
0.000221915
0.000200215
0.000171187
0.000139339
0.000108668
9.25145e-05
8.25242e-05
7.7867e-05
7.8792e-05
8.44218e-05
8.67516e-05
9.01802e-05
0.000100369
0.000138639
0.000176488
0.000191974
0.000215033
0.000227947
0.00025745
0.00038508
0.000387838
0.00018287
0.000129904
0.000127748
0.00013803
0.000149229
0.000159169
0.000156529
0.000154426
0.000153443
0.000154781
0.000152737
0.000159822
0.000159345
0.000166436
0.000164943
0.000164357
0.000160847
0.000151653
0.000137403
0.00011851
0.000101895
9.36092e-05
9.01465e-05
8.44798e-05
8.25349e-05
8.16048e-05
7.96588e-05
7.73008e-05
7.49822e-05
7.46652e-05
7.32817e-05
7.27869e-05
7.34634e-05
7.80854e-05
0.000102744
0.000140967
0.000156948
0.000154763
0.000165322
0.000213355
0.000221971
0.000194486
0.000153107
0.000126369
0.000112734
0.000112691
0.000120494
0.000133005
0.00013705
0.000154187
0.000148805
0.000150149
0.000164821
6.09125e-06
6.50397e-06
6.58229e-06
6.75297e-06
6.86028e-06
6.95613e-06
7.38857e-06
7.91909e-06
8.68914e-06
1.01997e-05
1.32567e-05
1.70588e-05
2.24727e-05
3.30438e-05
3.99645e-05
4.9784e-05
6.30303e-05
7.41917e-05
8.9349e-05
0.000114244
0.000154083
0.00020559
0.000252573
0.000278422
0.00028596
0.000282446
0.00027029
0.00024327
0.000205231
0.000163963
0.00013204
0.000109583
9.26912e-05
9.04398e-05
9.78897e-05
0.000102314
0.00010274
0.000105257
0.000119316
0.000156236
0.000179112
0.000188549
0.000204567
0.000205712
0.000216625
0.000361839
0.000426485
0.000217715
0.000136586
0.000129837
0.000134923
0.000148749
0.00015783
0.000160656
0.000157441
0.000157073
0.000160257
0.000155088
0.000164766
0.000164293
0.000172963
0.000169321
0.000161426
0.000159565
0.000152227
0.00013763
0.000118553
0.000104682
9.86072e-05
9.15473e-05
8.56235e-05
8.18191e-05
8.15751e-05
8.05657e-05
8.01469e-05
7.87022e-05
7.652e-05
7.38878e-05
7.35551e-05
7.53787e-05
8.49465e-05
0.000121961
0.000162141
0.0001682
0.000159879
0.000176886
0.000219032
0.000229504
0.000194986
0.000153058
0.000131319
0.00010923
0.000105945
0.000111698
0.000124119
0.000132942
0.000157747
0.000149265
0.000151049
0.000158719
1.20022e-05
1.39118e-05
1.39489e-05
1.41148e-05
1.42643e-05
1.43714e-05
1.51004e-05
1.68539e-05
1.97396e-05
2.41092e-05
3.18811e-05
4.25762e-05
5.34652e-05
6.93693e-05
7.95724e-05
9.22418e-05
0.000107332
0.000120976
0.000141109
0.000178705
0.000228961
0.000287024
0.000315198
0.000319728
0.0003155
0.000304026
0.000284775
0.000264225
0.000230729
0.000191782
0.000158761
0.000130888
0.000118536
0.000122307
0.000124806
0.000118001
0.000116644
0.000122741
0.000150142
0.000169491
0.000179391
0.000184887
0.000192554
0.000186403
0.000187916
0.000328209
0.000453566
0.000268894
0.000148239
0.000132288
0.000134433
0.000147584
0.000156301
0.000163358
0.000159243
0.000157727
0.000169511
0.000160729
0.000168928
0.00016951
0.000179325
0.000178239
0.00016505
0.000160164
0.000154536
0.000140236
0.000120436
0.000106487
9.91215e-05
8.83879e-05
8.59846e-05
8.26575e-05
8.28139e-05
8.40883e-05
8.41778e-05
8.31889e-05
7.93846e-05
7.69468e-05
7.71088e-05
8.16956e-05
0.00010203
0.000153223
0.000181043
0.000182297
0.000169287
0.000181455
0.00022725
0.000242371
0.000192872
0.000154818
0.000132808
0.000110356
0.000103256
0.000107844
0.000123723
0.000130027
0.00017269
0.000152343
0.000153587
0.000157093
4.11807e-05
4.33389e-05
4.2776e-05
4.29881e-05
4.32368e-05
4.33458e-05
4.48662e-05
4.93397e-05
5.49186e-05
6.23166e-05
7.8923e-05
9.57906e-05
0.000107622
0.000124318
0.000137707
0.000147381
0.000161861
0.000178082
0.000206349
0.000258901
0.000315499
0.00033694
0.000338425
0.000333065
0.000320985
0.00030134
0.000284996
0.000275766
0.000258226
0.000219462
0.000187306
0.000168222
0.000159102
0.000153115
0.000139664
0.000134158
0.000136842
0.000157869
0.00017689
0.00017786
0.000177807
0.000179375
0.000181084
0.000170994
0.000169071
0.00028671
0.000458274
0.000337469
0.000170996
0.000135221
0.000134741
0.000146261
0.000156342
0.000162786
0.000162812
0.000160003
0.000176975
0.000168521
0.000176363
0.000174847
0.000182104
0.000190677
0.000174016
0.000159982
0.000154479
0.000140882
0.00011909
0.000105494
9.67649e-05
8.60014e-05
8.38417e-05
8.41227e-05
8.51901e-05
8.81971e-05
8.76089e-05
8.61408e-05
8.25596e-05
8.16338e-05
8.32329e-05
9.55235e-05
0.000138755
0.000187829
0.000202811
0.000197031
0.000173953
0.000176384
0.000237865
0.000245969
0.000172795
0.00014617
0.00012522
0.000109094
0.000106778
0.000109519
0.000135878
0.000130839
0.00022973
0.000164733
0.000157026
0.000158482
0.000111146
0.000112344
0.000110455
0.000110447
0.000110335
0.000110225
0.000112044
0.000118464
0.000124833
0.00013465
0.000156142
0.000169418
0.000180092
0.000194052
0.000201503
0.000208643
0.000224077
0.000246464
0.000289278
0.000332322
0.000350214
0.000349987
0.000343937
0.000327959
0.000307676
0.000293201
0.000287199
0.000279975
0.00026093
0.000237102
0.000219586
0.000198565
0.000181931
0.000166696
0.000156508
0.000156823
0.000171892
0.00019182
0.000192075
0.000182811
0.00017362
0.000173271
0.000172688
0.000159341
0.000155523
0.000242851
0.00045227
0.0004126
0.000209885
0.000141953
0.000136474
0.000143591
0.000156709
0.000162248
0.000164526
0.000163854
0.000178701
0.000172491
0.000192264
0.00018338
0.000185855
0.000192802
0.000178164
0.000154003
0.000147919
0.000138117
0.000115456
0.000104692
9.69758e-05
8.6014e-05
8.22797e-05
8.4542e-05
8.62181e-05
8.98979e-05
8.95395e-05
8.8755e-05
8.62707e-05
8.66629e-05
9.41173e-05
0.000125267
0.000193488
0.000224158
0.000224795
0.00020421
0.000173725
0.000173895
0.000242228
0.000241118
0.000166033
0.00013532
0.000123809
0.000101517
0.000112257
0.000114186
0.000164697
0.000134185
0.00024935
0.00019069
0.0001676
0.000163441
0.000224925
0.000223754
0.000217456
0.000214681
0.00021072
0.000208573
0.000209722
0.000213795
0.000218213
0.000228628
0.000242637
0.000248264
0.000252913
0.000257415
0.000261098
0.00026902
0.000288337
0.000320087
0.000344612
0.000357877
0.00035804
0.000350609
0.000327515
0.00030324
0.000292401
0.000284028
0.000278288
0.000269875
0.000259429
0.000251804
0.00023413
0.00021211
0.000197979
0.000184441
0.000181938
0.000189711
0.000210219
0.000210843
0.000200719
0.000175896
0.000165243
0.000165086
0.000162904
0.000149342
0.00014872
0.000206235
0.000430361
0.000478608
0.000271017
0.000159896
0.000141126
0.00014257
0.000156094
0.000162313
0.000168186
0.000170165
0.000181419
0.000176707
0.00020179
0.000197453
0.000191161
0.000190765
0.000175497
0.000145418
0.000136224
0.000126641
0.000113163
0.000107473
0.000101771
8.86173e-05
8.35716e-05
8.46945e-05
8.79759e-05
9.07179e-05
9.16577e-05
9.10057e-05
9.10179e-05
9.62698e-05
0.000123541
0.000192455
0.000248826
0.000253654
0.000240417
0.000197271
0.000167848
0.000171093
0.000239971
0.000238255
0.000180324
0.000143841
0.000136795
0.00010083
0.00011509
0.000119627
0.000198512
0.000142647
0.00016731
0.000198398
0.000191619
0.000173309
0.000365525
0.000355131
0.000334437
0.000325781
0.000314864
0.000305283
0.000304806
0.00030567
0.000306465
0.00030914
0.000310675
0.000309073
0.000307392
0.000308241
0.000311849
0.000323185
0.000343049
0.00035404
0.000361274
0.000361569
0.00035089
0.00031759
0.000291504
0.000283881
0.000279714
0.000273496
0.000268149
0.000265106
0.00026356
0.000257815
0.00024233
0.000229648
0.000212649
0.00020459
0.000209781
0.000229009
0.00022965
0.00021537
0.00018342
0.000158541
0.000154421
0.00015522
0.000150815
0.000143836
0.000147787
0.000190843
0.000393576
0.000505359
0.000363865
0.000201277
0.000149956
0.000142517
0.000150423
0.000162862
0.000171098
0.00017875
0.000188723
0.00018337
0.000202956
0.000208564
0.000192074
0.000185848
0.000162782
0.000142961
0.000128051
0.000117627
0.000113517
0.000111082
0.000108578
9.81243e-05
9.07037e-05
8.86826e-05
9.14735e-05
9.39981e-05
9.87083e-05
9.94173e-05
0.00010362
0.000127946
0.000200099
0.000271945
0.000281275
0.000268835
0.000227513
0.000180725
0.000155421
0.000165301
0.000225486
0.00025575
0.000225519
0.000180083
0.000149642
0.000107872
0.000114217
0.00012806
0.000204883
0.000148482
0.000149043
0.000213978
0.000207738
0.000184966
0.000489933
0.000461902
0.000430546
0.000412526
0.000395049
0.00038106
0.000376361
0.000369263
0.000360602
0.000357249
0.000351108
0.0003449
0.000344783
0.000346738
0.000352615
0.000359238
0.000362609
0.000363726
0.000360368
0.000342699
0.000296943
0.000272311
0.00027073
0.000273003
0.000272745
0.00026964
0.000267253
0.000265125
0.000263511
0.000256735
0.000247191
0.000236959
0.000230493
0.000236136
0.00024916
0.00024599
0.000218985
0.000178188
0.000151022
0.00014172
0.000143156
0.000147109
0.000144742
0.000146603
0.000166772
0.000196939
0.000345791
0.000508925
0.000481968
0.000281155
0.000178189
0.000150014
0.000146872
0.000156877
0.000168729
0.000182317
0.000194025
0.000192075
0.00019846
0.000207953
0.000183489
0.000173266
0.000144788
0.00013599
0.000123137
0.000117644
0.000119352
0.000121726
0.000121077
0.00010996
0.000100835
9.93766e-05
0.000102392
0.000109305
0.000114281
0.000119971
0.000142358
0.000211368
0.000297719
0.000302826
0.000293146
0.000249055
0.000198706
0.000163177
0.000147184
0.000159607
0.000204661
0.0002772
0.000266852
0.000207492
0.000151843
0.000119397
0.000120019
0.000150343
0.000205218
0.000147662
0.000153226
0.000270015
0.000246805
0.000210795
0.000583249
0.000534691
0.000494523
0.000465728
0.000440857
0.000423297
0.000410392
0.00039719
0.000388006
0.000383153
0.000376749
0.0003731
0.000372605
0.000372007
0.00037044
0.000368506
0.000364211
0.000351925
0.000318922
0.000268028
0.000244895
0.000245311
0.000251934
0.000258477
0.000263192
0.000265456
0.000265737
0.00026532
0.000266256
0.000263589
0.000262053
0.00025868
0.000260425
0.00025971
0.000249187
0.000211402
0.00015916
0.000132176
0.000123811
0.000124006
0.000130897
0.000146854
0.000150505
0.000172374
0.000243714
0.000239529
0.00029553
0.000484487
0.000547476
0.000414785
0.000258334
0.000179031
0.000155874
0.000151647
0.00015839
0.00017064
0.000185768
0.00018904
0.000179427
0.000190782
0.000154662
0.000149336
0.000134406
0.000129774
0.000127315
0.000128206
0.000136841
0.000139134
0.00013351
0.000117275
0.000112659
0.000113973
0.000120897
0.000128682
0.000141851
0.000172686
0.00024848
0.000329935
0.000331924
0.000311426
0.000240806
0.00019035
0.000158733
0.000144638
0.000139643
0.000147543
0.000184017
0.00027874
0.000290408
0.000218057
0.00017444
0.000144467
0.000142124
0.000181303
0.000236213
0.000148126
0.000182671
0.000309004
0.000258658
0.000233513
0.000636777
0.000564046
0.000517048
0.000481049
0.000454638
0.000436857
0.000422891
0.000412539
0.000405336
0.000398827
0.000391501
0.000386498
0.000382032
0.000376186
0.000366888
0.000351059
0.000321931
0.000277764
0.000232583
0.000207875
0.000210591
0.000226458
0.000237606
0.000242901
0.000246406
0.000252758
0.000258623
0.000262453
0.000264762
0.000264836
0.000261698
0.000257301
0.000251147
0.000229617
0.000186923
0.000144629
0.000121881
0.000116669
0.000117529
0.000123072
0.00013371
0.00015172
0.000180746
0.000276415
0.000379418
0.00033849
0.000314831
0.000403112
0.000556034
0.000553053
0.000422617
0.000282841
0.00021506
0.000179081
0.000161829
0.000160793
0.000170006
0.00017724
0.00016736
0.000165738
0.000145098
0.000145495
0.000138201
0.000138273
0.000141386
0.000150677
0.000153089
0.000158895
0.000151152
0.000148089
0.00014919
0.00016367
0.000178874
0.000205439
0.00025002
0.000339712
0.000376852
0.000368973
0.000326281
0.00025002
0.000184744
0.000154538
0.000147604
0.000142666
0.00014167
0.000146545
0.000174976
0.000266972
0.000308294
0.000284866
0.000236605
0.000175807
0.000168264
0.000208714
0.000316729
0.000169436
0.000229856
0.000276483
0.00025363
0.000247162
0.000636716
0.000554779
0.00050604
0.000474315
0.000455717
0.000442289
0.000430419
0.000419914
0.000409728
0.000399501
0.000388554
0.00037657
0.000361113
0.000339573
0.000310071
0.000271245
0.000224048
0.000180447
0.000161669
0.000170407
0.000194915
0.000222808
0.000243921
0.000252835
0.000247513
0.000234957
0.000226229
0.000225945
0.000231462
0.000234595
0.000226929
0.000211784
0.000195229
0.000183092
0.000169278
0.000164084
0.000165299
0.000167604
0.000174709
0.000195668
0.000221094
0.000266209
0.000400129
0.000533569
0.000517738
0.00045056
0.000364806
0.000361949
0.00046835
0.000583227
0.000551854
0.000510195
0.000431428
0.000367658
0.000263751
0.000203317
0.000191634
0.000180581
0.000177653
0.000180822
0.000161075
0.000168143
0.000165906
0.000178354
0.000188191
0.00021584
0.000234026
0.000273757
0.000274082
0.000292668
0.000306014
0.000349399
0.000371422
0.000425688
0.000436792
0.000439644
0.000411843
0.000323419
0.000256084
0.000205463
0.00017192
0.000172144
0.000182186
0.000182375
0.000185942
0.000194523
0.000215463
0.000260166
0.000306238
0.000334393
0.000345422
0.000279094
0.000258109
0.000270711
0.000468949
0.000310604
0.000319896
0.000272849
0.000285534
0.000312353
0.000512633
0.000459967
0.000435011
0.000420571
0.000408946
0.000395403
0.000378781
0.000359581
0.000339688
0.000319259
0.000297203
0.000273064
0.000244987
0.000211567
0.000174953
0.000141513
0.000119346
0.00011465
0.000125175
0.000151335
0.000192064
0.000248701
0.000314814
0.000375559
0.000408004
0.00041724
0.00038971
0.000335663
0.000279587
0.000225259
0.000187772
0.000169917
0.000177328
0.000208883
0.000244806
0.000279385
0.000307535
0.00033171
0.000378358
0.000445176
0.000530612
0.000639666
0.000695809
0.000642779
0.000464097
0.000436296
0.000476983
0.000534188
0.000519734
0.000413557
0.000493783
0.000638776
0.000713101
0.000742756
0.00070728
0.000589775
0.000499534
0.000350317
0.000313667
0.000181828
0.000166323
0.000204355
0.000243365
0.000331435
0.000378568
0.00045284
0.000463968
0.00048097
0.000473325
0.000502627
0.000504779
0.000529928
0.000516768
0.000520587
0.000461542
0.000408926
0.000309787
0.000262595
0.000208299
0.000201449
0.00019555
0.000218121
0.000250103
0.000280592
0.000315494
0.000396211
0.000413277
0.000383492
0.000315035
0.000318102
0.000406668
0.000465193
0.000539207
0.000394447
0.000701535
0.000516385
0.000465083
0.00038609
0.000520375
0.000742131
6.19254e-05
6.44347e-05
9.38862e-05
0.000179869
0.000157523
0.000105141
0.000107091
0.000113961
0.000128411
0.000162404
0.000164201
0.000185566
0.000155654
0.000218829
0.00041756
0.000484221
0.000475554
0.000400222
0.000389322
0.000296595
0.000241646
0.000225348
0.000224824
0.000276468
0.000366424
0.000338085
0.00026755
0.000286726
0.000340358
0.00038189
0.000357871
0.000362068
0.000622343
0.000794057
0.000853324
0.00083307
0.000670238
0.000504996
0.00039819
0.000323629
0.000290216
0.000336807
0.00044268
0.000604367
0.000759582
0.000890511
0.00097309
0.000985664
0.000952075
0.000830998
0.000655526
0.000477233
0.000317097
0.00019326
0.000131131
0.000115728
0.000116315
0.000117723
0.000126246
0.000137597
0.000138206
0.000129255
0.000127714
0.000150899
0.0001998
0.000258077
0.000290342
0.000274573
0.000198368
0.00017047
0.000196705
0.00028113
0.000392543
0.000459659
0.000471131
0.000491136
0.000453787
0.000424878
0.000394174
0.000294424
0.000255135
0.00021406
0.000194077
0.000185922
0.000196902
0.00022451
0.000265901
0.00031437
0.000351252
0.0003543
0.000318978
0.000265123
0.000226517
0.000210077
0.000208751
0.000214974
0.000211082
0.000170721
0.000118559
6.19544e-05
7.6862e-05
7.82466e-05
0.000110373
0.000114382
0.000140204
0.000130854
0.000113889
0.000102516
0.000105185
0.000109728
0.000116817
0.000130265
0.000145009
0.0002231
0.000312722
0.000281898
0.000252605
0.000244683
0.000256695
0.000258732
0.000238867
0.000242243
0.000257882
0.000254575
0.000241106
0.000265975
0.000266615
0.000252932
0.000237162
0.000264285
0.000430096
0.000578434
0.000610874
0.00055407
0.000463836
0.000341028
0.000267704
0.000255429
0.000264413
0.000273575
0.000273716
0.000268186
0.000272633
0.000290101
0.000327214
0.000379081
0.00045947
0.000568442
0.00069877
0.000733792
0.000714953
0.000646264
0.000496909
0.000327709
0.000196958
0.000140183
0.000122996
0.000107806
9.8557e-05
9.59169e-05
9.26258e-05
9.60085e-05
0.000105758
0.00011554
0.000128836
0.000137654
0.000159912
0.000188048
0.000181404
0.000198078
0.00025221
0.000305395
0.000329274
0.000293202
0.000240021
0.000252573
0.000177695
0.000189955
0.00015707
0.000153203
0.000154921
0.000152422
0.000158908
0.000164426
0.000171597
0.000179202
0.000191813
0.000210911
0.000250214
0.000321396
0.000346874
0.00033893
0.000293913
0.000246404
0.000208222
0.000185461
0.000180372
0.000162432
0.000114356
6.97286e-05
8.19741e-05
8.79808e-05
0.000106173
0.000100197
0.000120243
0.000133862
0.000104309
9.4477e-05
0.000105379
0.000121268
0.00013393
0.00015471
0.000155668
0.000209173
0.000259695
0.000234848
0.000234438
0.000255929
0.000262268
0.000277651
0.000263249
0.000260209
0.000262473
0.000272138
0.000229313
0.000199312
0.000199227
0.000181616
0.000198772
0.000325079
0.000493837
0.000541374
0.000435374
0.000311372
0.000247992
0.000212155
0.000198781
0.000194784
0.000207252
0.000202001
0.00020162
0.000202837
0.000204088
0.000203936
0.00020437
0.000206799
0.000214939
0.000241202
0.000305807
0.000408625
0.000558226
0.00058105
0.000551054
0.000454251
0.000312132
0.000201412
0.000147822
0.000120601
9.99158e-05
8.94886e-05
8.58224e-05
9.05096e-05
9.96648e-05
0.000109201
0.0001191
0.000128598
0.000128271
0.000139718
0.000169939
0.000203411
0.000237207
0.000251984
0.000205736
0.000172561
0.000145517
0.000154423
0.000134783
0.000140625
0.000144797
0.000140899
0.000149442
0.000142646
0.000146393
0.000145776
0.000146428
0.000147069
0.000148305
0.000151704
0.000159896
0.000179439
0.000240762
0.000295989
0.000290963
0.000251092
0.00018023
0.000133449
0.000126133
0.000127997
0.000108224
7.11072e-05
8.51373e-05
0.000101868
0.000102228
9.53497e-05
0.000108205
0.000134081
0.000102365
0.000100257
0.000122702
0.000142077
0.000174707
0.000193299
0.000182846
0.00020166
0.000243602
0.000240625
0.000231158
0.000227513
0.00022564
0.000246822
0.000253164
0.0002491
0.000248961
0.000257947
0.000266008
0.000208318
0.000165308
0.000158054
0.000216768
0.000383746
0.000481838
0.000423297
0.000287212
0.000223074
0.000200652
0.000190435
0.000174072
0.000164117
0.000177043
0.000166386
0.000165611
0.000168022
0.000172794
0.000173034
0.000172064
0.000170649
0.000170906
0.00017242
0.000182668
0.000216968
0.000292228
0.000421934
0.000491079
0.000472576
0.000400729
0.000287048
0.000200637
0.00015277
0.00011759
9.81569e-05
9.0762e-05
9.74325e-05
0.000104668
0.000111229
0.000114319
0.000124564
0.000128756
0.000133332
0.000161166
0.000195757
0.000200119
0.000190894
0.000150921
0.000133406
0.000126254
0.000132049
0.000131627
0.000136883
0.000144711
0.000138643
0.00014703
0.000141466
0.000143933
0.00014267
0.000137895
0.000136516
0.000134804
0.000134522
0.000136504
0.000141773
0.000156786
0.000203537
0.000253218
0.000245291
0.000197337
0.000139411
0.000117695
0.0001151
9.56614e-05
6.94802e-05
8.83703e-05
0.000108237
0.000102401
9.3342e-05
0.000102662
0.000133019
0.000103562
0.000113333
0.000141709
0.000168167
0.000196628
0.000204609
0.000190771
0.000197545
0.000234444
0.000235672
0.000197915
0.000187147
0.000191941
0.000207448
0.000215215
0.00022528
0.000237354
0.000250693
0.00027874
0.000240956
0.000174675
0.000168885
0.000255318
0.000399454
0.000441565
0.000312789
0.000222247
0.000195648
0.000189317
0.00017511
0.000162494
0.000145607
0.000152969
0.000146433
0.000145416
0.000149875
0.000157055
0.000158323
0.000158435
0.00015888
0.00015911
0.000159
0.000159246
0.000164101
0.000186428
0.00024826
0.000371991
0.000434619
0.000418069
0.000350518
0.000262304
0.00020207
0.0001574
0.000126075
0.000109601
0.00011148
0.000113384
0.000113258
0.000112749
0.000116165
0.000125393
0.000129422
0.000155358
0.000183887
0.000172447
0.000156196
0.000130763
0.000120595
0.000119403
0.000121745
0.000133216
0.000137174
0.000151739
0.000138655
0.000143095
0.000141423
0.000143207
0.000142102
0.00013316
0.000123144
0.000120142
0.000121838
0.000128163
0.000130055
0.000134969
0.000149845
0.000197277
0.000224557
0.000213863
0.000163372
0.000127542
0.000110902
8.25512e-05
6.73065e-05
9.2869e-05
0.000111617
0.000102954
9.21926e-05
9.88622e-05
0.000132878
0.00010699
0.000128761
0.000161868
0.000191113
0.00021456
0.000216605
0.000200942
0.000200004
0.000224379
0.000219566
0.000179671
0.000178506
0.000188411
0.000199606
0.000198558
0.000210774
0.000229423
0.000247627
0.00027146
0.000258497
0.000186035
0.000181979
0.000284639
0.000397327
0.000372104
0.000248992
0.000194683
0.000184103
0.000182481
0.000158768
0.00014566
0.000135107
0.000136119
0.00013371
0.00013588
0.000142245
0.000149524
0.000152553
0.00015351
0.000156505
0.000156941
0.000156597
0.000154034
0.000152866
0.000156309
0.000176729
0.000239986
0.000362682
0.000396539
0.000376001
0.000306919
0.00024331
0.00019887
0.000162396
0.000135329
0.000126046
0.000123514
0.000118998
0.00011498
0.000116644
0.000120727
0.000126068
0.00014856
0.000177097
0.000159529
0.000136145
0.000119561
0.000115331
0.000121864
0.000122645
0.000139408
0.000141116
0.00016004
0.000145537
0.000144285
0.000142017
0.000143253
0.000141449
0.000132957
0.000115004
0.000106691
0.000106529
0.00011486
0.000125529
0.000127857
0.000133822
0.000152318
0.000199353
0.000206322
0.00019373
0.000147533
0.000115269
8.01134e-05
6.60344e-05
9.68566e-05
0.000114677
0.000104807
9.17242e-05
9.69852e-05
0.000134777
0.000112616
0.000146383
0.000179563
0.00020836
0.000221661
0.000221883
0.000208284
0.000204479
0.000214229
0.000203045
0.000173679
0.000176111
0.000180978
0.00019759
0.000195996
0.00020439
0.000228098
0.000240691
0.000264529
0.000273
0.000200875
0.000195474
0.000299425
0.000386613
0.000308492
0.000212413
0.00018138
0.000177811
0.000179875
0.000152277
0.000133544
0.000129196
0.000129071
0.000128495
0.000131871
0.000139657
0.000145496
0.000151225
0.000152893
0.000157173
0.000158028
0.000157112
0.000154871
0.000149001
0.000148089
0.000152402
0.000178233
0.000265916
0.000355991
0.000363712
0.000334597
0.000270503
0.000225171
0.000190447
0.000159364
0.00014306
0.000136857
0.000128188
0.000118657
0.000118846
0.00012348
0.000124356
0.000141246
0.00016316
0.000143621
0.000123604
0.000113916
0.000114172
0.000122834
0.000121865
0.000144332
0.000151518
0.000152585
0.000152599
0.000147418
0.000141965
0.000139017
0.000137285
0.000129497
0.000111905
0.0001016
0.000100435
0.000107087
0.000121909
0.000126551
0.000128551
0.000135667
0.000167887
0.000197147
0.000194134
0.000166593
0.000125239
8.42865e-05
7.25178e-05
0.000101207
0.000117034
0.000106777
9.2267e-05
9.71135e-05
0.000135092
0.000122789
0.000157962
0.000185423
0.000209542
0.000219949
0.000220354
0.000208574
0.000202719
0.000198664
0.000182847
0.000164647
0.000167445
0.000177327
0.00018857
0.000186854
0.000194664
0.000224318
0.000233281
0.000265003
0.00028926
0.00022688
0.000215198
0.000307774
0.000358171
0.000261787
0.000191331
0.000173559
0.000168935
0.0001611
0.000146906
0.000128036
0.000127672
0.000126893
0.000127023
0.00013054
0.000139104
0.000143595
0.000153181
0.000158178
0.000162962
0.000163422
0.000161501
0.000155651
0.000148907
0.000144611
0.000144958
0.00015279
0.000193098
0.000296376
0.000342369
0.000334208
0.000291543
0.000240611
0.000204561
0.000174339
0.000153595
0.000145995
0.000139198
0.000126588
0.000120153
0.000125869
0.000125412
0.000134225
0.000154385
0.000129885
0.000113252
0.000111036
0.000110378
0.000117419
0.000119675
0.000145801
0.000155268
0.000139731
0.000147881
0.000144666
0.000139343
0.000126745
0.000126111
0.000122338
0.00011023
0.000100127
9.83723e-05
0.000102975
0.000119599
0.000127698
0.000128337
0.000130361
0.000143722
0.000186397
0.000193287
0.000176441
0.000131718
9.12542e-05
7.55752e-05
0.000105617
0.000118952
0.00011009
9.44429e-05
9.67139e-05
0.000134259
0.000128703
0.000164102
0.000184755
0.000201342
0.000206883
0.000206412
0.000201976
0.000200016
0.000191273
0.000172467
0.000166135
0.000175264
0.00019237
0.000186178
0.00017804
0.00017774
0.000204791
0.000223201
0.000260793
0.000290669
0.000261522
0.000237009
0.000314365
0.000322568
0.00023493
0.000183778
0.000173132
0.000166162
0.000145301
0.000137485
0.000126574
0.000127528
0.000126735
0.00012707
0.000130413
0.000139334
0.000143455
0.000161697
0.000173263
0.000177069
0.000176689
0.000172876
0.000160505
0.000148895
0.00014291
0.000142252
0.000144224
0.00016006
0.000229405
0.000312481
0.000325176
0.000306767
0.000253117
0.000212105
0.000180132
0.000157294
0.000149176
0.000144118
0.000138434
0.000125849
0.000126244
0.0001286
0.000131512
0.000148567
0.00012923
0.000109799
0.000112879
0.000109103
0.000114537
0.000122427
0.000135645
0.000150066
0.000134992
0.000128717
0.000127234
0.000124912
0.000109442
0.000107369
0.000109688
0.000106411
9.93017e-05
9.75464e-05
0.000100071
0.000118175
0.000128944
0.000131726
0.000130806
0.00013501
0.000167457
0.000193573
0.000183234
0.000145374
0.000103221
9.22414e-05
0.00010926
0.000122029
0.000115044
9.84481e-05
9.75312e-05
0.00013272
0.000129744
0.000166226
0.000181235
0.000188902
0.000191242
0.000193575
0.000199231
0.000201052
0.000193877
0.00017601
0.000175038
0.00018422
0.000200952
0.000188065
0.000174507
0.000167091
0.000195788
0.000208022
0.000244965
0.00028969
0.000295028
0.000258081
0.00031884
0.000290068
0.000222317
0.00018243
0.000173414
0.000161136
0.000138487
0.000133123
0.00012696
0.000128596
0.000129196
0.000129244
0.000132381
0.000140785
0.000147549
0.000176
0.000197199
0.000198276
0.000196715
0.000190745
0.000173711
0.000152038
0.000141931
0.000140414
0.000141375
0.000147187
0.000180152
0.000269288
0.000306599
0.000302134
0.000265869
0.000219473
0.000182613
0.000156201
0.000148193
0.00014525
0.000142998
0.000136338
0.000129552
0.000130312
0.000131824
0.000138286
0.000131129
0.000110735
0.000126516
0.000106673
0.000115019
0.000138099
0.000127311
0.000150921
0.00012457
0.000112145
0.000112772
0.000108813
9.60065e-05
9.36008e-05
9.67848e-05
9.82154e-05
9.50302e-05
9.40451e-05
9.67731e-05
0.00011569
0.000133383
0.00013774
0.000134903
0.000133822
0.000150596
0.000190607
0.00018932
0.00015454
0.000125535
0.000111226
0.000113191
0.000125711
0.000121075
0.000103239
9.95148e-05
0.000129106
0.000128141
0.000166677
0.00018194
0.00018845
0.000191628
0.000198564
0.000208597
0.000211262
0.000209049
0.000192594
0.000192371
0.000190789
0.000187159
0.000172873
0.00016158
0.000155451
0.000188492
0.000204826
0.000217703
0.000284477
0.000316112
0.000292823
0.000316797
0.000273533
0.000210211
0.000178747
0.000168342
0.000147282
0.000134139
0.000131163
0.000131139
0.000133103
0.000133263
0.000131693
0.000133905
0.000142872
0.000154203
0.000190279
0.000227149
0.00022568
0.000214946
0.000203392
0.000187613
0.000159786
0.000142461
0.000138069
0.000138818
0.000142103
0.00015707
0.000222166
0.000283238
0.000291258
0.000275945
0.000227864
0.00018668
0.000154719
0.000142896
0.000142773
0.000144054
0.000143577
0.000138347
0.000128789
0.000132622
0.000128013
0.000124809
0.000108396
0.000127885
0.000109506
0.000112753
0.000145949
0.00012456
0.000151914
0.000119071
0.000102292
0.000102469
9.93201e-05
8.96705e-05
8.88369e-05
9.19546e-05
9.08948e-05
8.8668e-05
8.92905e-05
9.48945e-05
0.000116968
0.000138723
0.000142135
0.00014154
0.000135884
0.000142617
0.000182472
0.000189709
0.000163316
0.000130671
0.000128625
0.000115314
0.000129918
0.000129521
0.000110716
0.000102121
0.000123273
0.000123615
0.000165917
0.000186205
0.000192693
0.000201014
0.000223455
0.000239146
0.000242547
0.000242401
0.000226545
0.000202484
0.000196452
0.000172709
0.000146549
0.000140053
0.000139947
0.000171707
0.000204985
0.000211242
0.000256127
0.000317752
0.000331281
0.000304231
0.000255158
0.000195538
0.000166453
0.000154683
0.000137926
0.000131739
0.000131084
0.000135891
0.000138968
0.000137299
0.000133269
0.000136161
0.000147871
0.000164298
0.000203456
0.000243318
0.000240749
0.000219652
0.000203867
0.00019301
0.000168059
0.000145144
0.000136321
0.000136649
0.000139832
0.000147459
0.000180423
0.000256101
0.000278742
0.000272946
0.000239689
0.000194049
0.000157493
0.000139571
0.000137414
0.000141658
0.000145735
0.000146371
0.000132408
0.000133048
0.000127598
0.000114993
0.000106872
0.000114982
0.000115531
0.000113475
0.000143467
0.000123551
0.000135036
0.000109768
9.88535e-05
9.9106e-05
9.49747e-05
8.6786e-05
8.75615e-05
9.18512e-05
8.91618e-05
8.78671e-05
8.90499e-05
9.48943e-05
0.000118445
0.000139375
0.000146711
0.000147051
0.000140934
0.000141819
0.000170022
0.000188824
0.000169122
0.000142158
0.000140356
0.000115346
0.000136146
0.000138539
0.00012282
0.000105794
0.000117272
0.000115931
0.000160356
0.000193655
0.000205571
0.000218749
0.000240577
0.000249736
0.000252045
0.00024995
0.000238889
0.000215441
0.000197156
0.000164006
0.000137856
0.000132177
0.000134575
0.000158263
0.000207733
0.00021088
0.000230157
0.00030049
0.000333852
0.000297889
0.00024927
0.000191444
0.000159731
0.000142834
0.000131938
0.00013027
0.000133173
0.000142968
0.000145404
0.000141701
0.000134909
0.000138856
0.000152482
0.000174707
0.000217779
0.000247838
0.000243607
0.000217405
0.000196833
0.000190126
0.000173817
0.000149151
0.000135663
0.000134327
0.000138663
0.000143638
0.000160087
0.000220986
0.000263926
0.000266707
0.000250429
0.000203799
0.000163783
0.00013961
0.000133358
0.0001356
0.000145184
0.000150539
0.000140599
0.000134264
0.000129214
0.000118119
0.000107388
0.000109705
0.00011709
0.000119373
0.000138218
0.000124575
0.000117937
0.000105962
9.90764e-05
9.79277e-05
9.43741e-05
8.64567e-05
8.77889e-05
9.52734e-05
9.18121e-05
8.933e-05
9.6317e-05
0.000101591
0.000121145
0.000140692
0.000151186
0.000151427
0.000146037
0.000142188
0.000161403
0.000186543
0.000178318
0.000146087
0.000161953
0.000113999
0.000140108
0.000149554
0.000142017
0.000118935
0.000111171
0.000107349
0.000146116
0.000193792
0.000214122
0.000227097
0.000242661
0.000249419
0.00025101
0.000244314
0.000235287
0.000216259
0.000173283
0.000136561
0.000124006
0.000125825
0.000133103
0.00015584
0.000211476
0.000214412
0.000223993
0.000277066
0.000307897
0.000296168
0.000244938
0.000186675
0.000153353
0.000134908
0.000128827
0.000129616
0.000138255
0.000150444
0.000151837
0.0001455
0.000135666
0.000140516
0.000156211
0.000189481
0.000234692
0.000251238
0.00024272
0.000207219
0.000182181
0.00017941
0.000174155
0.000153287
0.000136057
0.000132027
0.000136339
0.000141433
0.00015097
0.000187963
0.000246631
0.000258341
0.000251076
0.000220078
0.000175011
0.0001436
0.000131869
0.000131687
0.000137962
0.000153735
0.000152466
0.00014182
0.000125817
0.000126498
0.000117262
0.000114585
0.000123687
0.000120185
0.000136261
0.000121161
0.000108864
0.000104746
0.000102181
9.72735e-05
9.51315e-05
8.67238e-05
8.81335e-05
9.93108e-05
9.80425e-05
9.349e-05
0.000104935
0.000121225
0.000128118
0.000146925
0.00015412
0.000155575
0.000152442
0.000143291
0.000151929
0.000181447
0.000178679
0.000155096
0.000190566
0.000112243
0.000141453
0.000160627
0.000156171
0.000122414
0.000106204
0.000102537
0.000126509
0.000188055
0.000213947
0.000226707
0.000240285
0.000239477
0.00023932
0.000232701
0.000218651
0.000193128
0.000147645
0.000122373
0.000117265
0.000121148
0.000140173
0.000172712
0.000219473
0.000221462
0.00022135
0.000268987
0.000298928
0.000296436
0.000246304
0.000183671
0.000149101
0.000132767
0.000129296
0.000131391
0.000145037
0.000156976
0.000157659
0.000147844
0.000135974
0.00014172
0.000161711
0.000209524
0.000250858
0.000257568
0.000233556
0.000190061
0.000164552
0.000164157
0.000165628
0.000157201
0.000137367
0.000130062
0.000132737
0.000140929
0.000146115
0.000165942
0.000222329
0.000249118
0.000248286
0.000231491
0.000189536
0.000153135
0.000133524
0.000130883
0.00013232
0.000151422
0.000153001
0.000154403
0.000127848
0.000126635
0.000124921
0.000118645
0.000126649
0.000121888
0.000128645
0.000113681
0.00010636
0.00010448
0.000103557
9.68799e-05
9.50618e-05
8.76486e-05
8.77666e-05
9.86979e-05
9.86777e-05
9.50424e-05
0.0001021
0.000130729
0.000139513
0.000153731
0.000155907
0.000158513
0.000155849
0.000146068
0.000148148
0.000173443
0.000179781
0.000159
0.000213233
0.000108363
0.00013211
0.00017303
0.000179614
0.000125537
0.000107216
0.000102971
0.000114282
0.000162202
0.000206821
0.000221777
0.000232357
0.000227424
0.000220123
0.000208379
0.000195848
0.000167512
0.000132915
0.000120063
0.000119795
0.000132492
0.000176932
0.000217046
0.00023311
0.000226513
0.000214387
0.000252587
0.000309872
0.00030317
0.000250219
0.00018532
0.000149707
0.000133619
0.000131826
0.000135337
0.000151722
0.000162488
0.000162588
0.000148861
0.000135487
0.000142633
0.000168842
0.000226212
0.000270077
0.000268382
0.000217019
0.000175011
0.000155025
0.000153229
0.000156096
0.000155015
0.000140308
0.000128885
0.000129093
0.000138781
0.000144227
0.000155152
0.000197212
0.000237032
0.000242474
0.000235027
0.000207217
0.000168875
0.000139284
0.000132594
0.000131793
0.00014745
0.000151918
0.000162503
0.00013642
0.000126825
0.000125734
0.00011899
0.000123826
0.000121991
0.0001222
0.000110851
0.000107166
0.00010655
0.000106435
9.81973e-05
9.48635e-05
8.82934e-05
8.72971e-05
9.43528e-05
9.51609e-05
9.34217e-05
9.84083e-05
0.000128904
0.000147298
0.000157424
0.00015835
0.000158927
0.000157787
0.000149993
0.000148577
0.000167472
0.000180022
0.000169182
0.000239667
0.00010331
0.00010876
0.000178415
0.000218682
0.000176721
0.00012039
0.000104895
0.000110638
0.000133421
0.000178687
0.000208143
0.000215111
0.000210774
0.00020009
0.000179156
0.000159484
0.000133338
0.000120174
0.000121857
0.000134309
0.000175314
0.000232552
0.000244743
0.000239738
0.000227653
0.000195427
0.000213567
0.000309941
0.000315889
0.000264673
0.000193438
0.000153948
0.0001378
0.000137207
0.000142033
0.000159276
0.000168467
0.000167558
0.000147282
0.000133022
0.000142975
0.000176254
0.000238734
0.000290833
0.000277806
0.000210342
0.000163042
0.000149138
0.000148487
0.000151025
0.000151486
0.000143546
0.000129359
0.000127125
0.00013563
0.000142441
0.000148946
0.000173737
0.000222399
0.000234886
0.00023279
0.000216942
0.000185976
0.000151262
0.000135339
0.000131914
0.00013673
0.000152988
0.000162415
0.000156517
0.000132178
0.000127755
0.000119742
0.000122845
0.000121996
0.000119236
0.000109467
0.000110743
0.000110587
0.000108872
9.89303e-05
9.59793e-05
8.9825e-05
8.78586e-05
9.39498e-05
9.3933e-05
9.14926e-05
9.7454e-05
0.000130412
0.00015076
0.000159047
0.000161448
0.000160321
0.000158675
0.000152472
0.000149629
0.000163352
0.000180141
0.000171777
0.000256174
0.000102712
9.13987e-05
0.00014874
0.000235534
0.000273135
0.000148826
0.000116791
0.000111497
0.000120311
0.000139846
0.000176177
0.000183503
0.000179666
0.000171473
0.000149883
0.000131401
0.000118638
0.000118611
0.00012853
0.000161149
0.000230771
0.000252628
0.000251984
0.000241128
0.000215765
0.000173621
0.00017749
0.000261807
0.000308981
0.000289202
0.000213536
0.000164809
0.000146954
0.000146183
0.000152057
0.000169163
0.000176213
0.000171009
0.000142169
0.00012948
0.000143287
0.000182998
0.000248078
0.000309819
0.000285253
0.000208156
0.000157048
0.000142884
0.000144798
0.000149797
0.000149888
0.000145156
0.000130819
0.000126159
0.000130698
0.000141042
0.000145314
0.000159686
0.000202591
0.000226475
0.000227945
0.000220325
0.000199752
0.000167474
0.000140673
0.000133485
0.000132456
0.000147937
0.000154412
0.000169043
0.000149468
0.000134798
0.000129129
0.000128275
0.000126046
0.000116867
0.000111548
0.000113519
0.00011319
0.000109607
9.88359e-05
9.66563e-05
9.22164e-05
9.06948e-05
9.64721e-05
9.47031e-05
9.26625e-05
0.000103089
0.000141661
0.000154939
0.000161602
0.000166772
0.000163242
0.000160693
0.000153833
0.000150685
0.000158703
0.000179281
0.00017896
0.000286195
0.000116259
0.000108309
0.000146318
0.000225434
0.000323536
0.000174939
0.000149032
0.000125888
0.000128528
0.000132499
0.000144899
0.000148871
0.000146584
0.000140951
0.000129124
0.000124193
0.000126252
0.000140897
0.00017306
0.000228074
0.000255468
0.000257433
0.000252601
0.00022706
0.000188452
0.000154622
0.000154047
0.000187582
0.000285473
0.000287153
0.000251789
0.000187921
0.000163745
0.000162731
0.000170777
0.000183282
0.000182657
0.000170011
0.000133488
0.000124411
0.000143403
0.000189459
0.000257935
0.000322468
0.000300654
0.000210127
0.00015631
0.000138184
0.000140658
0.000150131
0.000150928
0.000146231
0.000132648
0.000126432
0.000128362
0.000140017
0.000144024
0.000151938
0.000183487
0.000214576
0.000220931
0.000217862
0.000206087
0.000182464
0.000148983
0.000137313
0.000129019
0.000142878
0.000145685
0.000167515
0.000159554
0.000144766
0.000137985
0.000136025
0.000128446
0.000117162
0.000112565
0.000114219
0.000114159
0.000108297
9.81236e-05
9.64041e-05
9.30004e-05
9.23561e-05
0.000101321
9.86259e-05
9.72879e-05
0.000116928
0.000155431
0.000162438
0.000165909
0.000169904
0.000165345
0.000161958
0.000154908
0.000152474
0.000156813
0.00017609
0.000181438
0.000303755
0.000245038
0.000238801
0.000254028
0.000293236
0.000344717
0.000313921
0.000247436
0.000204522
0.000198265
0.00017145
0.000156748
0.000154639
0.000151239
0.000141792
0.000143781
0.000152701
0.000170504
0.000210201
0.000247786
0.00026212
0.000261584
0.000256096
0.000240534
0.000197002
0.000139533
0.000114547
0.000115239
0.000135799
0.000225557
0.000274055
0.000264642
0.000228285
0.000199014
0.000194186
0.000195857
0.000194794
0.000186307
0.000158565
0.000123753
0.00011824
0.000142853
0.000194191
0.000267236
0.00033111
0.000323147
0.000218875
0.000157004
0.000136215
0.000137106
0.000149049
0.000155186
0.000150621
0.000134966
0.000127022
0.000127614
0.000138425
0.000142398
0.000147139
0.000166316
0.000202748
0.000212351
0.000211642
0.000204387
0.00019157
0.000159034
0.000141366
0.000125971
0.000136132
0.000136824
0.000160805
0.000159362
0.000150812
0.000142123
0.000138969
0.000129144
0.000119141
0.000114075
0.000114506
0.000114554
0.000107207
9.69534e-05
9.41166e-05
9.22652e-05
9.21146e-05
0.000104087
0.00010481
0.00010561
0.00013547
0.000165322
0.000170575
0.000170867
0.000170423
0.000166298
0.00016046
0.000155962
0.000153139
0.000157018
0.000171756
0.000188874
0.000340438
0.00184341
0.00132503
0.000990171
0.00076736
0.000910691
0.000975587
0.000999874
0.00103367
0.00104091
0.00104086
0.00142213
0.0011657
0.00106265
0.000976161
0.00098058
0.00104202
0.00107499
0.00112506
0.0011457
0.00115543
0.0010523
0.00134635
0.00105942
0.000980472
0.000897873
0.000919195
0.00094367
0.000998633
0.00103327
0.00106532
0.000712916
0.00134017
0.00104528
0.000947454
0.000796118
0.000771193
0.00077415
0.000816814
0.000863294
0.000926507
0.000504408
0.0011596
0.000902209
0.000845708
0.000694963
0.000635152
0.000615906
0.000636091
0.000672315
0.000757957
0.000404135
0.000868485
0.000681613
0.000667079
0.000590608
0.00055571
0.00053327
0.000538887
0.000551417
0.000599842
0.000376965
0.000630541
0.000509997
0.000502069
0.000477151
0.000487205
0.00050296
0.000512559
0.000516376
0.000524149
0.000383673
0.000478515
0.000404955
0.000388698
0.000388845
0.000404977
0.000467607
0.000482738
0.000497276
0.000503034
0.000419643
0.000415728
0.000353367
0.000325253
0.000331864
0.000345928
0.000406488
0.000434588
0.000445392
0.000471201
0.00043065
0.00040549
0.000328457
0.000290632
0.000302929
0.000307327
0.000333851
0.000362884
0.000374877
0.000409815
0.00042115
0.00038706
0.000310246
0.000266811
0.000270628
0.00026731
0.000274342
0.000297439
0.00031189
0.000345503
0.000383989
0.000349226
0.000290062
0.000251558
0.000246628
0.000246286
0.000252804
0.000277351
0.000296099
0.000332569
0.000344692
0.000321589
0.00028006
0.000247607
0.000243315
0.00025422
0.000288357
0.000361324
0.000409639
0.000474883
0.000335243
0.000318292
0.000279898
0.000266383
0.000278157
0.000346514
0.000478904
0.000597797
0.000671308
0.000726033
0.000348775
0.000327938
0.000333742
0.000356676
0.000440285
0.000636062
0.000817283
0.000904845
0.000952343
0.000960303
0.000391442
0.000405143
0.000518879
0.000652374
0.000869892
0.00107065
0.00116372
0.00117401
0.00116855
0.00113952
0.000451725
0.00067213
0.00104239
0.0012302
0.00139403
0.00143225
0.00141774
0.00136457
0.00131679
0.0012597
0.000760674
0.00142413
0.00171788
0.00176372
0.00174985
0.00165751
0.00156022
0.00146023
0.0013987
0.00134261
0.00172041
0.00218858
0.00216089
0.00204901
0.00192037
0.00171898
0.00159823
0.00148754
0.00142796
0.00138197
0.00245818
0.00242347
0.00209931
0.00184124
0.00166923
0.00146525
0.00135773
0.001268
0.00122737
0.00119361
)
;

boundaryField
{
    inlet
    {
        type            zeroGradient;
    }
    outlet
    {
        type            zeroGradient;
    }
    walls
    {
        type            zeroGradient;
    }
    frontAndBack
    {
        type            empty;
    }
}


// ************************************************************************* //
