/*--------------------------------*- C++ -*----------------------------------*\
| =========                 |                                                 |
| \\      /  F ield         | OpenFOAM: The Open Source CFD Toolbox           |
|  \\    /   O peration     | Version:  2.4.0                                 |
|   \\  /    A nd           | Web:      www.OpenFOAM.org                      |
|    \\/     M anipulation  |                                                 |
\*---------------------------------------------------------------------------*/
FoamFile
{
    version     2.0;
    format      ascii;
    class       volScalarField;
    location    "0.148";
    object      pPrime2Mean;
}
// * * * * * * * * * * * * * * * * * * * * * * * * * * * * * * * * * * * * * //

dimensions      [0 4 -4 0 0 0 0];

internalField   nonuniform List<scalar> 
4400
(
4.30439e+06
4.08296e+06
3.85228e+06
3.62763e+06
3.40968e+06
3.19841e+06
2.99367e+06
2.79498e+06
2.60073e+06
2.40337e+06
4.30448e+06
4.08296e+06
3.85228e+06
3.62763e+06
3.40968e+06
3.19841e+06
2.99368e+06
2.79503e+06
2.60087e+06
2.40411e+06
4.30454e+06
4.08294e+06
3.85227e+06
3.62763e+06
3.40968e+06
3.19842e+06
2.99371e+06
2.79511e+06
2.60115e+06
2.40575e+06
4.30457e+06
4.08292e+06
3.85226e+06
3.62762e+06
3.40968e+06
3.19843e+06
2.99374e+06
2.79522e+06
2.60156e+06
2.4079e+06
4.3046e+06
4.08291e+06
3.85225e+06
3.62762e+06
3.40968e+06
3.19844e+06
2.99378e+06
2.79537e+06
2.60207e+06
2.41031e+06
4.30463e+06
4.08289e+06
3.85225e+06
3.62762e+06
3.40969e+06
3.19845e+06
2.99384e+06
2.79555e+06
2.60268e+06
2.41284e+06
4.30465e+06
4.08288e+06
3.85224e+06
3.62762e+06
3.40969e+06
3.19847e+06
2.9939e+06
2.79574e+06
2.60334e+06
2.41538e+06
4.30466e+06
4.08287e+06
3.85224e+06
3.62762e+06
3.4097e+06
3.19849e+06
2.99396e+06
2.79595e+06
2.60405e+06
2.41785e+06
4.30467e+06
4.08287e+06
3.85223e+06
3.62763e+06
3.4097e+06
3.19851e+06
2.99403e+06
2.79618e+06
2.60477e+06
2.42022e+06
4.30468e+06
4.08286e+06
3.85223e+06
3.62763e+06
3.40971e+06
3.19854e+06
2.99411e+06
2.79641e+06
2.60549e+06
2.42245e+06
4.30468e+06
4.08286e+06
3.85223e+06
3.62763e+06
3.40972e+06
3.19856e+06
2.99418e+06
2.79663e+06
2.6062e+06
2.42451e+06
4.30468e+06
4.08287e+06
3.85224e+06
3.62763e+06
3.40972e+06
3.19858e+06
2.99425e+06
2.79686e+06
2.60687e+06
2.4264e+06
4.30466e+06
4.08287e+06
3.85224e+06
3.62764e+06
3.40973e+06
3.19861e+06
2.99432e+06
2.79706e+06
2.60749e+06
2.42809e+06
4.30465e+06
4.08288e+06
3.85225e+06
3.62764e+06
3.40974e+06
3.19863e+06
2.99438e+06
2.79726e+06
2.60806e+06
2.42958e+06
4.30463e+06
4.08289e+06
3.85225e+06
3.62764e+06
3.40975e+06
3.19865e+06
2.99444e+06
2.79743e+06
2.60857e+06
2.43086e+06
4.3046e+06
4.08291e+06
3.85226e+06
3.62765e+06
3.40976e+06
3.19867e+06
2.99449e+06
2.79758e+06
2.609e+06
2.43193e+06
4.30458e+06
4.08293e+06
3.85227e+06
3.62765e+06
3.40976e+06
3.19868e+06
2.99454e+06
2.79771e+06
2.60935e+06
2.43279e+06
4.30454e+06
4.08295e+06
3.85228e+06
3.62765e+06
3.40977e+06
3.19869e+06
2.99457e+06
2.7978e+06
2.60962e+06
2.43344e+06
4.30448e+06
4.08296e+06
3.85229e+06
3.62766e+06
3.40977e+06
3.1987e+06
2.99459e+06
2.79787e+06
2.6098e+06
2.43386e+06
4.30439e+06
4.08297e+06
3.85229e+06
3.62766e+06
3.40977e+06
3.19871e+06
2.9946e+06
2.7979e+06
2.60989e+06
2.43408e+06
2.2344e+06
2.19527e+06
2.16397e+06
2.13527e+06
2.10786e+06
2.0813e+06
2.05531e+06
2.02976e+06
2.00455e+06
1.97962e+06
1.95492e+06
1.93043e+06
1.90615e+06
1.88204e+06
1.85809e+06
1.83432e+06
1.81071e+06
1.78726e+06
1.76395e+06
1.7408e+06
1.7178e+06
1.69494e+06
1.67224e+06
1.64969e+06
1.6273e+06
1.60507e+06
1.58301e+06
1.56111e+06
1.53938e+06
1.5178e+06
1.49639e+06
1.47513e+06
1.45403e+06
1.43307e+06
1.41228e+06
1.39164e+06
1.37115e+06
1.35083e+06
1.33067e+06
1.31067e+06
1.29081e+06
1.2711e+06
1.25152e+06
1.23209e+06
1.21279e+06
1.19364e+06
1.17464e+06
1.15579e+06
1.1371e+06
1.11857e+06
1.10019e+06
1.08196e+06
1.06389e+06
1.04596e+06
1.02818e+06
1.01054e+06
993058
975723
958537
941504
924618
907884
891300
874873
858608
842512
826574
810805
795182
779720
764397
749228
734197
719323
704588
690011
675571
661290
647149
633172
619337
605667
592138
578771
565537
552466
539517
526727
514050
501525
489103
476815
464605
452493
440397
428317
416097
403654
390510
375625
2.25249e+06
2.20834e+06
2.17347e+06
2.14253e+06
2.11358e+06
2.08586e+06
2.05899e+06
2.03274e+06
2.00697e+06
1.98158e+06
1.95651e+06
1.93172e+06
1.90719e+06
1.88287e+06
1.85876e+06
1.83485e+06
1.81113e+06
1.78758e+06
1.76421e+06
1.74099e+06
1.71795e+06
1.69506e+06
1.67233e+06
1.64976e+06
1.62736e+06
1.60513e+06
1.58306e+06
1.56116e+06
1.53942e+06
1.51785e+06
1.49643e+06
1.47517e+06
1.45407e+06
1.43312e+06
1.41232e+06
1.39168e+06
1.3712e+06
1.35087e+06
1.33071e+06
1.31072e+06
1.29086e+06
1.27115e+06
1.25157e+06
1.23213e+06
1.21283e+06
1.19367e+06
1.17466e+06
1.15581e+06
1.13711e+06
1.11858e+06
1.10019e+06
1.08197e+06
1.06389e+06
1.04596e+06
1.02817e+06
1.01054e+06
993048
975715
958526
941495
924606
907874
891286
874858
858589
842490
826549
810778
795154
779689
764362
749191
734157
719280
704539
689954
675502
661210
647049
633052
619188
605486
591914
578501
565207
552070
539038
526153
513360
500701
488113
475631
463180
450780
438319
425785
412958
399682
385267
368047
2.26626e+06
2.21984e+06
2.18239e+06
2.14951e+06
2.11913e+06
2.09033e+06
2.0626e+06
2.03567e+06
2.00935e+06
1.98351e+06
1.95808e+06
1.93299e+06
1.90821e+06
1.8837e+06
1.85942e+06
1.83537e+06
1.81154e+06
1.7879e+06
1.76445e+06
1.74119e+06
1.71809e+06
1.69517e+06
1.67242e+06
1.64984e+06
1.62743e+06
1.60519e+06
1.58312e+06
1.56122e+06
1.53948e+06
1.5179e+06
1.49649e+06
1.47523e+06
1.45412e+06
1.43317e+06
1.41237e+06
1.39172e+06
1.37123e+06
1.35091e+06
1.33075e+06
1.31076e+06
1.29091e+06
1.2712e+06
1.25162e+06
1.23217e+06
1.21285e+06
1.19368e+06
1.17466e+06
1.15581e+06
1.13711e+06
1.11857e+06
1.10019e+06
1.08196e+06
1.06388e+06
1.04595e+06
1.02816e+06
1.01052e+06
993028
975696
958506
941479
924589
907857
891268
874838
858568
842466
826525
810751
795124
779658
764327
749154
734116
719236
704487
689898
675431
661130
646947
632934
619039
605306
591692
578232
564880
551677
538564
525585
512679
499887
487139
474466
461783
449106
436301
423342
409967
395975
380612
362335
2.27719e+06
2.22987e+06
2.19061e+06
2.15612e+06
2.12446e+06
2.09464e+06
2.06611e+06
2.03852e+06
2.01167e+06
1.9854e+06
1.95961e+06
1.93423e+06
1.90921e+06
1.8845e+06
1.86006e+06
1.83588e+06
1.81194e+06
1.78822e+06
1.7647e+06
1.74137e+06
1.71824e+06
1.69528e+06
1.67251e+06
1.64992e+06
1.6275e+06
1.60526e+06
1.58318e+06
1.56128e+06
1.53954e+06
1.51797e+06
1.49655e+06
1.47529e+06
1.45417e+06
1.43321e+06
1.41241e+06
1.39175e+06
1.37126e+06
1.35093e+06
1.33078e+06
1.3108e+06
1.29095e+06
1.27124e+06
1.25165e+06
1.23219e+06
1.21286e+06
1.19368e+06
1.17465e+06
1.1558e+06
1.13709e+06
1.11855e+06
1.10017e+06
1.08194e+06
1.06386e+06
1.04593e+06
1.02813e+06
1.01049e+06
992999
975669
958478
941455
924565
907836
891245
874815
858544
842441
826498
810722
795093
779625
764292
749117
734074
719192
704434
689841
675359
661050
646844
632817
618888
605129
591472
577966
564557
551289
538098
525028
512011
499091
486186
473331
460423
447483
434357
421008
407157
392573
376561
357914
2.28612e+06
2.23857e+06
2.19809e+06
2.1623e+06
2.12952e+06
2.09878e+06
2.06948e+06
2.04128e+06
2.01391e+06
1.98722e+06
1.96109e+06
1.93543e+06
1.91018e+06
1.88528e+06
1.86068e+06
1.83637e+06
1.81233e+06
1.78852e+06
1.76494e+06
1.74156e+06
1.71838e+06
1.6954e+06
1.67261e+06
1.65e+06
1.62758e+06
1.60533e+06
1.58326e+06
1.56135e+06
1.53961e+06
1.51804e+06
1.49661e+06
1.47534e+06
1.45423e+06
1.43326e+06
1.41244e+06
1.39178e+06
1.37128e+06
1.35095e+06
1.33081e+06
1.31083e+06
1.29098e+06
1.27127e+06
1.25167e+06
1.2322e+06
1.21286e+06
1.19367e+06
1.17463e+06
1.15577e+06
1.13706e+06
1.11852e+06
1.10013e+06
1.08191e+06
1.06382e+06
1.04589e+06
1.0281e+06
1.01046e+06
992963
975635
958444
941426
924534
907810
891218
874790
858517
842414
826469
810693
795062
779593
764255
749080
734030
719148
704379
689784
675284
660971
646739
632702
618736
604956
591253
577705
564241
550910
537643
524485
511361
498319
485262
472235
459112
445926
432500
418799
404540
389482
373064
354372
2.29356e+06
2.24614e+06
2.20485e+06
2.16802e+06
2.13428e+06
2.10271e+06
2.07271e+06
2.04392e+06
2.01607e+06
1.98899e+06
1.96253e+06
1.93659e+06
1.91112e+06
1.88603e+06
1.86129e+06
1.83686e+06
1.81271e+06
1.78882e+06
1.76517e+06
1.74175e+06
1.71853e+06
1.69552e+06
1.67271e+06
1.65009e+06
1.62766e+06
1.60541e+06
1.58334e+06
1.56143e+06
1.53969e+06
1.5181e+06
1.49668e+06
1.4754e+06
1.45427e+06
1.43329e+06
1.41247e+06
1.3918e+06
1.37129e+06
1.35096e+06
1.33083e+06
1.31085e+06
1.291e+06
1.27129e+06
1.25168e+06
1.2322e+06
1.21284e+06
1.19364e+06
1.1746e+06
1.15574e+06
1.13702e+06
1.11848e+06
1.10009e+06
1.08186e+06
1.06377e+06
1.04585e+06
1.02805e+06
1.01042e+06
992919
975595
958402
941393
924499
907781
891186
874763
858487
842386
826439
810665
795031
779562
764219
749045
733986
719105
704323
689726
675209
660891
646633
632589
618585
604789
591036
577453
563931
550542
537201
523957
510733
497572
484372
471181
457858
444447
430746
416735
402129
386702
370029
351443
2.29986e+06
2.25272e+06
2.21091e+06
2.17328e+06
2.13873e+06
2.10641e+06
2.07577e+06
2.04644e+06
2.01814e+06
1.99068e+06
1.96391e+06
1.93772e+06
1.91202e+06
1.88676e+06
1.86188e+06
1.83733e+06
1.81308e+06
1.78912e+06
1.76541e+06
1.74194e+06
1.71869e+06
1.69565e+06
1.67282e+06
1.65019e+06
1.62775e+06
1.6055e+06
1.58342e+06
1.5615e+06
1.53976e+06
1.51817e+06
1.49673e+06
1.47545e+06
1.45431e+06
1.43332e+06
1.41249e+06
1.3918e+06
1.3713e+06
1.35096e+06
1.33083e+06
1.31085e+06
1.29101e+06
1.2713e+06
1.25168e+06
1.2322e+06
1.21281e+06
1.1936e+06
1.17456e+06
1.15569e+06
1.13697e+06
1.11843e+06
1.10003e+06
1.08181e+06
1.06372e+06
1.0458e+06
1.028e+06
1.01036e+06
992869
975550
958357
941357
924459
907750
891149
874734
858454
842357
826407
810637
794998
779533
764183
749011
733942
719063
704268
689669
675134
660811
646528
632475
618436
604626
590824
577211
563631
550189
536774
523449
510129
496854
483521
470173
456668
443046
429104
414822
399929
384224
367386
348976
2.30525e+06
2.25845e+06
2.21633e+06
2.17809e+06
2.14284e+06
2.10987e+06
2.07866e+06
2.04883e+06
2.02011e+06
1.99229e+06
1.96523e+06
1.93879e+06
1.9129e+06
1.88747e+06
1.86244e+06
1.83778e+06
1.81345e+06
1.78941e+06
1.76564e+06
1.74213e+06
1.71884e+06
1.69579e+06
1.67294e+06
1.65029e+06
1.62785e+06
1.60558e+06
1.58349e+06
1.56157e+06
1.53982e+06
1.51822e+06
1.49678e+06
1.47549e+06
1.45434e+06
1.43334e+06
1.41249e+06
1.3918e+06
1.37129e+06
1.35096e+06
1.33083e+06
1.31085e+06
1.29101e+06
1.27129e+06
1.25166e+06
1.23217e+06
1.21278e+06
1.19355e+06
1.17451e+06
1.15564e+06
1.13691e+06
1.11836e+06
1.09996e+06
1.08174e+06
1.06365e+06
1.04573e+06
1.02794e+06
1.01031e+06
992815
975500
958307
941318
924415
907719
891109
874704
858418
842328
826374
810608
794965
779502
764146
748976
733899
719019
704214
689611
675062
660731
646427
632360
618293
604463
590620
576977
563345
549853
536368
522968
509555
496172
482715
469218
455547
441728
427577
413049
397926
382011
365082
346874
2.30992e+06
2.26346e+06
2.22115e+06
2.18243e+06
2.14661e+06
2.11307e+06
2.08135e+06
2.05107e+06
2.02196e+06
1.99382e+06
1.96648e+06
1.93981e+06
1.91373e+06
1.88814e+06
1.86299e+06
1.83823e+06
1.8138e+06
1.7897e+06
1.76587e+06
1.74232e+06
1.719e+06
1.69592e+06
1.67305e+06
1.65039e+06
1.62794e+06
1.60566e+06
1.58356e+06
1.56163e+06
1.53987e+06
1.51827e+06
1.49682e+06
1.47552e+06
1.45436e+06
1.43334e+06
1.41249e+06
1.39179e+06
1.37128e+06
1.35095e+06
1.33082e+06
1.31083e+06
1.291e+06
1.27127e+06
1.25164e+06
1.23214e+06
1.21273e+06
1.1935e+06
1.17445e+06
1.15558e+06
1.13684e+06
1.11829e+06
1.09989e+06
1.08167e+06
1.06358e+06
1.04567e+06
1.02787e+06
1.01025e+06
992757
975446
958254
941276
924368
907686
891066
874674
858380
842297
826338
810577
794930
779470
764108
748940
733856
718975
704160
689551
674991
660650
646330
632246
618157
604300
590427
576750
563074
549534
535983
522512
509014
495530
481959
468321
454503
440501
426167
411418
396107
380033
363072
345059
2.31397e+06
2.26784e+06
2.22542e+06
2.18633e+06
2.15004e+06
2.11602e+06
2.08383e+06
2.05315e+06
2.02369e+06
1.99524e+06
1.96765e+06
1.94078e+06
1.91452e+06
1.88878e+06
1.86351e+06
1.83865e+06
1.81415e+06
1.78997e+06
1.7661e+06
1.7425e+06
1.71916e+06
1.69605e+06
1.67316e+06
1.65049e+06
1.62802e+06
1.60573e+06
1.58362e+06
1.56168e+06
1.53991e+06
1.5183e+06
1.49684e+06
1.47553e+06
1.45436e+06
1.43334e+06
1.41247e+06
1.39178e+06
1.37126e+06
1.35093e+06
1.3308e+06
1.31081e+06
1.29097e+06
1.27123e+06
1.2516e+06
1.23209e+06
1.21268e+06
1.19345e+06
1.17439e+06
1.15551e+06
1.13677e+06
1.11821e+06
1.09981e+06
1.08159e+06
1.0635e+06
1.04559e+06
1.0278e+06
1.01018e+06
992696
975388
958199
941229
924320
907651
891023
874643
858340
842266
826303
810545
794894
779436
764070
748900
733812
718926
704106
689489
674922
660567
646237
632132
618027
604139
590246
576530
562823
549234
535623
522082
508508
494929
481255
467486
453537
439371
424868
409932
394465
378273
361318
343476
2.3175e+06
2.27165e+06
2.22918e+06
2.18981e+06
2.15313e+06
2.11869e+06
2.08611e+06
2.05506e+06
2.02528e+06
1.99657e+06
1.96874e+06
1.94167e+06
1.91525e+06
1.88938e+06
1.864e+06
1.83904e+06
1.81447e+06
1.79024e+06
1.76632e+06
1.74268e+06
1.71931e+06
1.69617e+06
1.67326e+06
1.65058e+06
1.62809e+06
1.60579e+06
1.58367e+06
1.56171e+06
1.53993e+06
1.51831e+06
1.49684e+06
1.47552e+06
1.45435e+06
1.43332e+06
1.41245e+06
1.39175e+06
1.37123e+06
1.3509e+06
1.33076e+06
1.31077e+06
1.29093e+06
1.27118e+06
1.25155e+06
1.23203e+06
1.21262e+06
1.19339e+06
1.17433e+06
1.15544e+06
1.13669e+06
1.11814e+06
1.09973e+06
1.08151e+06
1.06343e+06
1.04552e+06
1.02773e+06
1.01012e+06
992632
975327
958142
941175
924270
907609
890978
874610
858300
842233
826266
810511
794858
779399
764031
748857
733768
718872
704052
689421
674854
660480
646146
632015
617903
603981
590074
576320
562590
548953
535286
521680
508038
494370
480604
466714
452648
438335
423682
408588
392997
376722
359787
342094
2.32055e+06
2.27496e+06
2.23246e+06
2.19288e+06
2.15588e+06
2.12109e+06
2.08816e+06
2.05679e+06
2.02673e+06
1.99777e+06
1.96974e+06
1.94249e+06
1.91592e+06
1.88993e+06
1.86445e+06
1.83941e+06
1.81477e+06
1.79049e+06
1.76652e+06
1.74285e+06
1.71944e+06
1.69628e+06
1.67335e+06
1.65065e+06
1.62815e+06
1.60583e+06
1.5837e+06
1.56173e+06
1.53994e+06
1.51831e+06
1.49683e+06
1.4755e+06
1.45432e+06
1.43328e+06
1.41242e+06
1.39172e+06
1.3712e+06
1.35086e+06
1.33072e+06
1.31072e+06
1.29087e+06
1.27112e+06
1.2515e+06
1.23196e+06
1.21256e+06
1.19333e+06
1.17427e+06
1.15537e+06
1.13662e+06
1.11806e+06
1.09966e+06
1.08143e+06
1.06336e+06
1.04544e+06
1.02766e+06
1.01005e+06
992570
975263
958085
941114
924221
907559
890937
874570
858261
842197
826231
810474
794820
779357
763990
748807
733721
718811
703997
689346
674786
660386
646057
631896
617780
603828
589910
576122
562373
548690
534972
521306
507603
493854
480006
466006
451835
437391
422610
407385
391696
375367
358456
340896
2.32319e+06
2.27781e+06
2.23531e+06
2.19556e+06
2.1583e+06
2.12322e+06
2.08999e+06
2.05835e+06
2.02804e+06
1.99886e+06
1.97064e+06
1.94324e+06
1.91653e+06
1.89043e+06
1.86486e+06
1.83975e+06
1.81505e+06
1.79071e+06
1.76671e+06
1.743e+06
1.71957e+06
1.69638e+06
1.67343e+06
1.65071e+06
1.6282e+06
1.60586e+06
1.58371e+06
1.56174e+06
1.53993e+06
1.51829e+06
1.4968e+06
1.47547e+06
1.45428e+06
1.43324e+06
1.41238e+06
1.39168e+06
1.37117e+06
1.35082e+06
1.33066e+06
1.31065e+06
1.29081e+06
1.27104e+06
1.25143e+06
1.23189e+06
1.2125e+06
1.19326e+06
1.17421e+06
1.1553e+06
1.13656e+06
1.11799e+06
1.0996e+06
1.08136e+06
1.06329e+06
1.04537e+06
1.02759e+06
1.00998e+06
992507
975196
958027
941044
924168
907497
890895
874521
858224
842156
826196
810433
794783
779310
763947
748750
733672
718743
703940
689267
674717
660290
645968
631777
617662
603682
589757
575935
562175
548444
534683
520961
507205
493382
479462
465366
451101
436537
421655
406323
390557
374196
357310
339868
2.32545e+06
2.28024e+06
2.23775e+06
2.19787e+06
2.1604e+06
2.12507e+06
2.0916e+06
2.05971e+06
2.02919e+06
1.99982e+06
1.97144e+06
1.94389e+06
1.91707e+06
1.89088e+06
1.86523e+06
1.84005e+06
1.8153e+06
1.79092e+06
1.76687e+06
1.74313e+06
1.71967e+06
1.69646e+06
1.67349e+06
1.65075e+06
1.62823e+06
1.60588e+06
1.58372e+06
1.56173e+06
1.53991e+06
1.51825e+06
1.49676e+06
1.47542e+06
1.45423e+06
1.43319e+06
1.41233e+06
1.39164e+06
1.37113e+06
1.35077e+06
1.3306e+06
1.31058e+06
1.29073e+06
1.27097e+06
1.25135e+06
1.23181e+06
1.21243e+06
1.19319e+06
1.17415e+06
1.15523e+06
1.1365e+06
1.11792e+06
1.09953e+06
1.08129e+06
1.06322e+06
1.0453e+06
1.02753e+06
1.00991e+06
992445
975129
957969
940971
924115
907425
890853
874464
858190
842111
826164
810390
794745
779259
763903
748692
733621
718675
703882
689187
674650
660196
645885
631666
617556
603546
589620
575760
561986
548209
534426
520647
506851
492956
478977
464797
450449
435783
420818
405402
389577
373198
356337
338993
2.32734e+06
2.28229e+06
2.23979e+06
2.19981e+06
2.16218e+06
2.12665e+06
2.09297e+06
2.06089e+06
2.03018e+06
2.00065e+06
1.97213e+06
1.94447e+06
1.91755e+06
1.89127e+06
1.86555e+06
1.84032e+06
1.81551e+06
1.79109e+06
1.76702e+06
1.74325e+06
1.71976e+06
1.69653e+06
1.67354e+06
1.65079e+06
1.62824e+06
1.60588e+06
1.58371e+06
1.56171e+06
1.53987e+06
1.51821e+06
1.49671e+06
1.47536e+06
1.45417e+06
1.43314e+06
1.41229e+06
1.3916e+06
1.37108e+06
1.35072e+06
1.33053e+06
1.31051e+06
1.29064e+06
1.27089e+06
1.25127e+06
1.23174e+06
1.21237e+06
1.19312e+06
1.17409e+06
1.15515e+06
1.13643e+06
1.11786e+06
1.09947e+06
1.08122e+06
1.06316e+06
1.04523e+06
1.02747e+06
1.00985e+06
992392
975067
957920
940904
924067
907355
890811
874404
858156
842066
826134
810348
794710
779210
763861
748636
733572
718611
703825
689114
674586
660113
645810
631569
617464
603426
589497
575600
561811
547984
534197
520366
506540
492582
478556
464305
449885
435135
420102
404624
388750
372362
355524
338259
2.32889e+06
2.28396e+06
2.24147e+06
2.20142e+06
2.16366e+06
2.12797e+06
2.09412e+06
2.06188e+06
2.03102e+06
2.00136e+06
1.97272e+06
1.94496e+06
1.91795e+06
1.8916e+06
1.86582e+06
1.84054e+06
1.8157e+06
1.79124e+06
1.76713e+06
1.74334e+06
1.71983e+06
1.69658e+06
1.67358e+06
1.65081e+06
1.62824e+06
1.60587e+06
1.58369e+06
1.56168e+06
1.53983e+06
1.51816e+06
1.49666e+06
1.47531e+06
1.45411e+06
1.43309e+06
1.41224e+06
1.39156e+06
1.37103e+06
1.35066e+06
1.33046e+06
1.31043e+06
1.29056e+06
1.27081e+06
1.25119e+06
1.23166e+06
1.21231e+06
1.19305e+06
1.17403e+06
1.15508e+06
1.13638e+06
1.1178e+06
1.09943e+06
1.08117e+06
1.06312e+06
1.04517e+06
1.02743e+06
1.0098e+06
992354
975018
957884
940852
924028
907299
890775
874354
858128
842028
826110
810312
794681
779168
763823
748587
733526
718556
703772
689052
674526
660043
645743
631485
617385
603319
589391
575457
561655
547786
533999
520123
506275
492259
478203
463891
449411
434596
419509
403984
388072
371679
354860
337658
2.33011e+06
2.28527e+06
2.2428e+06
2.20269e+06
2.16483e+06
2.12902e+06
2.09504e+06
2.06267e+06
2.03169e+06
2.00192e+06
1.97319e+06
1.94535e+06
1.91828e+06
1.89187e+06
1.86605e+06
1.84072e+06
1.81584e+06
1.79136e+06
1.76723e+06
1.74342e+06
1.71989e+06
1.69662e+06
1.6736e+06
1.65081e+06
1.62824e+06
1.60586e+06
1.58366e+06
1.56164e+06
1.53979e+06
1.51811e+06
1.4966e+06
1.47525e+06
1.45406e+06
1.43304e+06
1.41219e+06
1.39151e+06
1.37098e+06
1.3506e+06
1.3304e+06
1.31036e+06
1.29048e+06
1.27073e+06
1.25111e+06
1.23159e+06
1.21225e+06
1.19299e+06
1.17398e+06
1.15502e+06
1.13634e+06
1.11774e+06
1.09939e+06
1.08112e+06
1.06308e+06
1.04513e+06
1.0274e+06
1.00975e+06
992324
974977
957855
940811
923996
907260
890746
874318
858105
841999
826091
810284
794657
779134
763792
748548
733488
718512
703728
689001
674475
659984
645688
631412
617319
603226
589303
575336
561530
547625
533838
519924
506062
491992
477920
463550
449028
434166
419036
403478
387535
371140
354338
337182
2.33102e+06
2.28624e+06
2.24379e+06
2.20364e+06
2.16571e+06
2.12981e+06
2.09573e+06
2.06327e+06
2.0322e+06
2.00235e+06
1.97355e+06
1.94565e+06
1.91853e+06
1.89208e+06
1.86621e+06
1.84086e+06
1.81596e+06
1.79145e+06
1.7673e+06
1.74347e+06
1.71993e+06
1.69665e+06
1.67362e+06
1.65082e+06
1.62823e+06
1.60584e+06
1.58363e+06
1.56161e+06
1.53975e+06
1.51807e+06
1.49655e+06
1.47519e+06
1.45401e+06
1.43299e+06
1.41215e+06
1.39146e+06
1.37093e+06
1.35056e+06
1.33034e+06
1.3103e+06
1.29041e+06
1.27067e+06
1.25105e+06
1.23153e+06
1.21219e+06
1.19294e+06
1.17393e+06
1.15498e+06
1.13631e+06
1.11769e+06
1.09936e+06
1.08108e+06
1.06305e+06
1.04509e+06
1.02737e+06
1.00972e+06
992298
974944
957830
940782
923971
907235
890724
874297
858089
841983
826077
810266
794641
779113
763771
748522
733463
718480
703697
688963
674439
659937
645647
631354
617268
603152
589233
575241
561434
547503
533715
519771
505898
491793
477698
463281
448739
433846
418683
403101
387135
370739
353950
336827
2.33162e+06
2.28689e+06
2.24444e+06
2.20427e+06
2.16629e+06
2.13034e+06
2.0962e+06
2.06367e+06
2.03254e+06
2.00264e+06
1.97379e+06
1.94585e+06
1.9187e+06
1.89222e+06
1.86633e+06
1.84095e+06
1.81603e+06
1.79151e+06
1.76735e+06
1.7435e+06
1.71995e+06
1.69666e+06
1.67362e+06
1.65082e+06
1.62822e+06
1.60582e+06
1.58361e+06
1.56158e+06
1.53972e+06
1.51803e+06
1.49651e+06
1.47516e+06
1.45397e+06
1.43296e+06
1.41212e+06
1.39143e+06
1.3709e+06
1.35052e+06
1.33031e+06
1.31026e+06
1.29036e+06
1.27061e+06
1.25099e+06
1.23149e+06
1.21215e+06
1.19291e+06
1.17391e+06
1.15495e+06
1.13629e+06
1.11767e+06
1.09934e+06
1.08105e+06
1.06303e+06
1.04506e+06
1.02735e+06
1.00969e+06
992278
974923
957812
940766
923955
907220
890710
874287
858079
841976
826070
810259
794632
779101
763760
748507
733449
718461
703679
688939
674417
659907
645619
631317
617231
603103
589183
575177
561369
547423
533632
519668
505782
491661
477552
463100
448544
433634
418447
402851
386869
370474
353694
336593
2.33191e+06
2.28721e+06
2.24476e+06
2.20459e+06
2.16659e+06
2.1306e+06
2.09643e+06
2.06387e+06
2.03272e+06
2.00279e+06
1.97391e+06
1.94595e+06
1.91878e+06
1.89229e+06
1.86639e+06
1.841e+06
1.81607e+06
1.79154e+06
1.76737e+06
1.74352e+06
1.71996e+06
1.69667e+06
1.67363e+06
1.65081e+06
1.62821e+06
1.60581e+06
1.5836e+06
1.56156e+06
1.5397e+06
1.51801e+06
1.49649e+06
1.47514e+06
1.45396e+06
1.43294e+06
1.4121e+06
1.39142e+06
1.37089e+06
1.35051e+06
1.3303e+06
1.31024e+06
1.29034e+06
1.27059e+06
1.25096e+06
1.23147e+06
1.21213e+06
1.19289e+06
1.17389e+06
1.15494e+06
1.13628e+06
1.11766e+06
1.09932e+06
1.08104e+06
1.06302e+06
1.04505e+06
1.02734e+06
1.00968e+06
992267
974915
957802
940759
923947
907215
890703
874283
858075
841974
826068
810256
794629
779097
763755
748501
733443
718453
703671
688928
674407
659894
645606
631300
617214
603080
589159
575147
561337
547385
533591
519617
505726
491597
477478
463013
448451
433529
418330
402727
386738
370342
353567
336480
2.06312e+06
2.06006e+06
2.05406e+06
2.04534e+06
2.03416e+06
2.02083e+06
2.00567e+06
1.98895e+06
1.97098e+06
1.95198e+06
1.93214e+06
1.91163e+06
1.8906e+06
1.86918e+06
1.84745e+06
1.82548e+06
1.80335e+06
1.78112e+06
1.75884e+06
1.73654e+06
1.71423e+06
1.69194e+06
1.6697e+06
1.64752e+06
1.62543e+06
1.60344e+06
1.58158e+06
1.55986e+06
1.53826e+06
1.51679e+06
1.49543e+06
1.4742e+06
1.45308e+06
1.43211e+06
1.41126e+06
1.39057e+06
1.37003e+06
1.34967e+06
1.32947e+06
1.30945e+06
1.28957e+06
1.26986e+06
1.25029e+06
1.23089e+06
1.21164e+06
1.19254e+06
1.17359e+06
1.15479e+06
1.13614e+06
1.11765e+06
1.0993e+06
1.08111e+06
1.06306e+06
1.04517e+06
1.02742e+06
1.00983e+06
992394
975111
957978
941000
924172
907498
890972
874604
858388
842334
826436
810699
795118
779702
764441
749348
734404
719638
705025
690614
676375
662333
648479
634829
621387
608167
595182
582450
569987
557819
545971
534476
523375
512714
502549
492948
483988
475762
468374
461938
456581
452423
449557
448085
2.06367e+06
2.06058e+06
2.05455e+06
2.04578e+06
2.03455e+06
2.02117e+06
2.00595e+06
1.9892e+06
1.97119e+06
1.95215e+06
1.93229e+06
1.91175e+06
1.89071e+06
1.86927e+06
1.84752e+06
1.82555e+06
1.80341e+06
1.78117e+06
1.75889e+06
1.73658e+06
1.71427e+06
1.69198e+06
1.66973e+06
1.64755e+06
1.62546e+06
1.60347e+06
1.58161e+06
1.55988e+06
1.53829e+06
1.51681e+06
1.49546e+06
1.47423e+06
1.45311e+06
1.43213e+06
1.41128e+06
1.3906e+06
1.37006e+06
1.34969e+06
1.32949e+06
1.30947e+06
1.28958e+06
1.26987e+06
1.2503e+06
1.2309e+06
1.21164e+06
1.19255e+06
1.17359e+06
1.1548e+06
1.13614e+06
1.11765e+06
1.0993e+06
1.08111e+06
1.06306e+06
1.04517e+06
1.02742e+06
1.00984e+06
992398
975115
957981
941004
924176
907502
890976
874608
858392
842338
826440
810704
795123
779706
764445
749352
734406
719639
705026
690611
676371
662326
648471
634818
621374
608151
595163
582427
569960
557786
545931
534429
523318
512646
502469
492852
483875
475629
468219
461760
456382
452204
449322
447842
2.06475e+06
2.06163e+06
2.05552e+06
2.04667e+06
2.03533e+06
2.02185e+06
2.00653e+06
1.98968e+06
1.9716e+06
1.9525e+06
1.93258e+06
1.912e+06
1.89091e+06
1.86944e+06
1.84768e+06
1.82569e+06
1.80354e+06
1.78129e+06
1.75899e+06
1.73668e+06
1.71436e+06
1.69206e+06
1.66981e+06
1.64763e+06
1.62553e+06
1.60354e+06
1.58166e+06
1.55994e+06
1.53834e+06
1.51687e+06
1.49551e+06
1.47429e+06
1.45317e+06
1.43219e+06
1.41133e+06
1.39064e+06
1.3701e+06
1.34973e+06
1.32952e+06
1.30949e+06
1.28961e+06
1.26988e+06
1.25032e+06
1.23091e+06
1.21166e+06
1.19256e+06
1.17361e+06
1.15481e+06
1.13615e+06
1.11766e+06
1.09931e+06
1.08112e+06
1.06307e+06
1.04518e+06
1.02743e+06
1.00985e+06
992406
975123
957989
941012
924184
907512
890985
874618
858402
842349
826451
810715
795132
779715
764452
749359
734412
719641
705028
690606
676365
662315
648456
634798
621348
608119
595125
582381
569905
557720
545853
534335
523206
512512
502309
492662
483649
475363
467908
461402
455981
451763
448849
447349
2.06639e+06
2.06321e+06
2.05699e+06
2.04799e+06
2.03649e+06
2.02285e+06
2.00738e+06
1.99041e+06
1.97221e+06
1.95302e+06
1.93302e+06
1.91237e+06
1.89122e+06
1.86971e+06
1.84792e+06
1.8259e+06
1.80372e+06
1.78146e+06
1.75915e+06
1.73682e+06
1.71449e+06
1.69218e+06
1.66992e+06
1.64774e+06
1.62563e+06
1.60363e+06
1.58175e+06
1.56001e+06
1.53841e+06
1.51694e+06
1.49558e+06
1.47436e+06
1.45324e+06
1.43225e+06
1.41139e+06
1.39069e+06
1.37015e+06
1.34977e+06
1.32956e+06
1.30953e+06
1.28964e+06
1.26991e+06
1.25034e+06
1.23094e+06
1.21168e+06
1.19259e+06
1.17363e+06
1.15483e+06
1.13617e+06
1.11768e+06
1.09932e+06
1.08114e+06
1.06308e+06
1.04519e+06
1.02745e+06
1.00986e+06
992421
975138
958004
941027
924199
907527
891001
874633
858418
842366
826469
810732
795148
779728
764463
749368
734420
719645
705031
690600
676356
662299
648434
634768
621310
608073
595069
582313
569824
557623
545736
534195
523038
512311
502069
492377
483312
474964
467442
460865
455377
451096
448133
446604
2.0686e+06
2.06533e+06
2.05896e+06
2.04975e+06
2.03804e+06
2.02418e+06
2.00851e+06
1.99137e+06
1.97303e+06
1.95371e+06
1.9336e+06
1.91286e+06
1.89164e+06
1.87007e+06
1.84823e+06
1.82617e+06
1.80397e+06
1.78167e+06
1.75934e+06
1.73699e+06
1.71465e+06
1.69232e+06
1.67005e+06
1.64786e+06
1.62575e+06
1.60374e+06
1.58185e+06
1.5601e+06
1.53849e+06
1.51702e+06
1.49565e+06
1.47444e+06
1.45332e+06
1.43233e+06
1.41146e+06
1.39075e+06
1.37021e+06
1.34983e+06
1.32962e+06
1.30957e+06
1.28968e+06
1.26995e+06
1.25038e+06
1.23097e+06
1.21171e+06
1.19262e+06
1.17366e+06
1.15486e+06
1.1362e+06
1.11771e+06
1.09935e+06
1.08116e+06
1.0631e+06
1.04521e+06
1.02747e+06
1.00988e+06
992443
975160
958025
941049
924219
907548
891022
874655
858441
842390
826493
810755
795169
779746
764478
749380
734430
719650
705033
690594
676344
662277
648405
634729
621261
608012
594995
582225
569717
557495
545582
534010
522816
512046
501753
492000
482864
474435
466822
460150
454568
450201
447168
445600
2.07139e+06
2.068e+06
2.06142e+06
2.05195e+06
2.03996e+06
2.02583e+06
2.00992e+06
1.99256e+06
1.97404e+06
1.95457e+06
1.93434e+06
1.91348e+06
1.89217e+06
1.87052e+06
1.84862e+06
1.82651e+06
1.80426e+06
1.78193e+06
1.75957e+06
1.7372e+06
1.71483e+06
1.69249e+06
1.6702e+06
1.648e+06
1.62589e+06
1.60386e+06
1.58195e+06
1.56019e+06
1.53857e+06
1.5171e+06
1.49573e+06
1.47452e+06
1.4534e+06
1.43241e+06
1.41153e+06
1.39082e+06
1.37028e+06
1.34989e+06
1.32968e+06
1.30963e+06
1.28973e+06
1.26999e+06
1.25042e+06
1.23101e+06
1.21175e+06
1.19265e+06
1.17369e+06
1.15489e+06
1.13623e+06
1.11774e+06
1.09938e+06
1.08119e+06
1.06313e+06
1.04524e+06
1.0275e+06
1.00991e+06
992470
975187
958051
941075
924245
907575
891049
874683
858469
842418
826521
810782
795194
779767
764495
749392
734440
719655
705034
690587
676329
662252
648369
634681
621201
607937
594904
582115
569586
557337
545392
533782
522543
511718
501360
491532
482308
473778
466052
459257
453552
449070
445946
444327
2.07477e+06
2.07124e+06
2.0644e+06
2.0546e+06
2.04225e+06
2.0278e+06
2.01159e+06
1.99399e+06
1.97525e+06
1.95559e+06
1.93521e+06
1.91422e+06
1.89279e+06
1.87105e+06
1.84907e+06
1.8269e+06
1.80459e+06
1.78221e+06
1.75982e+06
1.73742e+06
1.71502e+06
1.69266e+06
1.67036e+06
1.64815e+06
1.62602e+06
1.60399e+06
1.58206e+06
1.56028e+06
1.53866e+06
1.51719e+06
1.49581e+06
1.4746e+06
1.45348e+06
1.43248e+06
1.4116e+06
1.39088e+06
1.37035e+06
1.34996e+06
1.32975e+06
1.30969e+06
1.28979e+06
1.27004e+06
1.25047e+06
1.23106e+06
1.2118e+06
1.19269e+06
1.17374e+06
1.15493e+06
1.13627e+06
1.11778e+06
1.09942e+06
1.08123e+06
1.06317e+06
1.04528e+06
1.02753e+06
1.00994e+06
992503
975219
958083
941107
924276
907605
891079
874713
858499
842449
826552
810811
795222
779789
764514
749405
734451
719659
705034
690579
676311
662221
648327
634624
621129
607849
594797
581986
569431
557150
545167
533512
522218
511329
500895
490976
481647
472995
465132
458188
452328
447702
444460
442777
2.07878e+06
2.07506e+06
2.06789e+06
2.05769e+06
2.04492e+06
2.03008e+06
2.01353e+06
1.99563e+06
1.97664e+06
1.95677e+06
1.9362e+06
1.91506e+06
1.8935e+06
1.87165e+06
1.84958e+06
1.82733e+06
1.80496e+06
1.78252e+06
1.76008e+06
1.73765e+06
1.71522e+06
1.69284e+06
1.67051e+06
1.64829e+06
1.62616e+06
1.60411e+06
1.58217e+06
1.56038e+06
1.53874e+06
1.51727e+06
1.49588e+06
1.47467e+06
1.45355e+06
1.43255e+06
1.41168e+06
1.39095e+06
1.37042e+06
1.35003e+06
1.32982e+06
1.30975e+06
1.28986e+06
1.2701e+06
1.25053e+06
1.23111e+06
1.21185e+06
1.19275e+06
1.17379e+06
1.15498e+06
1.13632e+06
1.11782e+06
1.09946e+06
1.08127e+06
1.06322e+06
1.04532e+06
1.02758e+06
1.00998e+06
992545
975258
958120
941142
924309
907637
891109
874743
858530
842479
826583
810839
795250
779813
764533
749417
734460
719662
705032
690569
676289
662186
648277
634558
621046
607747
594674
581838
569252
556935
544909
533202
521846
510882
500359
490336
480884
472090
464065
456944
450896
446090
442705
440940
2.08346e+06
2.0795e+06
2.07192e+06
2.06123e+06
2.04797e+06
2.03266e+06
2.01571e+06
1.99748e+06
1.9782e+06
1.95809e+06
1.93731e+06
1.916e+06
1.89428e+06
1.87231e+06
1.85014e+06
1.8278e+06
1.80536e+06
1.78286e+06
1.76037e+06
1.73789e+06
1.71543e+06
1.69301e+06
1.67067e+06
1.64843e+06
1.62629e+06
1.60424e+06
1.58228e+06
1.56048e+06
1.53882e+06
1.51735e+06
1.49595e+06
1.47473e+06
1.45362e+06
1.43262e+06
1.41175e+06
1.39102e+06
1.37049e+06
1.3501e+06
1.32989e+06
1.30982e+06
1.28992e+06
1.27017e+06
1.25059e+06
1.23118e+06
1.21191e+06
1.19281e+06
1.17385e+06
1.15504e+06
1.13637e+06
1.11788e+06
1.09952e+06
1.08132e+06
1.06327e+06
1.04537e+06
1.02763e+06
1.01003e+06
992590
975298
958157
941177
924342
907668
891141
874773
858560
842507
826612
810866
795276
779834
764550
749428
734468
719664
705027
690555
676263
662144
648220
634483
620953
607633
594536
581671
569052
556694
544619
532853
521428
510380
499757
489615
480023
471067
462856
455527
449256
444234
440671
438805
2.08884e+06
2.08458e+06
2.07651e+06
2.06524e+06
2.0514e+06
2.03556e+06
2.01815e+06
1.99953e+06
1.97992e+06
1.95953e+06
1.93852e+06
1.91701e+06
1.89513e+06
1.87302e+06
1.85073e+06
1.8283e+06
1.80578e+06
1.78321e+06
1.76066e+06
1.73814e+06
1.71564e+06
1.69319e+06
1.67082e+06
1.64856e+06
1.62642e+06
1.60435e+06
1.58238e+06
1.56057e+06
1.5389e+06
1.51741e+06
1.49602e+06
1.47479e+06
1.45368e+06
1.43268e+06
1.41183e+06
1.3911e+06
1.37056e+06
1.35017e+06
1.32996e+06
1.30989e+06
1.28999e+06
1.27024e+06
1.25066e+06
1.23124e+06
1.21198e+06
1.19287e+06
1.17391e+06
1.1551e+06
1.13643e+06
1.11794e+06
1.09958e+06
1.08138e+06
1.06333e+06
1.04543e+06
1.02768e+06
1.01008e+06
992637
975340
958199
941214
924379
907700
891173
874800
858588
842532
826637
810888
795298
779851
764565
749437
734472
719663
705019
690537
676232
662097
648156
634401
620851
607508
594384
581488
568831
556428
544300
532469
520966
509826
499092
488818
479070
469931
461508
453940
447408
442130
438351
436355
2.09499e+06
2.09035e+06
2.08167e+06
2.06971e+06
2.05519e+06
2.03875e+06
2.02083e+06
2.00177e+06
1.98178e+06
1.96108e+06
1.93981e+06
1.91809e+06
1.89603e+06
1.87376e+06
1.85136e+06
1.82883e+06
1.80622e+06
1.78358e+06
1.76097e+06
1.73841e+06
1.71586e+06
1.69337e+06
1.67097e+06
1.64869e+06
1.62653e+06
1.60445e+06
1.58248e+06
1.56065e+06
1.53897e+06
1.51748e+06
1.49608e+06
1.47484e+06
1.45374e+06
1.43274e+06
1.41189e+06
1.39117e+06
1.37064e+06
1.35025e+06
1.33003e+06
1.30997e+06
1.29007e+06
1.27032e+06
1.25074e+06
1.23132e+06
1.21205e+06
1.19294e+06
1.17398e+06
1.15517e+06
1.1365e+06
1.118e+06
1.09964e+06
1.08145e+06
1.0634e+06
1.04549e+06
1.02775e+06
1.01013e+06
992692
975388
958245
941252
924416
907731
891202
874826
858613
842553
826658
810906
795315
779866
764577
749444
734474
719660
705007
690515
676197
662045
648086
634313
620741
607373
594220
581290
568591
556140
543953
532052
520464
509223
498369
487950
478031
468688
460028
452188
445356
439771
435728
433572
2.10197e+06
2.09686e+06
2.08743e+06
2.07464e+06
2.05935e+06
2.04222e+06
2.02372e+06
2.00417e+06
1.98377e+06
1.96272e+06
1.94117e+06
1.91922e+06
1.89697e+06
1.87454e+06
1.85201e+06
1.82937e+06
1.80668e+06
1.78396e+06
1.76129e+06
1.73867e+06
1.71608e+06
1.69355e+06
1.67113e+06
1.64882e+06
1.62664e+06
1.60454e+06
1.58256e+06
1.56073e+06
1.53904e+06
1.51753e+06
1.49614e+06
1.47489e+06
1.45379e+06
1.43279e+06
1.41195e+06
1.39124e+06
1.3707e+06
1.35032e+06
1.33011e+06
1.31005e+06
1.29015e+06
1.2704e+06
1.25082e+06
1.2314e+06
1.21213e+06
1.19302e+06
1.17405e+06
1.15524e+06
1.13657e+06
1.11807e+06
1.09971e+06
1.08151e+06
1.06347e+06
1.04555e+06
1.02781e+06
1.0102e+06
992748
975437
958289
941291
924452
907761
891230
874848
858633
842570
826673
810920
795326
779876
764583
749446
734471
719652
704990
690488
676154
661988
648010
634218
620623
607229
594045
581077
568334
555830
543580
531604
519926
508576
497591
487016
476910
467346
458423
450277
443100
437156
432791
430434
2.10988e+06
2.10416e+06
2.0938e+06
2.08004e+06
2.06386e+06
2.04595e+06
2.0268e+06
2.00671e+06
1.98586e+06
1.96444e+06
1.94258e+06
1.92039e+06
1.89793e+06
1.87533e+06
1.85267e+06
1.82992e+06
1.80714e+06
1.78435e+06
1.76162e+06
1.73894e+06
1.71631e+06
1.69374e+06
1.67128e+06
1.64894e+06
1.62674e+06
1.60462e+06
1.58263e+06
1.56079e+06
1.5391e+06
1.51758e+06
1.49619e+06
1.47493e+06
1.45383e+06
1.43284e+06
1.412e+06
1.3913e+06
1.37077e+06
1.35039e+06
1.33018e+06
1.31012e+06
1.29023e+06
1.27048e+06
1.2509e+06
1.23148e+06
1.21221e+06
1.1931e+06
1.17413e+06
1.15532e+06
1.13665e+06
1.11814e+06
1.09979e+06
1.08158e+06
1.06354e+06
1.04562e+06
1.02788e+06
1.01025e+06
992801
975487
958335
941331
924487
907789
891255
874867
858649
842582
826683
810928
795330
779879
764584
749444
734462
719637
704965
690452
676103
661924
647929
634117
620498
607077
593859
580852
568062
555502
543185
531128
519354
507888
496764
486023
475716
465911
456701
448216
440649
434283
429526
426909
2.11884e+06
2.11231e+06
2.1008e+06
2.08589e+06
2.06869e+06
2.04992e+06
2.03005e+06
2.00936e+06
1.98803e+06
1.96621e+06
1.94404e+06
1.92158e+06
1.89892e+06
1.87615e+06
1.85334e+06
1.83048e+06
1.8076e+06
1.78474e+06
1.76194e+06
1.73921e+06
1.71653e+06
1.69392e+06
1.67143e+06
1.64906e+06
1.62683e+06
1.6047e+06
1.5827e+06
1.56085e+06
1.53915e+06
1.51762e+06
1.49622e+06
1.47497e+06
1.45386e+06
1.43287e+06
1.41204e+06
1.39135e+06
1.37082e+06
1.35046e+06
1.33025e+06
1.3102e+06
1.29031e+06
1.27057e+06
1.25099e+06
1.23157e+06
1.2123e+06
1.19318e+06
1.17421e+06
1.15539e+06
1.13673e+06
1.11822e+06
1.09986e+06
1.08165e+06
1.06361e+06
1.04569e+06
1.02793e+06
1.01031e+06
992854
975536
958378
941367
924518
907814
891276
874883
858661
842589
826685
810929
795329
779879
764580
749436
734448
719615
704933
690410
676048
661856
647843
634011
620366
606916
593664
580615
567776
555156
542769
530628
518752
507164
495894
484976
474456
464394
454874
446016
438009
431151
425911
422962
2.12899e+06
2.12137e+06
2.10841e+06
2.09215e+06
2.0738e+06
2.05408e+06
2.03343e+06
2.01212e+06
1.99027e+06
1.96804e+06
1.94553e+06
1.9228e+06
1.89993e+06
1.87697e+06
1.85401e+06
1.83104e+06
1.80806e+06
1.78512e+06
1.76225e+06
1.73946e+06
1.71674e+06
1.6941e+06
1.67157e+06
1.64917e+06
1.62692e+06
1.60477e+06
1.58276e+06
1.5609e+06
1.53919e+06
1.51765e+06
1.49625e+06
1.47499e+06
1.45388e+06
1.43291e+06
1.41208e+06
1.39139e+06
1.37087e+06
1.35051e+06
1.33032e+06
1.31028e+06
1.29039e+06
1.27065e+06
1.25108e+06
1.23165e+06
1.21238e+06
1.19326e+06
1.17429e+06
1.15547e+06
1.1368e+06
1.11829e+06
1.09993e+06
1.08172e+06
1.06367e+06
1.04575e+06
1.02799e+06
1.01037e+06
992904
975581
958418
941401
924547
907837
891292
874894
858666
842591
826683
810925
795322
779870
764569
749422
734426
719586
704894
690363
675988
661783
647751
633899
620229
606749
593460
580368
567477
554797
542336
530107
518124
506410
494986
483884
473140
462806
452953
443690
435193
427765
421932
418541
2.14055e+06
2.1314e+06
2.11664e+06
2.0988e+06
2.07916e+06
2.05841e+06
2.03694e+06
2.01495e+06
1.99257e+06
1.96991e+06
1.94705e+06
1.92404e+06
1.90095e+06
1.87781e+06
1.85469e+06
1.83159e+06
1.80852e+06
1.7855e+06
1.76256e+06
1.73971e+06
1.71695e+06
1.69427e+06
1.67171e+06
1.64928e+06
1.62699e+06
1.60483e+06
1.58281e+06
1.56094e+06
1.53923e+06
1.51767e+06
1.49627e+06
1.47501e+06
1.4539e+06
1.43293e+06
1.41211e+06
1.39144e+06
1.37092e+06
1.35057e+06
1.33038e+06
1.31035e+06
1.29047e+06
1.27074e+06
1.25116e+06
1.23174e+06
1.21247e+06
1.19334e+06
1.17437e+06
1.15555e+06
1.13687e+06
1.11836e+06
1.09999e+06
1.08178e+06
1.06373e+06
1.0458e+06
1.02805e+06
1.01042e+06
992950
975623
958456
941432
924572
907855
891303
874900
858666
842588
826674
810914
795308
779855
764551
749400
734398
719550
704849
690309
675922
661705
647655
633783
620087
606576
593250
580114
567169
554425
541887
529568
517475
505629
494046
482753
471775
461157
450953
441256
432219
424134
417563
413587
2.1538e+06
2.14245e+06
2.12543e+06
2.10576e+06
2.08472e+06
2.06287e+06
2.04052e+06
2.01784e+06
1.99492e+06
1.97181e+06
1.94859e+06
1.9253e+06
1.90198e+06
1.87865e+06
1.85537e+06
1.83215e+06
1.80897e+06
1.78587e+06
1.76286e+06
1.73995e+06
1.71714e+06
1.69442e+06
1.67183e+06
1.64937e+06
1.62706e+06
1.60489e+06
1.58286e+06
1.56098e+06
1.53926e+06
1.51769e+06
1.49629e+06
1.47503e+06
1.45392e+06
1.43295e+06
1.41214e+06
1.39147e+06
1.37097e+06
1.35063e+06
1.33044e+06
1.31042e+06
1.29054e+06
1.27082e+06
1.25124e+06
1.23182e+06
1.21255e+06
1.19342e+06
1.17444e+06
1.15561e+06
1.13694e+06
1.11842e+06
1.10005e+06
1.08183e+06
1.06378e+06
1.04585e+06
1.02809e+06
1.01046e+06
992990
975659
958488
941459
924593
907869
891311
874902
858662
842579
826660
810898
795290
779835
764527
749372
734362
719507
704796
690249
675851
661622
647554
633662
619940
606398
593033
579852
566852
554043
541427
529014
516808
504828
493082
481592
470373
459461
448890
438734
429110
420277
412798
408007
2.16919e+06
2.15456e+06
2.13471e+06
2.11299e+06
2.09043e+06
2.06743e+06
2.04418e+06
2.02079e+06
1.9973e+06
1.97374e+06
1.95015e+06
1.92657e+06
1.90301e+06
1.87949e+06
1.85605e+06
1.8327e+06
1.80942e+06
1.78623e+06
1.76315e+06
1.74017e+06
1.71732e+06
1.69457e+06
1.67194e+06
1.64946e+06
1.62712e+06
1.60493e+06
1.58289e+06
1.56101e+06
1.53928e+06
1.51771e+06
1.49631e+06
1.47505e+06
1.45394e+06
1.43298e+06
1.41217e+06
1.39151e+06
1.37102e+06
1.35068e+06
1.3305e+06
1.31049e+06
1.29062e+06
1.27089e+06
1.25132e+06
1.2319e+06
1.21262e+06
1.19349e+06
1.17451e+06
1.15567e+06
1.13699e+06
1.11847e+06
1.1001e+06
1.08188e+06
1.06382e+06
1.0459e+06
1.02813e+06
1.0105e+06
993023
975688
958514
941480
924609
907880
891314
874900
858653
842567
826642
810878
795266
779809
764497
749338
734322
719460
704742
690187
675779
661537
647452
633538
619790
606217
592812
579585
566528
553655
540957
528450
516128
504012
492098
480409
468944
457731
446783
436150
425898
416229
407626
401689
2.18741e+06
2.16763e+06
2.14436e+06
2.12038e+06
2.09623e+06
2.07204e+06
2.04787e+06
2.02377e+06
1.99971e+06
1.97569e+06
1.95173e+06
1.92785e+06
1.90406e+06
1.88034e+06
1.85673e+06
1.83324e+06
1.80986e+06
1.78658e+06
1.76342e+06
1.74039e+06
1.71748e+06
1.6947e+06
1.67205e+06
1.64954e+06
1.62718e+06
1.60498e+06
1.58293e+06
1.56104e+06
1.53931e+06
1.51774e+06
1.49633e+06
1.47507e+06
1.45396e+06
1.433e+06
1.4122e+06
1.39155e+06
1.37107e+06
1.35074e+06
1.33056e+06
1.31055e+06
1.29069e+06
1.27097e+06
1.2514e+06
1.23197e+06
1.21269e+06
1.19355e+06
1.17456e+06
1.15573e+06
1.13704e+06
1.11851e+06
1.10014e+06
1.08192e+06
1.06385e+06
1.04593e+06
1.02816e+06
1.01052e+06
993045
975710
958531
941496
924618
907887
891313
874895
858641
842551
826621
810855
795239
779781
764465
749302
734280
719414
704689
690127
675708
661453
647350
633415
619638
606033
592588
579314
566200
553261
540480
527878
515439
503186
491103
479213
467499
455983
444651
433531
422624
412047
402088
394444
2.20908e+06
2.18137e+06
2.15419e+06
2.12785e+06
2.10206e+06
2.07667e+06
2.05159e+06
2.02677e+06
2.00213e+06
1.97765e+06
1.95332e+06
1.92914e+06
1.9051e+06
1.88119e+06
1.85741e+06
1.83378e+06
1.81029e+06
1.78692e+06
1.76369e+06
1.7406e+06
1.71764e+06
1.69482e+06
1.67214e+06
1.64961e+06
1.62724e+06
1.60503e+06
1.58297e+06
1.56107e+06
1.53934e+06
1.51776e+06
1.49635e+06
1.47509e+06
1.45399e+06
1.43303e+06
1.41224e+06
1.3916e+06
1.37111e+06
1.35079e+06
1.33062e+06
1.31061e+06
1.29075e+06
1.27104e+06
1.25146e+06
1.23203e+06
1.21275e+06
1.1936e+06
1.17461e+06
1.15576e+06
1.13707e+06
1.11855e+06
1.10017e+06
1.08195e+06
1.06388e+06
1.04595e+06
1.02817e+06
1.01054e+06
993057
975721
958539
941504
924622
907888
891309
874886
858625
842533
826598
810830
795211
779751
764431
749265
734238
719368
704638
690068
675640
661371
647249
633292
619487
605850
592362
579043
565869
552864
539999
527303
514745
502355
490102
478012
466049
454232
442515
430909
419338
407819
396257
386000
313413
245779
190476
142775
102171
68379.4
41360.5
21100
7595.51
843.969
312620
245717
190466
142773
102171
68379.3
41360.5
21100
7595.51
843.969
311618
245600
190444
142768
102169
68379.1
41360.5
21100
7595.52
843.97
310504
245433
190408
142761
102167
68378.9
41360.5
21100.1
7595.53
843.972
309341
245224
190358
142753
102164
68378.5
41360.5
21100.1
7595.56
843.976
308185
244986
190296
142742
102161
68378.1
41360.6
21100.2
7595.61
843.983
307067
244728
190224
142729
102157
68377.6
41360.7
21100.3
7595.67
843.991
306006
244460
190146
142715
102154
68376.9
41360.9
21100.5
7595.73
844.001
305013
244190
190066
142699
102150
68376.2
41361
21100.7
7595.81
844.011
304100
243925
189986
142682
102146
68375.4
41361.1
21100.8
7595.88
844.022
303271
243671
189908
142665
102142
68374.7
41361.1
21101
7595.96
844.033
302528
243433
189836
142647
102138
68374
41361.2
21101.1
7596.03
844.044
301869
243214
189768
142631
102135
68373.5
41361.3
21101.3
7596.1
844.057
301293
243017
189706
142615
102132
68373.1
41361.4
21101.4
7596.18
844.07
300800
242843
189651
142600
102129
68372.9
41361.6
21101.6
7596.25
844.084
300390
242696
189605
142588
102127
68372.8
41361.8
21101.7
7596.31
844.094
300062
242578
189567
142578
102125
68372.7
41361.8
21101.8
7596.34
844.099
299816
242489
189539
142570
102123
68372.5
41361.8
21101.8
7596.35
844.1
299652
242430
189520
142565
102122
68372.2
41361.8
21101.8
7596.37
844.099
299575
242400
189511
142562
102122
68372
41361.7
21101.8
7596.39
844.098
)
;

boundaryField
{
    inlet
    {
        type            calculated;
        value           nonuniform List<scalar> 
20
(
4.30439e+06
4.30448e+06
4.30454e+06
4.30457e+06
4.3046e+06
4.30463e+06
4.30465e+06
4.30466e+06
4.30467e+06
4.30468e+06
4.30468e+06
4.30468e+06
4.30466e+06
4.30465e+06
4.30463e+06
4.3046e+06
4.30458e+06
4.30454e+06
4.30448e+06
4.30439e+06
)
;
    }
    outlet
    {
        type            calculated;
        value           uniform 0;
    }
    walls
    {
        type            calculated;
        value           nonuniform List<scalar> 
280
(
4.30439e+06
4.08297e+06
3.85229e+06
3.62766e+06
3.40977e+06
3.19871e+06
2.9946e+06
2.7979e+06
2.60989e+06
2.43408e+06
2.33191e+06
2.28721e+06
2.24476e+06
2.20459e+06
2.16659e+06
2.1306e+06
2.09643e+06
2.06387e+06
2.03272e+06
2.00279e+06
1.97391e+06
1.94595e+06
1.91878e+06
1.89229e+06
1.86639e+06
1.841e+06
1.81607e+06
1.79154e+06
1.76737e+06
1.74352e+06
1.71996e+06
1.69667e+06
1.67363e+06
1.65081e+06
1.62821e+06
1.60581e+06
1.5836e+06
1.56156e+06
1.5397e+06
1.51801e+06
1.49649e+06
1.47514e+06
1.45396e+06
1.43294e+06
1.4121e+06
1.39142e+06
1.37089e+06
1.35051e+06
1.3303e+06
1.31024e+06
1.29034e+06
1.27059e+06
1.25096e+06
1.23147e+06
1.21213e+06
1.19289e+06
1.17389e+06
1.15494e+06
1.13628e+06
1.11766e+06
1.09932e+06
1.08104e+06
1.06302e+06
1.04505e+06
1.02734e+06
1.00968e+06
992267
974915
957802
940759
923947
907215
890703
874283
858075
841974
826068
810256
794629
779097
763755
748501
733443
718453
703671
688928
674407
659894
645606
631300
617214
603080
589159
575147
561337
547385
533591
519617
505726
491597
477478
463013
448451
433529
418330
402727
386738
370342
353567
336480
299575
242400
189511
142562
102122
68372
41361.7
21101.8
7596.39
844.098
4.30439e+06
4.08296e+06
3.85228e+06
3.62763e+06
3.40968e+06
3.19841e+06
2.99367e+06
2.79498e+06
2.60073e+06
2.40337e+06
313413
245779
190476
142775
102171
68379.4
41360.5
21100
7595.51
843.969
2.06312e+06
2.06006e+06
2.05406e+06
2.04534e+06
2.03416e+06
2.02083e+06
2.00567e+06
1.98895e+06
1.97098e+06
1.95198e+06
1.93214e+06
1.91163e+06
1.8906e+06
1.86918e+06
1.84745e+06
1.82548e+06
1.80335e+06
1.78112e+06
1.75884e+06
1.73654e+06
1.71423e+06
1.69194e+06
1.6697e+06
1.64752e+06
1.62543e+06
1.60344e+06
1.58158e+06
1.55986e+06
1.53826e+06
1.51679e+06
1.49543e+06
1.4742e+06
1.45308e+06
1.43211e+06
1.41126e+06
1.39057e+06
1.37003e+06
1.34967e+06
1.32947e+06
1.30945e+06
1.28957e+06
1.26986e+06
1.25029e+06
1.23089e+06
1.21164e+06
1.19254e+06
1.17359e+06
1.15479e+06
1.13614e+06
1.11765e+06
1.0993e+06
1.08111e+06
1.06306e+06
1.04517e+06
1.02742e+06
1.00983e+06
992394
975111
957978
941000
924172
907498
890972
874604
858388
842334
826436
810699
795118
779702
764441
749348
734404
719638
705025
690614
676375
662333
648479
634829
621387
608167
595182
582450
569987
557819
545971
534476
523375
512714
502549
492948
483988
475762
468374
461938
456581
452423
449557
448085
2.06312e+06
2.06367e+06
2.06475e+06
2.06639e+06
2.0686e+06
2.07139e+06
2.07477e+06
2.07878e+06
2.08346e+06
2.08884e+06
2.09499e+06
2.10197e+06
2.10988e+06
2.11884e+06
2.12899e+06
2.14055e+06
2.1538e+06
2.16919e+06
2.18741e+06
2.20908e+06
448085
447842
447349
446604
445600
444327
442777
440940
438805
436355
433572
430434
426909
422962
418541
413587
408007
401689
394444
386000
)
;
    }
    frontAndBack
    {
        type            empty;
    }
}


// ************************************************************************* //
