/*--------------------------------*- C++ -*----------------------------------*\
| =========                 |                                                 |
| \\      /  F ield         | OpenFOAM: The Open Source CFD Toolbox           |
|  \\    /   O peration     | Version:  2.4.0                                 |
|   \\  /    A nd           | Web:      www.OpenFOAM.org                      |
|    \\/     M anipulation  |                                                 |
\*---------------------------------------------------------------------------*/
FoamFile
{
    version     2.0;
    format      ascii;
    class       volScalarField;
    location    "0.039";
    object      nuSgs;
}
// * * * * * * * * * * * * * * * * * * * * * * * * * * * * * * * * * * * * * //

dimensions      [0 2 -1 0 0 0 0];

internalField   nonuniform List<scalar> 
4400
(
0.00205347
0.00193513
0.00169754
0.00153006
0.00142477
0.00137787
0.0013227
0.00129704
0.00130226
0.00118729
0.0013981
0.00172615
0.00172518
0.00166996
0.00158066
0.00153209
0.00147066
0.00144078
0.00143372
0.00139462
0.000727217
0.00117849
0.00136401
0.00141692
0.0014028
0.00138212
0.00134339
0.00132172
0.00130754
0.00129482
0.000272788
0.000646468
0.000865321
0.00101464
0.00108169
0.00111475
0.00112259
0.0011213
0.00111737
0.00111433
8.87488e-05
0.000273336
0.000415589
0.000576646
0.000690303
0.000758355
0.000826811
0.000847541
0.000877274
0.000878882
2.5939e-05
9.2758e-05
0.000151296
0.000233066
0.000344776
0.000394992
0.000493904
0.000525576
0.000587472
0.000601833
7.91084e-06
2.92249e-05
4.47235e-05
7.21042e-05
0.000120399
0.000148523
0.000218798
0.00024544
0.00029746
0.000330654
4.28164e-06
1.19524e-05
1.48355e-05
2.05651e-05
3.09124e-05
3.89448e-05
6.90185e-05
8.01742e-05
9.9926e-05
0.000129747
3.87162e-06
7.90707e-06
9.98106e-06
1.11729e-05
1.16487e-05
1.20549e-05
1.80993e-05
2.00858e-05
2.43323e-05
3.19459e-05
3.82326e-06
7.11489e-06
9.40556e-06
1.00376e-05
9.99474e-06
9.65002e-06
9.79354e-06
9.91117e-06
1.03288e-05
1.1205e-05
3.83394e-06
6.88403e-06
9.24952e-06
1.0047e-05
1.00119e-05
9.78529e-06
9.67434e-06
1.02302e-05
1.11393e-05
1.42028e-05
3.87339e-06
6.34855e-06
1.00445e-05
1.12933e-05
1.18953e-05
1.376e-05
1.55074e-05
2.40464e-05
3.13206e-05
4.8588e-05
4.22948e-06
8.74187e-06
1.60469e-05
2.30819e-05
3.01856e-05
4.67762e-05
5.99157e-05
9.34471e-05
0.000115298
0.000165578
7.74888e-06
2.52867e-05
4.8928e-05
8.23296e-05
0.000109924
0.000165569
0.000201171
0.000272654
0.000307893
0.000387658
2.5186e-05
8.50853e-05
0.000162708
0.000254445
0.000317607
0.000418576
0.000476266
0.000558525
0.000591353
0.000662982
8.62051e-05
0.000254509
0.000442661
0.000573778
0.000685154
0.000769189
0.000822417
0.000866685
0.000884341
0.000923097
0.000265577
0.000638947
0.000879809
0.00100735
0.00108707
0.00111197
0.0011288
0.00112669
0.00112717
0.00113225
0.000711072
0.00118376
0.00137036
0.0014118
0.00140718
0.00137311
0.00135578
0.0013169
0.00130848
0.00129096
0.00139144
0.00173216
0.00172703
0.0016631
0.00159333
0.00151231
0.00148475
0.00142659
0.00141489
0.00137106
0.00204945
0.00193991
0.00169621
0.00152508
0.0014362
0.00135738
0.00133134
0.00127456
0.00125846
0.00118258
0.000536697
0.000473676
0.000430487
0.000407634
0.000314796
0.000236874
0.00023036
0.000234801
0.000229659
0.000199121
0.000180944
0.000184923
0.000215487
0.000236093
0.00024829
0.000255183
0.00024697
0.00022374
0.000160436
0.00010849
8.3615e-05
7.62153e-05
7.69983e-05
8.06212e-05
0.000102168
0.000108603
0.000108081
0.000118775
0.000123327
0.000119976
0.000108182
9.49683e-05
8.20026e-05
7.34811e-05
6.9847e-05
6.61287e-05
5.89475e-05
4.93365e-05
3.94213e-05
3.04626e-05
2.29617e-05
1.69695e-05
1.23271e-05
8.81179e-06
6.20252e-06
4.30207e-06
2.94287e-06
1.98759e-06
1.32707e-06
8.77366e-07
5.75157e-07
3.74788e-07
2.42869e-07
1.57423e-07
1.01814e-07
6.73569e-08
4.66763e-08
4.00144e-08
5.14579e-08
8.4353e-08
1.96574e-07
3.25191e-07
9.03818e-07
1.06193e-06
2.87348e-06
2.78082e-06
5.51472e-06
5.12111e-06
8.17837e-06
7.71228e-06
1.08494e-05
1.0522e-05
1.35386e-05
1.35634e-05
1.68555e-05
1.71984e-05
2.03048e-05
2.10975e-05
2.51519e-05
2.54173e-05
3.23215e-05
3.1478e-05
3.80938e-05
3.66324e-05
4.0392e-05
3.54422e-05
3.36446e-05
2.39337e-05
2.02257e-05
1.26306e-05
9.76364e-06
5.85382e-06
5.94853e-06
6.19628e-06
8.72208e-06
9.25871e-06
1.74159e-05
2.47015e-05
6.55467e-05
0.000214052
0.000658432
0.00057393
0.000495498
0.000479287
0.00044004
0.000367785
0.00034294
0.00034068
0.000319145
0.000239253
0.000209708
0.000224867
0.000266843
0.000275001
0.000273448
0.000265709
0.00024094
0.0001702
0.000110389
8.16419e-05
7.36259e-05
7.45142e-05
8.30969e-05
9.3418e-05
0.000121657
0.000137019
0.000132187
0.000126983
0.000125822
0.000122878
0.000112299
9.81759e-05
8.4704e-05
7.57418e-05
7.05209e-05
6.4671e-05
5.65342e-05
4.70832e-05
3.77305e-05
2.93593e-05
2.23054e-05
1.65947e-05
1.21131e-05
8.68753e-06
6.12877e-06
4.25721e-06
2.91492e-06
1.96986e-06
1.31567e-06
8.69994e-07
5.70361e-07
3.71717e-07
2.40888e-07
1.56319e-07
1.01113e-07
6.77482e-08
4.67005e-08
4.55183e-08
5.93496e-08
1.09281e-07
2.34252e-07
4.26337e-07
9.5887e-07
1.30453e-06
2.83665e-06
3.16702e-06
4.33551e-06
5.13051e-06
5.6476e-06
6.16192e-06
9.1868e-06
9.18984e-06
1.34092e-05
1.30366e-05
1.6688e-05
1.65484e-05
2.01418e-05
2.00748e-05
2.1184e-05
2.27877e-05
2.37564e-05
2.58148e-05
2.84664e-05
3.14182e-05
3.87171e-05
4.12972e-05
5.3035e-05
5.3308e-05
5.7011e-05
4.66128e-05
3.96534e-05
2.30982e-05
1.78511e-05
1.06866e-05
1.33518e-05
1.19253e-05
2.3917e-05
2.67672e-05
7.54463e-05
0.000183732
0.000642653
0.000584683
0.00050963
0.000483582
0.00047323
0.000436212
0.000404826
0.000391964
0.00037673
0.000323129
0.000297226
0.000300255
0.00029469
0.00028591
0.000274818
0.00024869
0.00017358
0.00011133
7.99593e-05
7.11715e-05
7.23783e-05
8.15516e-05
0.00011204
0.000134904
0.000154802
0.000164349
0.000161742
0.000144466
0.000134201
0.000127269
0.000116294
0.000102295
8.8462e-05
7.81915e-05
7.06343e-05
6.28826e-05
5.39673e-05
4.46095e-05
3.57288e-05
2.7878e-05
2.12647e-05
1.58905e-05
1.16499e-05
8.38741e-06
5.93609e-06
4.13474e-06
2.83806e-06
1.92235e-06
1.28677e-06
8.52723e-07
5.60206e-07
3.659e-07
2.37574e-07
1.5463e-07
1.00145e-07
6.82389e-08
4.71535e-08
5.15973e-08
7.03139e-08
1.45585e-07
2.85281e-07
5.86466e-07
1.0404e-06
1.62542e-06
2.44061e-06
3.15559e-06
3.26709e-06
3.92054e-06
6.86433e-06
6.68982e-06
1.40563e-05
1.24608e-05
1.83627e-05
1.6749e-05
2.01596e-05
1.94723e-05
2.20234e-05
2.20275e-05
2.33554e-05
2.44644e-05
2.59751e-05
2.65208e-05
2.82288e-05
3.03084e-05
3.19213e-05
3.50713e-05
4.18116e-05
4.70877e-05
6.74058e-05
6.82166e-05
8.96857e-05
7.18108e-05
6.79102e-05
3.9136e-05
3.50846e-05
2.0296e-05
4.62386e-05
3.40593e-05
8.48445e-05
0.000157425
0.000568037
0.000534369
0.000482052
0.00043766
0.000432336
0.000427531
0.000408024
0.000375084
0.00036387
0.000355259
0.000348826
0.000327615
0.000297867
0.000274302
0.000240194
0.00016528
0.000108708
7.76152e-05
6.83812e-05
6.98717e-05
8.09657e-05
0.000109798
0.000164436
0.000196994
0.000199534
0.000195824
0.000188581
0.000168134
0.000146824
0.000132058
0.000119438
0.000105979
9.19252e-05
7.97895e-05
6.98684e-05
6.05248e-05
5.11915e-05
4.21488e-05
3.38319e-05
2.65141e-05
2.03086e-05
1.52183e-05
1.11707e-05
8.0438e-06
5.69147e-06
3.96365e-06
2.72137e-06
1.84508e-06
1.2372e-06
8.21944e-07
5.41697e-07
3.55161e-07
2.31503e-07
1.51474e-07
9.84415e-08
6.82793e-08
4.8179e-08
5.60086e-08
7.94993e-08
1.75336e-07
3.15201e-07
6.95622e-07
1.0344e-06
1.98302e-06
2.06935e-06
2.84556e-06
3.43838e-06
4.07152e-06
8.02539e-06
8.23208e-06
1.13088e-05
1.23496e-05
1.17142e-05
1.42835e-05
1.41236e-05
1.70642e-05
1.71558e-05
1.95804e-05
1.97676e-05
2.2283e-05
2.31391e-05
2.56696e-05
2.67078e-05
2.91987e-05
3.1412e-05
3.35986e-05
3.94375e-05
4.23988e-05
5.22536e-05
5.99996e-05
9.78521e-05
9.72245e-05
0.000144624
0.000103125
0.000115822
6.53988e-05
7.12274e-05
4.86249e-05
8.06916e-05
0.000131014
0.000456503
0.000440213
0.000418332
0.000370838
0.000357935
0.000366416
0.000364404
0.000337216
0.000309719
0.000307005
0.00030347
0.000285768
0.000251045
0.000205511
0.000145635
9.95524e-05
7.2861e-05
6.46606e-05
6.67178e-05
7.99324e-05
0.00011264
0.000169354
0.000228718
0.000248498
0.000246755
0.000235317
0.000215099
0.000187122
0.000158944
0.000140218
0.00012727
0.000112278
9.53558e-05
8.03071e-05
6.81295e-05
5.78791e-05
4.86798e-05
4.02297e-05
3.25298e-05
2.56766e-05
1.97683e-05
1.48525e-05
1.09059e-05
7.84202e-06
5.53465e-06
3.84281e-06
2.63045e-06
1.77883e-06
1.19065e-06
7.90454e-07
5.21197e-07
3.42359e-07
2.23773e-07
1.47156e-07
9.60286e-08
6.78088e-08
4.95661e-08
6.03795e-08
8.94575e-08
1.98948e-07
3.4114e-07
7.75401e-07
9.7846e-07
1.929e-06
1.86897e-06
2.41128e-06
3.52065e-06
4.42961e-06
6.3928e-06
7.91184e-06
7.42266e-06
9.93543e-06
9.63266e-06
1.20123e-05
1.20303e-05
1.47444e-05
1.45637e-05
1.67675e-05
1.67991e-05
1.91239e-05
1.93379e-05
2.26781e-05
2.32228e-05
2.62961e-05
2.70778e-05
3.03134e-05
3.38202e-05
3.72258e-05
4.30606e-05
4.87781e-05
7.01795e-05
8.14144e-05
0.000165419
0.000150849
0.000283744
0.000208835
0.000231236
0.000118648
0.000108853
0.000121566
0.000316042
0.000311752
0.000309216
0.00028217
0.000259991
0.000267797
0.000270161
0.000255523
0.000228355
0.000224118
0.000215587
0.000187897
0.000147793
0.000112214
8.06644e-05
6.21283e-05
5.88608e-05
6.23151e-05
7.74332e-05
0.000113774
0.000174308
0.000249368
0.000278914
0.000280499
0.000274765
0.000263963
0.000239423
0.000205559
0.000174066
0.000149435
0.000130875
0.000114024
9.64269e-05
7.99948e-05
6.66843e-05
5.6313e-05
4.75691e-05
3.9619e-05
3.22631e-05
2.55947e-05
1.97658e-05
1.4874e-05
1.0926e-05
7.85125e-06
5.53115e-06
3.82917e-06
2.61154e-06
1.75904e-06
1.17284e-06
7.75988e-07
5.10327e-07
3.34713e-07
2.18656e-07
1.44068e-07
9.42374e-08
6.7631e-08
5.22815e-08
6.66584e-08
1.05105e-07
2.2758e-07
3.84065e-07
8.42066e-07
9.69238e-07
1.84659e-06
1.66867e-06
2.22149e-06
3.0979e-06
4.59815e-06
4.90411e-06
6.99067e-06
6.59344e-06
7.88528e-06
7.38125e-06
9.56089e-06
9.14953e-06
1.14013e-05
1.18928e-05
1.44058e-05
1.38215e-05
1.66111e-05
1.66611e-05
1.98177e-05
2.00619e-05
2.44288e-05
2.44542e-05
2.86651e-05
3.08341e-05
3.70723e-05
3.97065e-05
4.73782e-05
5.83351e-05
7.438e-05
9.10202e-05
0.000116974
0.000177724
0.00019344
0.000233333
0.000209615
0.000201813
0.000141169
0.000174246
0.000176242
0.000183125
0.000171865
0.000151684
0.00015833
0.000162836
0.000151265
0.000132233
0.000127883
0.000118431
9.97456e-05
7.69788e-05
5.97927e-05
4.77765e-05
4.92671e-05
5.57741e-05
7.38977e-05
0.000113192
0.000179024
0.000270343
0.000301871
0.000301898
0.000293121
0.000280138
0.000271
0.000250559
0.000217147
0.000180458
0.000152279
0.000134609
0.000118552
9.81132e-05
7.94462e-05
6.59557e-05
5.61104e-05
4.78631e-05
4.02499e-05
3.30273e-05
2.63281e-05
2.03761e-05
1.533e-05
1.12373e-05
8.04671e-06
5.64539e-06
3.89183e-06
2.64341e-06
1.77358e-06
1.17827e-06
7.77031e-07
5.09583e-07
3.33447e-07
2.17487e-07
1.43188e-07
9.37662e-08
6.74995e-08
5.34726e-08
6.69742e-08
1.06747e-07
2.07784e-07
3.52522e-07
6.81659e-07
7.62619e-07
1.44433e-06
1.21063e-06
1.83758e-06
2.41152e-06
4.30377e-06
4.04647e-06
5.86096e-06
5.48482e-06
6.54963e-06
6.26637e-06
7.84387e-06
7.81943e-06
9.62936e-06
9.1509e-06
1.13513e-05
1.09774e-05
1.33762e-05
1.35e-05
1.65715e-05
1.60901e-05
1.97657e-05
1.9919e-05
2.42453e-05
2.53024e-05
3.20734e-05
3.41344e-05
4.05622e-05
6.58432e-05
7.09562e-05
0.000134895
0.000126079
0.000230764
0.000209859
0.000240205
0.0002249
0.000225438
0.000186185
7.00389e-05
7.36957e-05
8.17236e-05
7.58794e-05
6.59188e-05
6.99444e-05
7.26872e-05
6.81588e-05
5.93637e-05
5.58471e-05
5.15955e-05
4.43598e-05
3.58049e-05
3.51485e-05
3.80676e-05
4.76947e-05
6.9388e-05
0.000109706
0.000178405
0.000282053
0.000319414
0.000319625
0.000310288
0.000291955
0.000279005
0.000269813
0.000254029
0.000225799
0.00018928
0.000162297
0.000144126
0.000121389
9.81549e-05
7.9462e-05
6.67699e-05
5.80818e-05
5.06818e-05
4.32399e-05
3.56891e-05
2.84165e-05
2.1851e-05
1.62782e-05
1.17958e-05
8.34914e-06
5.79447e-06
3.95751e-06
2.66812e-06
1.78031e-06
1.17832e-06
7.75261e-07
5.07829e-07
3.32137e-07
2.16734e-07
1.42698e-07
9.37219e-08
6.73317e-08
5.42875e-08
6.67394e-08
1.0826e-07
1.94117e-07
3.45171e-07
5.42598e-07
7.03449e-07
1.09767e-06
1.0226e-06
1.43932e-06
1.95853e-06
3.64264e-06
3.26038e-06
4.68896e-06
4.74911e-06
5.5777e-06
5.36704e-06
6.70224e-06
6.89635e-06
8.43365e-06
8.43858e-06
9.54409e-06
9.96026e-06
1.20317e-05
1.23372e-05
1.4354e-05
1.49508e-05
1.76633e-05
1.861e-05
2.1459e-05
2.26774e-05
2.78045e-05
2.86641e-05
3.3592e-05
3.61494e-05
5.81453e-05
6.20174e-05
0.000107762
0.000115668
0.000180993
0.000227532
0.000224805
0.000226149
0.000202445
1.81682e-05
2.07896e-05
2.39413e-05
2.22116e-05
2.01883e-05
2.26164e-05
2.30043e-05
2.2023e-05
2.11111e-05
2.2294e-05
2.40264e-05
2.46033e-05
2.67311e-05
3.20433e-05
4.51305e-05
6.99739e-05
0.000107527
0.000170068
0.000277529
0.000331722
0.000334328
0.000324154
0.000296521
0.00027596
0.000268528
0.00026409
0.00025245
0.000224818
0.000193965
0.000168336
0.000144672
0.000120653
9.74026e-05
7.96375e-05
6.91023e-05
6.20826e-05
5.52156e-05
4.75044e-05
3.90921e-05
3.07817e-05
2.32922e-05
1.70361e-05
1.21164e-05
8.42519e-06
5.75374e-06
3.87114e-06
2.57396e-06
1.69701e-06
1.11316e-06
7.28533e-07
4.76688e-07
3.12469e-07
2.05102e-07
1.3591e-07
9.02869e-08
6.51394e-08
5.39095e-08
6.65127e-08
1.09225e-07
1.93968e-07
3.5249e-07
5.04936e-07
8.20046e-07
8.58887e-07
1.03543e-06
1.23795e-06
1.78233e-06
2.73622e-06
2.93394e-06
3.94636e-06
4.55011e-06
4.87774e-06
4.98559e-06
5.95165e-06
6.49539e-06
7.28646e-06
8.20813e-06
8.47352e-06
9.58427e-06
1.06898e-05
1.18954e-05
1.25037e-05
1.47199e-05
1.57333e-05
1.81661e-05
1.93607e-05
2.19271e-05
2.54696e-05
2.75856e-05
3.18549e-05
3.29628e-05
4.8936e-05
4.86036e-05
8.51273e-05
7.73376e-05
0.000143626
0.000139418
0.000198572
0.000243301
0.00022459
6.79668e-06
6.83155e-06
7.77038e-06
9.3024e-06
1.03276e-05
1.04105e-05
9.90865e-06
1.05165e-05
1.20112e-05
1.7985e-05
2.6627e-05
3.25508e-05
4.08171e-05
5.40796e-05
7.91213e-05
0.000114981
0.000163522
0.000254611
0.000339456
0.000348708
0.000337619
0.000301657
0.000271837
0.000257195
0.000253064
0.000253039
0.000245956
0.000221135
0.000193188
0.000166683
0.000143211
0.000119584
9.65308e-05
8.17975e-05
7.32647e-05
6.59316e-05
5.75717e-05
4.80162e-05
3.82498e-05
2.93212e-05
2.17586e-05
1.57052e-05
1.10726e-05
7.65475e-06
5.20885e-06
3.50371e-06
2.3381e-06
1.55221e-06
1.02714e-06
6.78648e-07
4.4832e-07
2.96517e-07
1.96376e-07
1.3094e-07
8.78805e-08
6.32718e-08
5.33944e-08
6.68788e-08
1.11311e-07
2.11008e-07
3.75869e-07
5.88311e-07
9.61522e-07
9.98103e-07
1.52983e-06
1.38287e-06
2.30032e-06
2.41988e-06
3.64981e-06
3.62342e-06
4.48957e-06
4.86905e-06
5.78017e-06
5.83132e-06
7.22943e-06
7.20672e-06
9.46363e-06
8.83218e-06
1.06489e-05
1.0776e-05
1.38406e-05
1.28514e-05
1.65928e-05
1.61064e-05
1.98083e-05
1.94938e-05
2.38661e-05
2.45054e-05
2.8384e-05
2.97518e-05
3.15024e-05
4.23711e-05
4.229e-05
6.96341e-05
6.32435e-05
0.000117981
0.000109391
0.000151819
0.000198752
0.000215642
9.09475e-06
8.78337e-06
8.51327e-06
1.3228e-05
1.84492e-05
1.7913e-05
1.5872e-05
1.68204e-05
2.26247e-05
3.60225e-05
5.2444e-05
6.44162e-05
7.58601e-05
9.72882e-05
0.000136724
0.000174997
0.000235224
0.000338833
0.000362467
0.000352189
0.000309875
0.000267669
0.000259898
0.000252049
0.000243124
0.000243296
0.000239081
0.000218827
0.000190522
0.000165562
0.000144187
0.000118725
9.66431e-05
8.42472e-05
7.89784e-05
7.36323e-05
6.48508e-05
5.38249e-05
4.27224e-05
3.26848e-05
2.42476e-05
1.7518e-05
1.23693e-05
8.56515e-06
5.83535e-06
3.92313e-06
2.60977e-06
1.72214e-06
1.12998e-06
7.38917e-07
4.82576e-07
3.15322e-07
2.06525e-07
1.3595e-07
9.0685e-08
6.37869e-08
5.36056e-08
6.69441e-08
1.14228e-07
2.30907e-07
4.24623e-07
7.51183e-07
1.17077e-06
1.45654e-06
2.27085e-06
1.94358e-06
3.24135e-06
2.6608e-06
5.07416e-06
4.14362e-06
5.85157e-06
5.79045e-06
7.31251e-06
6.6464e-06
9.47289e-06
7.9443e-06
1.26433e-05
1.05459e-05
1.43611e-05
1.21011e-05
1.78791e-05
1.44868e-05
2.12449e-05
1.80257e-05
2.41638e-05
2.0821e-05
2.86597e-05
2.58283e-05
3.19277e-05
3.02612e-05
3.38152e-05
3.91406e-05
4.04237e-05
5.94488e-05
5.595e-05
9.65423e-05
9.00949e-05
0.000129099
0.000136389
0.000178373
3.0735e-05
2.98571e-05
2.96452e-05
3.58358e-05
4.78771e-05
4.84056e-05
4.83915e-05
5.05314e-05
5.82613e-05
7.81861e-05
9.77018e-05
0.000110276
0.000128381
0.000166084
0.000206138
0.000246852
0.00033214
0.000372786
0.000367754
0.000327575
0.000267023
0.000252607
0.000254248
0.000249705
0.000236734
0.000236229
0.000233233
0.000214793
0.000188399
0.000167652
0.000144366
0.00011719
9.78018e-05
8.8848e-05
8.64943e-05
8.28838e-05
7.09366e-05
5.63239e-05
4.33187e-05
3.23821e-05
2.35413e-05
1.66899e-05
1.15999e-05
7.9375e-06
5.36474e-06
3.58999e-06
2.38443e-06
1.57573e-06
1.03854e-06
6.83909e-07
4.50876e-07
2.97668e-07
1.97363e-07
1.31211e-07
8.87503e-08
6.2866e-08
5.29179e-08
6.51843e-08
1.11134e-07
2.22631e-07
4.31064e-07
7.9068e-07
1.25869e-06
1.80477e-06
2.74316e-06
2.70368e-06
4.75552e-06
3.48465e-06
7.77362e-06
5.72619e-06
8.57493e-06
7.89501e-06
9.8167e-06
8.86015e-06
1.38024e-05
1.01559e-05
1.73859e-05
1.39697e-05
1.92504e-05
1.53374e-05
2.44354e-05
1.82232e-05
2.73268e-05
2.19941e-05
3.11358e-05
2.4213e-05
3.56062e-05
2.93681e-05
3.84032e-05
3.24773e-05
4.25312e-05
4.01874e-05
4.33183e-05
5.28796e-05
5.29845e-05
8.13208e-05
7.74644e-05
0.000110711
0.000113136
0.000140313
9.67688e-05
9.54219e-05
9.36255e-05
9.82032e-05
0.00011483
0.000116682
0.00011699
0.000121096
0.000135839
0.00014883
0.000163323
0.000178347
0.000203345
0.000247189
0.000275312
0.000325757
0.00037508
0.000379782
0.000353007
0.000274454
0.000244853
0.000244377
0.000246129
0.000239504
0.000229669
0.000221046
0.000217635
0.000204448
0.000185912
0.000167095
0.000140412
0.000115443
0.000101021
9.78441e-05
9.44119e-05
8.32245e-05
6.72676e-05
5.21118e-05
3.93147e-05
2.91429e-05
2.13625e-05
1.55053e-05
1.11073e-05
7.84102e-06
5.45717e-06
3.75233e-06
2.55356e-06
1.72303e-06
1.15538e-06
7.72469e-07
5.17463e-07
3.50436e-07
2.42555e-07
1.77658e-07
1.32297e-07
1.29907e-07
1.19336e-07
1.67205e-07
1.96522e-07
3.29257e-07
5.13707e-07
8.26598e-07
1.31575e-06
1.90552e-06
3.11492e-06
3.43294e-06
7.36549e-06
5.30908e-06
1.28131e-05
9.02029e-06
1.39377e-05
1.23648e-05
1.46758e-05
1.33676e-05
2.09134e-05
1.46664e-05
2.61334e-05
2.04037e-05
2.82322e-05
2.19896e-05
3.44031e-05
2.48056e-05
3.77086e-05
2.93037e-05
4.16299e-05
3.05177e-05
4.6114e-05
3.59813e-05
4.86508e-05
3.76571e-05
5.09502e-05
4.38425e-05
5.25593e-05
5.35872e-05
5.4971e-05
7.08035e-05
6.97621e-05
9.37388e-05
9.56939e-05
0.000116605
0.000211958
0.000208728
0.000203064
0.000206166
0.00021457
0.000212946
0.000211111
0.000214797
0.000227707
0.000234554
0.00024844
0.000261672
0.000285066
0.000306176
0.000332428
0.000370389
0.000386599
0.000372254
0.000294159
0.00024297
0.000224872
0.000222547
0.00022204
0.000220569
0.000222754
0.000210372
0.000201708
0.000193297
0.000180826
0.000158767
0.000134154
0.000116648
0.000111956
0.000106291
9.3383e-05
7.6312e-05
6.01392e-05
4.68234e-05
3.62238e-05
2.78206e-05
2.1125e-05
1.58299e-05
1.17213e-05
8.58646e-06
6.23412e-06
4.50137e-06
3.25491e-06
2.38475e-06
1.79839e-06
1.42282e-06
1.18896e-06
1.05796e-06
9.69314e-07
9.36788e-07
8.89572e-07
9.44344e-07
8.99276e-07
1.11872e-06
1.0415e-06
1.52452e-06
1.49749e-06
2.03705e-06
2.4604e-06
2.72828e-06
5.03884e-06
5.20857e-06
1.26247e-05
9.15348e-06
2.19764e-05
1.52072e-05
2.39089e-05
2.09884e-05
2.37633e-05
2.14266e-05
3.21847e-05
2.26517e-05
3.96196e-05
3.05338e-05
3.98344e-05
3.295e-05
4.81755e-05
3.49416e-05
5.07056e-05
4.03875e-05
5.50163e-05
4.06883e-05
5.98646e-05
4.65181e-05
6.22658e-05
4.70726e-05
6.49081e-05
5.26777e-05
6.43473e-05
5.85124e-05
6.03921e-05
6.88226e-05
6.916e-05
8.34007e-05
8.56057e-05
0.000100788
0.000354737
0.000341301
0.00032439
0.000324509
0.000324818
0.000311403
0.000299866
0.000303724
0.000310047
0.000312777
0.000318641
0.000327561
0.000342904
0.000353472
0.000369858
0.000385986
0.000379835
0.00031563
0.000252733
0.000222668
0.000195656
0.000189212
0.000190143
0.00020212
0.00021236
0.000206188
0.000195371
0.000184229
0.000169428
0.000151724
0.000135494
0.000128743
0.000119231
0.000104449
8.55012e-05
6.86614e-05
5.53829e-05
4.48405e-05
3.62616e-05
2.9317e-05
2.37988e-05
1.94487e-05
1.60478e-05
1.34406e-05
1.1496e-05
1.00916e-05
9.10534e-06
8.43245e-06
7.96783e-06
7.6655e-06
7.42876e-06
7.30596e-06
7.15006e-06
7.11186e-06
6.99518e-06
7.10648e-06
6.95154e-06
7.44162e-06
7.11851e-06
8.17092e-06
7.71341e-06
8.96549e-06
8.93889e-06
8.75537e-06
1.30384e-05
1.19416e-05
2.48392e-05
1.87812e-05
3.96073e-05
2.74709e-05
4.29734e-05
3.70337e-05
4.18048e-05
3.74889e-05
5.09772e-05
3.76145e-05
6.01908e-05
4.62374e-05
5.78651e-05
5.01082e-05
6.71633e-05
4.95769e-05
6.98224e-05
5.71475e-05
7.32064e-05
5.56116e-05
7.87476e-05
6.22766e-05
8.03952e-05
6.27891e-05
8.32971e-05
6.77803e-05
8.08229e-05
6.87923e-05
7.40973e-05
7.30396e-05
7.35544e-05
8.16194e-05
8.25946e-05
8.88212e-05
0.00048391
0.000455477
0.000432333
0.000419718
0.000398998
0.000374814
0.000368766
0.000369991
0.000368307
0.000360973
0.000361517
0.000368997
0.000379377
0.000381479
0.00038429
0.000379084
0.000331741
0.000253728
0.000235494
0.000215427
0.000185344
0.000173438
0.000172065
0.00018099
0.000198603
0.000201779
0.000191686
0.000179638
0.000167193
0.000154709
0.00014518
0.000132394
0.000114665
9.4468e-05
7.85942e-05
6.64858e-05
5.71979e-05
5.06929e-05
4.64431e-05
4.3713e-05
4.19204e-05
4.06986e-05
3.98201e-05
3.91516e-05
3.8617e-05
3.81811e-05
3.78143e-05
3.75226e-05
3.72585e-05
3.7086e-05
3.687e-05
3.68012e-05
3.66107e-05
3.65938e-05
3.64227e-05
3.65271e-05
3.62437e-05
3.67325e-05
3.61399e-05
3.7232e-05
3.63519e-05
3.77245e-05
3.74874e-05
3.68107e-05
4.15517e-05
3.71591e-05
5.45015e-05
4.60482e-05
7.46153e-05
5.4563e-05
8.00101e-05
6.76169e-05
7.60809e-05
6.89934e-05
8.28677e-05
6.59037e-05
9.37859e-05
7.17038e-05
8.73809e-05
7.62597e-05
9.43093e-05
7.21022e-05
9.72076e-05
8.05765e-05
9.74581e-05
7.68842e-05
0.000104684
8.52931e-05
0.000104468
8.30358e-05
0.00010863
9.00268e-05
0.00010442
8.66415e-05
9.29211e-05
8.53625e-05
8.68793e-05
8.69751e-05
8.56527e-05
8.66312e-05
0.000581738
0.000536227
0.000496709
0.000468685
0.000442428
0.000420135
0.000412749
0.000404965
0.000393969
0.000392577
0.00039481
0.000395406
0.000393142
0.000389214
0.00037547
0.000327804
0.000244426
0.000224944
0.000231995
0.000219501
0.000185729
0.000169853
0.000165728
0.000166601
0.000182166
0.000189081
0.000188253
0.000177767
0.000168117
0.000157092
0.0001427
0.000124725
0.000107195
9.44787e-05
8.78516e-05
8.66722e-05
8.76743e-05
9.14849e-05
9.54717e-05
9.85772e-05
0.000100965
0.000102757
0.000104072
0.00010502
0.000105692
0.000106167
0.000106498
0.000106743
0.000106903
0.000107049
0.000107114
0.000107228
0.000107225
0.000107334
0.000107224
0.000107481
0.000107091
0.000107753
0.000106758
0.000108336
0.000106481
0.000109392
0.000107343
0.000110144
0.000110659
0.000106398
0.000117379
0.000102446
0.000137419
0.000113614
0.000147577
0.000122453
0.000136123
0.000123408
0.000133917
0.00011276
0.000141109
0.000111777
0.000130975
0.000114711
0.000129959
0.000108675
0.000134993
0.000112097
0.000130736
0.000110707
0.000141969
0.000115538
0.000138403
0.000114174
0.000146406
0.000122497
0.000138306
0.000114642
0.000123808
0.000111597
0.000113042
0.000108464
0.000103359
9.6255e-05
0.000640254
0.000570103
0.00051986
0.000485093
0.000458015
0.00043979
0.000432196
0.00042311
0.000414936
0.000412492
0.000408875
0.000402095
0.000389159
0.000360659
0.000297091
0.000223779
0.000194686
0.00021667
0.000258712
0.000268639
0.000227437
0.000195919
0.000178302
0.000167403
0.000164179
0.000174018
0.000177478
0.000174252
0.000166039
0.000154587
0.000141605
0.000131146
0.000129113
0.000134409
0.000148514
0.000161322
0.000171124
0.000178274
0.000183349
0.00018697
0.000189595
0.000191523
0.000192954
0.000194025
0.000194837
0.00019546
0.000195944
0.000196329
0.000196629
0.000196885
0.000197058
0.00019726
0.000197326
0.000197525
0.00019749
0.000197765
0.000197437
0.000198217
0.000197075
0.000199273
0.00019619
0.000201686
0.000195246
0.000206345
0.000196467
0.000211241
0.00020139
0.000203259
0.000211841
0.000188031
0.00022181
0.000191136
0.00021488
0.000193844
0.000201531
0.000181094
0.000200763
0.000174214
0.000198288
0.000174216
0.000189084
0.000166397
0.000197527
0.000166302
0.000192293
0.000166924
0.000204797
0.000167269
0.00020047
0.000170319
0.000212056
0.00017588
0.000201653
0.000169021
0.000188643
0.000170176
0.000174399
0.000166797
0.000161922
0.000153123
0.000644979
0.000561402
0.000512218
0.000482938
0.000462863
0.000450991
0.000443505
0.000432653
0.000422665
0.000413291
0.000394253
0.000364538
0.000311737
0.000241705
0.000184555
0.000163123
0.000175691
0.000223013
0.000282508
0.000326356
0.000343
0.000323234
0.000304937
0.000264043
0.00021066
0.000183462
0.000180552
0.000178527
0.000176493
0.000176557
0.000181931
0.000194627
0.000209955
0.000224071
0.000234903
0.000242448
0.000247947
0.000252058
0.000255199
0.000257651
0.000259597
0.000261158
0.000262417
0.000263439
0.000264271
0.000264952
0.000265511
0.00026597
0.000266351
0.000266665
0.000266926
0.000267151
0.00026732
0.000267523
0.000267584
0.000267859
0.000267726
0.000268315
0.000267427
0.000269391
0.000266122
0.00027214
0.000263073
0.000278641
0.000258973
0.000290922
0.000257367
0.000307527
0.00026365
0.000313034
0.000278884
0.00029812
0.000284578
0.00029936
0.000279121
0.000307955
0.000288058
0.000295147
0.000302407
0.000295797
0.000295489
0.000295735
0.000310202
0.000287231
0.00030962
0.000294777
0.000321831
0.000286207
0.000324341
0.000295996
0.0003399
0.000298506
0.000338136
0.000306829
0.000348019
0.000336345
0.000356929
0.00036524
0.000376071
0.000395306
0.000524504
0.000473509
0.00045009
0.000435016
0.000421755
0.000408023
0.000389057
0.000362919
0.000332185
0.000295902
0.000251958
0.000207334
0.000168024
0.000143836
0.000140521
0.000149624
0.000170189
0.000195161
0.000234783
0.000313428
0.000404347
0.000479852
0.000537411
0.000564643
0.000533981
0.00043567
0.000329116
0.000248937
0.000197502
0.00017331
0.00017314
0.000188035
0.000205855
0.00022148
0.000233522
0.000242487
0.000249258
0.000254537
0.000258779
0.000262251
0.000265114
0.000267476
0.000269423
0.000271024
0.000272341
0.000273424
0.000274317
0.000275053
0.000275667
0.000276176
0.000276612
0.000276975
0.000277297
0.00027758
0.000277795
0.000278108
0.000278086
0.000278691
0.000277904
0.000279824
0.000276419
0.000282871
0.000272145
0.000290293
0.000264003
0.000304077
0.000254078
0.000326311
0.000248939
0.000363396
0.00025925
0.000407026
0.000285584
0.000440466
0.00030903
0.000470864
0.000329268
0.000494682
0.000357431
0.0005073
0.000378556
0.000527631
0.000397916
0.000537953
0.000428925
0.000553298
0.000446656
0.000550614
0.000483358
0.000569119
0.000514708
0.000564739
0.000555821
0.000611996
0.000634419
0.000696253
0.000715624
0.000791868
0.000803099
0.000892212
0.000104612
0.000144802
0.000209452
0.00030112
0.000446336
0.000497731
0.000469565
0.000420051
0.000344011
0.000274133
0.000381035
0.000585204
0.000727905
0.000811725
0.00084158
0.000839988
0.000784526
0.000680704
0.000604576
0.000462665
0.000387456
0.000270953
0.000210866
0.000168205
0.000152838
0.00016851
0.000204678
0.000248715
0.000289073
0.000318929
0.000336522
0.000343195
0.000342923
0.000338023
0.000330053
0.000321808
0.000314031
0.000307156
0.000301322
0.000296521
0.000292637
0.000289526
0.000287045
0.00028507
0.000283494
0.000282232
0.000281216
0.00028039
0.000279711
0.000279143
0.000278658
0.000278229
0.000277838
0.000277461
0.000277088
0.000276688
0.000276262
0.000275764
0.000275212
0.000274539
0.000273785
0.000272875
0.000271858
0.000270686
0.000269382
0.00026798
0.000266423
0.000264842
0.000263089
0.000261327
0.000259397
0.000257346
0.000255135
0.000252612
0.000249861
0.000246655
0.000242994
0.000238798
0.000233844
0.000228156
0.000221481
0.000213668
0.000204606
0.000194037
0.000181694
0.000167776
0.000151581
0.000134285
0.000115544
9.81711e-05
8.9445e-05
9.28895e-05
0.000107369
0.000129749
0.000146841
0.000152945
0.000146118
0.00011441
7.83328e-05
5.15413e-05
0.000115038
0.000122055
0.000134081
0.000156758
0.00017695
0.000247338
0.000272908
0.000273504
0.0003771
0.000535193
0.000566343
0.000578475
0.00056094
0.000488848
0.000417165
0.000352161
0.000254989
0.000219337
0.000196571
0.000166194
0.000156492
0.000145214
0.000136165
0.000134597
0.000129591
0.000127169
0.00012917
0.000139839
0.000162454
0.000191138
0.000220565
0.000245971
0.000264212
0.000275305
0.000281267
0.000283018
0.000282787
0.000281696
0.000279803
0.00027795
0.000276268
0.000274805
0.000273565
0.000272533
0.000271681
0.000270981
0.000270407
0.000269937
0.000269551
0.000269234
0.000268972
0.000268753
0.000268571
0.000268412
0.00026828
0.000268153
0.000268047
0.000267928
0.000267828
0.000267695
0.000267571
0.000267401
0.000267212
0.000266984
0.000266687
0.000266382
0.000265949
0.000265545
0.000264989
0.000264457
0.000263808
0.000263116
0.000262364
0.000261516
0.000260573
0.000259598
0.000258362
0.000257194
0.000255637
0.000254105
0.000252122
0.000250177
0.000247324
0.000245112
0.000240737
0.000237988
0.000231796
0.000227749
0.000218766
0.000212148
0.000197719
0.00018577
0.000163687
0.000147151
0.000129744
0.000115141
9.84399e-05
8.91137e-05
7.81615e-05
6.98541e-05
0.000114958
0.000122201
0.000140244
0.000172942
0.000180712
0.000194281
0.000226369
0.000336602
0.000516789
0.000526082
0.000473354
0.000373209
0.000269068
0.000207124
0.000173546
0.000163581
0.000161441
0.00016847
0.000168331
0.000166623
0.000167182
0.00016663
0.000154881
0.000149729
0.000136587
0.000124237
0.000111727
0.000101235
9.42571e-05
9.21923e-05
9.42268e-05
0.000102516
0.000123666
0.000147361
0.000165325
0.000178538
0.000187947
0.000194151
0.000197882
0.000199938
0.000200923
0.00020127
0.000201214
0.000201051
0.000200755
0.000200439
0.000200138
0.000199867
0.000199631
0.000199433
0.000199271
0.000199146
0.000199052
0.000198993
0.000198969
0.000198975
0.000198998
0.000199068
0.000199157
0.00019932
0.000199461
0.000199688
0.000199888
0.000200135
0.000200401
0.000200598
0.000200931
0.000201066
0.000201406
0.000201555
0.000201893
0.000202096
0.00020254
0.000202812
0.000203497
0.000203794
0.000204919
0.000205181
0.000206899
0.000207145
0.000209536
0.000209877
0.000212949
0.000213526
0.000217008
0.000217575
0.000220352
0.000220051
0.000220673
0.000218835
0.000219335
0.000214958
0.000211871
0.000197793
0.000182325
0.000154541
0.000139655
0.000117004
8.98702e-05
8.04515e-05
0.000117204
0.000128105
0.0001582
0.000193107
0.000213101
0.000232411
0.000297507
0.000465761
0.000508328
0.000428376
0.000287832
0.000209321
0.000172335
0.000164442
0.000175761
0.000184421
0.000195927
0.000201343
0.00019739
0.00019263
0.000190394
0.000181986
0.000180191
0.000175215
0.000167063
0.00015391
0.000134455
0.000113404
9.60149e-05
8.21454e-05
7.01084e-05
6.12087e-05
5.83385e-05
5.93042e-05
6.35568e-05
7.33661e-05
8.40573e-05
9.24683e-05
9.85722e-05
0.000102743
0.000105456
0.000107144
0.000108137
0.000108687
0.000108954
0.000109057
0.000109053
0.000109014
0.000108943
0.000108871
0.000108803
0.000108756
0.000108726
0.000108723
0.000108732
0.000108785
0.00010885
0.000109
0.000109118
0.000109378
0.000109557
0.000109925
0.000110203
0.000110602
0.000111037
0.000111383
0.000111951
0.000112328
0.000112829
0.000113528
0.000113876
0.000114879
0.000115287
0.000116705
0.000117154
0.00011908
0.000119735
0.000122337
0.000123318
0.000126725
0.000128318
0.000132685
0.000135283
0.000140746
0.00014573
0.000151719
0.000161351
0.000169651
0.000181542
0.000192089
0.000201467
0.000206576
0.000209031
0.000207413
0.000199487
0.000187939
0.000157254
0.000136422
0.000105246
8.75286e-05
0.000117421
0.000133543
0.000174517
0.000215954
0.00025219
0.000307648
0.000407503
0.000469069
0.00044351
0.000282308
0.000194026
0.000165483
0.000163451
0.000182753
0.000208406
0.000218392
0.000223271
0.000222591
0.00022254
0.000201838
0.000195154
0.000185351
0.000183146
0.000181085
0.000176955
0.000168825
0.000157984
0.000139932
0.000117797
9.88439e-05
8.28815e-05
6.92079e-05
5.78351e-05
4.75128e-05
3.82469e-05
3.3219e-05
3.26073e-05
3.30488e-05
3.44413e-05
3.6418e-05
3.78776e-05
3.87891e-05
3.92674e-05
3.94e-05
3.93474e-05
3.91981e-05
3.89569e-05
3.87006e-05
3.84502e-05
3.82252e-05
3.80258e-05
3.78674e-05
3.77374e-05
3.76577e-05
3.76208e-05
3.76293e-05
3.76541e-05
3.77421e-05
3.78368e-05
3.80737e-05
3.82418e-05
3.86091e-05
3.88725e-05
3.92501e-05
3.97759e-05
4.00467e-05
4.07128e-05
4.10222e-05
4.17348e-05
4.20973e-05
4.29104e-05
4.34151e-05
4.4442e-05
4.51068e-05
4.65537e-05
4.74108e-05
4.94083e-05
5.05839e-05
5.29208e-05
5.5553e-05
5.74419e-05
6.20819e-05
6.48216e-05
7.09329e-05
7.48212e-05
8.30988e-05
8.94032e-05
0.00010107
0.00011056
0.000126613
0.000140234
0.000162301
0.000176148
0.000192067
0.000190955
0.000185765
0.000169758
0.000138454
0.000114247
9.69854e-05
0.000116595
0.000140711
0.000187494
0.000231309
0.000282581
0.000352333
0.000413412
0.000438877
0.00030758
0.0002002
0.000164209
0.000160381
0.000177929
0.000214658
0.000231643
0.000238597
0.000244319
0.000234183
0.000236017
0.000207741
0.000196958
0.000184427
0.000182451
0.000182768
0.000181149
0.000173793
0.000163605
0.000153156
0.000136169
0.000113582
9.4463e-05
7.91621e-05
6.65846e-05
5.57031e-05
4.58463e-05
3.69858e-05
2.94434e-05
2.32789e-05
1.85556e-05
1.52123e-05
1.30435e-05
1.17082e-05
1.08771e-05
1.03118e-05
9.87261e-06
9.50103e-06
9.1708e-06
8.87621e-06
8.61457e-06
8.38945e-06
8.19369e-06
8.03719e-06
7.90552e-06
7.81764e-06
7.74298e-06
7.73113e-06
7.73315e-06
7.76745e-06
7.81231e-06
7.94299e-06
8.03665e-06
8.26177e-06
8.40611e-06
8.65976e-06
8.96709e-06
9.12557e-06
9.52859e-06
9.71746e-06
1.01253e-05
1.04004e-05
1.06815e-05
1.13186e-05
1.16041e-05
1.23357e-05
1.27742e-05
1.35897e-05
1.47738e-05
1.5432e-05
1.71823e-05
1.82238e-05
2.05025e-05
2.21787e-05
2.5157e-05
2.83488e-05
3.15876e-05
3.76627e-05
4.22449e-05
5.13683e-05
5.83779e-05
7.25925e-05
8.28771e-05
0.000102644
0.000118369
0.000140502
0.000158914
0.000161667
0.000158153
0.000142059
0.000113312
0.00011098
0.00011648
0.000147903
0.000194429
0.000237334
0.0002964
0.000355143
0.000390904
0.00034585
0.000219326
0.000167725
0.000159439
0.000171085
0.000204508
0.000223213
0.000233743
0.000237937
0.000242748
0.000234133
0.000231487
0.000208438
0.000190935
0.000179528
0.000182226
0.000185825
0.000186733
0.000180689
0.000166108
0.000155106
0.0001453
0.00013014
0.000108652
8.93596e-05
7.37816e-05
6.13257e-05
5.09516e-05
4.18916e-05
3.37832e-05
2.66309e-05
2.05601e-05
1.56463e-05
1.17067e-05
8.63912e-06
6.33092e-06
4.65155e-06
3.47052e-06
2.67027e-06
2.14325e-06
1.80133e-06
1.57759e-06
1.42819e-06
1.32269e-06
1.24901e-06
1.19222e-06
1.15685e-06
1.12494e-06
1.11685e-06
1.11502e-06
1.12521e-06
1.13639e-06
1.17703e-06
1.20389e-06
1.27676e-06
1.32049e-06
1.4055e-06
1.50306e-06
1.55251e-06
1.6941e-06
1.74907e-06
1.90346e-06
1.96419e-06
2.10907e-06
2.27446e-06
2.38743e-06
2.67503e-06
2.83737e-06
3.24275e-06
3.50112e-06
3.97053e-06
4.53322e-06
5.03873e-06
6.14815e-06
6.88651e-06
8.35521e-06
9.71483e-06
1.19227e-05
1.43836e-05
1.83592e-05
2.22686e-05
2.89373e-05
3.57566e-05
4.70836e-05
5.73639e-05
7.65698e-05
8.90849e-05
0.00011226
0.000123117
0.00012702
0.000127159
0.00011429
0.000111797
0.000115641
0.000151202
0.000198043
0.000237783
0.000293881
0.000329316
0.000335433
0.000247986
0.000176048
0.000158764
0.000162262
0.000188926
0.000214555
0.000221599
0.000222012
0.000222585
0.000218873
0.000216745
0.000203903
0.000188883
0.000177257
0.000176576
0.000185499
0.000196122
0.000199494
0.000195775
0.000173901
0.000154559
0.000145137
0.000135949
0.000121469
0.000101557
8.31582e-05
6.80267e-05
5.59263e-05
4.59929e-05
3.75009e-05
3.01026e-05
2.36689e-05
1.81501e-05
1.3612e-05
1.00003e-05
7.20799e-06
5.11408e-06
3.58399e-06
2.48105e-06
1.70149e-06
1.16149e-06
7.94047e-07
5.4833e-07
3.86853e-07
2.8359e-07
2.18753e-07
1.80923e-07
1.57732e-07
1.47155e-07
1.41252e-07
1.42354e-07
1.43338e-07
1.50884e-07
1.55429e-07
1.71369e-07
1.79629e-07
2.00392e-07
2.17893e-07
2.31129e-07
2.65808e-07
2.78832e-07
3.15819e-07
3.30885e-07
3.73463e-07
4.06318e-07
4.49745e-07
5.20513e-07
5.70195e-07
6.7805e-07
7.69681e-07
9.51897e-07
1.09796e-06
1.34144e-06
1.66607e-06
1.97381e-06
2.55891e-06
3.17916e-06
4.12553e-06
5.82485e-06
7.22494e-06
9.67986e-06
1.26803e-05
1.72473e-05
2.29943e-05
3.16077e-05
4.21944e-05
5.81792e-05
7.10987e-05
9.45171e-05
9.77397e-05
0.000105444
0.00012199
0.000101165
0.000111273
0.000152459
0.000199145
0.000229616
0.000269413
0.000286293
0.000273335
0.000195193
0.000163174
0.000158878
0.000170202
0.000200338
0.000214688
0.000216022
0.000210685
0.000214708
0.000213299
0.000208162
0.000193112
0.000177129
0.000171879
0.000175251
0.000197199
0.000213212
0.000214229
0.000208411
0.000191483
0.000158843
0.000140417
0.000134153
0.000126148
0.000112131
9.31447e-05
7.56637e-05
6.13072e-05
4.98617e-05
4.05571e-05
3.27362e-05
2.60338e-05
2.03032e-05
1.54943e-05
1.15659e-05
8.45127e-06
6.04842e-06
4.24475e-06
2.93117e-06
1.99672e-06
1.34493e-06
8.98103e-07
5.96462e-07
3.95113e-07
2.61562e-07
1.73499e-07
1.15769e-07
7.79108e-08
5.34896e-08
3.75255e-08
2.85566e-08
2.23105e-08
2.12843e-08
2.06557e-08
2.30509e-08
2.37465e-08
2.88491e-08
3.06397e-08
3.49661e-08
4.10676e-08
4.33208e-08
5.24418e-08
5.53564e-08
6.60234e-08
7.14729e-08
8.19302e-08
9.93385e-08
1.20677e-07
1.59896e-07
1.90138e-07
2.41172e-07
2.86708e-07
3.61157e-07
4.748e-07
5.94537e-07
9.0941e-07
1.31566e-06
1.88935e-06
2.34316e-06
2.92412e-06
4.46678e-06
5.63784e-06
7.98197e-06
1.09595e-05
1.59494e-05
2.25546e-05
3.29435e-05
4.51885e-05
6.02352e-05
8.21905e-05
8.64374e-05
0.000102177
0.000122023
0.000109556
0.000150098
0.000197043
0.000220424
0.000245046
0.00025315
0.000223776
0.0001729
0.000160592
0.000160357
0.000179759
0.000206336
0.000214161
0.000214377
0.000208195
0.000212998
0.000213338
0.000210484
0.00019611
0.000177669
0.000172742
0.000183548
0.000211877
0.000219769
0.000217982
0.000209823
0.000198107
0.000171802
0.000140986
0.000126212
0.000122639
0.000116892
0.000102502
8.40697e-05
6.75769e-05
5.41923e-05
4.35694e-05
3.49937e-05
2.78849e-05
2.19065e-05
1.68957e-05
1.27659e-05
9.44364e-06
6.84234e-06
4.86063e-06
3.3903e-06
2.32595e-06
1.57271e-06
1.05035e-06
6.94382e-07
4.55555e-07
2.97579e-07
1.94066e-07
1.26702e-07
8.29693e-08
5.46565e-08
3.61993e-08
2.42798e-08
1.63411e-08
1.17858e-08
7.94545e-09
7.67128e-09
6.18509e-09
8.57028e-09
7.6018e-09
1.09048e-08
1.04955e-08
1.16437e-08
1.29226e-08
1.30178e-08
1.58113e-08
1.83451e-08
2.41658e-08
3.49593e-08
4.20346e-08
6.12813e-08
6.27222e-08
8.19748e-08
9.72205e-08
1.27565e-07
1.91312e-07
2.95053e-07
4.73443e-07
5.59486e-07
1.20372e-06
1.60006e-06
2.74643e-06
2.84642e-06
3.60906e-06
4.37603e-06
6.0739e-06
8.39549e-06
1.21551e-05
1.82128e-05
2.67532e-05
3.89222e-05
5.73551e-05
7.86542e-05
9.90869e-05
0.000127082
0.000107434
0.000144492
0.000193947
0.000211287
0.000223969
0.000228543
0.000189297
0.000163367
0.000157461
0.000162352
0.00018608
0.000208471
0.000210863
0.000213081
0.000206884
0.000206444
0.000205268
0.000209056
0.000203665
0.000190518
0.000188388
0.000204352
0.000216462
0.000219712
0.000216741
0.00020164
0.000194115
0.000178135
0.000148994
0.000123572
0.000113967
0.000111566
0.000107051
9.25849e-05
7.44896e-05
5.91388e-05
4.68953e-05
3.72296e-05
2.94746e-05
2.31325e-05
1.79043e-05
1.3619e-05
1.01625e-05
7.43465e-06
5.33387e-06
3.75579e-06
2.59873e-06
1.76958e-06
1.1879e-06
7.87674e-07
5.17029e-07
3.36794e-07
2.18269e-07
1.41157e-07
9.13034e-08
5.92555e-08
3.86763e-08
2.55003e-08
1.70432e-08
1.21231e-08
8.16838e-09
8.27604e-09
6.77373e-09
1.09466e-08
9.15907e-09
1.53786e-08
1.39379e-08
1.64554e-08
1.55136e-08
1.56858e-08
1.7943e-08
2.07077e-08
3.61572e-08
3.71868e-08
5.3737e-08
5.43907e-08
6.18021e-08
7.80848e-08
8.06155e-08
1.13333e-07
1.10131e-07
2.13236e-07
3.65139e-07
8.90387e-07
9.01278e-07
1.2613e-06
1.67704e-06
1.90318e-06
2.13941e-06
3.13319e-06
3.66014e-06
5.07854e-06
6.88664e-06
1.03039e-05
1.61334e-05
2.48703e-05
3.93202e-05
6.0227e-05
8.80735e-05
0.000127462
0.000105085
0.000134723
0.000190813
0.000206302
0.00021001
0.000206885
0.00017373
0.000160607
0.00015681
0.00016647
0.000197614
0.000217704
0.000208983
0.000210821
0.000196179
0.000182969
0.000178125
0.000185663
0.000198661
0.000198104
0.000201798
0.000212135
0.00021481
0.0002096
0.000203593
0.000179676
0.000169121
0.000169914
0.000155241
0.00012679
0.00010876
0.000103622
0.000101739
9.70626e-05
8.16136e-05
6.46051e-05
5.06646e-05
3.96928e-05
3.1071e-05
2.42013e-05
1.86646e-05
1.41963e-05
1.06219e-05
7.80787e-06
5.63636e-06
3.99676e-06
2.78586e-06
1.91071e-06
1.2911e-06
8.60831e-07
5.67296e-07
3.7028e-07
2.3988e-07
1.54672e-07
9.9489e-08
6.40532e-08
4.14595e-08
2.69915e-08
1.81486e-08
1.28116e-08
9.47552e-09
1.05635e-08
1.00355e-08
1.86455e-08
1.69831e-08
3.02491e-08
2.94366e-08
3.53598e-08
3.78233e-08
4.0394e-08
4.14931e-08
4.63667e-08
4.76581e-08
4.52128e-08
5.05431e-08
6.02383e-08
8.62259e-08
9.14878e-08
1.3984e-07
1.35115e-07
2.16086e-07
2.45207e-07
4.21501e-07
4.49951e-07
5.27547e-07
8.21169e-07
1.13935e-06
1.32502e-06
2.20101e-06
2.3179e-06
3.53958e-06
3.75767e-06
5.74097e-06
6.99156e-06
1.02511e-05
1.69684e-05
2.79547e-05
5.03334e-05
8.46198e-05
0.000133501
0.000106126
0.000121201
0.000184704
0.000205377
0.00020827
0.000195129
0.00017137
0.000161519
0.000159463
0.000181767
0.000214185
0.000228497
0.000216875
0.000208164
0.000181967
0.000169864
0.000169074
0.000174255
0.00018371
0.000192822
0.00020364
0.0002079
0.000203193
0.000189605
0.000180335
0.000166882
0.000146451
0.000144225
0.000146052
0.000132284
0.000108216
9.76753e-05
9.51392e-05
9.32222e-05
8.67638e-05
7.01225e-05
5.47763e-05
4.24374e-05
3.28132e-05
2.52881e-05
1.93491e-05
1.46419e-05
1.09267e-05
8.02775e-06
5.80203e-06
4.12482e-06
2.88555e-06
1.98772e-06
1.34956e-06
9.04168e-07
5.98559e-07
3.92195e-07
2.54772e-07
1.64488e-07
1.05753e-07
6.79098e-08
4.38619e-08
2.83219e-08
1.9487e-08
1.35653e-08
1.20218e-08
1.43047e-08
1.61687e-08
3.32682e-08
3.36532e-08
6.2757e-08
6.42979e-08
8.37374e-08
8.55702e-08
9.18435e-08
8.70382e-08
8.41747e-08
7.69351e-08
7.91437e-08
8.89413e-08
1.24572e-07
1.46371e-07
2.13152e-07
1.9848e-07
2.36094e-07
2.3334e-07
2.79523e-07
3.11489e-07
3.29074e-07
3.88298e-07
6.12721e-07
7.06947e-07
1.03747e-06
1.46182e-06
2.11282e-06
2.39813e-06
3.74021e-06
4.15036e-06
6.65801e-06
7.85478e-06
1.14617e-05
2.12659e-05
3.95186e-05
7.52762e-05
0.000139656
0.000105786
0.000112058
0.000171781
0.000203944
0.000210838
0.000194459
0.000173133
0.000164799
0.000170897
0.000194566
0.000223255
0.00022639
0.000218433
0.000200982
0.000177886
0.000167642
0.000168373
0.000178424
0.000183884
0.000190168
0.000199798
0.000199533
0.000196583
0.000186201
0.00016963
0.000161654
0.000143846
0.000130265
0.000128334
0.000126643
0.000110395
9.44315e-05
8.94297e-05
8.7945e-05
8.53447e-05
7.5131e-05
5.89245e-05
4.53706e-05
3.47171e-05
2.64616e-05
2.00506e-05
1.5055e-05
1.11701e-05
8.17396e-06
5.89329e-06
4.18492e-06
2.92742e-06
2.01828e-06
1.37251e-06
9.21577e-07
6.11653e-07
4.01877e-07
2.61739e-07
1.69376e-07
1.09078e-07
7.00875e-08
4.54159e-08
2.92052e-08
2.10056e-08
1.48558e-08
1.5899e-08
2.05792e-08
2.74601e-08
5.51972e-08
6.053e-08
1.09113e-07
1.17163e-07
1.44076e-07
1.56395e-07
1.64182e-07
1.60746e-07
1.57323e-07
1.67005e-07
1.89408e-07
2.45458e-07
2.63669e-07
3.22486e-07
3.05235e-07
3.19e-07
3.11543e-07
3.17913e-07
3.53138e-07
3.45141e-07
4.22614e-07
4.31566e-07
4.88965e-07
5.44882e-07
9.91767e-07
1.07136e-06
1.25397e-06
1.78967e-06
2.59317e-06
4.9631e-06
5.3071e-06
8.36219e-06
1.02773e-05
1.56223e-05
3.47173e-05
6.93872e-05
0.000145057
0.000100506
0.000101779
0.000150174
0.000199892
0.000213678
0.000197957
0.000178908
0.000171899
0.000179872
0.00019582
0.000222122
0.000219505
0.000212268
0.000197768
0.000177175
0.000167558
0.000172368
0.000198178
0.00020525
0.000205014
0.000205549
0.000203708
0.00020041
0.000188488
0.000165165
0.000158223
0.000145173
0.000128217
0.000119802
0.000116424
0.000108847
9.28687e-05
8.52212e-05
8.31593e-05
8.15778e-05
7.67823e-05
6.24339e-05
4.82264e-05
3.66913e-05
2.77095e-05
2.07897e-05
1.54667e-05
1.13839e-05
8.27506e-06
5.93459e-06
4.19726e-06
2.92775e-06
2.01506e-06
1.36928e-06
9.19467e-07
6.10718e-07
4.01823e-07
2.62172e-07
1.70021e-07
1.09739e-07
7.06526e-08
4.61045e-08
2.96414e-08
2.27221e-08
1.75659e-08
2.21538e-08
3.19748e-08
5.02458e-08
9.39028e-08
1.17405e-07
2.08489e-07
2.36789e-07
3.01835e-07
3.57989e-07
4.09913e-07
4.29563e-07
5.11874e-07
5.14949e-07
5.7682e-07
5.58754e-07
5.74302e-07
5.54754e-07
5.44719e-07
5.30267e-07
4.99372e-07
4.99285e-07
4.7601e-07
5.57639e-07
5.39116e-07
5.92318e-07
5.77584e-07
8.2294e-07
8.18263e-07
9.99275e-07
1.04647e-06
1.72671e-06
2.22749e-06
3.23176e-06
5.4398e-06
6.8791e-06
1.02474e-05
1.52142e-05
2.82199e-05
6.49645e-05
0.000158215
9.45169e-05
9.35929e-05
0.000129078
0.000188598
0.000213345
0.000211554
0.000194567
0.000189159
0.000194736
0.000199655
0.000213949
0.000210934
0.000204524
0.000189492
0.000174529
0.00016876
0.000175429
0.000213531
0.000233027
0.000235768
0.000234286
0.000228301
0.000211367
0.000188919
0.000159571
0.000149286
0.000143951
0.00012959
0.000117487
0.000111723
0.000104435
9.10381e-05
8.216e-05
7.9162e-05
7.78521e-05
7.51487e-05
6.50817e-05
5.06715e-05
3.85489e-05
2.89674e-05
2.15756e-05
1.59238e-05
1.16279e-05
8.38888e-06
5.97423e-06
4.19841e-06
2.91195e-06
1.99456e-06
1.35022e-06
9.04223e-07
5.99614e-07
3.94302e-07
2.57342e-07
1.67119e-07
1.08094e-07
6.97978e-08
4.60319e-08
2.96801e-08
2.49007e-08
2.16524e-08
3.26991e-08
4.91894e-08
8.77762e-08
1.46821e-07
2.05471e-07
3.40309e-07
3.87873e-07
4.90338e-07
5.75717e-07
5.9558e-07
6.75387e-07
7.07329e-07
7.7545e-07
7.72875e-07
7.60458e-07
7.54257e-07
7.26059e-07
7.04496e-07
6.72694e-07
6.52459e-07
6.01211e-07
6.32429e-07
6.07114e-07
6.15548e-07
6.27873e-07
7.58665e-07
7.46217e-07
9.80983e-07
9.63343e-07
1.83619e-06
1.81239e-06
2.43906e-06
2.6837e-06
3.99691e-06
9.06733e-06
9.87574e-06
1.4538e-05
2.72997e-05
5.85539e-05
0.000164676
9.45512e-05
9.14874e-05
0.000113206
0.000161289
0.000208925
0.000216753
0.000210347
0.00021022
0.000213511
0.000210634
0.00020992
0.000202948
0.000194197
0.000179169
0.00016929
0.000168669
0.000176293
0.000214753
0.000238852
0.000243124
0.000242065
0.00023439
0.000208558
0.000174781
0.000144963
0.000133308
0.000133744
0.000130693
0.000118098
0.000110461
0.000101915
8.94391e-05
7.99496e-05
7.60214e-05
7.4622e-05
7.26336e-05
6.58599e-05
5.2339e-05
4.00526e-05
3.00831e-05
2.23227e-05
1.63888e-05
1.18979e-05
8.53244e-06
6.04008e-06
4.21996e-06
2.91021e-06
1.98199e-06
1.33434e-06
8.89076e-07
5.8697e-07
3.84651e-07
2.50436e-07
1.62482e-07
1.05145e-07
6.80619e-08
4.54978e-08
2.95654e-08
2.77135e-08
2.79928e-08
5.0616e-08
7.3679e-08
1.53291e-07
2.24739e-07
3.55145e-07
4.6904e-07
6.68197e-07
7.3078e-07
9.82441e-07
1.01174e-06
1.12838e-06
1.1601e-06
1.22085e-06
1.27182e-06
1.39078e-06
1.52797e-06
1.50948e-06
1.44517e-06
1.3999e-06
1.33704e-06
1.26648e-06
1.20127e-06
1.04509e-06
1.01639e-06
9.33417e-07
9.02373e-07
8.39761e-07
8.74501e-07
9.77187e-07
1.25647e-06
1.73748e-06
1.88672e-06
3.17778e-06
3.78014e-06
6.38336e-06
1.33736e-05
1.49162e-05
2.44462e-05
5.81065e-05
0.000183942
0.000102525
9.97031e-05
0.000112659
0.000138417
0.00019515
0.000214141
0.000213472
0.00021725
0.000216605
0.000212097
0.000203882
0.000190331
0.000184471
0.000176126
0.000167722
0.000167631
0.000178023
0.000212856
0.00023607
0.000237947
0.000232303
0.000214283
0.000170342
0.000125941
0.00010825
0.000109385
0.000119968
0.000124432
0.000120512
0.000111268
0.000101511
8.89767e-05
7.87272e-05
7.37688e-05
7.19906e-05
7.01784e-05
6.5084e-05
5.2921e-05
4.09577e-05
3.08907e-05
2.2923e-05
1.67922e-05
1.21502e-05
8.6804e-06
6.12056e-06
4.25884e-06
2.92546e-06
1.98509e-06
1.33158e-06
8.84097e-07
5.81702e-07
3.80027e-07
2.46748e-07
1.59792e-07
1.03296e-07
6.69674e-08
4.53696e-08
3.01136e-08
3.21092e-08
3.63953e-08
7.83396e-08
1.12823e-07
2.86955e-07
3.72126e-07
7.43725e-07
8.26317e-07
1.36118e-06
1.32733e-06
1.81695e-06
1.74888e-06
2.05354e-06
2.05722e-06
2.16711e-06
2.22179e-06
2.38907e-06
2.40975e-06
2.51255e-06
2.49832e-06
2.426e-06
2.3949e-06
2.30609e-06
2.09804e-06
2.02142e-06
1.87712e-06
1.7125e-06
1.40835e-06
1.41472e-06
1.28664e-06
1.46187e-06
1.45887e-06
1.50435e-06
2.09815e-06
2.86696e-06
5.27418e-06
6.31188e-06
1.01872e-05
1.6822e-05
2.504e-05
5.46997e-05
0.000191782
0.000155374
0.000154664
0.000163471
0.000151259
0.000164242
0.000192395
0.000208342
0.000213261
0.000212028
0.000209659
0.000195697
0.000182498
0.000180909
0.000178337
0.000174287
0.000177063
0.000198915
0.000218825
0.000215856
0.000206917
0.000181827
0.000133921
0.00010537
9.22668e-05
9.21071e-05
9.43852e-05
0.000108455
0.000121586
0.000121073
0.000113326
0.000102591
8.99207e-05
7.88656e-05
7.25939e-05
7.01191e-05
6.81807e-05
6.35302e-05
5.2431e-05
4.10363e-05
3.11886e-05
2.32358e-05
1.70409e-05
1.23228e-05
8.78952e-06
6.1844e-06
4.29334e-06
2.94209e-06
1.99159e-06
1.33306e-06
8.83413e-07
5.80288e-07
3.78598e-07
2.45536e-07
1.58938e-07
1.02718e-07
6.68307e-08
4.57857e-08
3.21058e-08
3.69305e-08
4.67658e-08
1.11366e-07
1.55293e-07
4.59691e-07
5.19317e-07
1.26904e-06
1.26487e-06
2.41285e-06
2.17738e-06
3.73523e-06
3.17432e-06
5.09782e-06
4.29819e-06
6.30706e-06
5.29867e-06
7.0246e-06
5.94038e-06
6.98913e-06
6.06374e-06
6.24885e-06
5.5688e-06
5.3366e-06
4.4903e-06
4.22979e-06
3.57519e-06
3.06432e-06
2.5841e-06
2.27581e-06
2.09107e-06
1.81612e-06
1.94737e-06
1.82931e-06
2.34699e-06
3.00249e-06
3.99727e-06
6.88042e-06
1.06391e-05
1.47655e-05
2.49509e-05
5.78859e-05
0.000208543
0.000324438
0.000303793
0.000302343
0.000258882
0.000186935
0.00018656
0.000202202
0.00021067
0.000211471
0.00020528
0.000183187
0.000178906
0.000186222
0.00019586
0.000199911
0.000210751
0.00023397
0.000227495
0.000202352
0.000147932
0.000110897
8.93998e-05
8.10877e-05
8.24467e-05
8.97065e-05
9.33668e-05
0.000103469
0.000120292
0.000121748
0.000116175
0.000104666
9.18323e-05
8.00098e-05
7.26027e-05
6.92458e-05
6.69629e-05
6.15396e-05
5.12589e-05
4.05311e-05
3.10142e-05
2.32192e-05
1.70878e-05
1.23797e-05
8.83459e-06
6.21304e-06
4.30827e-06
2.94789e-06
1.99236e-06
1.33154e-06
8.81198e-07
5.78197e-07
3.76986e-07
2.4439e-07
1.58284e-07
1.02338e-07
6.70292e-08
4.63117e-08
3.53606e-08
4.33795e-08
6.17542e-08
1.50294e-07
2.1777e-07
6.83922e-07
7.08507e-07
2.04598e-06
1.76119e-06
4.06552e-06
3.27078e-06
6.54043e-06
5.26024e-06
9.36879e-06
7.8281e-06
1.22902e-05
1.04943e-05
1.52574e-05
1.32009e-05
1.71997e-05
1.52337e-05
1.83542e-05
1.59348e-05
1.74563e-05
1.51336e-05
1.49281e-05
1.29808e-05
1.17688e-05
9.1943e-06
7.71694e-06
5.49129e-06
4.36381e-06
3.1394e-06
2.91647e-06
2.79839e-06
3.80909e-06
4.53824e-06
5.88547e-06
9.12219e-06
1.77935e-05
2.41389e-05
5.94429e-05
0.000224089
0.00206375
0.00104608
0.00106346
0.000746059
0.000920334
0.0009764
0.00103166
0.00107889
0.0011069
0.00113194
0.00162726
0.00122594
0.00120857
0.00108623
0.00108786
0.0011241
0.00116558
0.00120583
0.00123501
0.00126509
0.00114351
0.00141244
0.00123122
0.00120073
0.00113396
0.00112665
0.00113225
0.00114612
0.00116049
0.00118291
0.000663057
0.00140016
0.00122795
0.00122447
0.00116246
0.00111097
0.00108866
0.00107583
0.00106938
0.00107117
0.000376925
0.00123186
0.00111343
0.00114189
0.00110634
0.00105085
0.00101711
0.000992317
0.00097338
0.00095181
0.000300248
0.000941272
0.000877939
0.000937904
0.000932635
0.000912776
0.000884813
0.000864364
0.000850169
0.000816433
0.000348322
0.000688447
0.00064482
0.000684472
0.000695063
0.000693677
0.000681267
0.000671816
0.000666905
0.000647116
0.000390505
0.000530075
0.000505769
0.000507802
0.000503928
0.000497771
0.000481659
0.000469747
0.000466245
0.000454547
0.000481939
0.000479873
0.00046798
0.000444005
0.0004276
0.000407853
0.000389366
0.000368096
0.000359178
0.000337999
0.000540211
0.000504885
0.000484402
0.000445034
0.000424769
0.000395733
0.000373266
0.000346771
0.000335364
0.000306705
0.000496602
0.000492871
0.000475918
0.000435626
0.000408907
0.000377239
0.000350508
0.000318963
0.000305806
0.000275622
0.000345477
0.000419416
0.00040332
0.00036521
0.000333594
0.000304878
0.000281621
0.000263183
0.000256761
0.000242933
0.000236138
0.000299542
0.000287304
0.000261658
0.000246801
0.000242222
0.000243152
0.000249978
0.000260377
0.000286357
0.000193403
0.000216816
0.000209886
0.000212983
0.000227584
0.000266106
0.00030959
0.000380229
0.000423404
0.000482895
0.000171246
0.000174607
0.000192171
0.000260149
0.000371836
0.000501166
0.000595691
0.000670383
0.000717592
0.000748242
0.000165923
0.000208656
0.000348729
0.000576722
0.000775407
0.000889368
0.000952291
0.000981679
0.000991934
0.000983716
0.000266952
0.000522799
0.000853469
0.00111074
0.00122042
0.00124586
0.00123977
0.00121717
0.00119761
0.00115823
0.00071646
0.00122687
0.00148553
0.00156723
0.00154556
0.00148553
0.00142419
0.00136441
0.00132919
0.00128319
0.00156294
0.00186738
0.00188755
0.00182176
0.00169384
0.00158188
0.00150008
0.00142985
0.00139163
0.00135023
0.00210081
0.00200623
0.00183433
0.00163967
0.00147265
0.00136238
0.00129412
0.00123868
0.00120951
0.00117925
)
;

boundaryField
{
    inlet
    {
        type            zeroGradient;
    }
    outlet
    {
        type            zeroGradient;
    }
    walls
    {
        type            zeroGradient;
    }
    frontAndBack
    {
        type            empty;
    }
}


// ************************************************************************* //
