/*--------------------------------*- C++ -*----------------------------------*\
| =========                 |                                                 |
| \\      /  F ield         | OpenFOAM: The Open Source CFD Toolbox           |
|  \\    /   O peration     | Version:  2.4.0                                 |
|   \\  /    A nd           | Web:      www.OpenFOAM.org                      |
|    \\/     M anipulation  |                                                 |
\*---------------------------------------------------------------------------*/
FoamFile
{
    version     2.0;
    format      ascii;
    class       volScalarField;
    location    "0.018";
    object      k_0;
}
// * * * * * * * * * * * * * * * * * * * * * * * * * * * * * * * * * * * * * //

dimensions      [0 2 -2 0 0 0 0];

internalField   nonuniform List<scalar> 
4400
(
9.5242
8.49353
6.53969
5.39052
4.46249
4.27192
4.10394
4.21889
3.91373
4.82948
4.39508
6.76491
6.74721
6.41527
5.54839
5.30326
5.05053
5.00089
5.18338
5.06363
1.15354
3.15925
4.17798
4.62789
4.4613
4.28831
4.16572
3.88899
4.39473
3.99569
0.160685
0.945685
1.64236
2.3512
2.74919
2.77711
2.80937
2.60744
2.88473
2.89017
0.0168823
0.17472
0.362095
0.706655
1.18994
1.36286
1.40617
1.40238
1.40296
1.49995
0.0014252
0.0201893
0.0471819
0.114389
0.302378
0.439613
0.450184
0.483705
0.444452
0.453938
0.000135271
0.00174081
0.00385057
0.0111893
0.0446979
0.0767634
0.0765319
0.0781425
0.0664373
0.0662054
4.17077e-05
0.000259045
0.000351332
0.000847636
0.00422137
0.00637583
0.00586729
0.00543551
0.00336293
0.00328245
3.44476e-05
0.000141453
0.00014981
0.000196845
0.000435696
0.000483086
0.000419676
0.000365697
0.00020006
0.000185998
3.41929e-05
0.00011372
0.000141816
0.000189774
0.00022601
0.000224164
0.000208533
0.000192232
0.000138807
0.000140641
3.36278e-05
0.000119718
0.000138661
0.000188535
0.000228703
0.000226341
0.000211089
0.000191515
0.000133685
0.00012484
3.49347e-05
0.000122543
0.000138599
0.000182608
0.000447487
0.000514358
0.000477091
0.000312432
0.000276708
0.000290949
4.09455e-05
0.000209079
0.000338232
0.00075661
0.00421317
0.00679128
0.00664769
0.00488503
0.00500561
0.00535736
0.000138269
0.00142595
0.00385954
0.0106281
0.0445151
0.0786085
0.0821122
0.0769973
0.0794779
0.086723
0.00146035
0.0172567
0.0472338
0.112771
0.297268
0.446719
0.47275
0.476338
0.490951
0.540105
0.0170917
0.161112
0.371704
0.707485
1.16626
1.39675
1.41779
1.42775
1.45532
1.5534
0.162155
0.920021
1.68122
2.32703
2.75028
2.80941
2.7693
2.73058
2.75152
2.83731
1.16148
3.13201
4.22036
4.58728
4.506
4.25476
4.11852
4.02225
4.06762
4.05755
4.39124
6.75358
6.76688
6.37442
5.64755
5.17288
5.08014
4.95818
5.01248
4.81259
9.51528
8.49127
6.55251
5.34344
4.54845
4.15421
4.12147
4.03599
4.05657
3.6584
2.71234
1.40366
0.936566
0.936132
1.40815
1.65504
1.5501
1.15132
0.992939
0.930563
0.743993
0.406198
0.189497
0.0874473
0.0518457
0.0423544
0.0350914
0.0256704
0.0161815
0.00894028
0.00444627
0.00203693
0.000877839
0.000363174
0.000146795
5.86462e-05
2.32782e-05
9.23036e-06
3.68569e-06
1.49403e-06
6.18196e-07
2.61544e-07
1.12941e-07
4.95908e-08
2.20522e-08
9.8968e-09
4.4707e-09
2.02909e-09
9.24192e-10
4.22145e-10
1.93312e-10
8.87413e-11
4.0843e-11
1.88539e-11
8.73503e-12
4.06589e-12
1.90428e-12
8.99416e-13
4.29825e-13
2.08835e-13
1.0391e-13
5.35339e-14
2.88979e-14
1.66964e-14
1.06833e-14
7.45148e-15
5.9866e-15
5.90815e-15
6.24883e-15
7.33529e-15
9.71683e-15
1.4681e-14
2.36002e-14
4.12166e-14
7.48476e-14
1.42291e-13
2.79668e-13
5.60778e-13
1.15046e-12
2.35602e-12
5.03602e-12
1.01247e-11
2.51145e-11
4.31971e-11
1.66442e-10
1.95361e-10
1.79179e-09
1.41109e-09
3.87101e-08
3.07522e-08
1.03541e-06
1.0776e-06
1.01629e-05
1.34683e-05
3.19283e-05
4.54116e-05
8.54394e-05
7.60106e-05
9.2153e-05
8.6865e-05
0.000106617
0.0001066
0.000122691
0.000177628
0.000647647
0.000998281
0.00222724
0.00489115
0.0377551
0.304806
3.86982
2.86331
2.25874
2.03757
2.04114
1.75473
1.44049
1.13124
1.00608
0.94096
0.650684
0.292978
0.146948
0.0772337
0.047063
0.0363161
0.0316183
0.023802
0.0153829
0.00871855
0.00441296
0.0020358
0.000874405
0.000357313
0.000141821
5.56538e-05
2.18997e-05
8.72022e-06
3.52874e-06
1.45364e-06
6.09938e-07
2.60555e-07
1.13132e-07
4.98023e-08
2.21631e-08
9.94446e-09
4.48944e-09
2.03612e-09
9.26747e-10
4.23046e-10
1.9362e-10
8.88424e-11
4.0874e-11
1.8862e-11
8.73631e-12
4.06541e-12
1.90356e-12
8.9884e-13
4.29425e-13
2.08568e-13
1.0373e-13
5.34088e-14
2.88066e-14
1.66264e-14
1.06256e-14
7.40245e-15
5.94339e-15
5.86535e-15
6.20451e-15
7.28533e-15
9.65409e-15
1.46164e-14
2.34924e-14
4.10168e-14
7.45003e-14
1.4165e-13
2.78321e-13
5.57846e-13
1.14322e-12
2.33835e-12
5.00119e-12
9.99464e-12
2.52876e-11
4.22672e-11
1.77764e-10
1.97671e-10
2.30101e-09
1.9251e-09
7.54376e-08
6.96158e-08
3.19909e-06
2.90066e-06
5.09614e-05
3.89802e-05
0.000216733
0.000145497
0.000506883
0.000303751
0.000392873
0.000289971
0.000331865
0.000239807
0.000394994
0.000349559
0.00134527
0.00108876
0.00326548
0.00499862
0.0372021
0.225841
2.96867
2.64742
2.50458
2.35874
1.89655
0.974889
0.685189
0.705201
0.842084
0.843929
0.57203
0.234539
0.109423
0.0662994
0.045555
0.0340739
0.0287272
0.0219878
0.0139642
0.00791632
0.00408487
0.00193336
0.000848633
0.000351072
0.00013963
5.45195e-05
2.12952e-05
8.43594e-06
3.41401e-06
1.41401e-06
5.98287e-07
2.57737e-07
1.12647e-07
4.97963e-08
2.22089e-08
9.97372e-09
4.50316e-09
2.04181e-09
9.28963e-10
4.23878e-10
1.93924e-10
8.89496e-11
4.09099e-11
1.88725e-11
8.73831e-12
4.06496e-12
1.90261e-12
8.9796e-13
4.28731e-13
2.08053e-13
1.03355e-13
5.31355e-14
2.86048e-14
1.64729e-14
1.05036e-14
7.30088e-15
5.85403e-15
5.77717e-15
6.1142e-15
7.18842e-15
9.54354e-15
1.446e-14
2.32918e-14
4.07385e-14
7.4035e-14
1.40813e-13
2.76583e-13
5.54387e-13
1.13436e-12
2.32129e-12
4.9423e-12
9.9023e-12
2.49372e-11
4.19161e-11
1.79928e-10
2.12866e-10
2.71051e-09
3.22964e-09
1.15041e-07
1.64513e-07
7.25031e-06
7.51163e-06
0.000190101
0.000131837
0.00152214
0.000642609
0.00604961
0.00249282
0.00887073
0.00397992
0.00752389
0.00309055
0.00414615
0.00182587
0.00271256
0.00154925
0.0121947
0.00710836
0.052519
0.177378
2.44552
1.94119
1.88139
1.72998
0.97528
0.347348
0.24386
0.365997
0.600917
0.607955
0.475629
0.214155
0.0981597
0.0629001
0.0463248
0.0346162
0.0269287
0.0193921
0.0121504
0.00673822
0.0034405
0.00165181
0.000748975
0.000321271
0.000131845
5.26487e-05
2.08336e-05
8.30272e-06
3.36915e-06
1.39839e-06
5.93252e-07
2.56346e-07
1.1236e-07
4.97822e-08
2.22365e-08
9.99414e-09
4.51356e-09
2.04638e-09
9.30822e-10
4.24594e-10
1.94186e-10
8.90404e-11
4.0939e-11
1.88804e-11
8.73922e-12
4.06388e-12
1.9012e-12
8.96712e-13
4.27756e-13
2.0733e-13
1.02829e-13
5.27511e-14
2.83208e-14
1.62577e-14
1.03311e-14
7.15718e-15
5.72757e-15
5.65247e-15
5.98645e-15
7.05024e-15
9.38325e-15
1.42453e-14
2.30426e-14
4.03503e-14
7.34274e-14
1.39807e-13
2.74599e-13
5.50799e-13
1.12445e-12
2.30671e-12
4.85935e-12
9.86806e-12
2.38749e-11
4.23019e-11
1.712e-10
2.45085e-10
2.69357e-09
5.84628e-09
1.18157e-07
3.58877e-07
9.97606e-06
1.21052e-05
0.000358283
0.000225747
0.00356441
0.00174143
0.0156977
0.00889636
0.044676
0.0282547
0.0870145
0.0421841
0.105372
0.0362625
0.0543864
0.0166476
0.0320518
0.0148206
0.0475582
0.120155
1.38242
1.21818
1.1013
0.795377
0.280964
0.10331
0.105942
0.314517
0.481568
0.481937
0.382916
0.196309
0.0892556
0.0568452
0.0462659
0.0367749
0.0269411
0.0183641
0.0111537
0.00602972
0.00297005
0.0013699
0.000607141
0.000263115
0.00011188
4.67436e-05
1.92965e-05
7.94245e-06
3.29184e-06
1.38317e-06
5.90599e-07
2.56042e-07
1.12424e-07
4.98588e-08
2.22808e-08
1.00155e-08
4.52297e-09
2.05027e-09
9.32348e-10
4.25163e-10
1.94386e-10
8.91047e-11
4.09555e-11
1.88812e-11
8.73591e-12
4.06026e-12
1.89829e-12
8.94595e-13
4.26268e-13
2.06294e-13
1.02105e-13
5.22374e-14
2.79476e-14
1.5977e-14
1.01076e-14
6.97209e-15
5.56476e-15
5.49181e-15
5.82203e-15
6.87358e-15
9.18115e-15
1.39827e-14
2.27133e-14
3.98719e-14
7.27116e-14
1.38668e-13
2.72398e-13
5.4709e-13
1.11335e-12
2.29462e-12
4.77058e-12
9.91176e-12
2.18321e-11
4.42733e-11
1.39667e-10
3.11476e-10
2.57039e-09
1.25172e-08
1.97602e-07
1.12097e-06
1.475e-05
3.6138e-05
0.000587473
0.000473178
0.00330829
0.00346392
0.00728305
0.00817462
0.0185797
0.022313
0.0699912
0.0611372
0.247473
0.169546
0.545036
0.269297
0.448217
0.139177
0.10398
0.120007
0.399845
0.355981
0.345707
0.228024
0.0707942
0.0373844
0.0655394
0.264753
0.381781
0.369096
0.23953
0.140152
0.0748984
0.0490994
0.0416366
0.0371723
0.027739
0.0180761
0.010781
0.00578412
0.00282134
0.00127803
0.000550226
0.000230382
9.56735e-05
3.99281e-05
1.68371e-05
7.17326e-06
3.08039e-06
1.33161e-06
5.79571e-07
2.54095e-07
1.12219e-07
4.98999e-08
2.23227e-08
1.00372e-08
4.53243e-09
2.05408e-09
9.33818e-10
4.25711e-10
1.94579e-10
8.91653e-11
4.09699e-11
1.88811e-11
8.73225e-12
4.05645e-12
1.89522e-12
8.92309e-13
4.24629e-13
2.05133e-13
1.01282e-13
5.16462e-14
2.75149e-14
1.56506e-14
9.84712e-15
6.75587e-15
5.37418e-15
5.30369e-15
5.62944e-15
6.66617e-15
8.94308e-15
1.36668e-14
2.23429e-14
3.93183e-14
7.18962e-14
1.374e-13
2.70004e-13
5.43239e-13
1.1013e-12
2.28534e-12
4.66404e-12
1.00832e-11
2.04419e-11
4.83551e-11
1.18577e-10
4.58923e-10
2.93411e-09
2.99871e-08
3.16224e-07
3.51355e-06
2.24639e-05
0.000123361
0.00036145
0.000915892
0.00094244
0.00188631
0.00542143
0.00551695
0.0130602
0.0186795
0.0245051
0.0438983
0.0615134
0.101062
0.210547
0.231766
0.325454
0.252807
0.247735
0.159645
0.0507899
0.0408351
0.0406219
0.0228559
0.0110169
0.0125241
0.059298
0.227748
0.254719
0.201884
0.0909576
0.0649225
0.0602235
0.0471335
0.040729
0.0368372
0.0286257
0.0179103
0.0106509
0.00578253
0.00282863
0.00127562
0.000544733
0.000225324
9.22329e-05
3.80037e-05
1.5909e-05
6.7774e-06
2.93025e-06
1.28082e-06
5.64183e-07
2.49931e-07
1.11233e-07
4.97105e-08
2.23022e-08
1.00425e-08
4.53759e-09
2.05674e-09
9.34959e-10
4.26152e-10
1.94733e-10
8.92116e-11
4.09791e-11
1.8879e-11
8.72749e-12
4.05194e-12
1.89165e-12
8.89694e-13
4.22765e-13
2.03818e-13
1.00353e-13
5.09804e-14
2.70287e-14
1.52846e-14
9.55558e-15
6.51482e-15
5.16186e-15
5.09389e-15
5.4144e-15
6.43439e-15
8.67708e-15
1.33202e-14
2.19223e-14
3.86981e-14
7.10058e-14
1.36038e-13
2.67498e-13
5.39222e-13
1.0887e-12
2.28832e-12
4.53539e-12
1.09085e-11
1.88628e-11
6.65663e-11
1.02346e-10
7.15828e-10
2.85046e-09
4.85314e-08
3.27755e-07
4.56196e-06
1.73156e-05
0.00016229
0.000166282
0.000691471
0.000919251
0.00127075
0.00674899
0.00570069
0.00797306
0.0129173
0.0227921
0.0311329
0.104121
0.101186
0.294019
0.247607
0.406942
0.329437
0.301734
0.208698
0.00207547
0.00181155
0.00276571
0.00319786
0.00309644
0.00461015
0.0282709
0.0594523
0.0627569
0.0483558
0.0313144
0.0314319
0.050353
0.054749
0.0469464
0.0401959
0.0296391
0.0174407
0.00941106
0.0050457
0.00260352
0.00124293
0.000550186
0.000231476
9.49857e-05
3.88868e-05
1.61311e-05
6.81714e-06
2.93163e-06
1.27791e-06
5.62453e-07
2.49246e-07
1.11018e-07
4.96602e-08
2.22977e-08
1.00465e-08
4.54101e-09
2.0586e-09
9.35796e-10
4.26489e-10
1.94855e-10
8.92478e-11
4.09843e-11
1.88747e-11
8.72156e-12
4.04673e-12
1.88768e-12
8.86822e-13
4.20737e-13
2.02392e-13
9.93473e-14
5.02621e-14
2.65053e-14
1.48912e-14
9.24299e-15
6.25708e-15
4.93488e-15
4.8695e-15
5.18435e-15
6.18614e-15
8.39162e-15
1.29443e-14
2.14746e-14
3.8033e-14
7.0061e-14
1.34597e-13
2.64938e-13
5.34955e-13
1.07655e-12
2.29601e-12
4.42486e-12
1.15633e-11
1.76294e-11
8.37873e-11
8.7027e-11
1.29213e-09
2.56163e-09
5.94078e-08
3.12141e-07
4.03089e-06
1.41969e-05
0.000120244
0.000100639
0.00057136
0.000938837
0.00120948
0.00206779
0.00469012
0.00374303
0.00763623
0.00827512
0.0188074
0.0182304
0.072109
0.0753945
0.191093
0.207438
0.294108
0.364695
0.290312
0.000272423
0.000341605
0.000306006
0.000732974
0.00258676
0.00312977
0.00391904
0.00804471
0.00967346
0.0103963
0.0153895
0.0211131
0.0401778
0.0635154
0.0620921
0.0481582
0.0320907
0.0180189
0.00890633
0.00410938
0.00182226
0.000799561
0.000354105
0.000159037
7.1981e-05
3.24845e-05
1.45369e-05
6.45966e-06
2.86008e-06
1.26565e-06
5.60934e-07
2.49277e-07
1.11142e-07
4.97272e-08
2.23272e-08
1.00587e-08
4.54599e-09
2.06059e-09
9.36582e-10
4.26788e-10
1.94959e-10
8.92771e-11
4.09873e-11
1.887e-11
8.71569e-12
4.04165e-12
1.88378e-12
8.83975e-13
4.18698e-13
2.00947e-13
9.83236e-14
4.95245e-14
2.59658e-14
1.44858e-14
8.92124e-15
5.9924e-15
4.70156e-15
4.63856e-15
4.94723e-15
5.92948e-15
8.09545e-15
1.2553e-14
2.10118e-14
3.73364e-14
6.90844e-14
1.33109e-13
2.62394e-13
5.30428e-13
1.06584e-12
2.2891e-12
4.34788e-12
1.17811e-11
1.68798e-11
8.92536e-11
7.5553e-11
1.53786e-09
2.02511e-09
6.16732e-08
2.78847e-07
3.43096e-06
1.28782e-05
7.09754e-05
6.73067e-05
0.000305429
0.000569267
0.00120487
0.00125135
0.00348037
0.00305948
0.00541988
0.00622613
0.0136134
0.0106445
0.0424127
0.031862
0.11582
0.0920327
0.211862
0.260218
0.279877
0.000141471
0.000661573
0.00102191
0.00225553
0.00460987
0.00444382
0.00368456
0.0034307
0.00389688
0.00570183
0.0168622
0.0294461
0.0410287
0.0672432
0.0730861
0.0624242
0.0343207
0.0180589
0.00876949
0.00389471
0.00165588
0.000702018
0.000303071
0.000134234
6.08011e-05
2.78878e-05
1.28234e-05
5.87355e-06
2.6734e-06
1.20957e-06
5.44893e-07
2.44887e-07
1.09993e-07
4.94425e-08
2.2262e-08
1.00457e-08
4.54411e-09
2.06066e-09
9.36782e-10
4.26889e-10
1.9499e-10
8.92772e-11
4.09779e-11
1.88597e-11
8.70696e-12
4.03504e-12
1.87903e-12
8.80659e-13
4.16406e-13
1.99368e-13
9.7223e-14
4.87448e-14
2.54054e-14
1.40702e-14
8.59467e-15
5.7261e-15
4.46835e-15
4.40798e-15
4.71045e-15
5.67295e-15
7.7988e-15
1.21559e-14
2.05458e-14
3.66338e-14
6.81058e-14
1.31608e-13
2.59913e-13
5.25693e-13
1.05681e-12
2.2638e-12
4.30512e-12
1.15323e-11
1.66066e-11
8.47554e-11
6.98084e-11
1.35015e-09
1.48719e-09
5.12487e-08
2.07933e-07
2.83255e-06
1.05874e-05
5.66792e-05
6.07005e-05
0.000135273
0.000273353
0.00104749
0.000908293
0.00237252
0.00213069
0.00395226
0.00422112
0.00935297
0.00734219
0.0250698
0.0180055
0.071171
0.0593519
0.16261
0.15655
0.219178
0.000206797
0.000207429
0.00168599
0.00207412
0.00227115
0.00294914
0.00421752
0.00521955
0.00729596
0.012895
0.0263112
0.0763635
0.0904842
0.0882105
0.0834423
0.0668655
0.0331969
0.0153972
0.00735199
0.00371128
0.00185967
0.000874047
0.000387128
0.000166884
7.18781e-05
3.12945e-05
1.37875e-05
6.12564e-06
2.73403e-06
1.22277e-06
5.47396e-07
2.45256e-07
1.10017e-07
4.94336e-08
2.2258e-08
1.00452e-08
4.54461e-09
2.06111e-09
9.3703e-10
4.26997e-10
1.95027e-10
8.92829e-11
4.0973e-11
1.88525e-11
8.70061e-12
4.0302e-12
1.87564e-12
8.78408e-13
4.14987e-13
1.98523e-13
9.67613e-14
4.85495e-14
2.53942e-14
1.41829e-14
8.78713e-15
5.97742e-15
4.77286e-15
4.73289e-15
5.05134e-15
6.03748e-15
8.18326e-15
1.25372e-14
2.09313e-14
3.6899e-14
6.81967e-14
1.31301e-13
2.58849e-13
5.22326e-13
1.05095e-12
2.22578e-12
4.29329e-12
1.09187e-11
1.6727e-11
7.37243e-11
6.97653e-11
9.57476e-10
1.14013e-09
2.9925e-08
1.255e-07
1.79152e-06
7.11868e-06
4.52431e-05
5.73982e-05
0.000129228
0.000168685
0.000728787
0.000958105
0.00178921
0.00192032
0.00274915
0.00367598
0.00732654
0.00624525
0.0157857
0.0130713
0.0468496
0.0411194
0.108288
0.101776
0.148647
0.00042332
0.000777322
0.000965752
0.00267336
0.0056108
0.0113588
0.0124453
0.0187658
0.0250629
0.0440396
0.0676535
0.115878
0.160677
0.143574
0.0917387
0.0628448
0.0422062
0.022119
0.00947925
0.00380503
0.00154226
0.000647095
0.000283567
0.000128788
5.95998e-05
2.76788e-05
1.27888e-05
5.86169e-06
2.66609e-06
1.20548e-06
5.43003e-07
2.44147e-07
1.09746e-07
4.93755e-08
2.2251e-08
1.00484e-08
4.54844e-09
2.0639e-09
9.38863e-10
4.28199e-10
1.95844e-10
8.9868e-11
4.14161e-11
1.92051e-11
8.99313e-12
4.28096e-12
2.09664e-12
1.07689e-12
5.9657e-13
3.66399e-13
2.53692e-13
1.98148e-13
1.70191e-13
1.56061e-13
1.49019e-13
1.45589e-13
1.45322e-13
1.46086e-13
1.4822e-13
1.52978e-13
1.60214e-13
1.72242e-13
1.90357e-13
2.19136e-13
2.67546e-13
3.50063e-13
4.94263e-13
7.77667e-13
1.32569e-12
2.49638e-12
4.62908e-12
1.05063e-11
1.75148e-11
5.87791e-11
7.3097e-11
5.29626e-10
9.08087e-10
1.22413e-08
6.39621e-08
6.95424e-07
3.29314e-06
1.86698e-05
2.89696e-05
0.000144764
0.000202256
0.000325578
0.00193373
0.00169232
0.00232126
0.00251913
0.0051479
0.00568008
0.00605591
0.0106177
0.0115309
0.0331664
0.0296908
0.0751651
0.0757597
0.110339
0.00672429
0.00938208
0.0108652
0.0158027
0.0321644
0.0387934
0.0399063
0.0451468
0.0633038
0.128587
0.218434
0.219129
0.19156
0.175655
0.148877
0.0919939
0.0493118
0.0254248
0.0127364
0.00599509
0.00263778
0.00110976
0.000459253
0.000190869
8.04893e-05
3.45013e-05
1.49906e-05
6.57631e-06
2.90368e-06
1.28795e-06
5.73456e-07
2.56304e-07
1.15047e-07
5.19086e-08
2.35734e-08
1.07981e-08
5.00665e-09
2.36363e-09
1.14728e-09
5.81202e-10
3.13671e-10
1.84459e-10
1.20127e-10
8.6694e-11
6.83808e-11
5.76434e-11
5.09434e-11
4.63562e-11
4.31589e-11
4.05951e-11
3.8742e-11
3.7524e-11
3.67189e-11
3.62022e-11
3.58591e-11
3.56366e-11
3.55213e-11
3.54663e-11
3.54283e-11
3.54361e-11
3.54709e-11
3.55651e-11
3.5733e-11
3.59869e-11
3.63966e-11
3.70329e-11
3.79805e-11
3.9465e-11
4.15502e-11
4.53276e-11
4.98895e-11
6.05257e-11
7.15559e-11
1.06915e-10
1.44158e-10
3.25712e-10
9.0268e-10
5.08441e-09
3.61521e-08
2.15686e-07
1.18543e-06
4.22577e-06
1.04771e-05
9.39576e-05
0.000535014
0.000251442
0.00387713
0.00220079
0.00434984
0.00345233
0.00896731
0.00620051
0.00927747
0.0110124
0.0136548
0.0279713
0.0248744
0.0523948
0.0507557
0.0680812
0.0920384
0.0948864
0.101191
0.112078
0.137
0.158448
0.17255
0.186321
0.233665
0.385016
0.40415
0.388345
0.350549
0.275094
0.191946
0.117999
0.0656518
0.0342622
0.0170113
0.00810957
0.003742
0.00168499
0.000745885
0.000326549
0.000142144
6.18425e-05
2.70423e-05
1.19571e-05
5.38132e-06
2.48294e-06
1.18404e-06
5.88856e-07
3.08403e-07
1.7169e-07
1.02322e-07
6.54909e-08
4.49395e-08
3.28615e-08
2.53969e-08
2.05593e-08
1.72931e-08
1.50077e-08
1.33617e-08
1.21426e-08
1.12247e-08
1.05176e-08
9.96797e-09
9.5211e-09
9.16862e-09
8.85681e-09
8.64398e-09
8.5012e-09
8.40426e-09
8.33913e-09
8.29447e-09
8.26366e-09
8.24118e-09
8.22499e-09
8.21253e-09
8.20102e-09
8.18808e-09
8.17616e-09
8.1624e-09
8.14703e-09
8.13153e-09
8.1162e-09
8.10168e-09
8.0894e-09
8.0785e-09
8.07475e-09
8.07964e-09
8.10329e-09
8.16957e-09
8.26218e-09
8.5654e-09
8.91435e-09
1.12194e-08
1.55864e-08
5.0329e-08
1.38161e-07
8.17236e-07
1.46338e-06
7.84206e-06
6.29054e-05
0.00132481
0.000461991
0.00825328
0.00393103
0.00873736
0.00677246
0.0170874
0.00849852
0.0164044
0.0155448
0.019272
0.025881
0.0223035
0.0330253
0.0351669
0.0522132
0.52071
0.497367
0.473775
0.487852
0.504852
0.496642
0.503017
0.542862
0.64296
0.754105
0.755521
0.696591
0.54872
0.380841
0.243044
0.150614
0.0918503
0.0539691
0.030147
0.0160634
0.00825945
0.00415605
0.00207245
0.0010351
0.00052304
0.000270199
0.000144247
8.03712e-05
4.70872e-05
2.91236e-05
1.90258e-05
1.30981e-05
9.46716e-06
7.15215e-06
5.62138e-06
4.57716e-06
3.84496e-06
3.31901e-06
2.93379e-06
2.64651e-06
2.42943e-06
2.2632e-06
2.13459e-06
2.03375e-06
1.95411e-06
1.89074e-06
1.83952e-06
1.79745e-06
1.76164e-06
1.73449e-06
1.71516e-06
1.70184e-06
1.69248e-06
1.68584e-06
1.68101e-06
1.67738e-06
1.67448e-06
1.67215e-06
1.67012e-06
1.66792e-06
1.66546e-06
1.66284e-06
1.65971e-06
1.65611e-06
1.65199e-06
1.64713e-06
1.6414e-06
1.63474e-06
1.62698e-06
1.61798e-06
1.60748e-06
1.5955e-06
1.58185e-06
1.56578e-06
1.55187e-06
1.52862e-06
1.53438e-06
1.54843e-06
1.75729e-06
2.05645e-06
3.90385e-06
4.17868e-06
6.92016e-05
0.000108245
0.00346743
0.00178469
0.0184713
0.00830376
0.0199847
0.0151345
0.0329069
0.0145305
0.0297029
0.02878
0.0334216
0.0272933
0.0224576
0.0279026
0.0417911
0.0549624
1.44279
1.30778
1.16554
1.14143
1.12043
1.0154
0.972479
1.00399
1.16164
1.17852
1.11004
0.922874
0.674939
0.464934
0.311119
0.203941
0.131973
0.0845453
0.0535542
0.0335597
0.0209114
0.0130971
0.00833925
0.0054337
0.00364321
0.00252508
0.0018141
0.00135186
0.00104378
0.000833171
0.000685652
0.000579966
0.000502769
0.000445413
0.000402155
0.000369162
0.000343741
0.000323968
0.00030849
0.000296281
0.000286629
0.000278943
0.000272812
0.000267875
0.000263883
0.000260665
0.00025804
0.000255829
0.000254113
0.000252798
0.000251774
0.00025101
0.000250431
0.000249973
0.000249607
0.000249297
0.000249028
0.000248791
0.000248563
0.000248298
0.00024799
0.000247654
0.000247256
0.000246793
0.000246255
0.000245613
0.00024485
0.000243952
0.00024289
0.000241652
0.000240162
0.000238503
0.000236366
0.000234323
0.00023113
0.000228989
0.000224579
0.000222222
0.000220554
0.000219289
0.000248574
0.000222602
0.00114701
0.00065648
0.0106003
0.0067408
0.0441548
0.0186852
0.048185
0.0338228
0.0654112
0.0295061
0.0590962
0.0497982
0.056948
0.0348164
0.0262595
0.0368086
0.0508398
0.0505317
2.5284
2.19921
1.93729
1.71816
1.54422
1.45359
1.44253
1.43993
1.42418
1.35877
1.18989
0.972468
0.757407
0.556946
0.399858
0.291184
0.217373
0.165805
0.128001
0.0996542
0.078383
0.0625286
0.0507731
0.0420713
0.0355997
0.0307419
0.0270575
0.0242344
0.0220499
0.0203455
0.0190077
0.0179516
0.0171142
0.0164477
0.015915
0.0154884
0.0151462
0.0148707
0.0146488
0.0144695
0.014325
0.0142079
0.0141136
0.0140369
0.0139745
0.0139242
0.0138836
0.0138505
0.0138229
0.0138004
0.0137815
0.0137664
0.0137542
0.0137437
0.0137343
0.0137256
0.0137175
0.0137098
0.0137017
0.0136919
0.0136802
0.0136671
0.0136517
0.0136338
0.0136127
0.0135875
0.0135575
0.0135221
0.0134803
0.0134312
0.0133727
0.0133061
0.0132234
0.0131382
0.0130193
0.012919
0.0127637
0.0126244
0.0125288
0.0122394
0.0128791
0.0117422
0.0188086
0.0124737
0.0449324
0.0267867
0.115349
0.0481892
0.122329
0.0852197
0.138395
0.0725197
0.128229
0.0989316
0.113028
0.0620695
0.0512898
0.0649685
0.0727039
0.0624258
3.41162
2.746
2.30114
2.02381
1.81701
1.68386
1.64236
1.61405
1.5179
1.35553
1.17687
0.999682
0.835013
0.69411
0.584258
0.506779
0.45246
0.409491
0.372903
0.341677
0.314886
0.291806
0.272048
0.255286
0.241205
0.229474
0.219779
0.211814
0.205295
0.199973
0.195635
0.192099
0.18922
0.186877
0.184968
0.183414
0.182151
0.181122
0.180285
0.179603
0.179049
0.178597
0.17823
0.17793
0.177685
0.177484
0.177321
0.177187
0.177073
0.176977
0.176897
0.176832
0.176778
0.176729
0.176683
0.176638
0.176595
0.176551
0.176502
0.176441
0.176369
0.176287
0.176191
0.176079
0.175947
0.17579
0.175604
0.175385
0.175126
0.174824
0.174463
0.174059
0.173546
0.173053
0.172302
0.171807
0.170752
0.170284
0.169435
0.168637
0.170937
0.168258
0.184058
0.160736
0.226467
0.144891
0.340755
0.173733
0.335148
0.223235
0.322627
0.194418
0.313007
0.234763
0.264462
0.170354
0.176907
0.200794
0.240062
0.197139
3.63787
2.76626
2.31471
2.05949
1.90259
1.77873
1.65022
1.4772
1.29442
1.15358
1.0694
1.00764
0.960246
0.925934
0.902647
0.887429
0.874353
0.859303
0.842339
0.82461
0.807063
0.790355
0.774928
0.761038
0.748781
0.738135
0.729017
0.721295
0.714815
0.709414
0.704938
0.701247
0.698212
0.695726
0.693694
0.692036
0.690688
0.68959
0.688699
0.687977
0.687393
0.68692
0.686537
0.686229
0.685979
0.68578
0.68562
0.685492
0.685387
0.685304
0.685245
0.685201
0.685166
0.685144
0.685144
0.685145
0.685148
0.685156
0.685172
0.685195
0.685228
0.685272
0.685329
0.685402
0.685495
0.685609
0.68575
0.685925
0.686136
0.686413
0.686714
0.687199
0.687556
0.688542
0.688822
0.691091
0.690305
0.696712
0.690465
0.712067
0.686363
0.755013
0.687655
0.827459
0.729268
0.745738
0.847962
0.592711
0.86656
0.652767
0.826679
0.633222
0.915449
0.740981
0.846264
0.731868
0.863137
1.22603
1.30906
1.28061
2.41428
1.93417
1.6999
1.50081
1.27175
1.0125
0.754112
0.550277
0.448162
0.430531
0.464564
0.515032
0.568626
0.631572
0.705125
0.779407
0.84343
0.892599
0.928228
0.953655
0.971525
0.983919
0.992474
0.998365
1.00241
1.0052
1.00715
1.00853
1.00955
1.01031
1.01091
1.01138
1.01177
1.0121
1.01238
1.01263
1.01285
1.01304
1.01321
1.01336
1.0135
1.01362
1.01374
1.01384
1.01394
1.01404
1.01413
1.01423
1.01433
1.01444
1.01456
1.01469
1.01484
1.01502
1.01523
1.01547
1.01576
1.01611
1.01653
1.01703
1.01762
1.01834
1.0192
1.02023
1.02147
1.02296
1.02474
1.02688
1.02944
1.03253
1.03617
1.04065
1.04567
1.05241
1.05848
1.07015
1.0742
1.09914
1.08673
1.15539
1.06763
1.29648
0.989574
1.58915
0.917048
2.00885
1.02376
2.26009
1.61924
2.24431
1.82682
2.4007
2.4578
2.62834
2.63612
3.35903
4.20955
5.48678
5.1513
5.78187
0.0818222
0.34587
0.768566
1.22464
1.45316
1.43418
1.10034
0.689419
0.408294
0.257864
0.191386
0.185637
0.234739
0.323621
0.438446
0.560485
0.67358
0.767496
0.840857
0.89543
0.934538
0.961831
0.980513
0.993091
1.0014
1.00684
1.01039
1.01265
1.01405
1.01488
1.01535
1.01558
1.01565
1.01563
1.01555
1.01544
1.01532
1.01519
1.01506
1.01493
1.01481
1.0147
1.0146
1.01449
1.0144
1.0143
1.01421
1.01411
1.01401
1.0139
1.01378
1.01364
1.01349
1.01331
1.01309
1.01284
1.01254
1.01219
1.01177
1.01126
1.01066
1.00993
1.00905
1.008
1.00673
1.00519
1.00335
1.00112
0.998439
0.995207
0.991311
0.986619
0.980969
0.974175
0.96602
0.956254
0.9446
0.930755
0.914405
0.89523
0.872929
0.847228
0.817893
0.784743
0.747625
0.706448
0.661151
0.611785
0.558467
0.501566
0.442044
0.381375
0.321775
0.265451
0.214779
0.170497
0.131821
0.0951905
0.053582
0.0146719
0.0898007
0.295058
0.423967
0.458279
0.317348
0.169571
0.0938782
0.0742176
0.0662095
0.0609298
0.0573696
0.0573955
0.0677112
0.0900579
0.126221
0.174828
0.232777
0.296442
0.359375
0.417319
0.468005
0.510708
0.545808
0.574243
0.597066
0.615208
0.629557
0.640896
0.649859
0.656945
0.662562
0.667027
0.670586
0.673428
0.675702
0.677522
0.678982
0.680153
0.681094
0.681849
0.682457
0.682945
0.683337
0.683652
0.683904
0.684107
0.684268
0.684398
0.684502
0.68458
0.684641
0.684692
0.684724
0.684738
0.684759
0.684771
0.684769
0.684758
0.684736
0.684703
0.68466
0.684605
0.684536
0.684452
0.68435
0.684224
0.684072
0.683889
0.683665
0.683393
0.683064
0.682664
0.682176
0.68158
0.680845
0.679934
0.678795
0.677361
0.67554
0.67319
0.670114
0.666105
0.660913
0.654268
0.645845
0.635327
0.622238
0.606201
0.586665
0.564174
0.537344
0.506369
0.468365
0.424667
0.370624
0.309285
0.236924
0.161483
0.085383
0.0261157
0.0764609
0.141351
0.152032
0.109136
0.0842027
0.0780634
0.092739
0.10029
0.0947571
0.0746494
0.0564579
0.0385351
0.0266807
0.0198271
0.0164923
0.0166311
0.0201975
0.0286874
0.0395259
0.0521762
0.0659535
0.0800238
0.0936293
0.106257
0.117607
0.127552
0.136089
0.143305
0.149341
0.154353
0.158483
0.161872
0.16464
0.166898
0.168734
0.170228
0.17144
0.172425
0.173222
0.173872
0.174397
0.174825
0.175174
0.175454
0.175685
0.175873
0.176025
0.176151
0.176259
0.176344
0.176416
0.176485
0.176544
0.176586
0.176637
0.176699
0.17676
0.17682
0.176882
0.17695
0.177028
0.177116
0.177218
0.17734
0.177489
0.177667
0.177882
0.178144
0.17846
0.17884
0.179299
0.179853
0.180523
0.181332
0.182304
0.18347
0.184858
0.1865
0.188421
0.19068
0.19334
0.196453
0.200086
0.204281
0.209157
0.214723
0.221201
0.228406
0.236578
0.244046
0.251158
0.25582
0.255718
0.250094
0.238315
0.209636
0.175104
0.123848
0.0780742
0.028633
0.0622114
0.0816966
0.0856134
0.0908407
0.110658
0.162912
0.193295
0.204056
0.19902
0.166059
0.130888
0.08546
0.0493329
0.0262412
0.0137378
0.00732814
0.00419118
0.00275813
0.00225549
0.00225941
0.00250203
0.00320181
0.00410994
0.00507908
0.00607354
0.00704968
0.00797291
0.00881976
0.00957774
0.0102432
0.0108184
0.0113095
0.0117248
0.0120733
0.0123635
0.0126048
0.0128036
0.012968
0.0131023
0.0132133
0.0133037
0.0133777
0.0134391
0.0134883
0.0135301
0.0135645
0.0135924
0.0136173
0.0136389
0.0136562
0.0136721
0.0136887
0.0137034
0.0137154
0.0137309
0.0137504
0.0137709
0.0137921
0.0138153
0.0138422
0.0138741
0.0139113
0.0139553
0.0140083
0.0140723
0.0141493
0.0142425
0.0143559
0.0144932
0.0146592
0.0148602
0.0151041
0.0154004
0.0157606
0.0161972
0.0167272
0.0173673
0.0181401
0.0190661
0.0201742
0.0214897
0.0230465
0.0248799
0.0270428
0.0295712
0.0326051
0.0361016
0.0404843
0.045305
0.0518412
0.0579164
0.06752
0.073342
0.0847564
0.0868502
0.0922282
0.0859893
0.0785477
0.059005
0.0267795
0.0596409
0.0651553
0.0872635
0.124772
0.212417
0.248988
0.260079
0.255616
0.246231
0.213228
0.186458
0.150307
0.104737
0.0605692
0.0317253
0.0153591
0.00703144
0.00316895
0.00149437
0.000744358
0.000394659
0.00022734
0.000145294
0.000110759
0.000105076
0.000107426
0.00011536
0.000129667
0.00014437
0.000158487
0.000171529
0.00018325
0.000193565
0.000202511
0.000210154
0.000216654
0.000222095
0.000226674
0.000230451
0.000233607
0.000236202
0.000238336
0.00024012
0.00024155
0.000242746
0.000243755
0.00024454
0.00024522
0.000245929
0.000246614
0.000247403
0.000248303
0.000249172
0.000250047
0.000251181
0.000252555
0.000254033
0.000255643
0.000257477
0.000259655
0.000262276
0.000265394
0.000269129
0.000273647
0.000279117
0.000285742
0.000293804
0.000303665
0.000315714
0.000330466
0.000348589
0.000370951
0.000398631
0.000433074
0.000475949
0.000529725
0.000597082
0.000682074
0.000789013
0.000924314
0.00109555
0.00131162
0.00158752
0.00193573
0.00238657
0.0029609
0.00372442
0.00469851
0.00607108
0.00774619
0.0103265
0.0131461
0.0179636
0.0221287
0.0300526
0.0345511
0.0438814
0.0462708
0.0434528
0.0334591
0.0716543
0.0644477
0.10638
0.210341
0.273659
0.293629
0.297723
0.28089
0.269805
0.229516
0.200209
0.169131
0.13646
0.099441
0.0593764
0.0307437
0.0146778
0.00656889
0.0028348
0.00121783
0.000534585
0.000243844
0.000116391
5.73609e-05
2.88551e-05
1.47453e-05
7.70647e-06
4.24142e-06
2.57618e-06
1.80772e-06
1.47747e-06
1.35439e-06
1.34185e-06
1.35242e-06
1.38119e-06
1.42105e-06
1.45795e-06
1.49104e-06
1.51942e-06
1.54382e-06
1.56431e-06
1.58137e-06
1.5958e-06
1.60752e-06
1.61721e-06
1.62571e-06
1.63189e-06
1.63792e-06
1.64205e-06
1.64795e-06
1.65826e-06
1.67207e-06
1.6871e-06
1.70388e-06
1.72512e-06
1.75026e-06
1.77787e-06
1.8089e-06
1.84491e-06
1.88797e-06
1.94018e-06
2.00315e-06
2.07971e-06
2.17363e-06
2.28919e-06
2.43203e-06
2.60994e-06
2.83345e-06
3.11558e-06
3.47451e-06
3.9353e-06
4.5334e-06
5.31702e-06
6.35836e-06
7.75102e-06
9.64723e-06
1.22391e-05
1.58441e-05
2.08742e-05
2.79534e-05
3.80563e-05
5.22912e-05
7.29129e-05
0.000102615
0.000144495
0.000211079
0.00029588
0.00045525
0.000642902
0.00102302
0.00149402
0.00240504
0.00366983
0.00570038
0.00909328
0.0129764
0.0208339
0.0278828
0.0351589
0.0311849
0.0826504
0.0740884
0.154287
0.273786
0.315825
0.330958
0.334634
0.318944
0.301373
0.242033
0.206349
0.172821
0.142915
0.113009
0.0823114
0.0506988
0.0262868
0.0123851
0.00540981
0.00224886
0.000916582
0.000377249
0.000160411
7.11611e-05
3.27987e-05
1.55213e-05
7.45416e-06
3.59894e-06
1.73647e-06
8.35505e-07
4.01294e-07
1.93286e-07
9.44528e-08
4.78212e-08
2.60124e-08
1.59248e-08
1.13147e-08
9.24818e-09
8.34819e-09
7.98333e-09
7.85583e-09
7.84624e-09
7.85766e-09
7.88608e-09
7.92292e-09
7.96035e-09
7.98998e-09
8.01809e-09
8.04404e-09
8.06332e-09
8.1129e-09
8.21353e-09
8.33824e-09
8.48511e-09
8.67104e-09
8.89238e-09
9.14029e-09
9.42394e-09
9.75687e-09
1.01581e-08
1.06509e-08
1.12567e-08
1.20091e-08
1.29554e-08
1.41545e-08
1.56891e-08
1.7678e-08
2.02945e-08
2.37781e-08
2.84876e-08
3.49611e-08
4.40365e-08
5.69706e-08
7.58798e-08
1.03854e-07
1.46474e-07
2.12136e-07
3.15144e-07
4.82018e-07
7.41494e-07
1.19571e-06
1.86265e-06
3.13068e-06
4.94099e-06
8.34263e-06
1.39325e-05
2.27036e-05
4.1026e-05
6.79805e-05
0.000125826
0.000217771
0.000417744
0.000744346
0.00146059
0.00268071
0.005225
0.00955944
0.0199336
0.0243464
0.0293723
0.0761704
0.097116
0.212224
0.316115
0.354421
0.373481
0.383964
0.383974
0.358964
0.266421
0.21302
0.173378
0.143784
0.115212
0.0881283
0.0624644
0.0386946
0.0202173
0.0094428
0.00406456
0.00164948
0.000648002
0.000253543
0.000101452
4.22638e-05
1.84129e-05
8.3279e-06
3.86152e-06
1.81418e-06
8.56344e-07
4.04123e-07
1.90215e-07
8.9215e-08
4.16941e-08
1.94267e-08
9.03375e-09
4.19997e-09
1.95853e-09
9.21694e-10
4.43035e-10
2.22367e-10
1.20821e-10
7.41106e-11
5.26347e-11
4.27901e-11
3.82853e-11
3.62416e-11
3.53054e-11
3.49512e-11
3.47924e-11
3.48929e-11
3.52288e-11
3.59165e-11
3.68098e-11
3.79706e-11
3.93856e-11
4.10142e-11
4.29188e-11
4.51938e-11
4.79788e-11
5.14736e-11
5.58912e-11
6.15558e-11
6.89526e-11
7.87506e-11
9.19548e-11
1.10107e-10
1.3566e-10
1.72434e-10
2.26692e-10
3.08936e-10
4.37493e-10
6.434e-10
9.86922e-10
1.56678e-09
2.59744e-09
4.42597e-09
7.82641e-09
1.4148e-08
2.59308e-08
4.92719e-08
9.09953e-08
1.76794e-07
3.25068e-07
6.30841e-07
1.17952e-06
2.28079e-06
4.44533e-06
9.07964e-06
1.79144e-05
3.96029e-05
8.10737e-05
0.000191085
0.000403171
0.000970667
0.00209231
0.00499317
0.0116407
0.021849
0.0307664
0.105391
0.100577
0.259117
0.347989
0.385041
0.408975
0.456057
0.481755
0.44774
0.32073
0.229647
0.173356
0.140418
0.114837
0.0889453
0.0651102
0.0442157
0.0268566
0.0140687
0.00651267
0.00277045
0.00110568
0.000423935
0.000160275
6.13594e-05
2.43179e-05
1.00902e-05
4.37619e-06
1.96344e-06
8.99971e-07
4.17128e-07
1.94175e-07
9.04354e-08
4.20632e-08
1.95249e-08
9.04432e-09
4.18195e-09
1.93093e-09
8.90703e-10
4.10674e-10
1.89361e-10
8.73776e-11
4.03881e-11
1.87304e-11
8.7417e-12
4.12873e-12
1.99489e-12
1.00548e-12
5.45414e-13
3.30305e-13
2.29668e-13
1.83558e-13
1.63865e-13
1.58062e-13
1.59311e-13
1.63593e-13
1.72422e-13
1.84783e-13
2.00492e-13
2.22124e-13
2.51024e-13
2.91378e-13
3.4967e-13
4.34739e-13
5.64168e-13
7.70406e-13
1.11033e-12
1.6902e-12
2.7225e-12
4.65439e-12
8.45785e-12
1.60976e-11
3.16963e-11
6.40695e-11
1.32079e-10
2.76354e-10
5.82229e-10
1.23411e-09
2.59799e-09
5.45703e-09
1.12233e-08
2.31188e-08
4.50699e-08
9.31164e-08
1.68504e-07
3.62474e-07
6.18943e-07
1.47735e-06
2.48163e-06
6.71094e-06
1.18651e-05
3.39204e-05
6.31932e-05
0.000182924
0.000398116
0.00111663
0.00280819
0.00909652
0.0169162
0.0359315
0.221528
0.116278
0.293503
0.371001
0.412035
0.443856
0.502821
0.511031
0.483165
0.405941
0.268434
0.181744
0.135288
0.109988
0.0877307
0.0653738
0.0454081
0.0292406
0.0170981
0.0088826
0.00408831
0.00171746
0.000676429
0.000254976
9.42027e-05
3.49942e-05
1.33821e-05
5.35012e-06
2.2433e-06
9.79116e-07
4.39466e-07
2.00552e-07
9.22957e-08
4.26205e-08
1.96962e-08
9.098e-09
4.19893e-09
1.93627e-09
8.92329e-10
4.11115e-10
1.89424e-10
8.73182e-11
4.02874e-11
1.86144e-11
8.61856e-12
4.00194e-12
1.86576e-12
8.74961e-13
4.13742e-13
1.98045e-13
9.66016e-14
4.85023e-14
2.53839e-14
1.42189e-14
8.86812e-15
6.0603e-15
4.91408e-15
4.91953e-15
5.31441e-15
6.43614e-15
8.83153e-15
1.35031e-14
2.2656e-14
3.98722e-14
7.40357e-14
1.43182e-13
2.85043e-13
5.79291e-13
1.19554e-12
2.49499e-12
5.25491e-12
1.11383e-11
2.37635e-11
5.09071e-11
1.09571e-10
2.3654e-10
5.10209e-10
1.10222e-09
2.34786e-09
4.984e-09
1.0299e-08
2.07413e-08
4.34122e-08
7.69969e-08
1.69833e-07
2.69885e-07
6.23011e-07
9.80439e-07
2.39158e-06
3.94562e-06
1.01114e-05
1.81748e-05
5.1785e-05
0.000105174
0.000277026
0.000691279
0.00200002
0.00548531
0.0136313
0.043941
0.220491
0.141371
0.311196
0.396524
0.42815
0.463133
0.504248
0.505641
0.488076
0.459694
0.3216
0.20256
0.136115
0.104113
0.083551
0.0640594
0.0454206
0.0297189
0.0180093
0.0100202
0.00507031
0.00232005
0.000968015
0.00037691
0.000140405
5.11363e-05
1.86532e-05
6.97764e-06
2.72355e-06
1.11605e-06
4.77653e-07
2.11106e-07
9.52263e-08
4.34487e-08
1.99364e-08
9.16974e-09
4.22094e-09
1.94317e-09
8.94532e-10
4.11831e-10
1.89664e-10
8.74045e-11
4.03231e-11
1.86323e-11
8.62886e-12
4.00844e-12
1.86998e-12
8.77687e-13
4.15478e-13
1.99105e-13
9.71965e-14
4.87804e-14
2.54377e-14
1.41051e-14
8.63275e-15
5.74051e-15
4.46618e-15
4.40978e-15
4.7222e-15
5.71163e-15
7.90181e-15
1.23662e-14
2.11759e-14
3.79429e-14
7.15298e-14
1.3968e-13
2.79866e-13
5.71227e-13
1.18249e-12
2.47232e-12
5.21565e-12
1.10642e-11
2.3651e-11
5.0723e-11
1.09565e-10
2.37202e-10
5.1429e-10
1.11929e-09
2.38815e-09
5.18417e-09
1.04519e-08
2.31982e-08
4.14706e-08
9.0441e-08
1.50784e-07
3.08262e-07
5.21723e-07
1.05289e-06
1.89335e-06
4.03714e-06
7.88709e-06
1.82842e-05
3.89927e-05
8.78146e-05
0.000211899
0.000582659
0.00140439
0.00531495
0.0120783
0.0711181
0.198342
0.166365
0.321713
0.404026
0.438346
0.471954
0.499515
0.483563
0.498104
0.497425
0.381452
0.231984
0.141001
0.10055
0.0798357
0.0616285
0.0443897
0.0295762
0.0181532
0.0102966
0.00541162
0.00262847
0.00117902
0.000489782
0.00019033
7.05301e-05
2.55168e-05
9.24155e-06
3.42756e-06
1.32461e-06
5.37133e-07
2.27624e-07
9.97502e-08
4.46873e-08
2.02801e-08
9.26749e-09
4.24961e-09
1.95185e-09
8.97243e-10
4.1271e-10
1.89963e-10
8.75139e-11
4.0368e-11
1.86538e-11
8.64084e-12
4.01587e-12
1.87488e-12
8.80986e-13
4.1774e-13
2.00663e-13
9.82784e-14
4.95491e-14
2.5993e-14
1.45139e-14
8.95329e-15
6.00625e-15
4.69894e-15
4.63871e-15
4.95625e-15
5.9627e-15
8.18673e-15
1.27482e-14
2.15705e-14
3.85019e-14
7.21859e-14
1.40427e-13
2.80615e-13
5.71606e-13
1.18175e-12
2.46777e-12
5.20507e-12
1.10333e-11
2.36199e-11
5.06443e-11
1.09886e-10
2.38143e-10
5.21142e-10
1.13741e-09
2.46379e-09
5.32382e-09
1.10422e-08
2.30609e-08
4.50425e-08
8.43453e-08
1.66467e-07
2.83475e-07
5.42739e-07
9.7102e-07
1.85347e-06
3.84716e-06
7.33594e-06
1.8232e-05
3.38222e-05
8.1925e-05
0.000204817
0.000477793
0.00141878
0.00413293
0.0146581
0.0761
0.211953
0.17308
0.350608
0.420527
0.445962
0.472056
0.509917
0.485026
0.543757
0.590883
0.482583
0.281046
0.153234
0.097199
0.07554
0.0599611
0.0435372
0.0289121
0.0178365
0.0102564
0.00546268
0.00270294
0.00124928
0.0005417
0.000221276
8.58033e-05
3.1956e-05
1.16408e-05
4.24337e-06
1.58319e-06
6.14817e-07
2.50018e-07
1.06017e-07
4.6411e-08
2.07525e-08
9.39835e-09
4.28673e-09
1.96273e-09
9.00552e-10
4.1376e-10
1.90316e-10
8.76424e-11
4.04207e-11
1.86787e-11
8.65405e-12
4.02367e-12
1.87985e-12
8.84262e-13
4.19965e-13
2.02192e-13
9.93364e-14
5.03023e-14
2.6542e-14
1.49216e-14
9.27407e-15
6.27301e-15
4.93439e-15
4.87073e-15
5.19355e-15
6.21734e-15
8.47548e-15
1.31322e-14
2.19696e-14
3.90653e-14
7.28407e-14
1.41163e-13
2.81328e-13
5.71856e-13
1.18073e-12
2.46214e-12
5.19275e-12
1.09936e-11
2.35806e-11
5.05012e-11
1.10187e-10
2.389e-10
5.27612e-10
1.16136e-09
2.5241e-09
5.66398e-09
1.13661e-08
2.66393e-08
4.60072e-08
9.65705e-08
1.66362e-07
2.79584e-07
5.76903e-07
9.04821e-07
2.14724e-06
3.27865e-06
9.77669e-06
1.52994e-05
3.58116e-05
8.56924e-05
0.000202577
0.000463425
0.00141381
0.0040315
0.0128285
0.0777791
0.351164
0.177798
0.354509
0.420543
0.449215
0.463242
0.515283
0.51774
0.621124
0.694675
0.648254
0.377648
0.184257
0.100093
0.0693392
0.0556524
0.0424538
0.0286396
0.0174576
0.00987503
0.00527968
0.00265544
0.00124923
0.000551217
0.000229809
9.13768e-05
3.50188e-05
1.30841e-05
4.8392e-06
1.8034e-06
6.8904e-07
2.73338e-07
1.12974e-07
4.84151e-08
2.13184e-08
9.55725e-09
4.33172e-09
1.97576e-09
9.04465e-10
4.14985e-10
1.90717e-10
8.77832e-11
4.04759e-11
1.87038e-11
8.66723e-12
4.03139e-12
1.88472e-12
8.8745e-13
4.22108e-13
2.03661e-13
1.00352e-13
5.10208e-14
2.70652e-14
1.53128e-14
9.5831e-15
6.53042e-15
5.1624e-15
5.0954e-15
5.42291e-15
6.46261e-15
8.75246e-15
1.34981e-14
2.23483e-14
3.95937e-14
7.34449e-14
1.41818e-13
2.81906e-13
5.71823e-13
1.17923e-12
2.45498e-12
5.1786e-12
1.09413e-11
2.35407e-11
5.02336e-11
1.1066e-10
2.38427e-10
5.37914e-10
1.17578e-09
2.63393e-09
5.91641e-09
1.20025e-08
3.07012e-08
4.77715e-08
1.21236e-07
1.69956e-07
3.42463e-07
5.19635e-07
1.11507e-06
1.71741e-06
5.11196e-06
7.70781e-06
1.69792e-05
4.39567e-05
9.45776e-05
0.00018709
0.000603745
0.00127695
0.00433255
0.0143519
0.0928435
0.496418
0.192299
0.347173
0.425165
0.456691
0.463593
0.496035
0.533185
0.631388
0.707298
0.696906
0.522997
0.241688
0.113922
0.0693325
0.0515056
0.0395468
0.0279098
0.0173222
0.00968874
0.00501985
0.00246836
0.00116407
0.000523323
0.000223318
9.07666e-05
3.54296e-05
1.34509e-05
5.04289e-06
1.898e-06
7.28224e-07
2.88038e-07
1.18054e-07
5.0058e-08
2.18255e-08
9.70978e-09
4.37721e-09
1.98939e-09
9.08634e-10
4.16307e-10
1.91157e-10
8.79399e-11
4.0537e-11
1.87306e-11
8.68069e-12
4.03905e-12
1.88948e-12
8.90539e-13
4.24166e-13
2.05062e-13
1.01319e-13
5.17019e-14
2.75586e-14
1.56808e-14
9.87356e-15
6.7721e-15
5.37637e-15
5.30608e-15
5.63765e-15
6.69145e-15
9.0094e-15
1.38236e-14
2.27042e-14
4.0083e-14
7.39854e-14
1.42367e-13
2.8231e-13
5.71454e-13
1.17716e-12
2.44613e-12
5.16239e-12
1.08759e-11
2.34958e-11
4.98474e-11
1.11214e-10
2.37043e-10
5.50526e-10
1.18671e-09
2.7845e-09
6.20709e-09
1.31079e-08
3.46421e-08
5.21168e-08
1.46239e-07
1.85501e-07
3.36352e-07
6.2069e-07
8.97232e-07
2.78855e-06
4.12878e-06
7.82338e-06
2.795e-05
4.48361e-05
9.06244e-05
0.0002748
0.00058067
0.00142663
0.00400269
0.0127105
0.102812
0.496725
0.218758
0.3369
0.425887
0.471486
0.485761
0.503346
0.496967
0.52368
0.642831
0.674895
0.570055
0.297169
0.137139
0.0736831
0.0512649
0.0378055
0.0264673
0.0168978
0.00959864
0.00493944
0.00235896
0.0010671
0.000465854
0.000198075
8.18677e-05
3.2827e-05
1.28182e-05
4.92606e-06
1.8893e-06
7.33881e-07
2.92242e-07
1.20059e-07
5.08756e-08
2.21297e-08
9.8157e-09
4.41253e-09
2.00094e-09
9.12381e-10
4.17529e-10
1.91566e-10
8.80839e-11
4.0592e-11
1.8754e-11
8.69194e-12
4.04518e-12
1.89319e-12
8.92939e-13
4.25785e-13
2.06182e-13
1.02106e-13
5.2268e-14
2.79772e-14
1.59987e-14
1.01272e-14
6.985e-15
5.5667e-15
5.49381e-15
5.82887e-15
6.89481e-15
9.23678e-15
1.41178e-14
2.30094e-14
4.0497e-14
7.44301e-14
1.42781e-13
2.82517e-13
5.70733e-13
1.17455e-12
2.43545e-12
5.1446e-12
1.07936e-11
2.34609e-11
4.92635e-11
1.12485e-10
2.33344e-10
5.8276e-10
1.18463e-09
3.05071e-09
6.67229e-09
1.47899e-08
4.39126e-08
5.96095e-08
2.18484e-07
2.21627e-07
5.19786e-07
6.53713e-07
1.1124e-06
2.7191e-06
3.55516e-06
2.03545e-05
2.38004e-05
4.51398e-05
9.58002e-05
0.000311957
0.000562825
0.00150227
0.00473978
0.0145354
0.149237
0.493186
0.253996
0.336813
0.415027
0.468208
0.523712
0.503851
0.454837
0.453558
0.557861
0.621373
0.561094
0.311373
0.149473
0.0795171
0.0524275
0.0377819
0.0257828
0.0161665
0.00931741
0.00486355
0.00232239
0.00103353
0.000436798
0.000178136
7.11497e-05
2.81689e-05
1.11204e-05
4.38893e-06
1.73968e-06
6.97286e-07
2.8461e-07
1.18861e-07
5.08353e-08
2.22071e-08
9.8641e-09
4.4342e-09
2.00948e-09
9.15555e-10
4.18673e-10
1.91975e-10
8.82331e-11
4.06494e-11
1.87782e-11
8.70348e-12
4.05138e-12
1.89684e-12
8.95215e-13
4.27264e-13
2.07178e-13
1.02791e-13
5.27522e-14
2.8331e-14
1.62675e-14
1.03414e-14
7.16468e-15
5.72805e-15
5.65321e-15
5.99109e-15
7.06666e-15
9.42781e-15
1.43548e-14
2.32687e-14
4.08399e-14
7.47745e-14
1.43045e-13
2.82486e-13
5.69565e-13
1.17122e-12
2.42276e-12
5.12497e-12
1.06933e-11
2.34567e-11
4.83996e-11
1.17323e-10
2.26179e-10
6.70221e-10
1.16603e-09
4.06254e-09
7.36869e-09
1.94593e-08
5.89758e-08
8.42619e-08
3.96992e-07
3.48937e-07
1.12741e-06
9.79844e-07
3.14287e-06
2.98345e-06
1.58675e-05
1.51259e-05
2.72368e-05
4.51329e-05
0.000185423
0.000273109
0.000634521
0.00137532
0.00419971
0.0152944
0.173818
0.543142
0.333825
0.347615
0.410359
0.479493
0.519058
0.490275
0.460178
0.464868
0.570576
0.624979
0.534289
0.297828
0.149467
0.0809661
0.0533784
0.0383125
0.0258706
0.0158594
0.00890116
0.00465659
0.00225479
0.00101228
0.000426818
0.000171861
6.7233e-05
2.59523e-05
1.00263e-05
3.92228e-06
1.56564e-06
6.39751e-07
2.67622e-07
1.14388e-07
4.98048e-08
2.20128e-08
9.8425e-09
4.43857e-09
2.0139e-09
9.17774e-10
4.19605e-10
1.92343e-10
8.8376e-11
4.07057e-11
1.88014e-11
8.71402e-12
4.05679e-12
1.89994e-12
8.97139e-13
4.28513e-13
2.08017e-13
1.03369e-13
5.31582e-14
2.86242e-14
1.64869e-14
1.05152e-14
7.30945e-15
5.85621e-15
5.77906e-15
6.1186e-15
7.20089e-15
9.5759e-15
1.45267e-14
2.34608e-14
4.10986e-14
7.50047e-14
1.4314e-13
2.82198e-13
5.67976e-13
1.16722e-12
2.40823e-12
5.10353e-12
1.05717e-11
2.3662e-11
4.72321e-11
1.25446e-10
2.17887e-10
8.14536e-10
1.15017e-09
6.2967e-09
8.69635e-09
3.78857e-08
9.15687e-08
1.65687e-07
7.70634e-07
7.12304e-07
1.73485e-06
2.27588e-06
3.10059e-06
9.16093e-06
9.12358e-06
1.58861e-05
2.45004e-05
7.65737e-05
0.000129022
0.000257652
0.000601
0.00196893
0.00540708
0.0175353
0.233838
0.615068
0.461293
0.387986
0.424541
0.501859
0.554129
0.553573
0.540772
0.567615
0.693485
0.709405
0.511827
0.247839
0.131577
0.0774334
0.0530889
0.0385735
0.0262465
0.0159689
0.00877671
0.00444531
0.002124
0.000961922
0.00041153
0.000167552
6.58129e-05
2.53607e-05
9.75351e-06
3.79866e-06
1.51329e-06
6.19585e-07
2.60627e-07
1.12217e-07
4.92117e-08
2.18774e-08
9.82121e-09
4.43952e-09
2.01669e-09
9.19406e-10
4.20336e-10
1.92636e-10
8.8489e-11
4.0749e-11
1.88185e-11
8.72128e-12
4.06023e-12
1.90178e-12
8.98241e-13
4.29234e-13
2.08514e-13
1.0372e-13
5.34128e-14
2.88139e-14
1.66325e-14
1.06315e-14
7.40677e-15
5.94418e-15
5.86604e-15
6.20672e-15
7.29242e-15
9.67307e-15
1.46556e-14
2.35956e-14
4.12315e-14
7.50807e-14
1.43052e-13
2.81691e-13
5.66099e-13
1.16274e-12
2.3924e-12
5.08053e-12
1.04325e-11
2.40958e-11
4.58825e-11
1.37003e-10
2.08906e-10
1.04165e-09
1.16102e-09
1.1004e-08
1.17224e-08
1.04471e-07
2.00975e-07
4.7579e-07
2.22561e-06
2.11096e-06
6.20114e-06
6.87853e-06
1.40282e-05
1.33326e-05
1.92599e-05
2.45939e-05
5.32274e-05
6.64904e-05
0.00010668
0.000201125
0.000553014
0.00179926
0.00530139
0.0259895
0.262829
0.909949
0.714005
0.521177
0.530223
0.628354
0.985605
1.02774
0.823408
0.793434
0.849951
0.768049
0.472172
0.208494
0.100031
0.0645963
0.0490353
0.0377373
0.0263188
0.016178
0.0088555
0.00440877
0.00204218
0.000899984
0.000383015
0.00015772
6.3026e-05
2.46843e-05
9.60566e-06
3.76753e-06
1.50662e-06
6.18124e-07
2.60349e-07
1.12219e-07
4.92632e-08
2.19183e-08
9.84444e-09
4.4507e-09
2.02155e-09
9.21377e-10
4.211e-10
1.92924e-10
8.85957e-11
4.0788e-11
1.88329e-11
8.72693e-12
4.06267e-12
1.90296e-12
8.98864e-13
4.29585e-13
2.08726e-13
1.03858e-13
5.35096e-14
2.88863e-14
1.66908e-14
1.0681e-14
7.45031e-15
5.98568e-15
5.9076e-15
6.24903e-15
7.33746e-15
9.72323e-15
1.46937e-14
2.36381e-14
4.12903e-14
7.50402e-14
1.42755e-13
2.8078e-13
5.63526e-13
1.1569e-12
2.37429e-12
5.05836e-12
1.0277e-11
2.46456e-11
4.44697e-11
1.51549e-10
2.00424e-10
1.37726e-09
1.2346e-09
2.03705e-08
1.75475e-08
3.48834e-07
5.00632e-07
2.26579e-06
6.79722e-06
1.1407e-05
2.71796e-05
3.0273e-05
4.30955e-05
3.16623e-05
3.78382e-05
5.80465e-05
6.98699e-05
8.57785e-05
0.000124345
0.000431412
0.000994175
0.00300703
0.00541152
0.0279753
0.326776
9.55735
2.4854
2.82512
2.08015
2.78535
3.22609
3.53577
3.7658
3.92163
4.05093
5.88797
3.94978
3.77882
3.45094
3.50701
3.7974
4.15188
4.46703
4.6875
4.8958
2.7694
5.28622
3.92834
3.66681
3.17751
3.09994
3.17155
3.3854
3.5783
3.82365
0.864649
4.79118
3.56613
3.32884
2.72613
2.28454
2.10489
2.11648
2.18918
2.41882
0.279392
3.08611
2.3922
2.32064
1.99855
1.52359
1.18028
1.03093
1.00942
1.09668
0.213707
1.56004
1.2124
1.17417
1.03691
0.779621
0.552813
0.400709
0.309637
0.302488
0.252112
0.755534
0.612222
0.51523
0.437335
0.343549
0.250107
0.167244
0.111144
0.0632117
0.380642
0.459805
0.384239
0.291677
0.237132
0.191721
0.14649
0.0993415
0.0655806
0.0290338
0.429456
0.393121
0.307159
0.229668
0.181017
0.143325
0.107855
0.0720846
0.046593
0.0199816
0.364226
0.336735
0.263096
0.183429
0.137273
0.106127
0.0781129
0.0509744
0.0319043
0.0133719
0.231275
0.223405
0.17522
0.116878
0.0889108
0.0707625
0.052699
0.0342295
0.0208586
0.00844229
0.140244
0.133765
0.103908
0.0703875
0.058135
0.0508643
0.0409083
0.0278397
0.0171571
0.00670647
0.0860887
0.0823236
0.0649658
0.050632
0.0496276
0.0517581
0.0514628
0.0454399
0.032923
0.0144099
0.0629249
0.0593742
0.0483539
0.0539569
0.0850502
0.158877
0.187688
0.187576
0.1757
0.115395
0.0498074
0.0433647
0.0607581
0.155188
0.401742
0.658507
0.754893
0.754323
0.718902
0.575012
0.0404077
0.0792285
0.303778
0.887488
1.53635
1.85847
1.91312
1.86777
1.75024
1.54406
0.124107
0.641013
1.86687
3.01068
3.48216
3.47314
3.36747
3.14977
2.98407
2.81051
1.05889
3.71312
5.33028
5.66913
5.41768
4.92308
4.57924
4.3368
4.19823
4.0913
5.60801
8.30108
8.2764
7.49185
6.36983
5.66299
5.31085
5.14244
5.07656
5.0403
10.1169
9.39056
7.57409
5.92128
4.79215
4.27614
4.09998
4.05762
4.06757
4.08377
)
;

boundaryField
{
    inlet
    {
        type            fixedValue;
        value           uniform 2e-05;
    }
    outlet
    {
        type            inletOutlet;
        inletValue      uniform 0;
        value           nonuniform List<scalar> 
20
(
4.05093
4.8958
3.82365
2.41882
1.09668
0.302488
0.0632117
0.0290338
0.0199816
0.0133719
0.00844229
0.00670647
0.0144099
0.115395
0.575012
1.54406
2.81051
4.0913
5.0403
4.08377
)
;
    }
    walls
    {
        type            fixedValue;
        value           uniform 0;
    }
    frontAndBack
    {
        type            empty;
    }
}


// ************************************************************************* //
