/*--------------------------------*- C++ -*----------------------------------*\
| =========                 |                                                 |
| \\      /  F ield         | OpenFOAM: The Open Source CFD Toolbox           |
|  \\    /   O peration     | Version:  2.4.0                                 |
|   \\  /    A nd           | Web:      www.OpenFOAM.org                      |
|    \\/     M anipulation  |                                                 |
\*---------------------------------------------------------------------------*/
FoamFile
{
    version     2.0;
    format      ascii;
    class       volVectorField;
    location    "0.184";
    object      UMean;
}
// * * * * * * * * * * * * * * * * * * * * * * * * * * * * * * * * * * * * * //

dimensions      [0 1 -1 0 0 0 0];

internalField   nonuniform List<vector> 
4400
(
(5.42942 0.314182 0)
(3.39152 0.0612507 0)
(2.66502 0.0015406 0)
(2.3261 -0.00225058 0)
(2.18225 -0.00146572 0)
(2.1108 -0.000739001 0)
(2.07009 -0.000227009 0)
(2.04625 -0.000323153 0)
(2.04367 0.000941077 0)
(1.8892 -0.05211 0)
(8.67559 0.846892 0)
(7.60758 0.340172 0)
(6.70823 0.113987 0)
(6.01702 0.0521855 0)
(5.63994 0.0245008 0)
(5.4254 0.0133857 0)
(5.3015 0.00852363 0)
(5.22476 0.00365822 0)
(5.16942 0.0134335 0)
(5.13718 -0.110697 0)
(9.85388 0.923151 0)
(10.0256 0.468947 0)
(9.5328 0.207905 0)
(8.82597 0.123411 0)
(8.35395 0.0697269 0)
(8.04095 0.0399492 0)
(7.86705 0.0248679 0)
(7.73023 0.0147711 0)
(7.67356 0.0120397 0)
(7.5948 -0.106279 0)
(10.0745 0.793555 0)
(11.1217 0.48747 0)
(11.265 0.258339 0)
(10.8449 0.187311 0)
(10.4685 0.121897 0)
(10.1411 0.0752431 0)
(9.97894 0.047903 0)
(9.78779 0.0293443 0)
(9.77561 0.0180434 0)
(9.59238 -0.101407 0)
(10.004 0.63647 0)
(11.3221 0.426704 0)
(11.9502 0.239153 0)
(11.9339 0.205839 0)
(11.8418 0.155758 0)
(11.6197 0.104513 0)
(11.5667 0.0730042 0)
(11.367 0.0424529 0)
(11.4084 0.0306142 0)
(11.2184 -0.108178 0)
(9.97693 0.506714 0)
(11.2386 0.35227 0)
(12.0125 0.182601 0)
(12.2129 0.17512 0)
(12.3908 0.148983 0)
(12.3718 0.109999 0)
(12.4767 0.0808119 0)
(12.4013 0.0525504 0)
(12.4793 0.0304656 0)
(12.3857 -0.0874641 0)
(9.97889 0.390687 0)
(11.1734 0.282508 0)
(11.9469 0.133021 0)
(12.1985 0.130942 0)
(12.4349 0.117952 0)
(12.5508 0.089612 0)
(12.7431 0.0676748 0)
(12.8271 0.0457762 0)
(12.9585 0.0153676 0)
(12.9927 -0.0383562 0)
(9.96625 0.271797 0)
(11.1457 0.212257 0)
(11.8827 0.0868541 0)
(12.1763 0.0969388 0)
(12.3795 0.0784918 0)
(12.5437 0.069412 0)
(12.7291 0.0380614 0)
(12.8825 0.036028 0)
(13.0287 -0.0148289 0)
(13.1276 -0.0390811 0)
(9.95286 0.165104 0)
(11.126 0.125515 0)
(11.843 0.0531827 0)
(12.1632 0.0545311 0)
(12.3428 0.0496043 0)
(12.524 0.0370677 0)
(12.6937 0.0225687 0)
(12.8619 0.00753465 0)
(12.9989 -0.0265392 0)
(13.0951 -0.0948222 0)
(9.95435 0.0524749 0)
(11.1081 0.0451112 0)
(11.8312 0.0133946 0)
(12.1488 0.0218703 0)
(12.3321 0.0105074 0)
(12.5074 0.0155859 0)
(12.6816 -0.00514329 0)
(12.8431 -0.00743422 0)
(12.9814 -0.0544498 0)
(13.0597 -0.117705 0)
(9.95419 -0.0535756 0)
(11.1091 -0.0423319 0)
(11.8301 -0.0181059 0)
(12.1497 -0.0186918 0)
(12.3317 -0.0204151 0)
(12.5086 -0.0155461 0)
(12.68 -0.0238398 0)
(12.8417 -0.0317774 0)
(12.974 -0.074103 0)
(13.0476 -0.139834 0)
(9.96124 -0.165078 0)
(11.1203 -0.124347 0)
(11.8489 -0.0557267 0)
(12.1582 -0.0540674 0)
(12.3477 -0.0563848 0)
(12.5182 -0.0410784 0)
(12.694 -0.0467685 0)
(12.8493 -0.0522187 0)
(12.9823 -0.0948739 0)
(13.0486 -0.161091 0)
(9.98216 -0.274515 0)
(11.1333 -0.207989 0)
(11.8945 -0.0924898 0)
(12.1658 -0.0924689 0)
(12.3871 -0.0896024 0)
(12.5311 -0.0684403 0)
(12.7297 -0.0684132 0)
(12.858 -0.0727501 0)
(12.9991 -0.114154 0)
(13.0338 -0.183711 0)
(9.99766 -0.390739 0)
(11.1549 -0.281715 0)
(11.963 -0.135231 0)
(12.18 -0.129943 0)
(12.4484 -0.124559 0)
(12.5284 -0.0940664 0)
(12.7487 -0.0903657 0)
(12.7812 -0.090466 0)
(12.911 -0.129656 0)
(12.8155 -0.198642 0)
(9.98676 -0.508668 0)
(11.2258 -0.350073 0)
(12.0222 -0.185771 0)
(12.1994 -0.172711 0)
(12.399 -0.156254 0)
(12.3516 -0.113665 0)
(12.4708 -0.102244 0)
(12.3398 -0.0963715 0)
(12.3828 -0.128104 0)
(12.1079 -0.193733 0)
(10.0098 -0.637177 0)
(11.3132 -0.42538 0)
(11.957 -0.241408 0)
(11.9228 -0.204134 0)
(11.8471 -0.162261 0)
(11.5967 -0.107778 0)
(11.5497 -0.0916759 0)
(11.2885 -0.0800642 0)
(11.2522 -0.113773 0)
(10.8615 -0.150611 0)
(10.0769 -0.794277 0)
(11.1152 -0.486733 0)
(11.2704 -0.259987 0)
(10.8328 -0.186132 0)
(10.477 -0.127214 0)
(10.1051 -0.077244 0)
(9.97097 -0.0642324 0)
(9.67007 -0.0558916 0)
(9.6079 -0.0880693 0)
(9.15103 -0.0974339 0)
(9.8541 -0.923415 0)
(10.022 -0.468494 0)
(9.53577 -0.208861 0)
(8.8165 -0.122876 0)
(8.35952 -0.0730121 0)
(8.00382 -0.0417943 0)
(7.85971 -0.0356249 0)
(7.59082 -0.0330884 0)
(7.5268 -0.0565564 0)
(7.04782 -0.0558613 0)
(8.67536 -0.84702 0)
(7.60587 -0.340026 0)
(6.70915 -0.114422 0)
(6.01095 -0.0520441 0)
(5.64118 -0.0260371 0)
(5.39584 -0.0145047 0)
(5.28892 -0.0135751 0)
(5.09936 -0.0146429 0)
(5.03534 -0.0265822 0)
(4.62763 -0.0239125 0)
(5.42915 -0.314204 0)
(3.39105 -0.0612174 0)
(2.6648 -0.00161365 0)
(2.32363 0.00229053 0)
(2.18085 0.00130477 0)
(2.09663 0.000511147 0)
(2.05594 -0.00021676 0)
(1.98113 -0.00114277 0)
(1.93347 -0.00251692 0)
(1.73831 0.00932189 0)
(2.9194 -0.18258 0)
(3.29716 -0.0713863 0)
(3.88578 -0.147605 0)
(4.26756 -0.191454 0)
(4.70359 -0.252504 0)
(5.00385 -0.340092 0)
(5.43901 -0.389515 0)
(5.68603 -0.502887 0)
(6.1712 -0.629849 0)
(6.34815 -0.662766 0)
(6.77243 -0.78889 0)
(7.01628 -0.846515 0)
(7.41017 -0.996771 0)
(7.72748 -1.12006 0)
(8.1083 -1.23527 0)
(8.42925 -1.32907 0)
(8.82188 -1.50301 0)
(9.10428 -1.62275 0)
(9.34746 -1.76 0)
(9.61182 -1.85433 0)
(9.75574 -1.95695 0)
(9.9718 -2.02318 0)
(10.0692 -2.11227 0)
(10.2774 -2.18865 0)
(10.381 -2.27927 0)
(10.4923 -2.33988 0)
(10.4974 -2.40142 0)
(10.4681 -2.42808 0)
(10.3474 -2.42642 0)
(10.1639 -2.34132 0)
(9.96928 -2.26108 0)
(9.84639 -2.16271 0)
(9.61599 -2.06344 0)
(9.45148 -1.89456 0)
(9.11774 -1.72817 0)
(8.89051 -1.47252 0)
(8.5956 -1.23681 0)
(8.29606 -0.922962 0)
(8.14386 -0.733463 0)
(7.91553 -0.491798 0)
(7.91144 -0.338737 0)
(7.73987 -0.110837 0)
(7.72335 0.0404498 0)
(7.62758 0.301801 0)
(7.5956 0.415418 0)
(7.49868 0.666421 0)
(7.5074 0.709046 0)
(7.32849 0.956044 0)
(7.38029 0.899055 0)
(7.20558 1.08994 0)
(7.23369 0.94014 0)
(7.10003 1.13522 0)
(7.09496 0.883445 0)
(7.0123 1.0832 0)
(7.0077 0.744025 0)
(6.9587 0.984615 0)
(6.97407 0.553105 0)
(6.93264 0.859913 0)
(6.94375 0.359772 0)
(6.94459 0.727402 0)
(6.95514 0.185163 0)
(6.97789 0.610337 0)
(6.9472 0.00547572 0)
(6.96899 0.47147 0)
(6.90646 -0.172296 0)
(6.9423 0.375244 0)
(6.91391 -0.282976 0)
(6.92485 0.305587 0)
(6.92154 -0.360045 0)
(6.84231 0.249298 0)
(6.86711 -0.437052 0)
(6.72063 0.257053 0)
(6.75746 -0.432973 0)
(6.60913 0.333021 0)
(6.67079 -0.396036 0)
(6.60417 0.372796 0)
(6.71134 -0.351158 0)
(6.57894 0.446026 0)
(6.77072 -0.234621 0)
(6.47414 0.592329 0)
(6.77405 -0.0587685 0)
(6.3932 0.716341 0)
(6.75439 0.130714 0)
(6.27419 0.869955 0)
(6.75797 0.361831 0)
(6.14516 1.07146 0)
(6.6799 0.595339 0)
(6.03833 1.30215 0)
(6.61831 0.892126 0)
(5.95674 1.55422 0)
(6.51872 1.1827 0)
(5.84976 1.83012 0)
(6.43423 1.48535 0)
(5.75845 2.22432 0)
(6.30271 1.89233 0)
(5.47709 2.88497 0)
(6.36525 2.61969 0)
(5.17697 4.28613 0)
(6.41614 4.4316 0)
(3.78626 8.38939 0)
(5.40955 -0.201477 0)
(5.51018 -0.161647 0)
(5.81454 -0.250795 0)
(5.997 -0.330121 0)
(6.31208 -0.399915 0)
(6.51321 -0.479246 0)
(6.8573 -0.547974 0)
(7.06284 -0.63788 0)
(7.43096 -0.766866 0)
(7.60913 -0.809065 0)
(7.9194 -0.924056 0)
(8.15815 -0.990992 0)
(8.4884 -1.12519 0)
(8.80559 -1.25945 0)
(9.12543 -1.38558 0)
(9.40193 -1.47739 0)
(9.71864 -1.6256 0)
(9.95129 -1.72936 0)
(10.1223 -1.8519 0)
(10.3113 -1.93691 0)
(10.387 -2.02307 0)
(10.5533 -2.08451 0)
(10.6356 -2.1675 0)
(10.7633 -2.23694 0)
(10.806 -2.3044 0)
(10.7996 -2.34001 0)
(10.7436 -2.37926 0)
(10.6173 -2.37449 0)
(10.3843 -2.34475 0)
(10.1595 -2.26339 0)
(9.941 -2.18729 0)
(9.77426 -2.08383 0)
(9.48082 -1.96553 0)
(9.26781 -1.77602 0)
(8.86708 -1.59638 0)
(8.62194 -1.34364 0)
(8.25991 -1.11236 0)
(7.99563 -0.820134 0)
(7.8252 -0.661515 0)
(7.60898 -0.433698 0)
(7.6318 -0.301568 0)
(7.43697 -0.0756344 0)
(7.47377 0.0715036 0)
(7.36184 0.327155 0)
(7.38653 0.436383 0)
(7.28471 0.691451 0)
(7.33456 0.736012 0)
(7.14763 0.987605 0)
(7.25036 0.915081 0)
(7.08429 1.13031 0)
(7.12596 0.958399 0)
(6.98483 1.17413 0)
(7.0268 0.897576 0)
(6.9209 1.12157 0)
(6.93249 0.742723 0)
(6.90656 1.01128 0)
(6.88312 0.543314 0)
(6.92665 0.886893 0)
(6.87664 0.340082 0)
(6.94804 0.749157 0)
(6.91876 0.147238 0)
(6.97599 0.643866 0)
(6.9499 -0.0287317 0)
(6.95806 0.522148 0)
(6.90532 -0.207152 0)
(6.91171 0.434658 0)
(6.89741 -0.334669 0)
(6.86875 0.362076 0)
(6.90207 -0.409755 0)
(6.78344 0.331072 0)
(6.8448 -0.477032 0)
(6.64512 0.359831 0)
(6.74812 -0.487091 0)
(6.55596 0.431104 0)
(6.71767 -0.478822 0)
(6.57378 0.462486 0)
(6.7608 -0.442384 0)
(6.53228 0.552884 0)
(6.80819 -0.339642 0)
(6.42355 0.717054 0)
(6.90342 -0.188396 0)
(6.36849 0.855597 0)
(6.97421 0.000599983 0)
(6.31703 1.01276 0)
(7.04941 0.226824 0)
(6.27215 1.23442 0)
(6.98973 0.477543 0)
(6.17086 1.48135 0)
(6.85786 0.740628 0)
(6.0697 1.75526 0)
(6.80133 1.0318 0)
(5.96017 2.04034 0)
(6.75481 1.29476 0)
(5.92111 2.44271 0)
(6.84927 1.7771 0)
(5.70255 3.21661 0)
(6.75088 2.46908 0)
(5.11104 4.56425 0)
(8.14674 3.87015 0)
(5.81344 8.84758 0)
(7.76264 -0.234121 0)
(7.75172 -0.230349 0)
(7.93816 -0.312409 0)
(8.04175 -0.398331 0)
(8.24021 -0.48142 0)
(8.35812 -0.551509 0)
(8.57207 -0.63397 0)
(8.69921 -0.716956 0)
(8.93004 -0.845365 0)
(9.06019 -0.907094 0)
(9.26664 -1.01515 0)
(9.46165 -1.10213 0)
(9.7047 -1.23123 0)
(9.95917 -1.36879 0)
(10.1906 -1.49208 0)
(10.3595 -1.58346 0)
(10.5665 -1.70913 0)
(10.7244 -1.79733 0)
(10.8263 -1.90145 0)
(10.9205 -1.97386 0)
(10.9484 -2.05056 0)
(11.0397 -2.11908 0)
(11.0765 -2.19381 0)
(11.1044 -2.25141 0)
(11.061 -2.29597 0)
(10.9652 -2.31257 0)
(10.8315 -2.32467 0)
(10.6 -2.28556 0)
(10.3141 -2.24254 0)
(10.0767 -2.17008 0)
(9.81212 -2.09383 0)
(9.5988 -1.97588 0)
(9.23345 -1.83474 0)
(8.96135 -1.63362 0)
(8.52762 -1.44769 0)
(8.2738 -1.20865 0)
(7.85242 -0.980079 0)
(7.62807 -0.718785 0)
(7.41571 -0.58645 0)
(7.23917 -0.377427 0)
(7.27053 -0.273435 0)
(7.07201 -0.0461743 0)
(7.16965 0.0936176 0)
(7.03721 0.341536 0)
(7.11667 0.450218 0)
(7.02167 0.707624 0)
(7.07846 0.757653 0)
(6.92906 1.00657 0)
(7.03819 0.922328 0)
(6.92865 1.1574 0)
(6.95326 0.975726 0)
(6.83912 1.1953 0)
(6.88735 0.900532 0)
(6.79318 1.14375 0)
(6.835 0.734632 0)
(6.80036 1.02559 0)
(6.78285 0.522724 0)
(6.87673 0.898955 0)
(6.77997 0.317521 0)
(6.93191 0.758142 0)
(6.83879 0.122912 0)
(6.9571 0.65951 0)
(6.90829 -0.0469518 0)
(6.93525 0.562484 0)
(6.86041 -0.230534 0)
(6.8711 0.463648 0)
(6.83185 -0.367109 0)
(6.80825 0.41524 0)
(6.81782 -0.433101 0)
(6.72937 0.398542 0)
(6.75248 -0.503615 0)
(6.59627 0.429682 0)
(6.66903 -0.534563 0)
(6.52173 0.492309 0)
(6.68141 -0.546788 0)
(6.52112 0.538626 0)
(6.71754 -0.516754 0)
(6.45748 0.648218 0)
(6.77085 -0.43831 0)
(6.36829 0.813408 0)
(6.96076 -0.333534 0)
(6.34141 0.96965 0)
(7.17469 -0.157472 0)
(6.33722 1.13651 0)
(7.40036 0.0712642 0)
(6.37651 1.37963 0)
(7.49067 0.3455 0)
(6.34488 1.64271 0)
(7.48629 0.622358 0)
(6.17825 1.91483 0)
(7.4126 0.895911 0)
(6.06074 2.21137 0)
(7.25689 1.12203 0)
(5.91624 2.55472 0)
(7.53528 1.46308 0)
(5.99314 3.35983 0)
(8.37331 2.27885 0)
(5.4095 4.92408 0)
(9.04783 3.27284 0)
(6.91776 8.80363 0)
(9.76121 -0.268665 0)
(9.71892 -0.289532 0)
(9.82119 -0.361623 0)
(9.90464 -0.440178 0)
(10.0308 -0.525858 0)
(10.1072 -0.595973 0)
(10.2208 -0.684627 0)
(10.2914 -0.767493 0)
(10.4118 -0.887087 0)
(10.4984 -0.966942 0)
(10.6286 -1.07325 0)
(10.7602 -1.17317 0)
(10.9039 -1.29932 0)
(11.0451 -1.43565 0)
(11.1676 -1.55667 0)
(11.2261 -1.64248 0)
(11.3048 -1.75065 0)
(11.3673 -1.82896 0)
(11.3916 -1.91353 0)
(11.4016 -1.97709 0)
(11.3866 -2.05067 0)
(11.4001 -2.12523 0)
(11.3623 -2.18808 0)
(11.2918 -2.22726 0)
(11.1603 -2.25031 0)
(10.9905 -2.24612 0)
(10.7588 -2.22903 0)
(10.4614 -2.17161 0)
(10.173 -2.12838 0)
(9.9001 -2.05401 0)
(9.57824 -1.97678 0)
(9.29109 -1.84074 0)
(8.86227 -1.67887 0)
(8.54004 -1.47973 0)
(8.10803 -1.29275 0)
(7.83195 -1.06124 0)
(7.37191 -0.839096 0)
(7.1828 -0.619026 0)
(6.94118 -0.517675 0)
(6.83728 -0.330669 0)
(6.85811 -0.255556 0)
(6.67845 -0.0238976 0)
(6.83117 0.102215 0)
(6.67048 0.352263 0)
(6.80968 0.456491 0)
(6.70026 0.719753 0)
(6.77722 0.763673 0)
(6.67414 1.02343 0)
(6.77305 0.919785 0)
(6.70916 1.18194 0)
(6.73729 0.982288 0)
(6.67036 1.22384 0)
(6.70738 0.902632 0)
(6.62731 1.16545 0)
(6.70438 0.725496 0)
(6.64358 1.05166 0)
(6.67355 0.491641 0)
(6.73723 0.918851 0)
(6.69163 0.281505 0)
(6.84774 0.772457 0)
(6.7459 0.091244 0)
(6.89676 0.667251 0)
(6.84534 -0.0744842 0)
(6.86907 0.600988 0)
(6.80984 -0.242233 0)
(6.77838 0.521495 0)
(6.75117 -0.390052 0)
(6.69113 0.469752 0)
(6.70769 -0.475317 0)
(6.61631 0.474805 0)
(6.6418 -0.535156 0)
(6.48993 0.519107 0)
(6.58609 -0.584093 0)
(6.4125 0.568708 0)
(6.60843 -0.621953 0)
(6.34619 0.645188 0)
(6.62874 -0.609388 0)
(6.27215 0.776997 0)
(6.70011 -0.573607 0)
(6.20871 0.944696 0)
(6.93874 -0.493592 0)
(6.16244 1.11088 0)
(7.2939 -0.339623 0)
(6.15986 1.27461 0)
(7.65689 -0.151681 0)
(6.26813 1.53525 0)
(7.92877 0.132017 0)
(6.35704 1.82262 0)
(8.14884 0.434752 0)
(6.38239 2.14913 0)
(8.21263 0.727301 0)
(6.31072 2.511 0)
(8.00282 0.986586 0)
(5.93403 2.90405 0)
(7.85206 1.16234 0)
(5.51816 3.5479 0)
(9.03512 1.75536 0)
(5.97812 5.04707 0)
(10.5359 2.37886 0)
(8.15802 8.22151 0)
(11.3348 -0.251878 0)
(11.3206 -0.288396 0)
(11.353 -0.373807 0)
(11.4017 -0.458464 0)
(11.4703 -0.54805 0)
(11.5175 -0.623764 0)
(11.5619 -0.713141 0)
(11.592 -0.797004 0)
(11.6411 -0.908442 0)
(11.6907 -1.00403 0)
(11.756 -1.11087 0)
(11.8163 -1.21276 0)
(11.8676 -1.33019 0)
(11.9019 -1.45245 0)
(11.9189 -1.5701 0)
(11.8932 -1.65345 0)
(11.8563 -1.75038 0)
(11.8233 -1.82871 0)
(11.7687 -1.90508 0)
(11.7246 -1.97005 0)
(11.6697 -2.03881 0)
(11.6121 -2.10553 0)
(11.4909 -2.14837 0)
(11.332 -2.16877 0)
(11.118 -2.17172 0)
(10.866 -2.14748 0)
(10.5564 -2.10961 0)
(10.2435 -2.05098 0)
(9.94017 -2.00158 0)
(9.60796 -1.91739 0)
(9.22376 -1.82998 0)
(8.85174 -1.67915 0)
(8.38526 -1.50939 0)
(8.0478 -1.32401 0)
(7.60381 -1.13184 0)
(7.30005 -0.905932 0)
(6.82829 -0.699526 0)
(6.68195 -0.535275 0)
(6.43907 -0.461849 0)
(6.42494 -0.306594 0)
(6.39805 -0.246036 0)
(6.26709 -0.00985271 0)
(6.44381 0.0984099 0)
(6.2835 0.352623 0)
(6.47011 0.45576 0)
(6.33906 0.723092 0)
(6.43564 0.764505 0)
(6.38979 1.0218 0)
(6.46542 0.906393 0)
(6.47191 1.19525 0)
(6.45202 0.974856 0)
(6.47955 1.23567 0)
(6.46949 0.900043 0)
(6.47094 1.16659 0)
(6.49043 0.707469 0)
(6.51143 1.05043 0)
(6.50781 0.466029 0)
(6.58818 0.914602 0)
(6.57381 0.245422 0)
(6.72721 0.771183 0)
(6.64804 0.0641761 0)
(6.83064 0.663245 0)
(6.73286 -0.0828518 0)
(6.81044 0.618927 0)
(6.7142 -0.240293 0)
(6.69971 0.547817 0)
(6.62036 -0.398942 0)
(6.5897 0.508014 0)
(6.54687 -0.499299 0)
(6.52149 0.523904 0)
(6.48697 -0.56535 0)
(6.40329 0.570334 0)
(6.457 -0.622993 0)
(6.31456 0.625198 0)
(6.44892 -0.683916 0)
(6.21242 0.714511 0)
(6.4763 -0.699651 0)
(6.13844 0.869476 0)
(6.56181 -0.687038 0)
(6.08892 1.04052 0)
(6.82742 -0.64929 0)
(6.03351 1.19953 0)
(7.23747 -0.526777 0)
(6.03622 1.38408 0)
(7.64631 -0.371529 0)
(6.12009 1.65948 0)
(8.08713 -0.141023 0)
(6.2504 1.95929 0)
(8.65974 0.104478 0)
(6.40268 2.27737 0)
(9.32986 0.387662 0)
(6.58875 2.66677 0)
(9.96093 0.759348 0)
(6.45816 3.11889 0)
(10.294 1.19876 0)
(5.74338 3.81737 0)
(10.1395 1.5053 0)
(5.79206 5.40369 0)
(10.0753 1.59336 0)
(8.74345 7.60971 0)
(12.4508 -0.265599 0)
(12.4461 -0.341295 0)
(12.4495 -0.420871 0)
(12.4745 -0.487492 0)
(12.503 -0.561452 0)
(12.5187 -0.631173 0)
(12.5122 -0.716183 0)
(12.5068 -0.802551 0)
(12.5047 -0.910399 0)
(12.5092 -1.01265 0)
(12.5054 -1.11856 0)
(12.4964 -1.21713 0)
(12.4716 -1.32489 0)
(12.4308 -1.43092 0)
(12.3678 -1.54242 0)
(12.2862 -1.62794 0)
(12.1786 -1.71772 0)
(12.0829 -1.79733 0)
(11.9804 -1.87515 0)
(11.9018 -1.94433 0)
(11.8008 -2.00656 0)
(11.6663 -2.055 0)
(11.4687 -2.07636 0)
(11.2305 -2.07805 0)
(10.9434 -2.06267 0)
(10.6195 -2.01905 0)
(10.2774 -1.97246 0)
(9.94139 -1.91251 0)
(9.58696 -1.85191 0)
(9.1879 -1.75599 0)
(8.74945 -1.65582 0)
(8.30535 -1.49618 0)
(7.83285 -1.33367 0)
(7.47603 -1.15625 0)
(7.01924 -0.966989 0)
(6.70446 -0.752076 0)
(6.25601 -0.572337 0)
(6.16102 -0.468866 0)
(5.94028 -0.42114 0)
(5.98271 -0.287732 0)
(5.89389 -0.231536 0)
(5.8422 -0.0078592 0)
(6.00942 0.0732387 0)
(5.88689 0.343669 0)
(6.10069 0.442088 0)
(5.95387 0.721534 0)
(6.08343 0.746085 0)
(6.07336 1.02453 0)
(6.12832 0.874693 0)
(6.17729 1.20709 0)
(6.16886 0.956727 0)
(6.2376 1.25248 0)
(6.21189 0.889286 0)
(6.29042 1.17677 0)
(6.24159 0.692802 0)
(6.3581 1.04575 0)
(6.31025 0.44609 0)
(6.43502 0.900154 0)
(6.43226 0.205182 0)
(6.55511 0.767663 0)
(6.56386 0.0227445 0)
(6.68463 0.674098 0)
(6.62699 -0.0916476 0)
(6.67124 0.654101 0)
(6.60522 -0.230444 0)
(6.55503 0.596791 0)
(6.5049 -0.406303 0)
(6.43657 0.563088 0)
(6.41201 -0.528758 0)
(6.34866 0.584188 0)
(6.34741 -0.595063 0)
(6.23725 0.635775 0)
(6.32499 -0.662605 0)
(6.12875 0.706793 0)
(6.31411 -0.749092 0)
(6.02781 0.806342 0)
(6.35929 -0.804827 0)
(5.96941 0.981664 0)
(6.47063 -0.835429 0)
(5.92709 1.16169 0)
(6.71038 -0.82202 0)
(5.84595 1.31729 0)
(7.14572 -0.717842 0)
(5.84986 1.50918 0)
(7.58655 -0.55071 0)
(5.82995 1.83174 0)
(8.02806 -0.332412 0)
(5.77755 2.14935 0)
(8.6617 -0.132124 0)
(5.75781 2.47757 0)
(9.47314 0.0503094 0)
(5.91571 2.83194 0)
(10.633 0.330656 0)
(6.29211 3.25942 0)
(11.7178 0.66766 0)
(6.86984 4.03384 0)
(11.9376 0.979047 0)
(7.62474 5.4977 0)
(10.6441 1.44399 0)
(8.95294 6.90248 0)
(13.0259 -0.290361 0)
(13.0305 -0.406953 0)
(13.0395 -0.464457 0)
(13.054 -0.499942 0)
(13.0518 -0.552228 0)
(13.0347 -0.617968 0)
(12.9977 -0.704524 0)
(12.9635 -0.79812 0)
(12.9235 -0.903178 0)
(12.8837 -1.00527 0)
(12.8283 -1.10781 0)
(12.7697 -1.20272 0)
(12.6966 -1.30358 0)
(12.6145 -1.40044 0)
(12.5137 -1.5057 0)
(12.411 -1.59359 0)
(12.2895 -1.67729 0)
(12.181 -1.75577 0)
(12.0639 -1.83475 0)
(11.9474 -1.90413 0)
(11.7825 -1.95429 0)
(11.5706 -1.98114 0)
(11.3044 -1.97961 0)
(11.0016 -1.96231 0)
(10.6521 -1.92641 0)
(10.2897 -1.87246 0)
(9.91708 -1.82205 0)
(9.53001 -1.75701 0)
(9.10801 -1.68398 0)
(8.65847 -1.57911 0)
(8.17801 -1.46505 0)
(7.69914 -1.30598 0)
(7.22474 -1.15441 0)
(6.83893 -0.985632 0)
(6.38357 -0.804287 0)
(6.06926 -0.604136 0)
(5.67191 -0.463032 0)
(5.61884 -0.418955 0)
(5.41938 -0.386866 0)
(5.48801 -0.269685 0)
(5.35338 -0.217164 0)
(5.40385 -0.0194805 0)
(5.50988 0.045455 0)
(5.45784 0.324642 0)
(5.68767 0.426338 0)
(5.53922 0.711911 0)
(5.6986 0.718396 0)
(5.72945 1.01187 0)
(5.77393 0.860644 0)
(5.84924 1.20835 0)
(5.82956 0.92335 0)
(5.96666 1.24601 0)
(5.91257 0.862451 0)
(6.09184 1.16433 0)
(5.98304 0.674942 0)
(6.20354 1.02661 0)
(6.07681 0.427526 0)
(6.293 0.865663 0)
(6.22993 0.169822 0)
(6.39696 0.73153 0)
(6.39985 -0.0210928 0)
(6.50901 0.669184 0)
(6.47873 -0.107174 0)
(6.50926 0.669181 0)
(6.45772 -0.216959 0)
(6.39991 0.640014 0)
(6.35015 -0.395817 0)
(6.27952 0.600005 0)
(6.26303 -0.538952 0)
(6.17925 0.626149 0)
(6.17243 -0.60993 0)
(6.0718 0.679056 0)
(6.13648 -0.691988 0)
(5.99179 0.756857 0)
(6.14438 -0.799593 0)
(5.9184 0.863604 0)
(6.18046 -0.887861 0)
(5.88446 1.05117 0)
(6.28536 -0.954328 0)
(5.855 1.24127 0)
(6.5112 -0.972619 0)
(5.79249 1.38679 0)
(6.941 -0.900405 0)
(5.83798 1.57245 0)
(7.32755 -0.7346 0)
(5.84443 1.88321 0)
(7.67857 -0.519111 0)
(5.74848 2.20455 0)
(7.99811 -0.334146 0)
(5.70514 2.58682 0)
(8.31325 -0.1934 0)
(5.63704 3.02037 0)
(8.85352 -0.0516734 0)
(5.94028 3.54036 0)
(9.69185 0.150204 0)
(6.89476 4.33962 0)
(10.7394 0.473404 0)
(8.37994 5.54016 0)
(11.5068 1.61054 0)
(9.59231 6.16804 0)
(13.121 -0.276917 0)
(13.1361 -0.404839 0)
(13.1658 -0.467091 0)
(13.1748 -0.500245 0)
(13.1555 -0.545719 0)
(13.1211 -0.610005 0)
(13.0749 -0.696184 0)
(13.0237 -0.790208 0)
(12.9638 -0.888091 0)
(12.8992 -0.984439 0)
(12.8247 -1.08253 0)
(12.7475 -1.17537 0)
(12.6616 -1.2719 0)
(12.5748 -1.36574 0)
(12.4797 -1.4666 0)
(12.386 -1.55483 0)
(12.2788 -1.63625 0)
(12.1724 -1.71326 0)
(12.0366 -1.7846 0)
(11.8677 -1.83789 0)
(11.6362 -1.86555 0)
(11.3536 -1.86589 0)
(11.0257 -1.84482 0)
(10.6611 -1.81228 0)
(10.2629 -1.76446 0)
(9.86723 -1.70687 0)
(9.44404 -1.65097 0)
(8.99698 -1.57583 0)
(8.52312 -1.49234 0)
(8.03552 -1.37783 0)
(7.52692 -1.25351 0)
(7.03479 -1.10374 0)
(6.56896 -0.970021 0)
(6.16469 -0.813625 0)
(5.72351 -0.646645 0)
(5.40842 -0.464497 0)
(5.08924 -0.380353 0)
(5.05417 -0.376856 0)
(4.87321 -0.357933 0)
(4.9616 -0.25815 0)
(4.81569 -0.219064 0)
(4.9393 -0.0439556 0)
(4.96176 0.0122708 0)
(5.00262 0.288868 0)
(5.19786 0.397577 0)
(5.09318 0.702439 0)
(5.27773 0.678084 0)
(5.33744 0.993928 0)
(5.3779 0.808468 0)
(5.48117 1.21116 0)
(5.49087 0.882266 0)
(5.64562 1.24328 0)
(5.61763 0.824659 0)
(5.82624 1.15555 0)
(5.71998 0.641298 0)
(5.98378 1.00969 0)
(5.85185 0.400068 0)
(6.11504 0.849611 0)
(6.02081 0.140038 0)
(6.23436 0.716201 0)
(6.20358 -0.0583801 0)
(6.31225 0.681572 0)
(6.29406 -0.124059 0)
(6.30077 0.70476 0)
(6.29108 -0.212954 0)
(6.20896 0.679679 0)
(6.20312 -0.393086 0)
(6.08541 0.65503 0)
(6.12592 -0.537406 0)
(5.97591 0.691496 0)
(6.00839 -0.62699 0)
(5.87005 0.72982 0)
(5.97668 -0.735086 0)
(5.84073 0.807694 0)
(6.00122 -0.857114 0)
(5.80073 0.930529 0)
(6.03612 -0.977885 0)
(5.77659 1.13723 0)
(6.16795 -1.07663 0)
(5.7237 1.33908 0)
(6.37036 -1.13885 0)
(5.69855 1.45762 0)
(6.80068 -1.11282 0)
(5.76036 1.67326 0)
(7.19317 -0.930528 0)
(5.77464 2.0014 0)
(7.59497 -0.717266 0)
(5.71793 2.32672 0)
(7.89612 -0.564657 0)
(5.83619 2.67756 0)
(8.13366 -0.433311 0)
(5.95779 3.07639 0)
(8.29383 -0.398573 0)
(6.33277 3.62044 0)
(8.51158 -0.355412 0)
(7.03485 4.50428 0)
(9.29072 -0.000853075 0)
(8.2015 5.38963 0)
(10.9883 1.52216 0)
(10.1389 5.55724 0)
(13.0717 -0.271215 0)
(13.0902 -0.363845 0)
(13.1317 -0.423175 0)
(13.147 -0.466677 0)
(13.1263 -0.516942 0)
(13.0835 -0.582536 0)
(13.0261 -0.667004 0)
(12.9647 -0.760685 0)
(12.8958 -0.855819 0)
(12.8264 -0.951171 0)
(12.7541 -1.04866 0)
(12.6829 -1.14398 0)
(12.6047 -1.23914 0)
(12.5283 -1.33319 0)
(12.4415 -1.42907 0)
(12.3471 -1.51684 0)
(12.2299 -1.59504 0)
(12.0946 -1.6639 0)
(11.9079 -1.7135 0)
(11.6708 -1.73962 0)
(11.3658 -1.74 0)
(11.0154 -1.71673 0)
(10.6235 -1.68089 0)
(10.1997 -1.64031 0)
(9.75716 -1.58542 0)
(9.31995 -1.52467 0)
(8.83877 -1.46041 0)
(8.34917 -1.37652 0)
(7.8388 -1.28475 0)
(7.32491 -1.16865 0)
(6.80021 -1.04442 0)
(6.3115 -0.910553 0)
(5.85831 -0.78694 0)
(5.44987 -0.642007 0)
(5.02346 -0.492764 0)
(4.73455 -0.345787 0)
(4.49994 -0.314044 0)
(4.48036 -0.337208 0)
(4.31435 -0.333074 0)
(4.42141 -0.249006 0)
(4.2677 -0.218459 0)
(4.43307 -0.0611776 0)
(4.38167 -0.0124988 0)
(4.51055 0.253743 0)
(4.65793 0.370382 0)
(4.63102 0.677913 0)
(4.8268 0.619527 0)
(4.93157 0.972562 0)
(4.97584 0.790391 0)
(5.10027 1.18665 0)
(5.10467 0.830447 0)
(5.30601 1.21264 0)
(5.27541 0.773319 0)
(5.54458 1.12792 0)
(5.44617 0.610243 0)
(5.74081 0.98078 0)
(5.60251 0.365671 0)
(5.9274 0.821465 0)
(5.76507 0.104277 0)
(6.07274 0.685468 0)
(5.93851 -0.0881989 0)
(6.12963 0.66692 0)
(6.04372 -0.14737 0)
(6.11604 0.709308 0)
(6.05016 -0.200291 0)
(6.03578 0.70619 0)
(5.99027 -0.372441 0)
(5.93854 0.669535 0)
(5.92081 -0.526328 0)
(5.83972 0.719742 0)
(5.81683 -0.621679 0)
(5.75651 0.741891 0)
(5.77896 -0.749238 0)
(5.75241 0.824528 0)
(5.79347 -0.88119 0)
(5.75339 0.955963 0)
(5.84292 -1.02183 0)
(5.71824 1.16683 0)
(5.96098 -1.15544 0)
(5.6643 1.39558 0)
(6.11886 -1.24753 0)
(5.66088 1.51821 0)
(6.47145 -1.2665 0)
(5.77077 1.7279 0)
(6.8938 -1.10761 0)
(5.79188 2.07268 0)
(7.26893 -0.893734 0)
(5.73551 2.43619 0)
(7.56569 -0.781341 0)
(5.8726 2.81305 0)
(7.82419 -0.660524 0)
(6.04395 3.23012 0)
(8.09673 -0.691258 0)
(6.53222 3.74378 0)
(8.38373 -0.628975 0)
(7.32468 4.43519 0)
(8.84662 -0.160761 0)
(8.26377 5.01862 0)
(9.95638 1.25832 0)
(10.2872 4.91283 0)
(13.0273 -0.247495 0)
(13.0469 -0.316001 0)
(13.094 -0.377166 0)
(13.1082 -0.435812 0)
(13.0843 -0.499481 0)
(13.0305 -0.570244 0)
(12.9641 -0.653204 0)
(12.8998 -0.744032 0)
(12.8375 -0.837618 0)
(12.7761 -0.930723 0)
(12.7141 -1.0255 0)
(12.6485 -1.11832 0)
(12.5734 -1.21077 0)
(12.4859 -1.30004 0)
(12.3807 -1.38822 0)
(12.2507 -1.46804 0)
(12.0884 -1.53564 0)
(11.885 -1.58378 0)
(11.6227 -1.60741 0)
(11.3014 -1.60599 0)
(10.9225 -1.58235 0)
(10.5075 -1.53902 0)
(10.0623 -1.49366 0)
(9.5931 -1.44569 0)
(9.11614 -1.38474 0)
(8.63423 -1.32008 0)
(8.10757 -1.25027 0)
(7.58984 -1.15809 0)
(7.05549 -1.06276 0)
(6.5317 -0.951599 0)
(6.01896 -0.837071 0)
(5.55069 -0.721001 0)
(5.11803 -0.606918 0)
(4.71664 -0.474934 0)
(4.31172 -0.351489 0)
(4.0663 -0.251699 0)
(3.9033 -0.268376 0)
(3.89065 -0.313497 0)
(3.741 -0.321715 0)
(3.85469 -0.247578 0)
(3.68295 -0.221202 0)
(3.88207 -0.0814081 0)
(3.77059 -0.0452393 0)
(3.9885 0.206188 0)
(4.05364 0.322494 0)
(4.16007 0.630448 0)
(4.32164 0.544644 0)
(4.47461 0.929592 0)
(4.49926 0.71676 0)
(4.71275 1.17 0)
(4.70951 0.776321 0)
(4.9469 1.18697 0)
(4.93642 0.713103 0)
(5.20611 1.09014 0)
(5.1401 0.546562 0)
(5.4621 0.951796 0)
(5.31115 0.310415 0)
(5.68685 0.801633 0)
(5.48059 0.0656934 0)
(5.85192 0.674658 0)
(5.644 -0.113165 0)
(5.91502 0.670187 0)
(5.75858 -0.160722 0)
(5.91796 0.723684 0)
(5.80648 -0.202737 0)
(5.8632 0.726211 0)
(5.77338 -0.352485 0)
(5.77501 0.696295 0)
(5.72916 -0.501776 0)
(5.70018 0.757357 0)
(5.66198 -0.59988 0)
(5.62712 0.760668 0)
(5.62089 -0.752838 0)
(5.63733 0.835061 0)
(5.6312 -0.898857 0)
(5.65127 0.98306 0)
(5.66402 -1.05252 0)
(5.62473 1.20506 0)
(5.80907 -1.20743 0)
(5.52457 1.4372 0)
(6.11702 -1.36799 0)
(5.59924 1.54385 0)
(6.42137 -1.4311 0)
(5.74267 1.78897 0)
(6.69967 -1.25752 0)
(5.77019 2.13713 0)
(7.10531 -1.04822 0)
(5.79983 2.51904 0)
(7.43544 -0.976445 0)
(5.95527 2.90106 0)
(7.683 -0.879173 0)
(6.27356 3.30704 0)
(7.87018 -0.935796 0)
(6.87541 3.75869 0)
(8.09149 -0.779062 0)
(7.60863 4.28649 0)
(8.53963 -0.143561 0)
(8.50604 4.55375 0)
(9.37477 1.14585 0)
(10.1805 4.21868 0)
(13.0073 -0.233605 0)
(13.0289 -0.28493 0)
(13.0776 -0.344286 0)
(13.0937 -0.411086 0)
(13.0692 -0.482728 0)
(13.0173 -0.558959 0)
(12.9519 -0.639426 0)
(12.8903 -0.725255 0)
(12.8286 -0.812956 0)
(12.7643 -0.901462 0)
(12.6901 -0.989256 0)
(12.6069 -1.07653 0)
(12.5057 -1.1623 0)
(12.3819 -1.24454 0)
(12.2285 -1.32093 0)
(12.0386 -1.38758 0)
(11.8007 -1.43581 0)
(11.5073 -1.46112 0)
(11.1497 -1.46036 0)
(10.7427 -1.43813 0)
(10.2941 -1.39721 0)
(9.82291 -1.34423 0)
(9.33577 -1.29729 0)
(8.83475 -1.24578 0)
(8.33596 -1.17835 0)
(7.82145 -1.10687 0)
(7.26978 -1.03222 0)
(6.74484 -0.937527 0)
(6.20713 -0.841644 0)
(5.70044 -0.735734 0)
(5.21866 -0.634171 0)
(4.79003 -0.536785 0)
(4.38218 -0.427139 0)
(3.99611 -0.310858 0)
(3.6298 -0.219596 0)
(3.44052 -0.173031 0)
(3.33742 -0.227821 0)
(3.31567 -0.282349 0)
(3.18904 -0.297961 0)
(3.2974 -0.240821 0)
(3.12342 -0.221146 0)
(3.34885 -0.0983657 0)
(3.17228 -0.0748145 0)
(3.46691 0.158197 0)
(3.43846 0.2709 0)
(3.6894 0.571859 0)
(3.77292 0.477662 0)
(4.03265 0.910006 0)
(4.02648 0.674189 0)
(4.32137 1.115 0)
(4.27715 0.704024 0)
(4.60246 1.13967 0)
(4.5457 0.642127 0)
(4.90139 1.05012 0)
(4.78155 0.497861 0)
(5.18166 0.914759 0)
(4.98537 0.265713 0)
(5.42607 0.758492 0)
(5.14251 0.0205806 0)
(5.62187 0.636612 0)
(5.29609 -0.137449 0)
(5.69633 0.648778 0)
(5.42626 -0.172805 0)
(5.713 0.705219 0)
(5.51472 -0.186877 0)
(5.68487 0.714031 0)
(5.53149 -0.329857 0)
(5.61395 0.682645 0)
(5.50912 -0.475435 0)
(5.54094 0.742329 0)
(5.4664 -0.560945 0)
(5.48281 0.748263 0)
(5.41185 -0.723113 0)
(5.50851 0.820427 0)
(5.41679 -0.868146 0)
(5.56283 0.968823 0)
(5.44905 -1.01703 0)
(5.54513 1.17748 0)
(5.50519 -1.16594 0)
(5.48425 1.43157 0)
(5.74484 -1.39644 0)
(5.56661 1.52966 0)
(6.08226 -1.51376 0)
(5.68116 1.78361 0)
(6.42865 -1.33068 0)
(5.72104 2.16731 0)
(6.79271 -1.16105 0)
(5.84023 2.54801 0)
(7.14096 -1.09047 0)
(6.01412 2.94808 0)
(7.40949 -1.00771 0)
(6.4459 3.33871 0)
(7.59004 -1.0633 0)
(7.09993 3.71884 0)
(7.9978 -0.803161 0)
(7.85202 4.01943 0)
(8.61414 -0.0853062 0)
(8.77126 4.00723 0)
(9.53292 1.17157 0)
(10.1719 3.50874 0)
(13.0054 -0.223348 0)
(13.0211 -0.253897 0)
(13.0636 -0.305287 0)
(13.071 -0.373164 0)
(13.0408 -0.451792 0)
(12.9841 -0.53432 0)
(12.9129 -0.617089 0)
(12.8382 -0.699185 0)
(12.7589 -0.782359 0)
(12.6694 -0.864639 0)
(12.5649 -0.945983 0)
(12.4427 -1.02464 0)
(12.2931 -1.10105 0)
(12.1091 -1.17104 0)
(11.8833 -1.23182 0)
(11.6076 -1.27796 0)
(11.2739 -1.30256 0)
(10.8784 -1.30201 0)
(10.43 -1.27914 0)
(9.94924 -1.24033 0)
(9.43718 -1.18793 0)
(8.91958 -1.13214 0)
(8.39501 -1.08708 0)
(7.86982 -1.03419 0)
(7.364 -0.961712 0)
(6.83898 -0.884004 0)
(6.29386 -0.811736 0)
(5.79191 -0.720515 0)
(5.28338 -0.633752 0)
(4.81594 -0.542577 0)
(4.37857 -0.457427 0)
(3.98865 -0.367934 0)
(3.61527 -0.265552 0)
(3.26999 -0.171872 0)
(2.9629 -0.119219 0)
(2.83745 -0.128409 0)
(2.76928 -0.205391 0)
(2.73205 -0.261061 0)
(2.64132 -0.284329 0)
(2.7259 -0.236052 0)
(2.58282 -0.22192 0)
(2.79807 -0.112556 0)
(2.58054 -0.105729 0)
(2.91584 0.114691 0)
(2.80322 0.208552 0)
(3.21122 0.49466 0)
(3.18397 0.401888 0)
(3.58849 0.838772 0)
(3.49357 0.575064 0)
(3.9398 1.07424 0)
(3.82846 0.644438 0)
(4.26617 1.09167 0)
(4.14812 0.578171 0)
(4.57427 0.982413 0)
(4.40696 0.414646 0)
(4.89754 0.86025 0)
(4.63129 0.202582 0)
(5.1682 0.726051 0)
(4.79287 -0.0183921 0)
(5.35252 0.611725 0)
(4.92957 -0.153617 0)
(5.44981 0.619337 0)
(5.08244 -0.181382 0)
(5.4834 0.691794 0)
(5.20825 -0.186589 0)
(5.48172 0.708217 0)
(5.27315 -0.300455 0)
(5.43915 0.673882 0)
(5.2878 -0.434928 0)
(5.3689 0.736417 0)
(5.28752 -0.51478 0)
(5.33139 0.740203 0)
(5.25241 -0.693139 0)
(5.37798 0.791146 0)
(5.27169 -0.852654 0)
(5.44678 0.9449 0)
(5.28743 -0.979399 0)
(5.41567 1.16364 0)
(5.2746 -1.14431 0)
(5.41992 1.36136 0)
(5.34466 -1.40254 0)
(5.47674 1.47651 0)
(5.63382 -1.5288 0)
(5.53693 1.75706 0)
(6.27658 -1.36511 0)
(5.7014 2.13639 0)
(6.59721 -1.18964 0)
(5.87578 2.5086 0)
(6.88271 -1.10995 0)
(6.11074 2.91274 0)
(7.151 -1.06048 0)
(6.67534 3.28721 0)
(7.33492 -1.0762 0)
(7.28789 3.56379 0)
(7.89112 -0.761329 0)
(7.98557 3.64063 0)
(8.72544 0.0216062 0)
(8.92747 3.44836 0)
(9.77388 1.1735 0)
(10.3126 2.89826 0)
(12.9743 -0.211222 0)
(12.9767 -0.221002 0)
(13.0019 -0.26624 0)
(12.9924 -0.339058 0)
(12.9456 -0.425038 0)
(12.8694 -0.512241 0)
(12.7748 -0.593499 0)
(12.6697 -0.669386 0)
(12.5537 -0.742917 0)
(12.4206 -0.814869 0)
(12.2646 -0.884433 0)
(12.0786 -0.951127 0)
(11.854 -1.01374 0)
(11.5846 -1.0676 0)
(11.2645 -1.10794 0)
(10.8896 -1.13022 0)
(10.4583 -1.13035 0)
(9.98022 -1.10902 0)
(9.47201 -1.07249 0)
(8.94512 -1.02415 0)
(8.40334 -0.964536 0)
(7.87101 -0.908299 0)
(7.32427 -0.865336 0)
(6.79311 -0.817652 0)
(6.29732 -0.744736 0)
(5.79625 -0.667586 0)
(5.28581 -0.598558 0)
(4.82345 -0.509349 0)
(4.36303 -0.4312 0)
(3.9528 -0.358133 0)
(3.58026 -0.292006 0)
(3.23485 -0.217507 0)
(2.9071 -0.121879 0)
(2.61753 -0.0494718 0)
(2.37262 -0.0400369 0)
(2.29088 -0.097057 0)
(2.24063 -0.181725 0)
(2.20993 -0.244968 0)
(2.14845 -0.272009 0)
(2.20044 -0.236749 0)
(2.09357 -0.22139 0)
(2.26715 -0.117593 0)
(2.0373 -0.121045 0)
(2.38293 0.0738876 0)
(2.19534 0.15195 0)
(2.71642 0.419158 0)
(2.53407 0.333468 0)
(3.18626 0.774768 0)
(2.93577 0.504099 0)
(3.56166 0.981264 0)
(3.33492 0.546398 0)
(3.93428 1.01856 0)
(3.68854 0.493014 0)
(4.29046 0.941115 0)
(3.96401 0.362299 0)
(4.6135 0.816295 0)
(4.20564 0.170496 0)
(4.89059 0.682037 0)
(4.3831 -0.0382179 0)
(5.07623 0.579236 0)
(4.50251 -0.16438 0)
(5.19219 0.590046 0)
(4.66537 -0.178478 0)
(5.28514 0.6392 0)
(4.87427 -0.167117 0)
(5.30379 0.670478 0)
(4.97242 -0.270311 0)
(5.28815 0.638921 0)
(5.0297 -0.391882 0)
(5.2488 0.68473 0)
(5.05334 -0.46166 0)
(5.23793 0.673921 0)
(5.04125 -0.6421 0)
(5.29267 0.711058 0)
(5.03901 -0.781988 0)
(5.36474 0.865036 0)
(5.04091 -0.889058 0)
(5.35531 1.08143 0)
(4.9956 -1.0622 0)
(5.39913 1.27895 0)
(4.95471 -1.31783 0)
(5.40116 1.39686 0)
(5.11481 -1.47523 0)
(5.38879 1.64294 0)
(5.80731 -1.38647 0)
(5.62645 2.03689 0)
(6.30062 -1.18935 0)
(5.87988 2.44411 0)
(6.52115 -1.088 0)
(6.20109 2.83411 0)
(6.86846 -1.06125 0)
(6.79461 3.14067 0)
(7.15531 -1.04132 0)
(7.37666 3.25736 0)
(7.86576 -0.669332 0)
(8.03705 3.17294 0)
(8.76825 0.10309 0)
(9.02148 2.88559 0)
(9.86288 1.09723 0)
(10.4549 2.39589 0)
(12.7155 -0.189711 0)
(12.6943 -0.180796 0)
(12.6888 -0.221423 0)
(12.6489 -0.297237 0)
(12.571 -0.38599 0)
(12.4585 -0.471586 0)
(12.3224 -0.547521 0)
(12.1668 -0.614925 0)
(11.9922 -0.677864 0)
(11.7919 -0.738061 0)
(11.5618 -0.795256 0)
(11.2932 -0.848287 0)
(10.9829 -0.894516 0)
(10.6237 -0.928229 0)
(10.2176 -0.945815 0)
(9.76209 -0.944543 0)
(9.26892 -0.925239 0)
(8.75237 -0.893311 0)
(8.22386 -0.852407 0)
(7.69014 -0.801004 0)
(7.16522 -0.743252 0)
(6.65037 -0.690019 0)
(6.12208 -0.652903 0)
(5.61824 -0.615373 0)
(5.15581 -0.549745 0)
(4.70962 -0.475854 0)
(4.25255 -0.412889 0)
(3.85375 -0.334645 0)
(3.466 -0.271786 0)
(3.12607 -0.2141 0)
(2.81898 -0.155552 0)
(2.5288 -0.0816216 0)
(2.26534 0.00030154 0)
(2.04743 0.0468501 0)
(1.87306 0.0171711 0)
(1.82146 -0.0739147 0)
(1.7832 -0.161497 0)
(1.7637 -0.229993 0)
(1.70262 -0.259687 0)
(1.73552 -0.23956 0)
(1.67573 -0.220089 0)
(1.796 -0.124679 0)
(1.58126 -0.137798 0)
(1.88486 0.0269907 0)
(1.63788 0.0962018 0)
(2.18472 0.338286 0)
(1.94052 0.242179 0)
(2.75821 0.672225 0)
(2.30915 0.426583 0)
(3.16879 0.918327 0)
(2.70658 0.496537 0)
(3.59124 0.950403 0)
(3.13219 0.432485 0)
(3.97208 0.863094 0)
(3.49975 0.287661 0)
(4.33589 0.747259 0)
(3.78864 0.119954 0)
(4.62616 0.638047 0)
(3.98453 -0.0637172 0)
(4.8169 0.542635 0)
(4.08784 -0.173622 0)
(4.93939 0.538705 0)
(4.25731 -0.195742 0)
(5.0482 0.59315 0)
(4.47279 -0.160029 0)
(5.15718 0.61657 0)
(4.65947 -0.24414 0)
(5.18714 0.597722 0)
(4.7442 -0.346519 0)
(5.1596 0.641512 0)
(4.80428 -0.404771 0)
(5.17269 0.626116 0)
(4.79372 -0.573392 0)
(5.2319 0.638975 0)
(4.81864 -0.725724 0)
(5.32348 0.780198 0)
(4.8242 -0.789343 0)
(5.28349 0.990098 0)
(4.78315 -0.968895 0)
(5.32937 1.18123 0)
(4.68884 -1.23031 0)
(5.34961 1.26693 0)
(4.76531 -1.36175 0)
(5.29175 1.37185 0)
(5.19529 -1.30447 0)
(5.48057 1.84943 0)
(5.7784 -1.17976 0)
(5.87529 2.27493 0)
(6.11806 -1.05312 0)
(6.32709 2.59356 0)
(6.64739 -1.00554 0)
(6.88555 2.86806 0)
(7.03015 -0.934404 0)
(7.40805 2.85267 0)
(7.83632 -0.548361 0)
(8.04076 2.66918 0)
(8.73981 0.175772 0)
(9.08036 2.36518 0)
(9.86626 0.988395 0)
(10.5207 1.96151 0)
(11.9646 -0.150676 0)
(11.9194 -0.129802 0)
(11.8789 -0.17001 0)
(11.8069 -0.247752 0)
(11.6974 -0.334585 0)
(11.5501 -0.414465 0)
(11.3723 -0.482167 0)
(11.1681 -0.539828 0)
(10.9382 -0.591159 0)
(10.6785 -0.638147 0)
(10.3859 -0.680635 0)
(10.0547 -0.716945 0)
(9.68305 -0.744156 0)
(9.267 -0.757994 0)
(8.813 -0.756282 0)
(8.325 -0.740406 0)
(7.82068 -0.713218 0)
(7.30526 -0.677993 0)
(6.78946 -0.635304 0)
(6.28531 -0.586728 0)
(5.80207 -0.532811 0)
(5.33305 -0.479187 0)
(4.86207 -0.444235 0)
(4.40685 -0.417962 0)
(3.99429 -0.363299 0)
(3.61427 -0.295805 0)
(3.23264 -0.243209 0)
(2.92376 -0.182698 0)
(2.62575 -0.134718 0)
(2.36587 -0.0908889 0)
(2.13297 -0.0428225 0)
(1.91897 0.0202605 0)
(1.73218 0.0852118 0)
(1.60369 0.108117 0)
(1.50882 0.0464834 0)
(1.49059 -0.0626553 0)
(1.45385 -0.152491 0)
(1.42606 -0.217287 0)
(1.34791 -0.247977 0)
(1.34543 -0.239937 0)
(1.30601 -0.206164 0)
(1.37467 -0.123093 0)
(1.21154 -0.129912 0)
(1.42877 0.00684911 0)
(1.16766 0.0664963 0)
(1.76205 0.253445 0)
(1.44614 0.153881 0)
(2.30627 0.592384 0)
(1.67599 0.375038 0)
(2.71952 0.796495 0)
(2.13042 0.392652 0)
(3.27924 0.836009 0)
(2.6134 0.350119 0)
(3.74749 0.800379 0)
(3.02251 0.225715 0)
(4.12168 0.683686 0)
(3.38057 0.0706256 0)
(4.42837 0.573012 0)
(3.61385 -0.0929818 0)
(4.60715 0.495724 0)
(3.72449 -0.176609 0)
(4.75784 0.488863 0)
(3.83555 -0.177403 0)
(4.86419 0.528685 0)
(4.02573 -0.1517 0)
(5.00264 0.551823 0)
(4.23825 -0.211183 0)
(5.102 0.527913 0)
(4.40918 -0.300194 0)
(5.10932 0.563226 0)
(4.51864 -0.350369 0)
(5.16695 0.540202 0)
(4.54721 -0.50425 0)
(5.2325 0.535147 0)
(4.52369 -0.633462 0)
(5.30288 0.654047 0)
(4.51318 -0.665438 0)
(5.30223 0.872884 0)
(4.40871 -0.839987 0)
(5.31004 1.05357 0)
(4.37309 -1.0837 0)
(5.34727 1.12021 0)
(4.39167 -1.17549 0)
(5.22652 1.12366 0)
(4.52977 -1.18509 0)
(5.4566 1.56238 0)
(4.89808 -1.05389 0)
(5.78486 2.04269 0)
(5.48508 -0.978538 0)
(6.39302 2.25117 0)
(6.3048 -0.896137 0)
(6.88194 2.51575 0)
(6.87713 -0.809542 0)
(7.36373 2.38963 0)
(7.77044 -0.431139 0)
(8.01505 2.1595 0)
(8.6778 0.212686 0)
(9.10884 1.87632 0)
(9.81808 0.846878 0)
(10.5086 1.55687 0)
(10.7012 -0.110953 0)
(10.6345 -0.100251 0)
(10.5648 -0.137599 0)
(10.4729 -0.204871 0)
(10.346 -0.278421 0)
(10.1781 -0.345443 0)
(9.97347 -0.400988 0)
(9.73703 -0.445947 0)
(9.47078 -0.483446 0)
(9.17359 -0.515379 0)
(8.843 -0.541824 0)
(8.47606 -0.561574 0)
(8.07188 -0.572095 0)
(7.63298 -0.570791 0)
(7.16913 -0.558123 0)
(6.68799 -0.535906 0)
(6.20219 -0.505625 0)
(5.71693 -0.469529 0)
(5.2497 -0.43174 0)
(4.80524 -0.393737 0)
(4.38618 -0.347095 0)
(3.98936 -0.297006 0)
(3.59418 -0.269552 0)
(3.21407 -0.254434 0)
(2.87441 -0.213332 0)
(2.57627 -0.161123 0)
(2.29666 -0.123536 0)
(2.0851 -0.0770002 0)
(1.87955 -0.0381638 0)
(1.71252 -0.00483067 0)
(1.55665 0.0390358 0)
(1.432 0.0959013 0)
(1.33952 0.139311 0)
(1.30033 0.139968 0)
(1.25815 0.0637537 0)
(1.2964 -0.0442385 0)
(1.25055 -0.127688 0)
(1.20896 -0.187479 0)
(1.10377 -0.224242 0)
(1.04331 -0.230024 0)
(0.990392 -0.192323 0)
(1.01214 -0.119787 0)
(0.900516 -0.114525 0)
(1.04326 -0.00966706 0)
(0.786478 0.0259864 0)
(1.37969 0.16989 0)
(0.993723 0.0840132 0)
(1.87799 0.490136 0)
(1.25186 0.302795 0)
(2.47065 0.667019 0)
(1.83882 0.308893 0)
(3.06996 0.705301 0)
(2.3014 0.270319 0)
(3.55877 0.675229 0)
(2.69423 0.14553 0)
(3.97933 0.576664 0)
(3.07305 0.0135015 0)
(4.30674 0.490524 0)
(3.36757 -0.100676 0)
(4.46367 0.421129 0)
(3.50479 -0.172885 0)
(4.61308 0.402636 0)
(3.5671 -0.173984 0)
(4.76887 0.439931 0)
(3.69303 -0.158812 0)
(4.92025 0.461625 0)
(3.89942 -0.207155 0)
(5.05763 0.453368 0)
(4.09519 -0.259133 0)
(5.12839 0.47767 0)
(4.27805 -0.301429 0)
(5.20257 0.454382 0)
(4.30995 -0.421672 0)
(5.28431 0.431179 0)
(4.24833 -0.535105 0)
(5.30446 0.53286 0)
(4.19469 -0.534541 0)
(5.2755 0.731535 0)
(4.09947 -0.709236 0)
(5.31231 0.902204 0)
(4.22747 -0.924089 0)
(5.32512 0.930916 0)
(4.2365 -0.968186 0)
(5.20669 0.910948 0)
(4.14907 -0.997451 0)
(5.32513 1.29772 0)
(4.32065 -0.907766 0)
(5.644 1.69096 0)
(4.8963 -0.904544 0)
(6.29471 1.84111 0)
(5.84416 -0.75258 0)
(6.71589 2.12654 0)
(6.61541 -0.652978 0)
(7.2059 1.91661 0)
(7.5829 -0.308436 0)
(7.92237 1.69077 0)
(8.52839 0.238944 0)
(9.05226 1.43396 0)
(9.69092 0.685713 0)
(10.3939 1.18525 0)
(9.00686 -0.0747318 0)
(8.93191 -0.0872413 0)
(8.84893 -0.11742 0)
(8.7498 -0.163876 0)
(8.61833 -0.217335 0)
(8.4429 -0.268065 0)
(8.22531 -0.309633 0)
(7.9712 -0.340898 0)
(7.68438 -0.364106 0)
(7.36669 -0.381408 0)
(7.01732 -0.393216 0)
(6.63669 -0.398597 0)
(6.22816 -0.395625 0)
(5.79995 -0.384114 0)
(5.36191 -0.36563 0)
(4.92159 -0.340442 0)
(4.4926 -0.311366 0)
(4.08329 -0.283329 0)
(3.70079 -0.256276 0)
(3.33944 -0.226663 0)
(3.00365 -0.187618 0)
(2.69989 -0.146627 0)
(2.40409 -0.127422 0)
(2.12119 -0.119353 0)
(1.86977 -0.0927563 0)
(1.67194 -0.0593457 0)
(1.49663 -0.0346379 0)
(1.37885 -0.00171331 0)
(1.26611 0.0263097 0)
(1.18792 0.0541343 0)
(1.12001 0.0863088 0)
(1.09894 0.126292 0)
(1.09764 0.153262 0)
(1.12218 0.147605 0)
(1.13795 0.0630511 0)
(1.20471 -0.0379739 0)
(1.14682 -0.0997922 0)
(1.09039 -0.146368 0)
(0.945547 -0.178716 0)
(0.818986 -0.195459 0)
(0.737509 -0.164664 0)
(0.715338 -0.106162 0)
(0.661718 -0.0937077 0)
(0.75697 -0.0159756 0)
(0.50916 -0.00798685 0)
(1.01351 0.103945 0)
(0.541938 0.0520271 0)
(1.49057 0.390751 0)
(0.911069 0.209105 0)
(2.21428 0.499045 0)
(1.49918 0.236842 0)
(2.84281 0.549517 0)
(1.88736 0.211607 0)
(3.41454 0.544957 0)
(2.3633 0.106936 0)
(3.88652 0.463738 0)
(2.78542 -0.00265187 0)
(4.24423 0.382967 0)
(3.10225 -0.0769312 0)
(4.4501 0.329902 0)
(3.2705 -0.128099 0)
(4.58717 0.323246 0)
(3.35049 -0.129717 0)
(4.784 0.342589 0)
(3.44905 -0.113067 0)
(4.96289 0.359503 0)
(3.60555 -0.15766 0)
(5.06963 0.345123 0)
(3.75484 -0.194073 0)
(5.16176 0.363588 0)
(3.97416 -0.226131 0)
(5.2081 0.358837 0)
(3.99707 -0.318066 0)
(5.25629 0.332215 0)
(3.92867 -0.397471 0)
(5.26444 0.404775 0)
(3.87865 -0.37484 0)
(5.21595 0.619893 0)
(3.83545 -0.550885 0)
(5.28594 0.701413 0)
(3.99191 -0.71699 0)
(5.22459 0.706385 0)
(3.93553 -0.715683 0)
(5.17374 0.689897 0)
(3.80904 -0.785603 0)
(5.22076 0.997554 0)
(3.9006 -0.717373 0)
(5.49193 1.27479 0)
(4.45039 -0.790086 0)
(5.97566 1.38644 0)
(5.28101 -0.591676 0)
(6.41847 1.66911 0)
(6.32731 -0.502204 0)
(6.91245 1.41887 0)
(7.3105 -0.220443 0)
(7.71488 1.24191 0)
(8.29976 0.222441 0)
(8.8658 1.03192 0)
(9.48102 0.505467 0)
(10.1587 0.849102 0)
(6.97244 -0.0247287 0)
(6.90233 -0.0533522 0)
(6.81917 -0.0792858 0)
(6.72193 -0.109183 0)
(6.59078 -0.145082 0)
(6.41258 -0.180061 0)
(6.18869 -0.207019 0)
(5.92663 -0.2242 0)
(5.63366 -0.233684 0)
(5.31538 -0.238126 0)
(4.97439 -0.238406 0)
(4.61603 -0.23417 0)
(4.24734 -0.225072 0)
(3.87666 -0.211313 0)
(3.51218 -0.193976 0)
(3.16194 -0.174089 0)
(2.8346 -0.155138 0)
(2.52747 -0.138653 0)
(2.24252 -0.121881 0)
(1.98272 -0.102503 0)
(1.75287 -0.076286 0)
(1.55551 -0.0462388 0)
(1.36858 -0.0322913 0)
(1.19492 -0.0304269 0)
(1.04685 -0.0187144 0)
(0.945527 -0.00114764 0)
(0.860599 0.0122056 0)
(0.833311 0.0346532 0)
(0.80994 0.0538887 0)
(0.825442 0.0716247 0)
(0.850587 0.089634 0)
(0.907721 0.114075 0)
(0.979288 0.132951 0)
(1.05581 0.123827 0)
(1.13366 0.0435325 0)
(1.17563 -0.0363975 0)
(1.13811 -0.0741907 0)
(1.05752 -0.0995608 0)
(0.878095 -0.121913 0)
(0.701205 -0.149744 0)
(0.555592 -0.134955 0)
(0.473748 -0.104429 0)
(0.422937 -0.0891623 0)
(0.46104 -0.0191894 0)
(0.245214 -0.0195875 0)
(0.661112 0.0615148 0)
(0.182976 -0.0117742 0)
(1.12665 0.236944 0)
(0.512746 0.0899451 0)
(1.91283 0.30578 0)
(0.993586 0.183626 0)
(2.53833 0.406445 0)
(1.46195 0.133599 0)
(3.20679 0.383885 0)
(1.96288 0.0503704 0)
(3.73401 0.300373 0)
(2.42591 -0.0298421 0)
(4.04241 0.24457 0)
(2.72448 -0.0645892 0)
(4.23387 0.206053 0)
(2.85401 -0.0836851 0)
(4.4007 0.202895 0)
(2.94163 -0.0907098 0)
(4.62426 0.222341 0)
(3.04429 -0.0879199 0)
(4.90973 0.22835 0)
(3.19565 -0.112025 0)
(5.04981 0.219708 0)
(3.31983 -0.139911 0)
(5.13636 0.231344 0)
(3.47944 -0.153545 0)
(5.17545 0.241697 0)
(3.5498 -0.23294 0)
(5.19518 0.217043 0)
(3.48438 -0.271747 0)
(5.22765 0.273276 0)
(3.40196 -0.218121 0)
(5.18712 0.441239 0)
(3.54498 -0.395651 0)
(5.30026 0.459655 0)
(3.65859 -0.486194 0)
(5.17383 0.501791 0)
(3.62916 -0.468614 0)
(5.10601 0.477631 0)
(3.47575 -0.511678 0)
(5.09321 0.702345 0)
(3.53308 -0.470152 0)
(5.33152 0.848123 0)
(4.11026 -0.564434 0)
(5.56987 0.926562 0)
(4.70814 -0.418018 0)
(5.9947 1.18329 0)
(5.83979 -0.347389 0)
(6.51813 0.959392 0)
(6.76799 -0.146219 0)
(7.40202 0.821686 0)
(7.78749 0.163719 0)
(8.56791 0.650967 0)
(8.98889 0.316149 0)
(9.83072 0.521531 0)
(4.65133 -0.0107113 0)
(4.58239 -0.0422329 0)
(4.50082 -0.0535515 0)
(4.40285 -0.0655715 0)
(4.27008 -0.0828613 0)
(4.09406 -0.0994691 0)
(3.87877 -0.10982 0)
(3.63482 -0.113025 0)
(3.37316 -0.11101 0)
(3.10135 -0.106646 0)
(2.82382 -0.100886 0)
(2.54685 -0.093415 0)
(2.27302 -0.0847819 0)
(2.00909 -0.0744813 0)
(1.76282 -0.0642273 0)
(1.5369 -0.0548965 0)
(1.33515 -0.0446465 0)
(1.15491 -0.0348623 0)
(0.995723 -0.0264776 0)
(0.857381 -0.0166933 0)
(0.746216 -0.00205014 0)
(0.671282 0.0158658 0)
(0.617451 0.0231915 0)
(0.568931 0.0208303 0)
(0.528928 0.0219136 0)
(0.513939 0.0252701 0)
(0.508604 0.02446 0)
(0.538831 0.03127 0)
(0.572563 0.0368633 0)
(0.638138 0.041396 0)
(0.705096 0.0503572 0)
(0.795908 0.0663813 0)
(0.903843 0.0780439 0)
(1.01508 0.0654519 0)
(1.099 0.00851345 0)
(1.09854 -0.0412554 0)
(1.03838 -0.0563139 0)
(0.947308 -0.0529318 0)
(0.792029 -0.0544025 0)
(0.608712 -0.0748364 0)
(0.420706 -0.0745907 0)
(0.274248 -0.0677981 0)
(0.166576 -0.0532885 0)
(0.126098 -0.00950209 0)
(-0.045026 -0.0269911 0)
(0.285451 0.0314829 0)
(-0.150158 -0.0428665 0)
(0.675514 0.12978 0)
(0.0434135 0.00550098 0)
(1.21457 0.166003 0)
(0.408522 0.0614653 0)
(2.00526 0.239211 0)
(1.05669 0.0623691 0)
(2.50354 0.203007 0)
(1.57922 0.00828796 0)
(2.90947 0.14853 0)
(1.95302 -0.0165792 0)
(3.11229 0.120772 0)
(2.18661 -0.0278945 0)
(3.28458 0.119499 0)
(2.30114 -0.0454941 0)
(3.49517 0.12046 0)
(2.37048 -0.0483836 0)
(3.749 0.123925 0)
(2.46501 -0.0453693 0)
(3.982 0.117965 0)
(2.56302 -0.0555487 0)
(4.14743 0.103281 0)
(2.61793 -0.0729699 0)
(4.26482 0.106611 0)
(2.64924 -0.061442 0)
(4.40841 0.114597 0)
(2.67322 -0.11391 0)
(4.46852 0.0954788 0)
(2.54507 -0.155012 0)
(4.55476 0.123844 0)
(2.42832 -0.0653333 0)
(4.77605 0.232249 0)
(2.56193 -0.215922 0)
(4.83717 0.195942 0)
(2.65049 -0.243123 0)
(4.71362 0.243922 0)
(2.66182 -0.238454 0)
(4.73874 0.23882 0)
(2.57719 -0.260384 0)
(4.86756 0.373878 0)
(2.7861 -0.233824 0)
(5.14311 0.406289 0)
(3.32886 -0.286765 0)
(5.24955 0.474285 0)
(3.84679 -0.207949 0)
(5.71787 0.6021 0)
(4.99821 -0.1452 0)
(6.2194 0.495536 0)
(5.8813 -0.044528 0)
(6.97578 0.396367 0)
(6.8215 0.106572 0)
(7.97354 0.275462 0)
(7.8249 0.154305 0)
(9.0215 0.193611 0)
(1.79381 0.025389 0)
(1.74387 -0.00563317 0)
(1.67992 -0.00790371 0)
(1.6026 -0.0101423 0)
(1.5058 -0.0131788 0)
(1.38666 -0.0141305 0)
(1.25075 -0.0129218 0)
(1.10811 -0.0108706 0)
(0.966892 -0.00906297 0)
(0.831196 -0.00787581 0)
(0.703791 -0.0062563 0)
(0.587174 -0.00357694 0)
(0.481534 -0.00111905 0)
(0.390807 0.00137487 0)
(0.31421 0.00316186 0)
(0.249248 0.00406925 0)
(0.196503 0.00482833 0)
(0.154555 0.00491646 0)
(0.120609 0.00440593 0)
(0.0930224 0.00301131 0)
(0.0773823 0.00236009 0)
(0.0837842 0.00421992 0)
(0.108316 0.0044691 0)
(0.12894 -0.000747438 0)
(0.138927 -0.00776112 0)
(0.147129 -0.014591 0)
(0.148335 -0.022224 0)
(0.153337 -0.0257458 0)
(0.164642 -0.0268689 0)
(0.190133 -0.0254811 0)
(0.223832 -0.0191856 0)
(0.290486 -0.00979984 0)
(0.387768 -0.00272857 0)
(0.497205 -0.00215554 0)
(0.55137 -0.0179815 0)
(0.502333 -0.0302818 0)
(0.403523 -0.0288606 0)
(0.31821 -0.0186328 0)
(0.246169 -0.0100457 0)
(0.163358 -0.013099 0)
(0.0650941 -0.0173235 0)
(-0.050602 -0.0269872 0)
(-0.146451 -0.027727 0)
(-0.185917 -0.00959789 0)
(-0.297184 -0.0264329 0)
(-0.132543 -0.008654 0)
(-0.436584 -0.0599801 0)
(-0.138236 0.02067 0)
(-0.334662 -0.0256334 0)
(0.0864856 0.031357 0)
(-0.10311 -0.0392505 0)
(0.417409 0.0199243 0)
(0.267382 -0.00597218 0)
(0.827144 0.0272053 0)
(0.613442 -0.0275581 0)
(1.05749 0.0199384 0)
(0.816679 -0.0235518 0)
(1.21883 0.0250755 0)
(0.968792 -0.0240754 0)
(1.35702 0.0256775 0)
(1.07511 -0.0353803 0)
(1.45628 0.0173052 0)
(1.13343 -0.0473756 0)
(1.5424 0.011409 0)
(1.17664 -0.042971 0)
(1.65254 0.00598198 0)
(1.21697 -0.0388887 0)
(1.74401 0.00334505 0)
(1.2246 -0.0425741 0)
(1.80573 0.00370651 0)
(1.23647 -0.0468448 0)
(1.9164 -0.00224527 0)
(1.20455 -0.0531481 0)
(1.91803 0.00828605 0)
(1.09268 -0.0528733 0)
(1.89192 0.0197675 0)
(0.993226 -0.0299383 0)
(2.17277 0.0233654 0)
(1.11706 -0.0870301 0)
(2.04408 0.0176039 0)
(1.05558 -0.0698873 0)
(2.0293 0.0460682 0)
(1.10118 -0.0751156 0)
(2.05238 0.0269367 0)
(0.979398 -0.09322 0)
(2.12321 0.0808956 0)
(1.18428 -0.0924756 0)
(2.32318 0.0523931 0)
(1.35553 -0.0889325 0)
(2.47646 0.107481 0)
(1.81043 -0.0764609 0)
(2.84379 0.0943609 0)
(2.60618 -0.09133 0)
(3.25064 0.0927085 0)
(3.25631 -0.0707523 0)
(3.75742 0.0676452 0)
(3.85815 -0.0277326 0)
(4.36694 0.00209553 0)
(4.31063 0.00786403 0)
(4.99219 -0.0850135 0)
(0.147784 -0.0737118 0)
(0.687812 -0.098435 0)
(1.30372 -0.0738531 0)
(1.72055 0.0380337 0)
(1.63551 0.105316 0)
(1.25279 0.0994915 0)
(0.807759 0.07462 0)
(0.417872 0.0590767 0)
(0.0737465 0.0359613 0)
(-0.0624216 0.000726497 0)
(-0.0224232 -0.00767184 0)
(0.137258 -0.0310548 0)
(0.332488 -0.0254382 0)
(0.39663 0.0399114 0)
(0.188537 0.0719767 0)
(-0.100201 0.0571166 0)
(-0.308595 0.020101 0)
(-0.347774 -0.00509716 0)
(-0.306372 0.00643691 0)
(-0.355403 0.0248121 0)
(-0.51401 0.0262971 0)
(-0.638636 0.023949 0)
(-0.761992 0.0388653 0)
(-0.907236 0.0487411 0)
(-1.00494 0.0503188 0)
(-1.03712 0.0446851 0)
(-1.06171 0.0402632 0)
(-1.12278 0.0532143 0)
(-1.18535 0.0465087 0)
(-1.19794 0.0457477 0)
(-1.15586 0.0194952 0)
(-1.04622 0.0155266 0)
(-0.81536 -0.00844093 0)
(-0.608186 -0.00336619 0)
(-0.25815 -0.0122915 0)
(-0.0642212 -0.00288919 0)
(0.32062 -0.0109888 0)
(0.503494 -0.00904593 0)
(0.898423 -0.0153982 0)
(1.05102 -0.00363076 0)
(1.36789 -0.00914592 0)
(1.48166 0.0128039 0)
(1.63263 0.0169996 0)
(1.61612 0.0313601 0)
(1.58389 0.0323556 0)
(1.49184 0.0352623 0)
(1.37789 0.024816 0)
(1.26246 0.0229146 0)
(1.13202 0.0117494 0)
(1.02082 0.0121772 0)
(0.902145 0.00270494 0)
(0.830907 0.00459107 0)
(0.756168 -0.000535173 0)
(0.727225 0.00141356 0)
(0.700576 -0.000814695 0)
(0.701164 0.000307859 0)
(0.707708 -0.000468684 0)
(0.711432 0.000226339 0)
(0.715654 -0.00304972 0)
(0.723096 -0.00216411 0)
(0.738934 -0.00527264 0)
(0.763489 -0.000826303 0)
(0.780435 -0.000117152 0)
(0.788136 0.00458993 0)
(0.798215 0.00348442 0)
(0.804627 0.00979486 0)
(0.800955 0.0103945 0)
(0.778626 0.0165298 0)
(0.751097 0.00910349 0)
(0.725048 0.0120321 0)
(0.698253 0.00705872 0)
(0.656298 0.0167977 0)
(0.655239 0.00436173 0)
(0.65674 0.00966804 0)
(0.729105 -0.010767 0)
(0.770213 0.00401565 0)
(0.812112 -0.000541806 0)
(0.833657 0.00775436 0)
(0.790753 0.0112289 0)
(0.74411 0.0125654 0)
(0.659443 0.00820169 0)
(0.583745 0.00741182 0)
(0.512699 0.0019884 0)
(0.453934 0.00297791 0)
(0.38459 -0.000126393 0)
(0.339337 0.000765691 0)
(0.265809 -0.00022365 0)
(0.213992 -0.000497302 0)
(0.152418 -0.000113474 0)
(0.10626 0.00123462 0)
(0.0582118 0.00245176 0)
(0.0170387 0.00238895 0)
(0.00291557 -0.00766353 0)
(0.0385026 -0.0100977 0)
(0.0210934 -1.96456e-05 0)
(-0.0990995 0.0266466 0)
(-0.43447 0.0649876 0)
(-0.817863 0.0676491 0)
(-0.763995 -0.0260865 0)
(-0.323691 -0.123891 0)
(0.15123 -0.266467 0)
(0.787518 -0.403303 0)
(1.41928 -0.390183 0)
(1.94404 -0.141825 0)
(2.1965 0.099068 0)
(1.93352 0.248728 0)
(1.42626 0.284389 0)
(0.874252 0.237891 0)
(0.530134 0.160774 0)
(0.257961 0.0284739 0)
(0.17552 -0.0815755 0)
(0.286369 -0.135715 0)
(0.286588 -0.103005 0)
(0.291893 0.0549618 0)
(0.0626618 0.140135 0)
(-0.198492 0.147845 0)
(-0.496181 0.0964116 0)
(-0.70101 0.00632951 0)
(-0.875949 0.0104076 0)
(-0.99756 0.0732971 0)
(-1.25058 0.109389 0)
(-1.47734 0.0917822 0)
(-1.67505 0.0881844 0)
(-1.77688 0.0574088 0)
(-1.82992 0.0175139 0)
(-1.75643 -0.00856605 0)
(-1.7291 -0.00555149 0)
(-1.66854 0.011972 0)
(-1.54415 -0.0224876 0)
(-1.39852 -0.0319633 0)
(-1.06742 -0.105405 0)
(-0.892275 -0.129219 0)
(-0.343237 -0.203494 0)
(-0.152909 -0.194173 0)
(0.543327 -0.245159 0)
(0.694684 -0.205509 0)
(1.40998 -0.246677 0)
(1.59804 -0.197758 0)
(2.22004 -0.223028 0)
(2.41738 -0.167885 0)
(2.9122 -0.174124 0)
(3.04375 -0.0904368 0)
(3.37546 -0.071921 0)
(3.34908 0.0184115 0)
(3.44995 0.0230968 0)
(3.37857 0.0789424 0)
(3.32536 0.06945 0)
(3.19235 0.102571 0)
(3.05267 0.085488 0)
(2.86194 0.105167 0)
(2.66984 0.0740198 0)
(2.49748 0.0727774 0)
(2.33881 0.0412921 0)
(2.2364 0.0331107 0)
(2.15009 0.0120894 0)
(2.10487 0.00567408 0)
(2.07944 -0.00101287 0)
(2.05459 0.0044932 0)
(2.02925 -0.00041206 0)
(1.99508 0.00148082 0)
(1.97908 -0.0106789 0)
(1.95149 -0.00791077 0)
(1.94856 -0.00763558 0)
(1.92155 0.00282028 0)
(1.93758 -0.0078566 0)
(1.93254 0.0054177 0)
(1.96778 -0.000153116 0)
(1.96383 0.0211998 0)
(1.99332 0.00797645 0)
(1.96108 0.0271496 0)
(1.97301 0.00869304 0)
(1.91006 0.0275732 0)
(1.97828 -0.0249713 0)
(1.96502 -0.00589154 0)
(2.09876 -0.0595861 0)
(2.07721 -0.00991767 0)
(2.19156 -0.0340289 0)
(2.13799 0.0206413 0)
(2.13193 0.026056 0)
(2.04705 0.0567889 0)
(1.95481 0.0574963 0)
(1.84192 0.0647566 0)
(1.72441 0.0526576 0)
(1.60213 0.0568467 0)
(1.45485 0.0505137 0)
(1.31574 0.0529877 0)
(1.13344 0.0569075 0)
(0.961655 0.048498 0)
(0.774224 0.0489478 0)
(0.609482 0.0376053 0)
(0.449552 0.0371318 0)
(0.31272 0.0201511 0)
(0.203583 -0.0014228 0)
(0.139369 -0.00453095 0)
(0.0345732 0.0598002 0)
(-0.204243 0.15755 0)
(-0.598015 0.220485 0)
(-0.888112 0.0771142 0)
(-0.64057 -0.169976 0)
(-0.303446 -0.377856 0)
(0.192031 -0.463452 0)
(0.746833 -0.659305 0)
(1.20922 -0.615764 0)
(1.67845 -0.279279 0)
(2.00528 0.0914335 0)
(1.79301 0.394085 0)
(1.4342 0.498764 0)
(0.888175 0.402255 0)
(0.689266 0.280936 0)
(0.360258 0.132915 0)
(0.17499 -0.0267079 0)
(0.109752 -0.102644 0)
(-0.0681678 -0.0634817 0)
(-0.172858 0.142206 0)
(-0.393216 0.259367 0)
(-0.647053 0.261239 0)
(-0.916891 0.2182 0)
(-1.21794 0.106166 0)
(-1.49001 0.0961067 0)
(-1.60963 0.13907 0)
(-1.75287 0.193572 0)
(-1.90938 0.157637 0)
(-2.01336 0.122116 0)
(-1.98458 0.0672823 0)
(-1.9671 -0.000766203 0)
(-1.84929 -0.0482337 0)
(-1.7224 -0.0657869 0)
(-1.58718 -0.0659375 0)
(-1.26709 -0.134272 0)
(-1.06795 -0.155877 0)
(-0.542454 -0.254686 0)
(-0.375359 -0.284519 0)
(0.288854 -0.391107 0)
(0.480345 -0.365825 0)
(1.22253 -0.435672 0)
(1.45286 -0.365807 0)
(2.1005 -0.43877 0)
(2.38527 -0.357974 0)
(2.96442 -0.390307 0)
(3.23475 -0.315825 0)
(3.69414 -0.308472 0)
(3.87269 -0.18722 0)
(4.18358 -0.143757 0)
(4.2007 -0.000360682 0)
(4.34196 -0.00196047 0)
(4.3008 0.0988635 0)
(4.31517 0.0840422 0)
(4.19593 0.150082 0)
(4.12352 0.131599 0)
(3.9191 0.184505 0)
(3.77196 0.142107 0)
(3.55821 0.155633 0)
(3.4134 0.100914 0)
(3.25568 0.0925579 0)
(3.16375 0.0513076 0)
(3.06091 0.0378335 0)
(3.01738 0.018298 0)
(2.94914 0.0275114 0)
(2.90203 0.0191766 0)
(2.82109 0.0284085 0)
(2.77213 0.00999045 0)
(2.6563 0.0202137 0)
(2.63037 0.00492374 0)
(2.55192 0.0152046 0)
(2.57597 -0.0151507 0)
(2.54588 -0.000499266 0)
(2.60955 -0.0199226 0)
(2.6067 0.0147522 0)
(2.69774 -0.0100684 0)
(2.67288 0.0306322 0)
(2.75481 0.00206348 0)
(2.69526 0.0360342 0)
(2.81537 -0.0513559 0)
(2.77858 -0.0137215 0)
(2.93218 -0.0975176 0)
(2.91049 -0.0177787 0)
(3.03628 -0.0533995 0)
(2.9806 0.0390682 0)
(3.00596 0.0353623 0)
(2.90543 0.0973282 0)
(2.84458 0.0870216 0)
(2.72964 0.114829 0)
(2.64613 0.0960009 0)
(2.49825 0.119425 0)
(2.37245 0.113428 0)
(2.18031 0.136118 0)
(1.99014 0.14462 0)
(1.74399 0.149634 0)
(1.4967 0.146969 0)
(1.25073 0.13783 0)
(0.993272 0.124885 0)
(0.764943 0.108845 0)
(0.524429 0.0597036 0)
(0.340189 0.0578769 0)
(0.137457 0.13972 0)
(-0.105465 0.291639 0)
(-0.464745 0.335118 0)
(-0.657712 0.105176 0)
(-0.462076 -0.274275 0)
(-0.196716 -0.549467 0)
(0.199314 -0.665017 0)
(0.604071 -0.848949 0)
(0.92354 -0.817728 0)
(1.35588 -0.434694 0)
(1.5757 0.0680469 0)
(1.39621 0.494267 0)
(1.15127 0.655981 0)
(0.677072 0.533936 0)
(0.51491 0.393521 0)
(0.150612 0.260874 0)
(-0.126915 0.0670106 0)
(-0.335598 -0.0316183 0)
(-0.630305 0.00896218 0)
(-0.820991 0.222548 0)
(-0.991259 0.348301 0)
(-1.23838 0.350212 0)
(-1.40421 0.329256 0)
(-1.70688 0.211726 0)
(-1.92956 0.17573 0)
(-1.98676 0.178186 0)
(-1.99476 0.227465 0)
(-1.9845 0.173029 0)
(-1.96814 0.104446 0)
(-1.85755 0.0416793 0)
(-1.75325 -0.0349731 0)
(-1.65621 -0.0977197 0)
(-1.40437 -0.149401 0)
(-1.24484 -0.162069 0)
(-0.800756 -0.264993 0)
(-0.594915 -0.305273 0)
(-0.0151264 -0.425115 0)
(0.202819 -0.449755 0)
(0.845568 -0.584586 0)
(1.09253 -0.565186 0)
(1.76197 -0.663304 0)
(2.0782 -0.556377 0)
(2.68919 -0.632004 0)
(2.96768 -0.55309 0)
(3.5246 -0.575299 0)
(3.78794 -0.479215 0)
(4.19419 -0.453443 0)
(4.38457 -0.296344 0)
(4.66566 -0.218718 0)
(4.69041 -0.0419573 0)
(4.84054 -0.0355552 0)
(4.78583 0.101297 0)
(4.84689 0.0919518 0)
(4.7094 0.187768 0)
(4.68298 0.175512 0)
(4.46927 0.256475 0)
(4.38234 0.201555 0)
(4.13703 0.227076 0)
(4.0384 0.149713 0)
(3.8333 0.143903 0)
(3.75466 0.0818744 0)
(3.60006 0.0710178 0)
(3.54707 0.0380082 0)
(3.43444 0.0572004 0)
(3.37763 0.0437449 0)
(3.25627 0.0629278 0)
(3.19423 0.0465926 0)
(3.03071 0.052507 0)
(3.01171 0.0199085 0)
(2.91829 0.0268606 0)
(2.94866 -0.0245823 0)
(2.89932 -0.00605207 0)
(2.97421 -0.041266 0)
(2.95017 -0.00603315 0)
(3.0727 -0.0374628 0)
(3.04164 0.0172742 0)
(3.16968 -0.0235257 0)
(3.12111 0.0299273 0)
(3.2764 -0.0871473 0)
(3.23076 -0.0288782 0)
(3.40002 -0.13859 0)
(3.37465 -0.0409152 0)
(3.53126 -0.0743134 0)
(3.46741 0.0423055 0)
(3.53476 0.0458004 0)
(3.42527 0.127012 0)
(3.43412 0.113995 0)
(3.29578 0.145462 0)
(3.29706 0.136347 0)
(3.13242 0.170108 0)
(3.06597 0.17946 0)
(2.85011 0.211101 0)
(2.70004 0.243338 0)
(2.40012 0.249873 0)
(2.16379 0.263902 0)
(1.83961 0.24352 0)
(1.5728 0.247431 0)
(1.26206 0.21427 0)
(1.00206 0.187761 0)
(0.70072 0.151085 0)
(0.47147 0.265876 0)
(0.166958 0.393541 0)
(-0.15565 0.459434 0)
(-0.348297 0.10502 0)
(-0.304038 -0.345392 0)
(-0.144952 -0.691068 0)
(0.135394 -0.800343 0)
(0.384967 -0.999277 0)
(0.596252 -0.96476 0)
(0.897811 -0.528668 0)
(1.00465 0.0796536 0)
(0.868281 0.585222 0)
(0.688874 0.790929 0)
(0.276794 0.663712 0)
(0.0824866 0.513269 0)
(-0.271076 0.405551 0)
(-0.600372 0.193542 0)
(-0.902794 0.0864477 0)
(-1.28557 0.116711 0)
(-1.42074 0.31094 0)
(-1.56337 0.435575 0)
(-1.7356 0.421364 0)
(-1.81443 0.403607 0)
(-2.01796 0.283793 0)
(-2.13451 0.211149 0)
(-2.09151 0.162634 0)
(-1.99621 0.184008 0)
(-1.83632 0.13266 0)
(-1.72779 0.0565872 0)
(-1.58473 -0.0113737 0)
(-1.39876 -0.0902811 0)
(-1.29595 -0.170627 0)
(-0.940775 -0.265701 0)
(-0.747478 -0.285478 0)
(-0.219632 -0.407457 0)
(-0.00167201 -0.455824 0)
(0.587612 -0.607656 0)
(0.84363 -0.62367 0)
(1.44928 -0.769181 0)
(1.74438 -0.745637 0)
(2.37596 -0.854853 0)
(2.67848 -0.742073 0)
(3.26751 -0.799909 0)
(3.53497 -0.716946 0)
(4.03802 -0.723457 0)
(4.2819 -0.596199 0)
(4.62516 -0.556782 0)
(4.77028 -0.388244 0)
(5.00925 -0.278431 0)
(5.04573 -0.0711931 0)
(5.17614 -0.0455093 0)
(5.11697 0.108979 0)
(5.19332 0.108352 0)
(5.06506 0.228557 0)
(5.04905 0.221811 0)
(4.83327 0.321168 0)
(4.79269 0.261471 0)
(4.54072 0.30507 0)
(4.47908 0.208455 0)
(4.2294 0.209143 0)
(4.1732 0.134164 0)
(3.95498 0.122796 0)
(3.89513 0.078203 0)
(3.7215 0.099952 0)
(3.64932 0.0788106 0)
(3.50204 0.101569 0)
(3.42161 0.0808013 0)
(3.28886 0.0903903 0)
(3.27475 0.0325749 0)
(3.17955 0.0448307 0)
(3.21419 -0.0220216 0)
(3.1501 -0.00325473 0)
(3.21432 -0.0553739 0)
(3.19259 -0.0194461 0)
(3.29216 -0.0669759 0)
(3.27649 -0.00472023 0)
(3.40219 -0.0583615 0)
(3.38441 0.0141289 0)
(3.54991 -0.127237 0)
(3.51394 -0.0450264 0)
(3.66288 -0.178535 0)
(3.64515 -0.0700675 0)
(3.77965 -0.101751 0)
(3.75409 0.0380662 0)
(3.80747 0.0463759 0)
(3.75067 0.140331 0)
(3.77239 0.126356 0)
(3.69619 0.172742 0)
(3.69417 0.157396 0)
(3.61907 0.216817 0)
(3.53499 0.224899 0)
(3.4167 0.292061 0)
(3.23499 0.327906 0)
(3.03215 0.375118 0)
(2.73975 0.376106 0)
(2.46116 0.388203 0)
(2.09556 0.356209 0)
(1.80414 0.356598 0)
(1.43686 0.286269 0)
(1.1507 0.29076 0)
(0.819355 0.35109 0)
(0.645725 0.555758 0)
(0.211987 0.54433 0)
(0.112372 0.201319 0)
(-0.117717 -0.366345 0)
(0.0180409 -0.748663 0)
(0.0614592 -0.876232 0)
(0.105355 -1.05855 0)
(0.167688 -1.03652 0)
(0.326951 -0.570565 0)
(0.369633 0.107162 0)
(0.259018 0.652916 0)
(0.132167 0.895265 0)
(-0.231439 0.779332 0)
(-0.420187 0.628376 0)
(-0.761885 0.539134 0)
(-1.14941 0.335711 0)
(-1.4369 0.218962 0)
(-1.83637 0.205468 0)
(-1.88055 0.360285 0)
(-1.97388 0.480338 0)
(-2.06189 0.455664 0)
(-2.06094 0.430632 0)
(-2.11421 0.305409 0)
(-2.09364 0.20564 0)
(-1.95655 0.117176 0)
(-1.77714 0.113121 0)
(-1.5257 0.0658174 0)
(-1.34409 -0.00374857 0)
(-1.17187 -0.0766534 0)
(-0.918147 -0.158437 0)
(-0.767813 -0.247473 0)
(-0.324732 -0.389831 0)
(-0.111377 -0.424013 0)
(0.446474 -0.567382 0)
(0.699173 -0.616841 0)
(1.28814 -0.79125 0)
(1.57678 -0.790465 0)
(2.14154 -0.956716 0)
(2.43721 -0.945142 0)
(3.04672 -1.05136 0)
(3.33719 -0.936448 0)
(3.90027 -0.967323 0)
(4.13578 -0.882599 0)
(4.57347 -0.872883 0)
(4.77191 -0.720419 0)
(5.07556 -0.65492 0)
(5.17244 -0.458252 0)
(5.34794 -0.322534 0)
(5.37042 -0.0952672 0)
(5.46407 -0.0590328 0)
(5.40712 0.109759 0)
(5.47083 0.113897 0)
(5.35742 0.265804 0)
(5.37722 0.263083 0)
(5.13438 0.375167 0)
(5.12483 0.312813 0)
(4.82564 0.370553 0)
(4.82181 0.273657 0)
(4.50722 0.284849 0)
(4.49875 0.204273 0)
(4.2157 0.197944 0)
(4.18575 0.139995 0)
(3.94653 0.16686 0)
(3.89571 0.12689 0)
(3.71997 0.161774 0)
(3.6683 0.125212 0)
(3.53197 0.120866 0)
(3.54184 0.0594839 0)
(3.40494 0.0708728 0)
(3.4604 -0.0132807 0)
(3.34592 0.00470314 0)
(3.45571 -0.0610123 0)
(3.37588 -0.0289647 0)
(3.53917 -0.0833054 0)
(3.4573 -0.0215716 0)
(3.66145 -0.0867821 0)
(3.56181 -0.00625554 0)
(3.82956 -0.160363 0)
(3.69 -0.0607635 0)
(3.94036 -0.2047 0)
(3.79174 -0.0901578 0)
(4.02213 -0.120222 0)
(3.87918 0.0270957 0)
(4.05809 0.0489037 0)
(3.89261 0.145688 0)
(4.04554 0.139895 0)
(3.87121 0.180101 0)
(3.99808 0.173522 0)
(3.84676 0.232549 0)
(3.91954 0.267331 0)
(3.72897 0.333121 0)
(3.71011 0.408436 0)
(3.45946 0.44941 0)
(3.32418 0.504751 0)
(3.00747 0.503296 0)
(2.72977 0.528341 0)
(2.34065 0.481042 0)
(1.99981 0.471819 0)
(1.55249 0.384884 0)
(1.224 0.494853 0)
(0.986831 0.613947 0)
(0.72598 0.720551 0)
(0.436781 0.258591 0)
(0.222499 -0.261428 0)
(-0.0130846 -0.753084 0)
(-0.0430409 -0.850335 0)
(-0.182063 -1.04759 0)
(-0.298926 -1.04523 0)
(-0.286514 -0.573572 0)
(-0.284788 0.135626 0)
(-0.395445 0.71721 0)
(-0.488518 0.986059 0)
(-0.767855 0.865212 0)
(-0.94171 0.729232 0)
(-1.28085 0.670631 0)
(-1.62543 0.469449 0)
(-1.83777 0.332487 0)
(-2.15499 0.277357 0)
(-2.15709 0.400056 0)
(-2.17323 0.499899 0)
(-2.19696 0.469513 0)
(-2.08543 0.419353 0)
(-2.01041 0.277687 0)
(-1.87168 0.157226 0)
(-1.66034 0.0442548 0)
(-1.41954 0.0139843 0)
(-1.10122 -0.028614 0)
(-0.859883 -0.0869093 0)
(-0.665301 -0.165007 0)
(-0.35916 -0.266693 0)
(-0.162878 -0.373311 0)
(0.352963 -0.54667 0)
(0.581592 -0.592765 0)
(1.18191 -0.742084 0)
(1.47341 -0.787589 0)
(2.05741 -0.987118 0)
(2.34121 -0.963756 0)
(2.91218 -1.12145 0)
(3.18942 -1.12052 0)
(3.76941 -1.22066 0)
(4.0339 -1.1076 0)
(4.57064 -1.11314 0)
(4.78636 -1.0124 0)
(5.13812 -0.986294 0)
(5.30592 -0.815928 0)
(5.53658 -0.719445 0)
(5.58953 -0.506463 0)
(5.67949 -0.354592 0)
(5.68108 -0.118127 0)
(5.74563 -0.0631165 0)
(5.69017 0.112726 0)
(5.73021 0.123506 0)
(5.60659 0.28576 0)
(5.66155 0.296207 0)
(5.4116 0.444112 0)
(5.41714 0.379235 0)
(5.08637 0.448415 0)
(5.07104 0.342365 0)
(4.74512 0.350132 0)
(4.72541 0.258492 0)
(4.44353 0.259373 0)
(4.40204 0.182381 0)
(4.1811 0.223469 0)
(4.13416 0.154042 0)
(3.98652 0.207882 0)
(3.92472 0.149644 0)
(3.8217 0.158136 0)
(3.76983 0.0772771 0)
(3.68577 0.086378 0)
(3.65052 -0.0123704 0)
(3.62146 0.000320986 0)
(3.61998 -0.0769724 0)
(3.63697 -0.046056 0)
(3.68747 -0.107706 0)
(3.74126 -0.0422543 0)
(3.81069 -0.117292 0)
(3.85766 -0.0301214 0)
(3.96242 -0.192016 0)
(3.98359 -0.0754388 0)
(4.0681 -0.225948 0)
(4.07873 -0.104062 0)
(4.11429 -0.130164 0)
(4.14984 0.0193677 0)
(4.12748 0.0508777 0)
(4.16174 0.145568 0)
(4.10772 0.145629 0)
(4.14214 0.185201 0)
(4.06758 0.176998 0)
(4.12682 0.242746 0)
(4.02007 0.277482 0)
(4.05865 0.366769 0)
(3.9006 0.443019 0)
(3.88325 0.527215 0)
(3.62804 0.563888 0)
(3.53722 0.630836 0)
(3.17737 0.628356 0)
(2.95942 0.668912 0)
(2.52691 0.614992 0)
(2.14251 0.624995 0)
(1.58972 0.562908 0)
(1.39173 0.772182 0)
(1.06496 0.75772 0)
(0.943463 0.459267 0)
(0.363091 -0.188197 0)
(0.240869 -0.624818 0)
(-0.142595 -0.756732 0)
(-0.494421 -0.94876 0)
(-0.797193 -0.984715 0)
(-0.90508 -0.546933 0)
(-0.941428 0.16948 0)
(-1.05613 0.762794 0)
(-1.07199 1.04212 0)
(-1.28785 0.93176 0)
(-1.4414 0.838986 0)
(-1.73422 0.796238 0)
(-1.93317 0.571998 0)
(-2.10628 0.417596 0)
(-2.25951 0.316963 0)
(-2.2519 0.415129 0)
(-2.15323 0.487371 0)
(-2.12302 0.441085 0)
(-1.89795 0.355351 0)
(-1.73924 0.199893 0)
(-1.50792 0.0674455 0)
(-1.24915 -0.047625 0)
(-0.956632 -0.104729 0)
(-0.603086 -0.141638 0)
(-0.294324 -0.180615 0)
(-0.0649241 -0.254041 0)
(0.306122 -0.371311 0)
(0.535476 -0.509186 0)
(1.09882 -0.70657 0)
(1.33992 -0.775364 0)
(1.95052 -0.939513 0)
(2.28866 -0.963265 0)
(2.87394 -1.1616 0)
(3.12106 -1.13518 0)
(3.69957 -1.29924 0)
(3.94198 -1.30575 0)
(4.49025 -1.39107 0)
(4.72733 -1.27322 0)
(5.21162 -1.2606 0)
(5.41344 -1.12956 0)
(5.70991 -1.08349 0)
(5.83261 -0.89077 0)
(5.99044 -0.76497 0)
(6.01957 -0.521368 0)
(6.06655 -0.358569 0)
(6.03094 -0.122019 0)
(6.06489 -0.0628523 0)
(5.97896 0.111226 0)
(6.00792 0.140087 0)
(5.8427 0.299445 0)
(5.91367 0.323456 0)
(5.63238 0.490579 0)
(5.67594 0.42705 0)
(5.31487 0.516228 0)
(5.3436 0.398911 0)
(4.98123 0.416288 0)
(4.98268 0.311596 0)
(4.67333 0.319949 0)
(4.66632 0.233379 0)
(4.41665 0.281937 0)
(4.43104 0.193399 0)
(4.2392 0.251607 0)
(4.25708 0.186402 0)
(4.07606 0.190916 0)
(4.1126 0.100343 0)
(3.93536 0.117725 0)
(4.02586 0.0017699 0)
(3.85879 0.017805 0)
(3.96529 -0.0736013 0)
(3.82165 -0.0511055 0)
(3.99737 -0.13789 0)
(3.8991 -0.0640564 0)
(4.11767 -0.155676 0)
(3.99705 -0.0505443 0)
(4.28386 -0.229101 0)
(4.10154 -0.0901818 0)
(4.40491 -0.253569 0)
(4.19149 -0.105087 0)
(4.43744 -0.146566 0)
(4.23154 0.0251017 0)
(4.43064 0.04572 0)
(4.21184 0.154005 0)
(4.40884 0.147949 0)
(4.18207 0.198004 0)
(4.36343 0.179243 0)
(4.16354 0.257773 0)
(4.33146 0.292272 0)
(4.10261 0.391817 0)
(4.22737 0.473399 0)
(3.99847 0.570215 0)
(4.0286 0.638729 0)
(3.73293 0.696538 0)
(3.66439 0.755534 0)
(3.28209 0.754045 0)
(3.09705 0.813708 0)
(2.61154 0.774774 0)
(2.15167 0.81865 0)
(1.69906 0.801182 0)
(1.46206 0.952288 0)
(1.18882 0.541616 0)
(0.702994 0.0841706 0)
(0.0720006 -0.544537 0)
(-0.246813 -0.559265 0)
(-0.790006 -0.780962 0)
(-1.26636 -0.876538 0)
(-1.48604 -0.490695 0)
(-1.55813 0.206612 0)
(-1.6562 0.78235 0)
(-1.59817 1.06957 0)
(-1.72769 0.9889 0)
(-1.81204 0.929101 0)
(-2.0218 0.879066 0)
(-2.06774 0.631601 0)
(-2.23539 0.464378 0)
(-2.18957 0.321426 0)
(-2.16751 0.394823 0)
(-1.94285 0.439974 0)
(-1.85781 0.380032 0)
(-1.49036 0.265038 0)
(-1.30511 0.108886 0)
(-1.01897 -0.0358575 0)
(-0.737733 -0.148395 0)
(-0.409652 -0.234761 0)
(-0.0427016 -0.278152 0)
(0.321443 -0.303325 0)
(0.584023 -0.378891 0)
(1.03415 -0.513103 0)
(1.30685 -0.668335 0)
(1.89759 -0.877609 0)
(2.18399 -0.953086 0)
(2.74866 -1.13114 0)
(3.09439 -1.15394 0)
(3.68577 -1.33934 0)
(3.88128 -1.31159 0)
(4.50594 -1.46057 0)
(4.70871 -1.45525 0)
(5.21059 -1.53978 0)
(5.41516 -1.42256 0)
(5.82685 -1.38817 0)
(6.0158 -1.22927 0)
(6.24298 -1.15786 0)
(6.33192 -0.943688 0)
(6.40709 -0.792 0)
(6.41874 -0.541046 0)
(6.42021 -0.367064 0)
(6.38245 -0.113654 0)
(6.40376 -0.0420788 0)
(6.29075 0.137509 0)
(6.30375 0.174394 0)
(6.10409 0.329799 0)
(6.15316 0.3639 0)
(5.84646 0.54385 0)
(5.94271 0.485291 0)
(5.56416 0.592398 0)
(5.64545 0.468865 0)
(5.26176 0.49448 0)
(5.26932 0.374249 0)
(4.96572 0.38451 0)
(4.9477 0.280721 0)
(4.70548 0.33726 0)
(4.70695 0.228635 0)
(4.53901 0.300164 0)
(4.51454 0.212456 0)
(4.42416 0.222001 0)
(4.37956 0.121634 0)
(4.31731 0.136395 0)
(4.31068 0.0193261 0)
(4.23886 0.0356355 0)
(4.22174 -0.0619229 0)
(4.20653 -0.0472642 0)
(4.23619 -0.147552 0)
(4.25342 -0.082917 0)
(4.29999 -0.174639 0)
(4.3258 -0.0844223 0)
(4.43996 -0.252808 0)
(4.44007 -0.114735 0)
(4.54518 -0.274529 0)
(4.53315 -0.110503 0)
(4.54119 -0.148094 0)
(4.55448 0.0295555 0)
(4.51331 0.0584245 0)
(4.52209 0.154307 0)
(4.45073 0.157766 0)
(4.50276 0.197386 0)
(4.39381 0.188247 0)
(4.48159 0.248748 0)
(4.34669 0.308576 0)
(4.42333 0.40409 0)
(4.21598 0.500824 0)
(4.3236 0.605434 0)
(4.06167 0.688961 0)
(4.1122 0.774997 0)
(3.77037 0.831414 0)
(3.73267 0.891934 0)
(3.30811 0.906506 0)
(3.15885 1.00558 0)
(2.54952 0.948136 0)
(2.20436 1.04753 0)
(1.67869 0.954652 0)
(1.55239 0.813902 0)
(0.852406 0.2111 0)
(0.52172 -0.258601 0)
(-0.324567 -0.314634 0)
(-1.04299 -0.545885 0)
(-1.6625 -0.710165 0)
(-1.97109 -0.411789 0)
(-2.06428 0.243822 0)
(-2.12815 0.785191 0)
(-2.01592 1.06186 0)
(-2.01395 1.00567 0)
(-2.0056 0.977668 0)
(-2.09548 0.904728 0)
(-2.02134 0.645867 0)
(-2.1315 0.468739 0)
(-1.91563 0.286258 0)
(-1.85461 0.335203 0)
(-1.55938 0.351822 0)
(-1.4198 0.263045 0)
(-0.978536 0.131261 0)
(-0.756892 -0.00303307 0)
(-0.43322 -0.159017 0)
(-0.151459 -0.269874 0)
(0.210907 -0.385868 0)
(0.569435 -0.434971 0)
(1.00258 -0.433904 0)
(1.3123 -0.515216 0)
(1.81361 -0.673808 0)
(2.12954 -0.848112 0)
(2.71774 -1.06587 0)
(3.03976 -1.13119 0)
(3.54931 -1.30332 0)
(3.89643 -1.33964 0)
(4.48425 -1.49671 0)
(4.62994 -1.47737 0)
(5.2818 -1.62645 0)
(5.45234 -1.60287 0)
(5.91235 -1.67959 0)
(6.0893 -1.55259 0)
(6.41077 -1.50179 0)
(6.56461 -1.31736 0)
(6.73661 -1.21331 0)
(6.77911 -0.968643 0)
(6.8004 -0.800399 0)
(6.80374 -0.530175 0)
(6.76738 -0.345866 0)
(6.69968 -0.0987155 0)
(6.69192 -0.0325744 0)
(6.56954 0.155757 0)
(6.56554 0.20464 0)
(6.36228 0.375225 0)
(6.38203 0.410971 0)
(6.0728 0.586257 0)
(6.17421 0.526381 0)
(5.8031 0.647886 0)
(5.90507 0.516531 0)
(5.52305 0.56805 0)
(5.55559 0.436453 0)
(5.25135 0.460994 0)
(5.24977 0.335524 0)
(4.97128 0.390066 0)
(5.01158 0.254977 0)
(4.78635 0.335503 0)
(4.86445 0.221653 0)
(4.69287 0.250423 0)
(4.74741 0.135201 0)
(4.61859 0.159345 0)
(4.65991 0.026258 0)
(4.51576 0.0567259 0)
(4.57874 -0.0665858 0)
(4.49721 -0.048736 0)
(4.57202 -0.167296 0)
(4.51733 -0.0798069 0)
(4.6269 -0.196681 0)
(4.57656 -0.0963536 0)
(4.75289 -0.282706 0)
(4.65933 -0.130761 0)
(4.85568 -0.296955 0)
(4.70238 -0.102303 0)
(4.83063 -0.153849 0)
(4.67743 0.0424163 0)
(4.79852 0.0607163 0)
(4.62668 0.17054 0)
(4.75138 0.159468 0)
(4.58592 0.207819 0)
(4.71046 0.193316 0)
(4.5336 0.271127 0)
(4.66664 0.32383 0)
(4.43661 0.443911 0)
(4.51457 0.517999 0)
(4.26163 0.640167 0)
(4.36705 0.720869 0)
(4.0871 0.831232 0)
(4.12623 0.900232 0)
(3.77801 0.970359 0)
(3.69875 1.03484 0)
(3.31403 1.10436 0)
(3.09669 1.20522 0)
(2.51381 1.15317 0)
(2.11513 1.2365 0)
(1.66191 0.901418 0)
(1.07344 0.592377 0)
(0.222562 -0.0833943 0)
(-0.392728 0.0140634 0)
(-1.22048 -0.261893 0)
(-1.90903 -0.509251 0)
(-2.32187 -0.310001 0)
(-2.41381 0.284179 0)
(-2.44196 0.767959 0)
(-2.2369 1.01652 0)
(-2.08861 0.977229 0)
(-1.96141 0.966879 0)
(-1.92127 0.88068 0)
(-1.75144 0.623582 0)
(-1.76335 0.432253 0)
(-1.45219 0.218813 0)
(-1.35027 0.257875 0)
(-0.991374 0.264566 0)
(-0.794641 0.139301 0)
(-0.369096 -0.0080085 0)
(-0.107505 -0.126137 0)
(0.247691 -0.28954 0)
(0.517576 -0.396349 0)
(0.929201 -0.53584 0)
(1.23775 -0.610785 0)
(1.70932 -0.606754 0)
(2.10854 -0.688839 0)
(2.64403 -0.846229 0)
(3.0116 -1.02861 0)
(3.54161 -1.25276 0)
(3.87394 -1.31177 0)
(4.35011 -1.47582 0)
(4.66733 -1.53496 0)
(5.2534 -1.66381 0)
(5.37532 -1.6487 0)
(6.0203 -1.79289 0)
(6.18232 -1.7395 0)
(6.59239 -1.7924 0)
(6.73273 -1.6557 0)
(6.95855 -1.58708 0)
(7.07133 -1.3813 0)
(7.17222 -1.24865 0)
(7.17511 -0.980143 0)
(7.15749 -0.796205 0)
(7.12171 -0.517816 0)
(7.06291 -0.327275 0)
(6.99713 -0.0734457 0)
(6.98096 0.00121782 0)
(6.83484 0.194409 0)
(6.80569 0.250035 0)
(6.59854 0.424364 0)
(6.59896 0.462061 0)
(6.32199 0.640538 0)
(6.40723 0.578598 0)
(6.05079 0.703382 0)
(6.13621 0.563543 0)
(5.77626 0.630041 0)
(5.81348 0.479835 0)
(5.51279 0.512246 0)
(5.52529 0.376439 0)
(5.25777 0.43261 0)
(5.29373 0.285782 0)
(5.08183 0.360613 0)
(5.15256 0.239694 0)
(5.01931 0.273533 0)
(5.05058 0.141677 0)
(4.9448 0.173661 0)
(4.95844 0.0459805 0)
(4.87349 0.0734407 0)
(4.87826 -0.0554974 0)
(4.84514 -0.0346358 0)
(4.85265 -0.167949 0)
(4.82575 -0.0955169 0)
(4.89474 -0.221768 0)
(4.90391 -0.12581 0)
(5.01025 -0.302117 0)
(4.95868 -0.154875 0)
(5.08855 -0.306305 0)
(4.96358 -0.0989591 0)
(5.03419 -0.151671 0)
(4.92099 0.050025 0)
(4.96685 0.0664066 0)
(4.87721 0.178047 0)
(4.90967 0.1625 0)
(4.87175 0.212649 0)
(4.83286 0.200961 0)
(4.80366 0.270591 0)
(4.72132 0.333345 0)
(4.7254 0.47306 0)
(4.53774 0.55944 0)
(4.56868 0.673632 0)
(4.29743 0.751426 0)
(4.40598 0.872465 0)
(4.0715 0.963054 0)
(4.15158 1.05591 0)
(3.70924 1.12074 0)
(3.70281 1.23469 0)
(3.21374 1.29886 0)
(3.05634 1.42408 0)
(2.33677 1.30854 0)
(2.07675 1.28151 0)
(1.33434 0.728506 0)
(0.691871 0.388812 0)
(-0.395022 0.339439 0)
(-1.28028 0.0543887 0)
(-1.98673 -0.278431 0)
(-2.4766 -0.188054 0)
(-2.53047 0.309953 0)
(-2.49486 0.717263 0)
(-2.20344 0.923366 0)
(-1.9192 0.900005 0)
(-1.68157 0.908509 0)
(-1.52184 0.82348 0)
(-1.26557 0.578784 0)
(-1.1989 0.37789 0)
(-0.834904 0.135054 0)
(-0.752546 0.145143 0)
(-0.320056 0.143157 0)
(-0.0641667 0.0130806 0)
(0.339368 -0.146544 0)
(0.648224 -0.253556 0)
(1.01292 -0.418893 0)
(1.26148 -0.53574 0)
(1.74801 -0.684408 0)
(2.01483 -0.764695 0)
(2.49229 -0.799235 0)
(2.94211 -0.894193 0)
(3.48768 -1.04869 0)
(3.90601 -1.20841 0)
(4.37395 -1.41711 0)
(4.6924 -1.48863 0)
(5.16834 -1.63946 0)
(5.44679 -1.70885 0)
(6.00095 -1.81786 0)
(6.1455 -1.80943 0)
(6.72719 -1.93979 0)
(6.87914 -1.86367 0)
(7.22271 -1.88573 0)
(7.31596 -1.72978 0)
(7.46268 -1.64132 0)
(7.52377 -1.42108 0)
(7.57287 -1.25765 0)
(7.53257 -0.971572 0)
(7.47545 -0.772843 0)
(7.41172 -0.487181 0)
(7.3311 -0.303183 0)
(7.26452 -0.0534322 0)
(7.22512 0.025786 0)
(7.07458 0.23633 0)
(7.01613 0.295858 0)
(6.81722 0.477392 0)
(6.80101 0.506667 0)
(6.55095 0.6831 0)
(6.62211 0.622578 0)
(6.28057 0.759159 0)
(6.37806 0.616701 0)
(6.0228 0.69812 0)
(6.08537 0.532542 0)
(5.77413 0.577871 0)
(5.81582 0.422315 0)
(5.54807 0.487952 0)
(5.59578 0.306408 0)
(5.36665 0.399552 0)
(5.4532 0.235963 0)
(5.31501 0.294131 0)
(5.35813 0.147618 0)
(5.26125 0.205507 0)
(5.27417 0.0593671 0)
(5.2075 0.1015 0)
(5.17938 -0.0530201 0)
(5.16882 -0.024854 0)
(5.14784 -0.172642 0)
(5.1807 -0.0897405 0)
(5.17842 -0.243106 0)
(5.25652 -0.136315 0)
(5.25497 -0.322651 0)
(5.27309 -0.157354 0)
(5.32308 -0.311472 0)
(5.24436 -0.0761792 0)
(5.26412 -0.141215 0)
(5.16468 0.0729986 0)
(5.17137 0.0718659 0)
(5.09957 0.191812 0)
(5.13593 0.165234 0)
(5.0752 0.227896 0)
(5.07617 0.223998 0)
(4.96752 0.305943 0)
(4.94494 0.360606 0)
(4.80825 0.50753 0)
(4.78735 0.583041 0)
(4.62541 0.725269 0)
(4.60657 0.793643 0)
(4.36611 0.917994 0)
(4.40023 1.00461 0)
(4.07662 1.12578 0)
(4.10784 1.21482 0)
(3.68823 1.33079 0)
(3.62155 1.45333 0)
(3.14275 1.52965 0)
(2.82478 1.64075 0)
(2.07984 1.39565 0)
(1.44715 1.2721 0)
(0.299363 0.557747 0)
(-0.373246 0.686592 0)
(-1.20091 0.361797 0)
(-1.84067 -0.0486254 0)
(-2.3654 -0.0799421 0)
(-2.38333 0.303971 0)
(-2.2819 0.635459 0)
(-1.96123 0.7958 0)
(-1.58719 0.785795 0)
(-1.21825 0.801278 0)
(-0.968844 0.732978 0)
(-0.646194 0.497024 0)
(-0.496738 0.296061 0)
(-0.0893195 0.0511681 0)
(-0.0147768 0.0309399 0)
(0.433759 0.00318719 0)
(0.736014 -0.124135 0)
(1.12767 -0.295306 0)
(1.45547 -0.395435 0)
(1.84266 -0.555957 0)
(2.07715 -0.692898 0)
(2.59743 -0.855831 0)
(2.86818 -0.920524 0)
(3.34588 -0.99368 0)
(3.80278 -1.10639 0)
(4.33004 -1.26223 0)
(4.76247 -1.39074 0)
(5.17868 -1.57472 0)
(5.50316 -1.65966 0)
(5.97925 -1.79994 0)
(6.233 -1.86776 0)
(6.72406 -1.96941 0)
(6.9202 -1.96491 0)
(7.39816 -2.06401 0)
(7.50967 -1.97645 0)
(7.77789 -1.957 0)
(7.8191 -1.77889 0)
(7.90577 -1.67224 0)
(7.92692 -1.43592 0)
(7.92236 -1.24741 0)
(7.83737 -0.945266 0)
(7.74786 -0.739858 0)
(7.65935 -0.456437 0)
(7.5698 -0.277125 0)
(7.50614 -0.0224584 0)
(7.43793 0.066366 0)
(7.29033 0.289843 0)
(7.19258 0.347057 0)
(7.01873 0.531094 0)
(6.98345 0.55253 0)
(6.75613 0.730609 0)
(6.80776 0.671221 0)
(6.49416 0.808619 0)
(6.59004 0.662505 0)
(6.25908 0.753754 0)
(6.32002 0.579273 0)
(6.04239 0.633173 0)
(6.0716 0.461557 0)
(5.82245 0.537878 0)
(5.88243 0.33743 0)
(5.63443 0.425925 0)
(5.7492 0.243773 0)
(5.57953 0.322203 0)
(5.65666 0.155542 0)
(5.53645 0.226348 0)
(5.58509 0.0627502 0)
(5.48715 0.118332 0)
(5.49372 -0.0501203 0)
(5.45685 -0.0118488 0)
(5.47205 -0.189762 0)
(5.47851 -0.100051 0)
(5.49522 -0.27147 0)
(5.5341 -0.154937 0)
(5.55199 -0.335076 0)
(5.50888 -0.168154 0)
(5.59726 -0.303833 0)
(5.4325 -0.0607261 0)
(5.52143 -0.120522 0)
(5.32863 0.0923703 0)
(5.42418 0.077005 0)
(5.27699 0.193863 0)
(5.3989 0.163489 0)
(5.27237 0.239678 0)
(5.30705 0.240559 0)
(5.1477 0.332335 0)
(5.1397 0.38427 0)
(4.99877 0.550288 0)
(4.92794 0.620603 0)
(4.84343 0.770179 0)
(4.6876 0.838419 0)
(4.65429 0.973009 0)
(4.39597 1.0623 0)
(4.42508 1.18139 0)
(4.03615 1.27757 0)
(4.11775 1.42058 0)
(3.60291 1.53822 0)
(3.60656 1.71485 0)
(2.94094 1.7453 0)
(2.64472 1.8474 0)
(1.61171 1.39074 0)
(0.870286 1.26531 0)
(-0.284441 0.963177 0)
(-0.97331 0.644795 0)
(-1.49608 0.186536 0)
(-1.9895 0.0356138 0)
(-1.99149 0.284691 0)
(-1.85499 0.55061 0)
(-1.54457 0.647914 0)
(-1.10233 0.629265 0)
(-0.646121 0.646135 0)
(-0.30564 0.606931 0)
(0.0911345 0.391875 0)
(0.285789 0.187475 0)
(0.744909 -0.0522888 0)
(0.846435 -0.0919223 0)
(1.26161 -0.140765 0)
(1.60416 -0.266087 0)
(2.01649 -0.444585 0)
(2.31849 -0.547824 0)
(2.7614 -0.692969 0)
(3.00244 -0.836535 0)
(3.49264 -1.01182 0)
(3.77312 -1.08029 0)
(4.22931 -1.18522 0)
(4.69554 -1.3138 0)
(5.17399 -1.46118 0)
(5.59087 -1.56702 0)
(5.96859 -1.7224 0)
(6.31633 -1.81869 0)
(6.74596 -1.95458 0)
(7.0085 -2.01236 0)
(7.42259 -2.10373 0)
(7.64585 -2.0996 0)
(8.00035 -2.15559 0)
(8.05946 -2.05483 0)
(8.24803 -2.00153 0)
(8.23632 -1.80827 0)
(8.28709 -1.68051 0)
(8.25956 -1.42799 0)
(8.20395 -1.21757 0)
(8.07733 -0.901414 0)
(7.97436 -0.694433 0)
(7.86851 -0.409254 0)
(7.7633 -0.246612 0)
(7.69274 0.00993575 0)
(7.60701 0.104036 0)
(7.47003 0.348649 0)
(7.34892 0.398896 0)
(7.19788 0.585361 0)
(7.13699 0.593389 0)
(6.91827 0.777741 0)
(6.97195 0.71378 0)
(6.67668 0.861873 0)
(6.78142 0.707128 0)
(6.4746 0.819898 0)
(6.53373 0.621453 0)
(6.28123 0.697303 0)
(6.30163 0.496617 0)
(6.08969 0.591432 0)
(6.13553 0.363003 0)
(5.92875 0.470985 0)
(5.98749 0.24045 0)
(5.85896 0.347822 0)
(5.89222 0.143935 0)
(5.83827 0.249166 0)
(5.82898 0.063062 0)
(5.81455 0.148315 0)
(5.76661 -0.0577202 0)
(5.80053 0.00270859 0)
(5.74835 -0.209508 0)
(5.82176 -0.0939952 0)
(5.74352 -0.289836 0)
(5.85114 -0.150086 0)
(5.75796 -0.345289 0)
(5.79732 -0.151745 0)
(5.75157 -0.299359 0)
(5.66565 -0.0232653 0)
(5.63735 -0.112855 0)
(5.54231 0.124708 0)
(5.56699 0.0688593 0)
(5.54197 0.211136 0)
(5.5653 0.163022 0)
(5.53311 0.272093 0)
(5.47663 0.265323 0)
(5.39324 0.380314 0)
(5.30494 0.419176 0)
(5.2037 0.597109 0)
(5.08155 0.645461 0)
(5.00858 0.819264 0)
(4.88099 0.881781 0)
(4.75999 1.02377 0)
(4.67787 1.11954 0)
(4.45324 1.25565 0)
(4.41617 1.35414 0)
(4.04915 1.51346 0)
(4.06393 1.65408 0)
(3.5125 1.83444 0)
(3.40273 2.0191 0)
(2.56349 2.02783 0)
(1.99068 2.13736 0)
(0.242717 1.39712 0)
(-0.178364 1.1955 0)
(-0.584443 0.850052 0)
(-0.92699 0.373639 0)
(-1.32547 0.133592 0)
(-1.34818 0.258248 0)
(-1.24925 0.461067 0)
(-0.904484 0.489365 0)
(-0.478338 0.448256 0)
(0.0462184 0.460342 0)
(0.43101 0.438006 0)
(0.90746 0.255847 0)
(1.13308 0.0703507 0)
(1.62828 -0.167233 0)
(1.78056 -0.216183 0)
(2.16754 -0.285666 0)
(2.52408 -0.415502 0)
(2.96215 -0.588861 0)
(3.24108 -0.697567 0)
(3.68862 -0.843325 0)
(3.97125 -0.987936 0)
(4.41566 -1.16197 0)
(4.71974 -1.24711 0)
(5.15655 -1.36754 0)
(5.61768 -1.50365 0)
(6.02395 -1.6372 0)
(6.40392 -1.73001 0)
(6.74732 -1.86927 0)
(7.11247 -1.97793 0)
(7.46317 -2.10384 0)
(7.7481 -2.14675 0)
(8.08025 -2.22498 0)
(8.28906 -2.21162 0)
(8.50734 -2.21726 0)
(8.51561 -2.09904 0)
(8.63203 -2.02225 0)
(8.57287 -1.82327 0)
(8.59328 -1.67548 0)
(8.51342 -1.40376 0)
(8.40879 -1.17097 0)
(8.26188 -0.852417 0)
(8.14208 -0.641412 0)
(8.03242 -0.361433 0)
(7.91596 -0.208264 0)
(7.84035 0.0508846 0)
(7.73859 0.154712 0)
(7.60805 0.410583 0)
(7.47705 0.45093 0)
(7.34838 0.637348 0)
(7.2597 0.640606 0)
(7.06188 0.826752 0)
(7.09898 0.756246 0)
(6.82631 0.905277 0)
(6.92818 0.739256 0)
(6.64396 0.865006 0)
(6.71321 0.64512 0)
(6.47449 0.748119 0)
(6.51575 0.520492 0)
(6.29893 0.640191 0)
(6.39047 0.382372 0)
(6.1467 0.510129 0)
(6.24703 0.247235 0)
(6.06703 0.375044 0)
(6.15342 0.142384 0)
(6.06082 0.278753 0)
(6.09863 0.0580394 0)
(6.06561 0.164869 0)
(6.05256 -0.0722301 0)
(6.07745 0.0173817 0)
(6.03354 -0.224693 0)
(6.08117 -0.0824547 0)
(6.00248 -0.303872 0)
(6.07554 -0.141533 0)
(5.97354 -0.34261 0)
(5.97492 -0.13023 0)
(5.92995 -0.274585 0)
(5.77637 0.0102539 0)
(5.8007 -0.0970873 0)
(5.6481 0.135075 0)
(5.77261 0.0578279 0)
(5.67844 0.206051 0)
(5.78935 0.163639 0)
(5.66137 0.280341 0)
(5.7213 0.289863 0)
(5.52764 0.411915 0)
(5.54844 0.459588 0)
(5.33107 0.643549 0)
(5.33982 0.692383 0)
(5.12374 0.861082 0)
(5.12416 0.929804 0)
(4.93063 1.07418 0)
(4.85869 1.16502 0)
(4.74744 1.31849 0)
(4.51086 1.40975 0)
(4.4819 1.59409 0)
(4.06712 1.74352 0)
(4.07309 1.97077 0)
(3.39448 2.15834 0)
(3.19106 2.40107 0)
(2.02801 2.24716 0)
(1.44261 2.36398 0)
(-0.0673075 1.28577 0)
(-0.19457 0.979762 0)
(-0.297304 0.516505 0)
(-0.530148 0.25157 0)
(-0.577351 0.256096 0)
(-0.438571 0.369987 0)
(-0.0828287 0.337268 0)
(0.284046 0.265087 0)
(0.850414 0.241433 0)
(1.22312 0.256674 0)
(1.76718 0.100505 0)
(2.01423 -0.0800206 0)
(2.54549 -0.310491 0)
(2.73221 -0.354455 0)
(3.12845 -0.429229 0)
(3.47115 -0.56879 0)
(3.9153 -0.741245 0)
(4.17121 -0.850771 0)
(4.61633 -1.00304 0)
(4.9582 -1.14139 0)
(5.35871 -1.30994 0)
(5.70508 -1.41949 0)
(6.11442 -1.54876 0)
(6.53904 -1.67945 0)
(6.86719 -1.78802 0)
(7.21146 -1.87371 0)
(7.50532 -2.0128 0)
(7.88694 -2.12338 0)
(8.14887 -2.23037 0)
(8.43958 -2.26387 0)
(8.67216 -2.32477 0)
(8.83177 -2.27934 0)
(8.90737 -2.24191 0)
(8.87605 -2.11122 0)
(8.93624 -2.02151 0)
(8.83142 -1.81782 0)
(8.81578 -1.65062 0)
(8.67501 -1.35404 0)
(8.54442 -1.10625 0)
(8.38126 -0.786824 0)
(8.25495 -0.583699 0)
(8.14475 -0.313303 0)
(8.02981 -0.166756 0)
(7.94235 0.0967786 0)
(7.82521 0.20103 0)
(7.71266 0.465283 0)
(7.58495 0.500106 0)
(7.47052 0.6968 0)
(7.35703 0.690278 0)
(7.18159 0.875294 0)
(7.20314 0.79499 0)
(6.9599 0.952812 0)
(7.05119 0.773807 0)
(6.78841 0.921809 0)
(6.86525 0.669539 0)
(6.65716 0.806522 0)
(6.68462 0.535351 0)
(6.50059 0.682509 0)
(6.57483 0.394368 0)
(6.38328 0.557475 0)
(6.43606 0.248513 0)
(6.31571 0.416255 0)
(6.34115 0.124796 0)
(6.31379 0.301672 0)
(6.29746 0.0212201 0)
(6.35307 0.193045 0)
(6.28639 -0.0997715 0)
(6.3686 0.0585375 0)
(6.25256 -0.246842 0)
(6.32908 -0.0467367 0)
(6.19314 -0.326322 0)
(6.28816 -0.0943024 0)
(6.12774 -0.343332 0)
(6.1445 -0.0683673 0)
(6.03935 -0.259064 0)
(5.92435 0.0829328 0)
(5.9217 -0.100133 0)
(5.81636 0.17429 0)
(5.90888 0.0273618 0)
(5.85674 0.232579 0)
(5.91228 0.145033 0)
(5.8368 0.324807 0)
(5.84347 0.295459 0)
(5.72396 0.472462 0)
(5.69359 0.473442 0)
(5.5322 0.701568 0)
(5.49829 0.714577 0)
(5.35543 0.928908 0)
(5.27459 0.955792 0)
(5.17243 1.14068 0)
(5.00336 1.19869 0)
(4.93935 1.39615 0)
(4.78006 1.48471 0)
(4.53426 1.6767 0)
(4.50387 1.85166 0)
(3.97483 2.1149 0)
(3.94509 2.36533 0)
(3.08293 2.68531 0)
(2.47872 3.0333 0)
(0.503264 2.63168 0)
(0.0763 1.34002 0)
(0.252949 0.976345 0)
(0.397897 0.543784 0)
(0.313141 0.284338 0)
(0.324964 0.214063 0)
(0.590273 0.259796 0)
(0.835571 0.182189 0)
(1.20446 0.0987497 0)
(1.76396 0.0368652 0)
(2.08271 0.0503903 0)
(2.70005 -0.0788496 0)
(2.94884 -0.23994 0)
(3.48865 -0.453749 0)
(3.67195 -0.507981 0)
(4.08966 -0.587465 0)
(4.42601 -0.720378 0)
(4.87394 -0.889779 0)
(5.13544 -1.00341 0)
(5.5793 -1.17427 0)
(5.96673 -1.30215 0)
(6.32692 -1.46276 0)
(6.71577 -1.58991 0)
(7.0574 -1.7109 0)
(7.42341 -1.82534 0)
(7.67338 -1.912 0)
(7.99056 -2.00235 0)
(8.24387 -2.14546 0)
(8.61248 -2.2483 0)
(8.7899 -2.33273 0)
(9.06062 -2.35887 0)
(9.1728 -2.38741 0)
(9.25058 -2.30184 0)
(9.21012 -2.243 0)
(9.15808 -2.11054 0)
(9.16466 -2.00588 0)
(9.01395 -1.79258 0)
(8.94845 -1.60683 0)
(8.75033 -1.29564 0)
(8.60952 -1.03857 0)
(8.43547 -0.727474 0)
(8.30902 -0.535113 0)
(8.20168 -0.2719 0)
(8.0915 -0.119995 0)
(7.9933 0.143696 0)
(7.87302 0.25149 0)
(7.77773 0.513272 0)
(7.65912 0.550224 0)
(7.54841 0.752822 0)
(7.42323 0.740696 0)
(7.26847 0.917731 0)
(7.27621 0.833733 0)
(7.06598 0.994007 0)
(7.14282 0.802816 0)
(6.88934 0.962666 0)
(6.99455 0.682645 0)
(6.75704 0.851082 0)
(6.85058 0.543606 0)
(6.63726 0.716817 0)
(6.75143 0.402421 0)
(6.55728 0.599008 0)
(6.64354 0.251428 0)
(6.49556 0.442677 0)
(6.54926 0.110684 0)
(6.49414 0.324265 0)
(6.52575 0.00204312 0)
(6.54709 0.219982 0)
(6.52393 -0.121179 0)
(6.55652 0.0822043 0)
(6.46447 -0.256926 0)
(6.48889 -0.0102831 0)
(6.37527 -0.323821 0)
(6.41896 -0.0475388 0)
(6.27652 -0.328716 0)
(6.25351 -0.0143598 0)
(6.15579 -0.237243 0)
(6.0485 0.132331 0)
(6.09923 -0.0993766 0)
(5.97968 0.197896 0)
(6.09742 0.00863092 0)
(5.98982 0.247761 0)
(6.07709 0.148282 0)
(5.92031 0.3461 0)
(6.0013 0.313502 0)
(5.80851 0.501206 0)
(5.88973 0.506962 0)
(5.66514 0.742087 0)
(5.74959 0.748786 0)
(5.50018 0.970421 0)
(5.57244 0.993472 0)
(5.33103 1.18943 0)
(5.32893 1.2407 0)
(5.08064 1.43447 0)
(5.08688 1.52977 0)
(4.82489 1.75594 0)
(4.66828 1.90601 0)
(4.55066 2.24783 0)
(3.92147 2.52617 0)
(3.83679 2.94147 0)
(2.68783 3.17328 0)
(1.75693 3.89552 0)
(0.336942 1.1488 0)
(0.71699 0.901379 0)
(1.09898 0.510972 0)
(1.18492 0.27113 0)
(1.33149 0.147712 0)
(1.60825 0.135739 0)
(1.96359 0.0701085 0)
(2.20481 -0.0763751 0)
(2.78827 -0.15462 0)
(3.02346 -0.141689 0)
(3.7279 -0.243397 0)
(3.92409 -0.393373 0)
(4.46744 -0.581864 0)
(4.65512 -0.650935 0)
(5.06652 -0.75006 0)
(5.36712 -0.879594 0)
(5.81508 -1.05033 0)
(6.14338 -1.16712 0)
(6.57016 -1.34135 0)
(6.96412 -1.46002 0)
(7.2903 -1.60936 0)
(7.67928 -1.73668 0)
(7.92517 -1.84334 0)
(8.23446 -1.943 0)
(8.42267 -2.02838 0)
(8.72991 -2.12737 0)
(8.95695 -2.26355 0)
(9.24066 -2.3477 0)
(9.35873 -2.41215 0)
(9.56566 -2.41482 0)
(9.54424 -2.40175 0)
(9.53795 -2.28877 0)
(9.43873 -2.22329 0)
(9.37225 -2.08764 0)
(9.30353 -1.96691 0)
(9.11463 -1.73797 0)
(9.00194 -1.53973 0)
(8.75389 -1.21755 0)
(8.61164 -0.96677 0)
(8.41829 -0.665817 0)
(8.30873 -0.483168 0)
(8.19171 -0.225656 0)
(8.09766 -0.0737601 0)
(7.99035 0.192731 0)
(7.88531 0.299177 0)
(7.79354 0.558986 0)
(7.69335 0.59509 0)
(7.57913 0.811924 0)
(7.45631 0.789545 0)
(7.3198 0.964106 0)
(7.30937 0.866613 0)
(7.14891 1.03501 0)
(7.17426 0.829282 0)
(6.99183 1.00844 0)
(7.06707 0.702441 0)
(6.84879 0.907955 0)
(6.96694 0.544716 0)
(6.75495 0.764088 0)
(6.86746 0.393607 0)
(6.70709 0.639379 0)
(6.79113 0.242265 0)
(6.66978 0.492069 0)
(6.69846 0.0844501 0)
(6.67583 0.359148 0)
(6.6774 -0.0535654 0)
(6.7353 0.25155 0)
(6.66954 -0.161181 0)
(6.73281 0.15064 0)
(6.60807 -0.270331 0)
(6.6539 0.0641074 0)
(6.5148 -0.352728 0)
(6.56693 0.02513 0)
(6.41274 -0.350973 0)
(6.41268 0.075439 0)
(6.27225 -0.262411 0)
(6.23646 0.203206 0)
(6.2709 -0.155695 0)
(6.19525 0.2607 0)
(6.27713 -0.0526839 0)
(6.17075 0.318207 0)
(6.21777 0.10909 0)
(6.05218 0.428925 0)
(6.12426 0.284093 0)
(5.92105 0.582912 0)
(5.99794 0.483793 0)
(5.7725 0.813635 0)
(5.9281 0.735777 0)
(5.67098 1.04612 0)
(5.75113 0.995693 0)
(5.5331 1.27636 0)
(5.50347 1.26733 0)
(5.33132 1.53044 0)
(5.2385 1.56508 0)
(5.07387 1.85419 0)
(4.95671 1.99418 0)
(4.6035 2.37682 0)
(4.61821 2.68905 0)
(3.68532 3.36622 0)
(3.35089 3.85178 0)
(0.986337 4.35784 0)
(0.531007 0.915413 0)
(1.25289 0.650941 0)
(1.91625 0.374859 0)
(2.17954 0.194933 0)
(2.43211 0.0568264 0)
(2.71879 -0.0123122 0)
(3.14863 -0.062584 0)
(3.32657 -0.221159 0)
(3.90898 -0.327683 0)
(4.00837 -0.36 0)
(4.76344 -0.444225 0)
(4.9415 -0.544449 0)
(5.43729 -0.721883 0)
(5.66691 -0.800898 0)
(6.082 -0.901748 0)
(6.35887 -1.0238 0)
(6.80367 -1.21475 0)
(7.15786 -1.34034 0)
(7.54588 -1.50236 0)
(7.91019 -1.61665 0)
(8.20253 -1.75277 0)
(8.53536 -1.86256 0)
(8.70442 -1.95703 0)
(8.98035 -2.03981 0)
(9.13431 -2.13299 0)
(9.42343 -2.23145 0)
(9.59551 -2.34621 0)
(9.75411 -2.41026 0)
(9.82779 -2.4607 0)
(9.90458 -2.42789 0)
(9.77702 -2.3799 0)
(9.72216 -2.25981 0)
(9.59584 -2.18536 0)
(9.50123 -2.04657 0)
(9.33969 -1.91008 0)
(9.13221 -1.66682 0)
(8.97357 -1.4557 0)
(8.68439 -1.13108 0)
(8.53659 -0.89235 0)
(8.32509 -0.608093 0)
(8.23985 -0.430448 0)
(8.11238 -0.184574 0)
(8.03466 -0.0299199 0)
(7.93684 0.236054 0)
(7.84453 0.345883 0)
(7.75276 0.598914 0)
(7.6841 0.638659 0)
(7.54981 0.866632 0)
(7.47077 0.834995 0)
(7.3204 1.00284 0)
(7.31567 0.893064 0)
(7.18023 1.06507 0)
(7.16918 0.851185 0)
(7.04699 1.03125 0)
(7.09512 0.719191 0)
(6.9114 0.938436 0)
(7.04055 0.549365 0)
(6.84085 0.798231 0)
(6.95919 0.390831 0)
(6.82571 0.668919 0)
(6.91167 0.236264 0)
(6.81532 0.530456 0)
(6.83892 0.0628786 0)
(6.82288 0.383117 0)
(6.81989 -0.0893101 0)
(6.85725 0.289652 0)
(6.82691 -0.184366 0)
(6.83533 0.192855 0)
(6.78302 -0.291219 0)
(6.75561 0.109155 0)
(6.70937 -0.372266 0)
(6.66606 0.0816521 0)
(6.60757 -0.359234 0)
(6.53331 0.146706 0)
(6.46647 -0.280087 0)
(6.3898 0.241516 0)
(6.48396 -0.202653 0)
(6.36574 0.300574 0)
(6.51771 -0.0866505 0)
(6.31932 0.378203 0)
(6.43642 0.0916258 0)
(6.17957 0.487615 0)
(6.35232 0.277399 0)
(6.0319 0.641087 0)
(6.24215 0.488954 0)
(5.87052 0.851065 0)
(6.18588 0.735904 0)
(5.82207 1.09645 0)
(6.03344 1.00454 0)
(5.71429 1.33386 0)
(5.83595 1.2802 0)
(5.50382 1.58688 0)
(5.65887 1.58582 0)
(5.26093 1.9285 0)
(5.43367 2.01779 0)
(4.99643 2.53158 0)
(4.82554 2.70753 0)
(4.60473 3.56054 0)
(3.88867 4.05373 0)
(2.40482 6.04474 0)
(1.14177 0.309532 0)
(1.81461 0.299959 0)
(2.68048 0.141815 0)
(3.13501 0.0575105 0)
(3.53325 -0.052955 0)
(3.85835 -0.154723 0)
(4.29868 -0.204494 0)
(4.5075 -0.349574 0)
(5.07602 -0.466526 0)
(5.1685 -0.514962 0)
(5.74005 -0.639567 0)
(5.97147 -0.694835 0)
(6.42125 -0.856354 0)
(6.70649 -0.952752 0)
(7.11179 -1.05557 0)
(7.41089 -1.16346 0)
(7.84576 -1.35869 0)
(8.16918 -1.48922 0)
(8.48883 -1.64037 0)
(8.80748 -1.74658 0)
(9.03676 -1.86754 0)
(9.30065 -1.95095 0)
(9.4177 -2.04086 0)
(9.6718 -2.11671 0)
(9.8053 -2.21788 0)
(10.0286 -2.30412 0)
(10.1113 -2.39271 0)
(10.1652 -2.43989 0)
(10.1632 -2.47058 0)
(10.0878 -2.40284 0)
(9.91044 -2.33024 0)
(9.82705 -2.21861 0)
(9.65783 -2.13373 0)
(9.52668 -1.98214 0)
(9.27748 -1.8312 0)
(9.0602 -1.57698 0)
(8.84234 -1.3533 0)
(8.52833 -1.0283 0)
(8.37968 -0.810398 0)
(8.15286 -0.54697 0)
(8.10963 -0.383413 0)
(7.96207 -0.145351 0)
(7.91364 0.00618811 0)
(7.81649 0.273308 0)
(7.75269 0.383432 0)
(7.65252 0.637809 0)
(7.62551 0.676485 0)
(7.46158 0.918854 0)
(7.45664 0.870913 0)
(7.28033 1.04951 0)
(7.29313 0.916764 0)
(7.16279 1.10401 0)
(7.14603 0.871355 0)
(7.05516 1.06404 0)
(7.07689 0.735629 0)
(6.94409 0.97389 0)
(7.04084 0.553323 0)
(6.89161 0.840381 0)
(6.98062 0.372255 0)
(6.89249 0.705674 0)
(6.96098 0.205891 0)
(6.91106 0.577202 0)
(6.91682 0.0266114 0)
(6.91471 0.434215 0)
(6.88458 -0.137638 0)
(6.908 0.339126 0)
(6.88858 -0.240469 0)
(6.88921 0.25709 0)
(6.87728 -0.334279 0)
(6.81228 0.186475 0)
(6.81775 -0.412622 0)
(6.71209 0.176645 0)
(6.69386 -0.399589 0)
(6.58421 0.254066 0)
(6.55984 -0.335947 0)
(6.50492 0.318822 0)
(6.58422 -0.288237 0)
(6.49847 0.38149 0)
(6.63123 -0.167836 0)
(6.41951 0.495059 0)
(6.56598 0.0138653 0)
(6.30215 0.607153 0)
(6.48575 0.196981 0)
(6.15799 0.770285 0)
(6.4039 0.416429 0)
(6.00254 0.972664 0)
(6.33063 0.647766 0)
(5.94983 1.22272 0)
(6.23661 0.939082 0)
(5.84259 1.46171 0)
(6.11698 1.24555 0)
(5.67688 1.73248 0)
(5.95119 1.55318 0)
(5.53319 2.08458 0)
(5.71134 1.97722 0)
(5.37141 2.74822 0)
(5.44614 2.80256 0)
(4.42108 4.03985 0)
(5.10799 4.25993 0)
(2.01836 6.73051 0)
(4.73816 0.481951 0)
(-1.55603 -0.0124568 0)
(1.64721 -0.0464006 0)
(1.03459 -0.00581481 0)
(1.57925 -0.00467144 0)
(1.62708 -0.000125792 0)
(1.6958 -0.000153828 0)
(1.73948 0.000172913 0)
(1.75353 0.000257529 0)
(1.77414 -2.63115e-05 0)
(9.35655 0.627812 0)
(-0.0585576 0.229589 0)
(4.15507 -0.234679 0)
(3.22165 -0.0219179 0)
(3.98074 -0.0504241 0)
(4.16627 -0.018366 0)
(4.3119 -0.0123258 0)
(4.42646 -0.00662981 0)
(4.46703 -0.00386758 0)
(4.52983 -0.00286578 0)
(12.1922 1.05915 0)
(2.71435 0.439879 0)
(6.17976 -0.364089 0)
(5.3115 -0.0484068 0)
(5.98737 -0.0964938 0)
(6.25096 -0.0484912 0)
(6.42782 -0.0314417 0)
(6.58927 -0.0184053 0)
(6.64595 -0.0117169 0)
(6.74411 -0.00817166 0)
(14.1113 1.31836 0)
(5.71179 0.666358 0)
(8.15279 -0.41802 0)
(7.393 -0.076111 0)
(7.86783 -0.134535 0)
(8.12958 -0.0822128 0)
(8.29407 -0.0546123 0)
(8.47315 -0.0335716 0)
(8.53239 -0.0226277 0)
(8.65452 -0.0156143 0)
(15.0884 1.43356 0)
(8.40201 0.870942 0)
(9.99844 -0.399689 0)
(9.36457 -0.0941639 0)
(9.62447 -0.153731 0)
(9.832 -0.108629 0)
(9.95136 -0.075469 0)
(10.1168 -0.0483372 0)
(10.1643 -0.0343259 0)
(10.2924 -0.0241607 0)
(15.0975 1.31858 0)
(10.403 0.9758 0)
(11.4687 -0.358222 0)
(11.0384 -0.112902 0)
(11.1606 -0.159735 0)
(11.3161 -0.125358 0)
(11.3865 -0.0907151 0)
(11.5217 -0.0595867 0)
(11.5496 -0.0441424 0)
(11.666 -0.0323388 0)
(14.6778 1.17122 0)
(11.7424 0.981654 0)
(12.4852 -0.315152 0)
(12.2818 -0.141711 0)
(12.3512 -0.163472 0)
(12.4877 -0.136457 0)
(12.536 -0.101998 0)
(12.6507 -0.0676997 0)
(12.6675 -0.0510005 0)
(12.7681 -0.0387475 0)
(14.1573 1.09738 0)
(12.6002 0.943294 0)
(13.1299 -0.263533 0)
(13.0861 -0.172561 0)
(13.1286 -0.169664 0)
(13.2622 -0.145571 0)
(13.3056 -0.112861 0)
(13.4248 -0.0761035 0)
(13.4412 -0.0582303 0)
(13.5494 -0.0450981 0)
(13.505 0.973131 0)
(13.0311 0.843801 0)
(13.4382 -0.222388 0)
(13.4859 -0.201855 0)
(13.4966 -0.179355 0)
(13.6268 -0.153205 0)
(13.6544 -0.122744 0)
(13.7911 -0.0845416 0)
(13.8005 -0.0664335 0)
(13.9342 -0.0528239 0)
(12.7888 0.805689 0)
(13.0667 0.692001 0)
(13.4486 -0.198006 0)
(13.5618 -0.227448 0)
(13.5561 -0.192191 0)
(13.6853 -0.16067 0)
(13.6988 -0.131932 0)
(13.8466 -0.0930886 0)
(13.8493 -0.0750675 0)
(13.996 -0.0616688 0)
(12.284 0.647272 0)
(12.9169 0.525299 0)
(13.3358 -0.187297 0)
(13.5026 -0.24896 0)
(13.5023 -0.208063 0)
(13.6312 -0.168776 0)
(13.6435 -0.140707 0)
(13.7913 -0.101564 0)
(13.7942 -0.0836767 0)
(13.9386 -0.070461 0)
(12.0913 0.528229 0)
(12.7939 0.375248 0)
(13.2635 -0.185036 0)
(13.4545 -0.267195 0)
(13.4762 -0.226388 0)
(13.5882 -0.17833 0)
(13.6104 -0.149434 0)
(13.7398 -0.110009 0)
(13.7498 -0.0925732 0)
(13.8753 -0.0788763 0)
(12.0791 0.417492 0)
(12.771 0.23795 0)
(13.2917 -0.194253 0)
(13.4609 -0.285284 0)
(13.5236 -0.246699 0)
(13.5774 -0.18974 0)
(13.6278 -0.158689 0)
(13.6928 -0.118103 0)
(13.7227 -0.101808 0)
(13.7802 -0.0858858 0)
(12.0717 0.298009 0)
(12.796 0.109434 0)
(13.3505 -0.210693 0)
(13.4786 -0.301263 0)
(13.5628 -0.264222 0)
(13.5155 -0.199238 0)
(13.5672 -0.164418 0)
(13.4925 -0.121278 0)
(13.5189 -0.105456 0)
(13.4183 -0.0854566 0)
(11.982 0.161147 0)
(12.7818 -0.011128 0)
(13.3215 -0.235059 0)
(13.4068 -0.315944 0)
(13.377 -0.272503 0)
(13.1656 -0.198284 0)
(13.0786 -0.155471 0)
(12.8339 -0.110876 0)
(12.7857 -0.0936495 0)
(12.5408 -0.0727985 0)
(11.7929 0.0154191 0)
(12.6541 -0.117842 0)
(13.0971 -0.261464 0)
(12.9425 -0.311835 0)
(12.5926 -0.250111 0)
(12.152 -0.168368 0)
(11.8978 -0.122627 0)
(11.559 -0.0837393 0)
(11.4587 -0.0689402 0)
(11.1689 -0.0533001 0)
(11.4993 -0.142343 0)
(12.213 -0.207206 0)
(12.19 -0.2604 0)
(11.5862 -0.260058 0)
(10.9531 -0.186544 0)
(10.4077 -0.114399 0)
(10.1003 -0.0789018 0)
(9.77136 -0.0529149 0)
(9.66543 -0.043565 0)
(9.39632 -0.0343055 0)
(10.7337 -0.270754 0)
(10.7051 -0.215396 0)
(10.1235 -0.190464 0)
(9.29539 -0.164203 0)
(8.60812 -0.106715 0)
(8.11089 -0.060332 0)
(7.84099 -0.040301 0)
(7.58116 -0.0272124 0)
(7.49419 -0.0225204 0)
(7.28181 -0.01828 0)
(8.44668 -0.247743 0)
(7.75218 -0.126163 0)
(7.0049 -0.0903566 0)
(6.26949 -0.0708225 0)
(5.72428 -0.0408079 0)
(5.37768 -0.0204041 0)
(5.20054 -0.0132435 0)
(5.0367 -0.00925624 0)
(4.9811 -0.00764725 0)
(4.84448 -0.00672669 0)
(3.70653 -0.124278 0)
(3.17965 -0.0140991 0)
(2.74493 -0.0042288 0)
(2.39567 -0.00261961 0)
(2.16062 0.000483346 0)
(2.0365 0.00116008 0)
(1.98162 0.000592469 0)
(1.9292 0.000147455 0)
(1.91118 0.000224741 0)
(1.86426 -0.000217847 0)
)
;

boundaryField
{
    inlet
    {
        type            calculated;
        value           uniform (10 0 0);
    }
    outlet
    {
        type            calculated;
        value           nonuniform List<vector> 
20
(
(1.77414 -2.63115e-05 0)
(4.52983 -0.00286578 0)
(6.74411 -0.00817166 0)
(8.65452 -0.0156143 0)
(10.2924 -0.0241607 0)
(11.666 -0.0323388 0)
(12.7681 -0.0387475 0)
(13.5494 -0.0450981 0)
(13.9342 -0.0528239 0)
(13.996 -0.0616688 0)
(13.9386 -0.070461 0)
(13.8753 -0.0788763 0)
(13.7802 -0.0858858 0)
(13.4183 -0.0854566 0)
(12.5408 -0.0727985 0)
(11.1689 -0.0533001 0)
(9.39632 -0.0343055 0)
(7.28181 -0.01828 0)
(4.84448 -0.00672669 0)
(1.86426 -0.000217847 0)
)
;
    }
    walls
    {
        type            calculated;
        value           uniform (0 0 0);
    }
    frontAndBack
    {
        type            empty;
    }
}


// ************************************************************************* //
