/*--------------------------------*- C++ -*----------------------------------*\
| =========                 |                                                 |
| \\      /  F ield         | OpenFOAM: The Open Source CFD Toolbox           |
|  \\    /   O peration     | Version:  2.4.0                                 |
|   \\  /    A nd           | Web:      www.OpenFOAM.org                      |
|    \\/     M anipulation  |                                                 |
\*---------------------------------------------------------------------------*/
FoamFile
{
    version     2.0;
    format      ascii;
    class       volVectorField;
    location    "0.017";
    object      U;
}
// * * * * * * * * * * * * * * * * * * * * * * * * * * * * * * * * * * * * * //

dimensions      [0 1 -1 0 0 0 0];

internalField   nonuniform List<vector> 
4400
(
(5.40472 0.316757 0)
(3.31602 0.060955 0)
(2.59066 0.00146859 0)
(2.24989 -0.00257599 0)
(2.0382 -0.000460519 0)
(1.9855 0.00238689 0)
(1.97174 -0.00424122 0)
(2.01256 0.00297898 0)
(1.81458 0.0093875 0)
(2.31211 -0.0470848 0)
(8.68262 0.857142 0)
(7.54221 0.343758 0)
(6.64775 0.114634 0)
(5.9648 0.0599944 0)
(5.39738 0.0288554 0)
(5.30536 0.0151395 0)
(5.19749 -0.0163032 0)
(5.30254 0.0173269 0)
(4.97983 -0.00267055 0)
(5.79676 -0.0550192 0)
(9.88317 0.937802 0)
(9.99215 0.474729 0)
(9.50832 0.207532 0)
(8.85141 0.144276 0)
(8.09271 0.0784155 0)
(7.97767 0.0379725 0)
(7.80993 -0.0295608 0)
(7.81199 0.0394633 0)
(7.90044 0.00431088 0)
(7.67016 -0.155742 0)
(10.098 0.8069 0)
(11.1124 0.494718 0)
(11.27 0.252367 0)
(10.9613 0.223246 0)
(10.2657 0.138333 0)
(10.128 0.0643755 0)
(10.0535 -0.0234942 0)
(9.6635 0.025319 0)
(10.5189 0.0632134 0)
(9.65926 -0.0794764 0)
(10.0282 0.652334 0)
(11.3087 0.42732 0)
(11.9694 0.224991 0)
(12.0819 0.249874 0)
(11.7589 0.183024 0)
(11.6278 0.0831596 0)
(11.7612 -0.00464203 0)
(11.0574 0.0103027 0)
(12.1541 0.0388557 0)
(11.9352 0.0683224 0)
(10.0073 0.518027 0)
(11.2424 0.361569 0)
(12.0336 0.149616 0)
(12.2719 0.228511 0)
(12.4417 0.18624 0)
(12.4439 0.0711657 0)
(12.5713 0.0223713 0)
(12.2014 0.0110465 0)
(12.7675 -0.0297107 0)
(12.9347 0.12104 0)
(9.9883 0.407854 0)
(11.2568 0.267563 0)
(11.8839 0.128251 0)
(12.2726 0.161404 0)
(12.4789 0.148716 0)
(12.7274 0.0736725 0)
(12.7439 0.00116198 0)
(12.702 0.0147303 0)
(12.7869 -0.0394862 0)
(12.904 0.104279 0)
(10.0218 0.274084 0)
(11.1663 0.228095 0)
(11.9021 0.0524928 0)
(12.1734 0.136364 0)
(12.4451 0.109338 0)
(12.7826 0.0246895 0)
(12.6415 0.0153272 0)
(12.7494 0.0399481 0)
(12.8221 -0.0533334 0)
(12.9853 -0.00966653 0)
(10.0231 0.173286 0)
(11.1438 0.116884 0)
(11.8723 0.0522975 0)
(12.1373 0.0697275 0)
(12.4513 0.0508334 0)
(12.7003 0.0456668 0)
(12.621 -0.00489706 0)
(12.7834 0.00423317 0)
(12.8248 -0.0402519 0)
(12.9717 -0.0247245 0)
(10.0296 0.047333 0)
(11.1223 0.0623099 0)
(11.8579 -0.00936509 0)
(12.1445 0.041827 0)
(12.4084 0.0193385 0)
(12.6942 -0.00552962 0)
(12.6405 0.000238111 0)
(12.7346 0.0289092 0)
(12.8075 -0.0777582 0)
(12.6622 0.0289644 0)
(10.0295 -0.0555059 0)
(11.1208 -0.0422349 0)
(11.8615 -0.0168685 0)
(12.1354 -0.0155409 0)
(12.4171 -0.0393284 0)
(12.696 0.00521462 0)
(12.6302 -0.0144246 0)
(12.7279 -0.00122713 0)
(12.7558 -0.035489 0)
(12.7841 -0.00272742 0)
(10.0293 -0.176792 0)
(11.1341 -0.107175 0)
(11.8719 -0.0676743 0)
(12.1493 -0.0507469 0)
(12.4282 -0.0734813 0)
(12.7088 -0.0400617 0)
(12.651 -0.0103004 0)
(12.7311 0.0132092 0)
(12.8078 -0.078927 0)
(12.9415 -0.126769 0)
(10.0253 -0.287207 0)
(11.1627 -0.197172 0)
(11.8964 -0.0906984 0)
(12.1703 -0.101751 0)
(12.46 -0.128763 0)
(12.7404 -0.0391084 0)
(12.6794 -0.0211439 0)
(12.7542 -0.0106446 0)
(12.8065 -0.0780986 0)
(12.6749 0.00328351 0)
(10.0178 -0.407729 0)
(11.1987 -0.266193 0)
(11.9394 -0.134452 0)
(12.2261 -0.148563 0)
(12.49 -0.169703 0)
(12.7471 -0.0706242 0)
(12.6884 -0.018929 0)
(12.7407 -0.00427025 0)
(12.776 -0.0721184 0)
(12.7234 -0.129807 0)
(10.0086 -0.526603 0)
(11.2377 -0.339284 0)
(12.02 -0.180368 0)
(12.298 -0.196573 0)
(12.4034 -0.21045 0)
(12.4922 -0.0814144 0)
(12.4366 -0.0247463 0)
(12.4375 -0.0119592 0)
(12.487 -0.0844501 0)
(12.3554 -0.060215 0)
(10.0276 -0.65435 0)
(11.293 -0.419267 0)
(11.9945 -0.241557 0)
(12.0348 -0.228287 0)
(11.8064 -0.206901 0)
(11.618 -0.0793154 0)
(11.5592 -0.020122 0)
(11.4719 -0.0100343 0)
(11.54 -0.0708686 0)
(11.264 -0.0974185 0)
(10.0971 -0.809714 0)
(11.0987 -0.487584 0)
(11.2999 -0.265317 0)
(10.893 -0.20558 0)
(10.3657 -0.159236 0)
(10.0261 -0.0544976 0)
(9.98004 -0.0109064 0)
(9.85457 -0.00676568 0)
(9.94252 -0.0630737 0)
(9.57654 -0.0595859 0)
(9.87721 -0.938464 0)
(9.98872 -0.471709 0)
(9.52507 -0.21407 0)
(8.79928 -0.134509 0)
(8.18478 -0.0918363 0)
(7.85256 -0.0283496 0)
(7.8323 -0.00311799 0)
(7.72212 -0.00444629 0)
(7.80498 -0.0437997 0)
(7.37491 -0.0412665 0)
(8.67847 -0.857583 0)
(7.5429 -0.342434 0)
(6.6537 -0.117331 0)
(5.9359 -0.0560722 0)
(5.45271 -0.0347066 0)
(5.21938 -0.01035 0)
(5.21718 0.000507543 0)
(5.14953 -0.00308855 0)
(5.19146 -0.0225243 0)
(4.80544 -0.0184132 0)
(5.40293 -0.316859 0)
(3.31694 -0.0607371 0)
(2.59114 -0.00185168 0)
(2.24123 0.00315754 0)
(2.05304 -0.00041304 0)
(1.96176 -0.00068465 0)
(1.963 0.000870487 0)
(1.94436 -0.000499674 0)
(1.93779 -0.00219672 0)
(1.76679 0.0100635 0)
(2.23338 0.649159 0)
(3.37779 1.22947 0)
(4.25142 1.58497 0)
(6.14285 0.732356 0)
(8.88573 -0.454327 0)
(12.013 -0.958354 0)
(13.1268 -0.856186 0)
(13.0357 -2.22558 0)
(11.4502 -4.57755 0)
(9.79965 -5.77768 0)
(8.20758 -5.82841 0)
(7.25501 -5.10744 0)
(6.97401 -4.08887 0)
(6.54693 -3.36578 0)
(6.19296 -2.79245 0)
(5.98185 -2.23961 0)
(5.79761 -1.7702 0)
(5.64613 -1.39956 0)
(5.54656 -1.10765 0)
(5.48248 -0.879894 0)
(5.4354 -0.703474 0)
(5.39806 -0.565492 0)
(5.36886 -0.455844 0)
(5.34686 -0.367776 0)
(5.33073 -0.296755 0)
(5.31904 -0.239439 0)
(5.31059 -0.193186 0)
(5.30448 -0.155859 0)
(5.30005 -0.125731 0)
(5.29682 -0.101412 0)
(5.29446 -0.0817798 0)
(5.29272 -0.0659313 0)
(5.29144 -0.0531382 0)
(5.29049 -0.0428136 0)
(5.28979 -0.0344812 0)
(5.28925 -0.0277571 0)
(5.28885 -0.0223313 0)
(5.28855 -0.0179525 0)
(5.28831 -0.0144183 0)
(5.28814 -0.0115648 0)
(5.288 -0.00925795 0)
(5.28789 -0.00738998 0)
(5.28781 -0.00587505 0)
(5.28774 -0.00464273 0)
(5.28769 -0.00363489 0)
(5.28766 -0.00280429 0)
(5.28763 -0.0021127 0)
(5.2876 -0.00152835 0)
(5.28759 -0.00102474 0)
(5.28758 -0.000579008 0)
(5.28757 -0.000171654 0)
(5.28757 0.00021502 0)
(5.28757 0.000596995 0)
(5.28757 0.000989559 0)
(5.28758 0.0014081 0)
(5.28759 0.00186856 0)
(5.28761 0.00238781 0)
(5.28763 0.00298468 0)
(5.28766 0.00368061 0)
(5.28769 0.00450014 0)
(5.28773 0.00547177 0)
(5.28778 0.00662933 0)
(5.28785 0.00801286 0)
(5.28793 0.00967044 0)
(5.28803 0.0116589 0)
(5.28817 0.0140481 0)
(5.28834 0.0169181 0)
(5.28855 0.0203758 0)
(5.28886 0.0245224 0)
(5.28917 0.0295588 0)
(5.2898 0.0355178 0)
(5.29012 0.0430031 0)
(5.29177 0.0513067 0)
(5.29126 0.0632125 0)
(5.29654 0.0732862 0)
(5.29131 0.0958482 0)
(5.30925 0.100872 0)
(5.28551 0.156593 0)
(5.34117 0.126037 0)
(5.26132 0.288349 0)
(5.40116 0.127319 0)
(5.19712 0.5698 0)
(5.44414 0.0863474 0)
(5.08667 0.979025 0)
(5.35973 0.0369707 0)
(4.97187 1.2154 0)
(5.20117 0.101334 0)
(5.01821 1.10316 0)
(5.1641 0.558308 0)
(4.93623 1.09091 0)
(5.394 0.924536 0)
(4.88977 1.56483 0)
(5.24112 1.3313 0)
(4.95797 2.148 0)
(5.47899 2.02899 0)
(5.36579 3.00061 0)
(5.74865 2.98911 0)
(4.82202 5.13373 0)
(5.73426 5.59748 0)
(3.23825 10.0363 0)
(5.46101 0.757848 0)
(5.86064 1.15044 0)
(6.52281 0.981965 0)
(7.56328 -0.553107 0)
(9.77788 -1.84608 0)
(11.9234 -1.59752 0)
(13.2534 -0.919669 0)
(13.5812 -1.81417 0)
(11.9674 -3.90385 0)
(10.3302 -5.15153 0)
(9.13843 -5.15584 0)
(7.72894 -4.74546 0)
(7.18739 -3.96534 0)
(6.88338 -3.20162 0)
(6.47637 -2.64763 0)
(6.20411 -2.14586 0)
(6.01213 -1.69115 0)
(5.82595 -1.33348 0)
(5.67172 -1.06202 0)
(5.56619 -0.850192 0)
(5.49634 -0.682395 0)
(5.44649 -0.549274 0)
(5.40856 -0.443251 0)
(5.37936 -0.35822 0)
(5.35713 -0.289646 0)
(5.34039 -0.234194 0)
(5.32783 -0.189319 0)
(5.3184 -0.152997 0)
(5.31129 -0.123605 0)
(5.3059 -0.0998225 0)
(5.30179 -0.0805854 0)
(5.29865 -0.065029 0)
(5.29623 -0.0524531 0)
(5.29436 -0.04229 0)
(5.29291 -0.0340787 0)
(5.29177 -0.0274471 0)
(5.29089 -0.0220912 0)
(5.29019 -0.0177654 0)
(5.28964 -0.0142717 0)
(5.28921 -0.0114501 0)
(5.28886 -0.00916812 0)
(5.28859 -0.00731938 0)
(5.28838 -0.00581947 0)
(5.28821 -0.0045992 0)
(5.28808 -0.00360097 0)
(5.28797 -0.00277808 0)
(5.28789 -0.00209268 0)
(5.28783 -0.00151352 0)
(5.28779 -0.00101421 0)
(5.28775 -0.000572197 0)
(5.28774 -0.000168028 0)
(5.28773 0.000215702 0)
(5.28773 0.000594949 0)
(5.28774 0.00098478 0)
(5.28776 0.00140052 0)
(5.2878 0.00185794 0)
(5.28784 0.00237385 0)
(5.2879 0.00296687 0)
(5.28797 0.00365821 0)
(5.28806 0.00447222 0)
(5.28817 0.00543719 0)
(5.28831 0.00658656 0)
(5.28848 0.00795999 0)
(5.28869 0.00960496 0)
(5.28894 0.0115777 0)
(5.28926 0.0139468 0)
(5.28965 0.0167915 0)
(5.29013 0.0202166 0)
(5.29076 0.0243207 0)
(5.29145 0.0293031 0)
(5.29259 0.0351829 0)
(5.29338 0.0425911 0)
(5.29598 0.0506948 0)
(5.29573 0.0626168 0)
(5.30347 0.0718742 0)
(5.29649 0.0955518 0)
(5.32301 0.0962785 0)
(5.28787 0.160241 0)
(5.3749 0.108293 0)
(5.25072 0.313051 0)
(5.48421 0.0677365 0)
(5.17358 0.661489 0)
(5.58146 -0.0423719 0)
(5.11661 1.16104 0)
(5.45425 -0.124906 0)
(5.05909 1.43161 0)
(5.18231 -0.111253 0)
(5.10722 1.37039 0)
(4.96801 0.255689 0)
(5.19471 1.34598 0)
(4.94258 0.702437 0)
(5.03594 1.8045 0)
(4.96153 1.15997 0)
(5.21232 2.33536 0)
(5.28992 1.92274 0)
(4.91423 3.47819 0)
(5.18064 3.04691 0)
(4.38249 5.5095 0)
(7.53144 4.94774 0)
(5.49336 10.3279 0)
(7.8686 0.512978 0)
(9.17286 1.20318 0)
(10.6843 1.04053 0)
(11.5326 -0.919329 0)
(12.4976 -2.5626 0)
(13.5571 -2.11234 0)
(14.1326 -1.18438 0)
(13.7028 -1.5871 0)
(11.7227 -3.33864 0)
(9.8227 -4.78899 0)
(9.40846 -4.76369 0)
(8.40268 -4.24679 0)
(7.43463 -3.73193 0)
(7.10743 -3.07706 0)
(6.73519 -2.50326 0)
(6.37177 -2.03319 0)
(6.15176 -1.60539 0)
(5.97527 -1.25542 0)
(5.80339 -0.998154 0)
(5.6628 -0.805697 0)
(5.56379 -0.652729 0)
(5.49588 -0.528305 0)
(5.44709 -0.427456 0)
(5.41043 -0.346063 0)
(5.38239 -0.280324 0)
(5.36092 -0.2271 0)
(5.34449 -0.183934 0)
(5.3319 -0.148905 0)
(5.32222 -0.120482 0)
(5.31475 -0.0974274 0)
(5.30896 -0.0787397 0)
(5.30445 -0.0635996 0)
(5.30092 -0.0513404 0)
(5.29815 -0.0414209 0)
(5.29597 -0.0333979 0)
(5.29425 -0.026911 0)
(5.29289 -0.021668 0)
(5.2918 -0.0174311 0)
(5.29094 -0.014007 0)
(5.29026 -0.0112401 0)
(5.28972 -0.00900145 0)
(5.28928 -0.00718702 0)
(5.28894 -0.00571445 0)
(5.28867 -0.00451621 0)
(5.28845 -0.00353578 0)
(5.28828 -0.00272713 0)
(5.28815 -0.00205331 0)
(5.28805 -0.00148374 0)
(5.28798 -0.00099265 0)
(5.28793 -0.000557736 0)
(5.2879 -0.000159866 0)
(5.28789 0.000218083 0)
(5.28789 0.000591813 0)
(5.28791 0.00097618 0)
(5.28795 0.00138632 0)
(5.288 0.00183773 0)
(5.28807 0.002347 0)
(5.28817 0.00293248 0)
(5.28828 0.00361506 0)
(5.28843 0.0044187 0)
(5.28861 0.00537126 0)
(5.28883 0.00650569 0)
(5.28911 0.00786101 0)
(5.28944 0.00948381 0)
(5.28984 0.0114293 0)
(5.29034 0.0137645 0)
(5.29095 0.0165673 0)
(5.29169 0.0199393 0)
(5.29264 0.0239774 0)
(5.29369 0.0288739 0)
(5.29534 0.0346445 0)
(5.29657 0.0419164 0)
(5.30014 0.0497988 0)
(5.30001 0.0615922 0)
(5.31046 0.0700922 0)
(5.30093 0.0944653 0)
(5.33773 0.0911813 0)
(5.28661 0.162342 0)
(5.41568 0.0884483 0)
(5.222 0.337201 0)
(5.60848 -0.00870539 0)
(5.07866 0.776606 0)
(5.87262 -0.25539 0)
(5.03701 1.44305 0)
(5.8437 -0.454931 0)
(5.26332 1.74355 0)
(5.65511 -0.393878 0)
(5.39777 1.53762 0)
(5.77919 0.167269 0)
(5.27899 1.4321 0)
(5.77274 0.577934 0)
(5.14734 1.93174 0)
(5.85568 0.815697 0)
(5.29669 2.37896 0)
(6.53414 1.55443 0)
(5.2223 3.55036 0)
(7.57458 2.62977 0)
(4.50907 5.78049 0)
(8.58252 4.2356 0)
(6.27627 10.5389 0)
(9.19037 -0.0726151 0)
(10.2019 0.349894 0)
(12.1159 0.332326 0)
(13.2413 -1.2529 0)
(14.1026 -2.76069 0)
(14.9452 -2.09159 0)
(14.2309 -0.7353 0)
(12.8773 -1.0402 0)
(11.4854 -2.7774 0)
(9.6064 -4.40191 0)
(9.13048 -4.6709 0)
(8.91697 -3.94673 0)
(7.84683 -3.37666 0)
(7.23516 -2.88995 0)
(6.9181 -2.36259 0)
(6.52512 -1.912 0)
(6.22824 -1.5196 0)
(6.04703 -1.18239 0)
(5.89348 -0.929158 0)
(5.75011 -0.748925 0)
(5.63333 -0.611823 0)
(5.54752 -0.499959 0)
(5.4859 -0.407221 0)
(5.44068 -0.331011 0)
(5.40662 -0.268862 0)
(5.38055 -0.218297 0)
(5.36044 -0.177154 0)
(5.34487 -0.143667 0)
(5.33276 -0.116421 0)
(5.3233 -0.0942679 0)
(5.3159 -0.0762705 0)
(5.31007 -0.0616629 0)
(5.30547 -0.0498169 0)
(5.30184 -0.0402184 0)
(5.29895 -0.0324458 0)
(5.29666 -0.0261556 0)
(5.29484 -0.0210683 0)
(5.29338 -0.0169541 0)
(5.29222 -0.0136265 0)
(5.29129 -0.0109363 0)
(5.29055 -0.00875951 0)
(5.28996 -0.00699445 0)
(5.28949 -0.00556109 0)
(5.28912 -0.0043944 0)
(5.28882 -0.00343964 0)
(5.28859 -0.00265198 0)
(5.28841 -0.00199543 0)
(5.28827 -0.00144031 0)
(5.28817 -0.000961464 0)
(5.2881 -0.000537063 0)
(5.28806 -0.000148483 0)
(5.28804 0.000220939 0)
(5.28805 0.000586571 0)
(5.28807 0.000962983 0)
(5.28812 0.00136492 0)
(5.2882 0.00180751 0)
(5.2883 0.00230706 0)
(5.28843 0.00288156 0)
(5.28859 0.00355133 0)
(5.28879 0.00433984 0)
(5.28904 0.00527443 0)
(5.28935 0.00638732 0)
(5.28972 0.00771659 0)
(5.29017 0.00930767 0)
(5.29073 0.0112145 0)
(5.2914 0.0135023 0)
(5.29223 0.016247 0)
(5.29321 0.0195458 0)
(5.29449 0.0234957 0)
(5.29589 0.0282742 0)
(5.29803 0.0339103 0)
(5.29968 0.0409801 0)
(5.30421 0.0486446 0)
(5.30408 0.0601187 0)
(5.31744 0.0680471 0)
(5.30458 0.0924431 0)
(5.35306 0.0861102 0)
(5.28254 0.16173 0)
(5.45905 0.0704204 0)
(5.18544 0.349057 0)
(5.74613 -0.0734971 0)
(4.94384 0.846612 0)
(6.27293 -0.439147 0)
(4.69997 1.66645 0)
(6.70401 -0.783601 0)
(4.83835 2.04569 0)
(7.00518 -0.791601 0)
(5.22387 1.83607 0)
(7.36962 -0.178383 0)
(5.39274 1.909 0)
(7.02986 0.372881 0)
(5.21393 2.38381 0)
(6.34914 0.596357 0)
(4.89745 2.84356 0)
(5.92505 1.17051 0)
(4.57487 3.84492 0)
(7.90621 1.9226 0)
(5.21841 5.78168 0)
(11.037 2.87474 0)
(8.09079 9.69278 0)
(11.1521 -0.090175 0)
(11.007 0.0722519 0)
(12.1731 -0.420302 0)
(13.113 -2.30547 0)
(13.2788 -3.20551 0)
(13.1196 -1.67985 0)
(12.1923 -0.143017 0)
(11.817 -0.826518 0)
(12.0057 -2.48328 0)
(10.9469 -3.85009 0)
(9.58147 -4.35939 0)
(9.33691 -3.74323 0)
(8.48159 -3.01875 0)
(7.47131 -2.59646 0)
(7.0087 -2.17026 0)
(6.65587 -1.75882 0)
(6.30604 -1.41614 0)
(6.07053 -1.11747 0)
(5.92043 -0.874575 0)
(5.79714 -0.69714 0)
(5.6868 -0.567695 0)
(5.59484 -0.466136 0)
(5.52357 -0.382333 0)
(5.47006 -0.312593 0)
(5.42986 -0.254971 0)
(5.39924 -0.207663 0)
(5.37562 -0.168941 0)
(5.35722 -0.137288 0)
(5.34282 -0.111443 0)
(5.33149 -0.0903655 0)
(5.32255 -0.0731991 0)
(5.31548 -0.0592382 0)
(5.30986 -0.0478959 0)
(5.30539 -0.0386925 0)
(5.30183 -0.0312324 0)
(5.29899 -0.0251887 0)
(5.29672 -0.0202962 0)
(5.29491 -0.0163373 0)
(5.29345 -0.0131336 0)
(5.29229 -0.0105422 0)
(5.29136 -0.00844445 0)
(5.29062 -0.00674289 0)
(5.29002 -0.00536058 0)
(5.28955 -0.00423523 0)
(5.28918 -0.0033142 0)
(5.28889 -0.00255404 0)
(5.28866 -0.00191995 0)
(5.28848 -0.00138352 0)
(5.28836 -0.000920485 0)
(5.28827 -0.000509806 0)
(5.28822 -0.000133387 0)
(5.28819 0.000224932 0)
(5.2882 0.000579935 0)
(5.28823 0.000945805 0)
(5.2883 0.00133689 0)
(5.28839 0.00176788 0)
(5.28852 0.00225459 0)
(5.28868 0.00281455 0)
(5.28889 0.00346746 0)
(5.28915 0.00423617 0)
(5.28946 0.00514727 0)
(5.28985 0.00623203 0)
(5.29032 0.00752751 0)
(5.29089 0.00907769 0)
(5.29159 0.0109349 0)
(5.29244 0.013162 0)
(5.29347 0.0158331 0)
(5.29471 0.0190394 0)
(5.29628 0.0228799 0)
(5.29803 0.0275086 0)
(5.30064 0.0329898 0)
(5.30269 0.0397845 0)
(5.30817 0.0472674 0)
(5.30792 0.0581572 0)
(5.32442 0.0658988 0)
(5.30713 0.0892874 0)
(5.36984 0.0814824 0)
(5.27273 0.158661 0)
(5.50999 0.0527244 0)
(5.13165 0.356478 0)
(5.89641 -0.147348 0)
(4.8128 0.899325 0)
(6.65579 -0.658874 0)
(4.52334 1.8346 0)
(7.57497 -1.21694 0)
(4.58392 2.29636 0)
(8.7015 -1.31318 0)
(5.13874 1.90842 0)
(9.70092 -0.566505 0)
(5.95539 1.97852 0)
(10.1332 -0.0858962 0)
(6.29368 2.59623 0)
(10.7015 0.305329 0)
(6.23305 3.1839 0)
(10.3599 1.31203 0)
(4.77173 4.11104 0)
(9.90034 1.86985 0)
(4.00375 6.31893 0)
(10.1085 1.66933 0)
(8.54384 9.20254 0)
(12.8187 -0.0157322 0)
(12.5688 0.0559451 0)
(13.1081 -0.674644 0)
(13.3419 -2.25511 0)
(12.4708 -2.83072 0)
(11.6801 -1.32686 0)
(11.7111 -0.0918483 0)
(12.2632 -0.861448 0)
(12.6133 -2.37477 0)
(12.3017 -3.43469 0)
(10.6012 -3.88937 0)
(9.51678 -3.45834 0)
(8.90701 -2.68326 0)
(7.87267 -2.26403 0)
(7.12914 -1.9489 0)
(6.75169 -1.57593 0)
(6.42004 -1.26001 0)
(6.12473 -1.01727 0)
(5.92642 -0.816436 0)
(5.80196 -0.653858 0)
(5.70816 -0.528773 0)
(5.62614 -0.432459 0)
(5.55509 -0.355501 0)
(5.49716 -0.292123 0)
(5.45187 -0.239426 0)
(5.41695 -0.195709 0)
(5.38995 -0.159626 0)
(5.36889 -0.129968 0)
(5.35233 -0.105665 0)
(5.33925 -0.0857911 0)
(5.32887 -0.0695706 0)
(5.32062 -0.0563535 0)
(5.31404 -0.0455985 0)
(5.30878 -0.0368607 0)
(5.30458 -0.0297693 0)
(5.30122 -0.0240179 0)
(5.29853 -0.0193593 0)
(5.29637 -0.0155876 0)
(5.29463 -0.0125331 0)
(5.29325 -0.0100606 0)
(5.29214 -0.00805888 0)
(5.29125 -0.00643507 0)
(5.29054 -0.0051153 0)
(5.28997 -0.00404032 0)
(5.28952 -0.0031602 0)
(5.28917 -0.00243348 0)
(5.2889 -0.0018269 0)
(5.28869 -0.0013135 0)
(5.28854 -0.000870023 0)
(5.28843 -0.000476248 0)
(5.28837 -0.000114855 0)
(5.28834 0.000229704 0)
(5.28835 0.000571544 0)
(5.28839 0.000924438 0)
(5.28847 0.00130216 0)
(5.28858 0.00171879 0)
(5.28873 0.00218966 0)
(5.28893 0.00273172 0)
(5.28918 0.00336391 0)
(5.28949 0.00410825 0)
(5.28987 0.00499052 0)
(5.29034 0.0060409 0)
(5.29091 0.00729513 0)
(5.29159 0.00879544 0)
(5.29243 0.0105924 0)
(5.29344 0.012746 0)
(5.29468 0.0153285 0)
(5.29615 0.0184237 0)
(5.29801 0.0221344 0)
(5.3001 0.0265831 0)
(5.30315 0.031892 0)
(5.30561 0.0383339 0)
(5.31193 0.0457058 0)
(5.31163 0.0556432 0)
(5.33111 0.0639509 0)
(5.30898 0.0842649 0)
(5.38775 0.079481 0)
(5.25531 0.148518 0)
(5.5771 0.0466608 0)
(5.02232 0.342206 0)
(6.13837 -0.191227 0)
(4.43801 0.907366 0)
(7.31813 -0.819117 0)
(3.76777 1.95276 0)
(8.7324 -1.44295 0)
(3.45377 2.53896 0)
(9.68804 -1.60427 0)
(4.00022 2.38909 0)
(9.84888 -1.16905 0)
(4.83889 2.41933 0)
(10.9645 -0.672514 0)
(5.20742 2.9498 0)
(12.5095 -0.432974 0)
(6.00013 3.36367 0)
(14.2227 0.537974 0)
(6.73823 4.30481 0)
(14.5492 0.95366 0)
(7.19572 6.46541 0)
(12.0851 1.25223 0)
(8.94004 8.29233 0)
(13.0877 -0.059063 0)
(13.5335 0.0369004 0)
(14.2895 -0.662539 0)
(13.54 -1.95175 0)
(11.3725 -2.20359 0)
(10.4076 -1.05257 0)
(11.6326 -0.303548 0)
(13.064 -1.04654 0)
(13.0203 -2.35306 0)
(12.6598 -3.03769 0)
(11.396 -3.26638 0)
(9.5281 -3.05703 0)
(8.70349 -2.36694 0)
(8.08561 -1.91556 0)
(7.33743 -1.73454 0)
(6.85759 -1.45804 0)
(6.57409 -1.12123 0)
(6.28842 -0.877384 0)
(6.02015 -0.721867 0)
(5.8312 -0.599605 0)
(5.71455 -0.491544 0)
(5.63499 -0.400285 0)
(5.57081 -0.327012 0)
(5.51598 -0.268483 0)
(5.4701 -0.220845 0)
(5.4329 -0.181438 0)
(5.40328 -0.14867 0)
(5.37984 -0.121477 0)
(5.36129 -0.0990137 0)
(5.34656 -0.0805397 0)
(5.33483 -0.0654008 0)
(5.32547 -0.0530309 0)
(5.31798 -0.0429455 0)
(5.31199 -0.034738 0)
(5.30718 -0.0280686 0)
(5.30333 -0.0226552 0)
(5.30023 -0.0182666 0)
(5.29775 -0.0147107 0)
(5.29576 -0.0118293 0)
(5.29415 -0.00949621 0)
(5.29287 -0.00760686 0)
(5.29184 -0.00607369 0)
(5.29102 -0.00482684 0)
(5.29037 -0.00381074 0)
(5.28985 -0.00297867 0)
(5.28944 -0.0022914 0)
(5.28912 -0.00171739 0)
(5.28888 -0.00123114 0)
(5.28871 -0.00081069 0)
(5.28858 -0.000436847 0)
(5.28851 -9.31568e-05 0)
(5.28848 0.000235146 0)
(5.28849 0.00056142 0)
(5.28854 0.000898971 0)
(5.28863 0.00126086 0)
(5.28876 0.00166053 0)
(5.28894 0.00211271 0)
(5.28917 0.0026336 0)
(5.28946 0.00324125 0)
(5.28983 0.00395687 0)
(5.29027 0.0048052 0)
(5.29081 0.0058151 0)
(5.29147 0.0070208 0)
(5.29227 0.00846266 0)
(5.29324 0.0101892 0)
(5.29441 0.0122572 0)
(5.29584 0.0147365 0)
(5.29754 0.017703 0)
(5.29968 0.0212644 0)
(5.3021 0.0255058 0)
(5.30554 0.0306229 0)
(5.30844 0.0366468 0)
(5.31541 0.0439647 0)
(5.3154 0.0526106 0)
(5.3368 0.0622682 0)
(5.31199 0.0771779 0)
(5.4017 0.0812304 0)
(5.24331 0.128229 0)
(5.62964 0.0619777 0)
(4.92708 0.286527 0)
(6.32291 -0.157283 0)
(4.08729 0.800474 0)
(7.69871 -0.844052 0)
(3.21382 1.92527 0)
(8.71424 -1.6804 0)
(3.69051 2.61352 0)
(8.03423 -2.06972 0)
(4.65067 2.5026 0)
(7.21062 -1.53915 0)
(4.72841 2.59448 0)
(7.7391 -0.968455 0)
(4.56232 3.31818 0)
(8.25437 -0.973607 0)
(4.79109 3.92054 0)
(10.1534 -0.172855 0)
(6.3684 4.95534 0)
(11.6174 0.317065 0)
(8.31636 6.67382 0)
(13.0851 1.54565 0)
(10.1639 7.47267 0)
(13.1266 -0.172096 0)
(13.0269 -0.14115 0)
(13.4491 -0.771419 0)
(13.264 -1.56968 0)
(11.7092 -1.5289 0)
(11.0152 -1.05697 0)
(12.0093 -0.955667 0)
(13.3924 -1.49948 0)
(13.2693 -2.44801 0)
(12.2744 -2.76376 0)
(11.4512 -2.47828 0)
(9.68665 -2.39342 0)
(8.32715 -2.10334 0)
(7.98421 -1.62158 0)
(7.57281 -1.41916 0)
(7.00063 -1.32581 0)
(6.66884 -1.08132 0)
(6.4824 -0.799118 0)
(6.25909 -0.618443 0)
(6.01674 -0.519512 0)
(5.8209 -0.44491 0)
(5.68631 -0.373498 0)
(5.59624 -0.307683 0)
(5.53239 -0.251623 0)
(5.48384 -0.205687 0)
(5.44534 -0.168287 0)
(5.41437 -0.137676 0)
(5.38942 -0.112506 0)
(5.36935 -0.0917829 0)
(5.35325 -0.0747401 0)
(5.34034 -0.0607556 0)
(5.32998 -0.0493097 0)
(5.32166 -0.0399621 0)
(5.31498 -0.032344 0)
(5.30962 -0.0261471 0)
(5.3053 -0.0211122 0)
(5.30184 -0.0170264 0)
(5.29905 -0.0137141 0)
(5.29681 -0.0110294 0)
(5.29501 -0.00885422 0)
(5.29356 -0.00709168 0)
(5.29241 -0.00566109 0)
(5.29148 -0.00449737 0)
(5.29074 -0.00354868 0)
(5.29016 -0.00277156 0)
(5.2897 -0.00212934 0)
(5.28934 -0.00159241 0)
(5.28907 -0.00113717 0)
(5.28887 -0.000742945 0)
(5.28873 -0.000391928 0)
(5.28865 -6.85329e-05 0)
(5.28861 0.000241148 0)
(5.28862 0.000549605 0)
(5.28868 0.000869559 0)
(5.28878 0.00121328 0)
(5.28893 0.00159347 0)
(5.28914 0.00202418 0)
(5.2894 0.00252073 0)
(5.28973 0.00310025 0)
(5.29014 0.00378298 0)
(5.29065 0.00459242 0)
(5.29126 0.00555596 0)
(5.29201 0.00670624 0)
(5.29291 0.00808146 0)
(5.29401 0.00972772 0)
(5.29533 0.0116985 0)
(5.29694 0.0140608 0)
(5.29887 0.0168825 0)
(5.30127 0.0202751 0)
(5.304 0.0242864 0)
(5.30779 0.0291863 0)
(5.31118 0.0347543 0)
(5.31854 0.0420121 0)
(5.31936 0.0492151 0)
(5.34107 0.0605485 0)
(5.31737 0.0688899 0)
(5.40839 0.0849115 0)
(5.24608 0.102121 0)
(5.64796 0.0900203 0)
(4.89665 0.209657 0)
(6.38336 -0.0806087 0)
(3.92339 0.65514 0)
(7.81621 -0.837757 0)
(2.81113 1.94732 0)
(8.73613 -2.09797 0)
(3.76749 3.02299 0)
(7.59414 -2.68149 0)
(4.96428 2.7778 0)
(7.39439 -1.76943 0)
(4.68908 2.66396 0)
(7.85582 -1.38871 0)
(5.14738 3.46837 0)
(7.39434 -1.53063 0)
(5.51558 3.97618 0)
(7.7664 -1.03153 0)
(6.58686 5.33944 0)
(7.98202 -0.64672 0)
(7.79828 6.68441 0)
(10.8425 1.21473 0)
(10.556 6.90863 0)
(12.3771 -0.117501 0)
(12.0335 0.0646506 0)
(13.2209 -0.686243 0)
(13.6617 -1.61262 0)
(13.1681 -1.58285 0)
(12.8189 -1.19024 0)
(12.0145 -1.22455 0)
(11.8845 -1.55689 0)
(12.1833 -2.15026 0)
(11.2491 -2.58045 0)
(10.7518 -2.07116 0)
(10.1457 -1.63111 0)
(8.75204 -1.76646 0)
(8.07325 -1.60952 0)
(7.88935 -1.17863 0)
(7.29184 -0.978062 0)
(6.63322 -0.898256 0)
(6.3132 -0.739869 0)
(6.19522 -0.560653 0)
(6.08643 -0.429731 0)
(5.94193 -0.349957 0)
(5.79332 -0.297701 0)
(5.6697 -0.255418 0)
(5.57773 -0.217038 0)
(5.51161 -0.182118 0)
(5.46341 -0.151293 0)
(5.42718 -0.124808 0)
(5.39916 -0.10246 0)
(5.37709 -0.0838169 0)
(5.35951 -0.0683779 0)
(5.34544 -0.0556574 0)
(5.33414 -0.0452169 0)
(5.32506 -0.0366735 0)
(5.31775 -0.0297004 0)
(5.31186 -0.0240206 0)
(5.30713 -0.0194013 0)
(5.30332 -0.01565 0)
(5.30025 -0.0126072 0)
(5.29778 -0.0101396 0)
(5.2958 -0.00813907 0)
(5.2942 -0.00651742 0)
(5.29293 -0.00520124 0)
(5.2919 -0.00413028 0)
(5.29109 -0.00325662 0)
(5.29044 -0.00254054 0)
(5.28993 -0.00194838 0)
(5.28954 -0.00145286 0)
(5.28924 -0.00103226 0)
(5.28902 -0.000667452 0)
(5.28886 -0.000342066 0)
(5.28877 -4.10873e-05 0)
(5.28874 0.000247589 0)
(5.28875 0.000535984 0)
(5.28881 0.000836211 0)
(5.28893 0.00115954 0)
(5.2891 0.00151787 0)
(5.28933 0.00192449 0)
(5.28962 0.00239373 0)
(5.28999 0.00294169 0)
(5.29045 0.00358753 0)
(5.29101 0.00435336 0)
(5.29169 0.00526503 0)
(5.29252 0.00635336 0)
(5.29353 0.0076541 0)
(5.29474 0.00921085 0)
(5.29621 0.0110735 0)
(5.298 0.0133058 0)
(5.30013 0.0159677 0)
(5.30276 0.0191725 0)
(5.30581 0.0229355 0)
(5.30989 0.0275867 0)
(5.31382 0.0326891 0)
(5.32133 0.0398117 0)
(5.32347 0.0456342 0)
(5.34395 0.0584207 0)
(5.32515 0.0604582 0)
(5.40759 0.0882008 0)
(5.26484 0.0752688 0)
(5.63072 0.120931 0)
(4.94004 0.127874 0)
(6.32745 0.0186538 0)
(3.97589 0.49255 0)
(7.71773 -0.760159 0)
(2.71559 1.92795 0)
(8.57241 -2.47711 0)
(3.88539 3.47479 0)
(6.79528 -3.23568 0)
(5.30342 3.02197 0)
(6.75346 -1.92079 0)
(4.48695 2.93175 0)
(7.1746 -1.92914 0)
(5.35073 3.84618 0)
(6.7912 -2.043 0)
(5.81173 4.07987 0)
(7.7306 -1.65982 0)
(6.87687 5.48704 0)
(7.56722 -0.887372 0)
(8.0034 6.25304 0)
(9.22127 0.815858 0)
(10.437 6.15188 0)
(12.2927 0.0304341 0)
(13.4775 -0.284031 0)
(14.2186 -1.20492 0)
(12.4038 -1.53118 0)
(11.3726 -0.947097 0)
(11.9919 -0.219593 0)
(12.1059 -0.681244 0)
(11.7085 -1.89737 0)
(11.7751 -2.26894 0)
(10.8478 -2.26052 0)
(9.91034 -2.1802 0)
(10.4184 -1.50959 0)
(9.9433 -1.17395 0)
(8.53151 -1.36056 0)
(7.87039 -1.22484 0)
(7.48323 -0.837471 0)
(6.80578 -0.606023 0)
(6.16372 -0.535354 0)
(5.8065 -0.49081 0)
(5.67548 -0.422981 0)
(5.64064 -0.345653 0)
(5.62126 -0.28048 0)
(5.59078 -0.231307 0)
(5.55039 -0.193109 0)
(5.50777 -0.161526 0)
(5.46843 -0.134546 0)
(5.43459 -0.111425 0)
(5.4065 -0.0917849 0)
(5.38358 -0.0752793 0)
(5.365 -0.0615304 0)
(5.35 -0.0501544 0)
(5.33789 -0.0407888 0)
(5.32813 -0.0331082 0)
(5.32026 -0.0268285 0)
(5.31391 -0.0217067 0)
(5.30879 -0.0175376 0)
(5.30467 -0.0141491 0)
(5.30134 -0.0113984 0)
(5.29867 -0.00916696 0)
(5.29652 -0.00735713 0)
(5.29479 -0.00588948 0)
(5.2934 -0.00469807 0)
(5.29229 -0.00372824 0)
(5.2914 -0.00293662 0)
(5.2907 -0.00228743 0)
(5.29015 -0.00175017 0)
(5.28972 -0.00130011 0)
(5.28939 -0.000917475 0)
(5.28915 -0.000585021 0)
(5.28899 -0.000287525 0)
(5.28889 -1.13261e-05 0)
(5.28885 0.000254019 0)
(5.28887 0.000520488 0)
(5.28894 0.000799051 0)
(5.28907 0.0010999 0)
(5.28925 0.00143416 0)
(5.2895 0.00181426 0)
(5.28983 0.00225336 0)
(5.29023 0.00276649 0)
(5.29073 0.00337169 0)
(5.29135 0.00408949 0)
(5.2921 0.00494407 0)
(5.29301 0.00596423 0)
(5.29411 0.00718315 0)
(5.29544 0.00864173 0)
(5.29704 0.0103861 0)
(5.29898 0.0124761 0)
(5.30132 0.0149645 0)
(5.30417 0.0179634 0)
(5.30751 0.0214635 0)
(5.31184 0.0258306 0)
(5.31631 0.0304797 0)
(5.3238 0.0373408 0)
(5.32759 0.0420131 0)
(5.34569 0.0555876 0)
(5.33461 0.0527905 0)
(5.4009 0.0890271 0)
(5.29637 0.0522992 0)
(5.58358 0.144961 0)
(5.04932 0.0562106 0)
(6.16339 0.110809 0)
(4.25018 0.342295 0)
(7.38879 -0.653892 0)
(3.04877 1.8803 0)
(8.18724 -2.8434 0)
(3.96285 3.94414 0)
(6.47099 -3.65521 0)
(5.50307 3.08079 0)
(6.58007 -1.91628 0)
(4.69269 3.12372 0)
(6.87852 -2.47683 0)
(5.67836 4.21133 0)
(6.74706 -2.41052 0)
(5.93798 4.22394 0)
(7.22369 -1.96278 0)
(6.82207 5.59798 0)
(7.39938 -0.907124 0)
(8.24675 5.52699 0)
(8.87791 0.828544 0)
(9.89197 5.30938 0)
(13.4361 -0.559126 0)
(13.3155 -0.564658 0)
(12.2789 -0.178472 0)
(12.1454 -0.714469 0)
(11.7648 -1.51953 0)
(11.9771 -1.239 0)
(13.4892 -0.786071 0)
(13.2028 -1.46211 0)
(11.8296 -2.08876 0)
(11.4536 -1.64673 0)
(10.401 -1.61939 0)
(9.96693 -1.80514 0)
(10.2025 -1.19203 0)
(8.88575 -0.602954 0)
(7.25772 -0.555918 0)
(6.65527 -0.581648 0)
(6.70819 -0.484101 0)
(6.79978 -0.391924 0)
(6.64839 -0.34406 0)
(6.34615 -0.312816 0)
(6.05586 -0.27919 0)
(5.84135 -0.241967 0)
(5.69742 -0.205231 0)
(5.60106 -0.171964 0)
(5.53348 -0.143191 0)
(5.48341 -0.118764 0)
(5.44475 -0.0981614 0)
(5.41418 -0.0808486 0)
(5.3897 -0.0663622 0)
(5.36999 -0.0543013 0)
(5.35409 -0.0443093 0)
(5.34125 -0.0360678 0)
(5.33088 -0.0292971 0)
(5.3225 -0.023753 0)
(5.31574 -0.0192253 0)
(5.31028 -0.0155363 0)
(5.30588 -0.0125355 0)
(5.30233 -0.0100979 0)
(5.29946 -0.00812001 0)
(5.29716 -0.00651497 0)
(5.29531 -0.00521271 0)
(5.29383 -0.00415547 0)
(5.29264 -0.00329462 0)
(5.29169 -0.00259158 0)
(5.29094 -0.00201455 0)
(5.29034 -0.00153647 0)
(5.28989 -0.00113537 0)
(5.28954 -0.000793779 0)
(5.28928 -0.000496226 0)
(5.2891 -0.000228917 0)
(5.289 1.98817e-05 0)
(5.28896 0.000260266 0)
(5.28898 0.000503164 0)
(5.28906 0.000758213 0)
(5.28919 0.00103464 0)
(5.2894 0.00134274 0)
(5.28967 0.00169401 0)
(5.29002 0.00210033 0)
(5.29046 0.00257564 0)
(5.291 0.00313669 0)
(5.29166 0.00380231 0)
(5.29247 0.00459492 0)
(5.29346 0.00554117 0)
(5.29464 0.00667144 0)
(5.29608 0.00802377 0)
(5.29781 0.00964035 0)
(5.2999 0.0115766 0)
(5.30242 0.0138792 0)
(5.30547 0.016655 0)
(5.30909 0.0198804 0)
(5.31364 0.0239282 0)
(5.31865 0.0281468 0)
(5.326 0.0346008 0)
(5.33156 0.0384322 0)
(5.34674 0.0519146 0)
(5.34459 0.0464181 0)
(5.39104 0.0861056 0)
(5.33414 0.0365415 0)
(5.51842 0.154302 0)
(5.1993 0.00782374 0)
(5.91439 0.169586 0)
(4.69681 0.230001 0)
(6.82921 -0.550454 0)
(3.77233 1.80059 0)
(7.60979 -3.05752 0)
(3.93062 4.2952 0)
(6.48425 -3.83981 0)
(5.45009 3.15574 0)
(6.23442 -1.81594 0)
(4.84837 3.28398 0)
(6.80472 -2.90044 0)
(5.95874 4.38977 0)
(6.6331 -2.54591 0)
(6.16637 4.29557 0)
(7.11588 -2.02003 0)
(7.08878 5.46035 0)
(7.7747 -0.775295 0)
(7.92117 4.88833 0)
(9.00697 0.915237 0)
(9.69264 4.33355 0)
(12.4059 -0.151379 0)
(11.6319 0.129877 0)
(12.8954 -0.493548 0)
(14.0793 -1.24361 0)
(12.4581 -0.993305 0)
(11.1795 -0.982372 0)
(12.0497 -1.06956 0)
(12.76 -0.906452 0)
(11.7917 -1.52696 0)
(11.9271 -1.98088 0)
(12.3321 -1.44525 0)
(9.97206 -1.00238 0)
(8.05735 -0.755312 0)
(8.00741 -0.428384 0)
(8.23578 -0.337491 0)
(7.6126 -0.446149 0)
(6.67609 -0.510427 0)
(6.0995 -0.449194 0)
(5.87215 -0.335069 0)
(5.79492 -0.243311 0)
(5.75044 -0.193837 0)
(5.70076 -0.169653 0)
(5.64371 -0.152461 0)
(5.58615 -0.135027 0)
(5.53361 -0.116872 0)
(5.48844 -0.0992429 0)
(5.4508 -0.0831339 0)
(5.41989 -0.0689895 0)
(5.39469 -0.056875 0)
(5.37421 -0.0466623 0)
(5.35761 -0.0381418 0)
(5.34416 -0.0310837 0)
(5.33327 -0.025269 0)
(5.32446 -0.020498 0)
(5.31733 -0.0165958 0)
(5.31158 -0.0134136 0)
(5.30693 -0.0108226 0)
(5.30319 -0.00871638 0)
(5.30016 -0.00700693 0)
(5.29773 -0.00561924 0)
(5.29577 -0.00449286 0)
(5.2942 -0.00357821 0)
(5.29294 -0.00283308 0)
(5.29194 -0.00222419 0)
(5.29114 -0.00172401 0)
(5.29052 -0.00130899 0)
(5.29003 -0.000960161 0)
(5.28966 -0.000662288 0)
(5.28939 -0.000401913 0)
(5.28921 -0.000167024 0)
(5.2891 5.26214e-05 0)
(5.28905 0.000266449 0)
(5.28908 0.000483968 0)
(5.28916 0.000713794 0)
(5.28931 0.000964069 0)
(5.28953 0.00124414 0)
(5.28982 0.00156443 0)
(5.29019 0.00193553 0)
(5.29066 0.00237028 0)
(5.29124 0.00288394 0)
(5.29195 0.00349348 0)
(5.29282 0.00421963 0)
(5.29387 0.00508663 0)
(5.29514 0.00612197 0)
(5.29667 0.00736062 0)
(5.29852 0.00884076 0)
(5.30075 0.0106128 0)
(5.30343 0.0127183 0)
(5.30667 0.0152555 0)
(5.31054 0.0181959 0)
(5.31528 0.0218922 0)
(5.32079 0.0257032 0)
(5.32797 0.0316168 0)
(5.33524 0.0349012 0)
(5.34747 0.0474623 0)
(5.354 0.0413528 0)
(5.38092 0.0794233 0)
(5.3707 0.0286957 0)
(5.45152 0.146558 0)
(5.35174 -0.0105797 0)
(5.6376 0.17788 0)
(5.19017 0.178802 0)
(6.13221 -0.489861 0)
(4.68481 1.70293 0)
(6.88845 -3.05894 0)
(3.97457 4.50616 0)
(6.59764 -3.84049 0)
(5.47091 3.10482 0)
(5.92259 -1.75748 0)
(5.25037 3.17944 0)
(6.74344 -3.08039 0)
(5.87062 4.66609 0)
(6.44248 -2.40557 0)
(6.29953 4.13159 0)
(7.18473 -2.00248 0)
(7.30256 5.10351 0)
(7.81327 -0.491603 0)
(7.76105 4.03308 0)
(9.27632 0.835474 0)
(9.82561 3.50692 0)
(12.7012 -0.101946 0)
(13.32 -0.540997 0)
(12.798 -0.94439 0)
(11.8006 -0.635685 0)
(12.5859 -0.353179 0)
(12.7134 -0.791823 0)
(11.1139 -1.40796 0)
(11.4364 -1.68123 0)
(12.7125 -1.7417 0)
(11.3423 -1.63423 0)
(10.1539 -0.969814 0)
(10.3602 -0.329964 0)
(9.78227 -0.330071 0)
(8.36253 -0.454644 0)
(7.43461 -0.309076 0)
(7.04669 -0.0817111 0)
(6.80679 -0.0209769 0)
(6.55248 -0.0942046 0)
(6.28757 -0.172736 0)
(6.06591 -0.197844 0)
(5.89994 -0.185947 0)
(5.77579 -0.162228 0)
(5.68054 -0.138224 0)
(5.60549 -0.116942 0)
(5.54533 -0.0985324 0)
(5.49668 -0.0826324 0)
(5.4572 -0.0689254 0)
(5.42511 -0.0571759 0)
(5.39902 -0.0471861 0)
(5.37781 -0.0387679 0)
(5.36059 -0.0317301 0)
(5.34662 -0.0258847 0)
(5.33529 -0.0210582 0)
(5.32612 -0.0170905 0)
(5.31869 -0.01384 0)
(5.31269 -0.0111865 0)
(5.30783 -0.00902411 0)
(5.30392 -0.00726515 0)
(5.30076 -0.00583712 0)
(5.29821 -0.00467723 0)
(5.29616 -0.00373555 0)
(5.29452 -0.0029708 0)
(5.2932 -0.00234747 0)
(5.29215 -0.00183774 0)
(5.29132 -0.00141839 0)
(5.29066 -0.0010697 0)
(5.29015 -0.00077591 0)
(5.28977 -0.000524197 0)
(5.28949 -0.000302952 0)
(5.28929 -0.000102232 0)
(5.28918 8.66637e-05 0)
(5.28914 0.000272156 0)
(5.28916 0.000462766 0)
(5.28926 0.000665845 0)
(5.28942 0.000888437 0)
(5.28965 0.00113884 0)
(5.28996 0.00142622 0)
(5.29035 0.00175983 0)
(5.29085 0.00215149 0)
(5.29147 0.00261485 0)
(5.29222 0.00316486 0)
(5.29314 0.00382046 0)
(5.29425 0.00460325 0)
(5.29559 0.00553788 0)
(5.29721 0.00665619 0)
(5.29917 0.00799204 0)
(5.30152 0.00959049 0)
(5.30435 0.0114886 0)
(5.30775 0.0137736 0)
(5.31186 0.0164193 0)
(5.31676 0.0197375 0)
(5.32272 0.0231574 0)
(5.32974 0.0284288 0)
(5.33852 0.031384 0)
(5.34816 0.0424231 0)
(5.36212 0.037213 0)
(5.37248 0.0700582 0)
(5.40095 0.0266616 0)
(5.39613 0.126448 0)
(5.47463 -0.00542474 0)
(5.40528 0.147839 0)
(5.59023 0.169019 0)
(5.50453 -0.439337 0)
(5.48833 1.51059 0)
(6.16562 -2.76281 0)
(4.21714 4.39138 0)
(6.81515 -3.766 0)
(5.23968 3.19004 0)
(5.80076 -1.58276 0)
(5.62149 2.77667 0)
(6.60353 -3.02655 0)
(5.92384 4.85133 0)
(6.54371 -2.36557 0)
(6.29629 3.67888 0)
(7.50637 -1.79339 0)
(7.30137 4.54057 0)
(8.01429 -0.202815 0)
(7.99304 3.12255 0)
(9.20233 0.768559 0)
(9.77589 2.96738 0)
(12.6725 -0.376368 0)
(12.5684 -0.0403677 0)
(12.6767 0.10662 0)
(12.5559 -0.899504 0)
(11.723 -1.36133 0)
(11.8841 -0.599371 0)
(12.7399 -0.440288 0)
(11.8669 -1.36508 0)
(10.9019 -1.74729 0)
(11.0036 -1.22985 0)
(10.5063 -0.822286 0)
(9.64559 -0.573092 0)
(8.93569 -0.0727541 0)
(8.16769 0.307928 0)
(7.45396 0.203051 0)
(6.94667 -0.0534057 0)
(6.60639 -0.175647 0)
(6.35125 -0.188847 0)
(6.14979 -0.158848 0)
(5.99257 -0.127987 0)
(5.86636 -0.111451 0)
(5.76336 -0.10236 0)
(5.67854 -0.0939876 0)
(5.60813 -0.0843458 0)
(5.54967 -0.0738297 0)
(5.50135 -0.0633396 0)
(5.46161 -0.0535403 0)
(5.42903 -0.0447676 0)
(5.4024 -0.0371286 0)
(5.38068 -0.0306026 0)
(5.36299 -0.0251002 0)
(5.34861 -0.0205047 0)
(5.33694 -0.016696 0)
(5.32747 -0.0135562 0)
(5.3198 -0.0109791 0)
(5.31359 -0.00887299 0)
(5.30857 -0.00715453 0)
(5.30451 -0.00575564 0)
(5.30124 -0.00461971 0)
(5.2986 -0.00369668 0)
(5.29648 -0.00294725 0)
(5.29478 -0.00233832 0)
(5.29341 -0.00184161 0)
(5.29232 -0.00143527 0)
(5.29146 -0.00110015 0)
(5.29078 -0.000820657 0)
(5.29026 -0.000584117 0)
(5.28986 -0.000380448 0)
(5.28957 -0.000200311 0)
(5.28937 -3.49759e-05 0)
(5.28925 0.000121524 0)
(5.28921 0.00027726 0)
(5.28924 0.000439722 0)
(5.28934 0.000614757 0)
(5.28951 0.000808191 0)
(5.28975 0.00102738 0)
(5.29008 0.00128019 0)
(5.2905 0.00157446 0)
(5.29102 0.0019208 0)
(5.29167 0.00233105 0)
(5.29246 0.00281848 0)
(5.29342 0.00340009 0)
(5.29459 0.00409438 0)
(5.29599 0.00492314 0)
(5.2977 0.00591498 0)
(5.29974 0.00709954 0)
(5.30221 0.00851626 0)
(5.30517 0.0101982 0)
(5.30872 0.0122192 0)
(5.31303 0.0145615 0)
(5.31808 0.0174811 0)
(5.32443 0.0205179 0)
(5.33132 0.0250814 0)
(5.34135 0.0278365 0)
(5.34892 0.0370177 0)
(5.36874 0.0335261 0)
(5.36634 0.0593581 0)
(5.42377 0.0274152 0)
(5.35592 0.101225 0)
(5.56298 0.010082 0)
(5.23724 0.104373 0)
(5.88111 0.172453 0)
(5.02097 -0.398087 0)
(6.12155 1.30965 0)
(5.49398 -2.37032 0)
(4.75912 3.96217 0)
(6.87552 -3.59522 0)
(4.96512 3.32496 0)
(5.7809 -1.52569 0)
(5.86791 2.29063 0)
(6.43283 -2.67993 0)
(5.73575 4.60614 0)
(6.48657 -2.19063 0)
(6.58446 3.05317 0)
(7.77088 -1.55534 0)
(7.325 3.8628 0)
(7.92198 0.095908 0)
(7.67148 2.54477 0)
(9.07865 0.702646 0)
(9.90128 2.4039 0)
(12.2131 -0.0668582 0)
(12.0623 -0.323629 0)
(12.1133 -0.647337 0)
(12.2608 -0.368859 0)
(11.9536 -0.269744 0)
(11.1786 -0.972897 0)
(11.0398 -1.28754 0)
(11.4752 -1.06011 0)
(10.9451 -1.27574 0)
(10.0319 -1.28673 0)
(9.5345 -0.516901 0)
(8.8715 0.145489 0)
(8.09953 0.259703 0)
(7.54741 0.232018 0)
(7.19717 0.243076 0)
(6.89324 0.228327 0)
(6.58971 0.148447 0)
(6.33167 0.047212 0)
(6.13643 -0.0196346 0)
(5.98682 -0.0549901 0)
(5.86606 -0.0684264 0)
(5.76609 -0.0698228 0)
(5.6825 -0.0658239 0)
(5.61239 -0.0595411 0)
(5.55381 -0.0524127 0)
(5.50517 -0.04524 0)
(5.46501 -0.0384769 0)
(5.43201 -0.0323506 0)
(5.40496 -0.0269523 0)
(5.38285 -0.0222931 0)
(5.36481 -0.0183314 0)
(5.35013 -0.0150005 0)
(5.33819 -0.0122268 0)
(5.3285 -0.00993144 0)
(5.32064 -0.00804232 0)
(5.31428 -0.00649629 0)
(5.30913 -0.00523288 0)
(5.30497 -0.00420364 0)
(5.30161 -0.00336753 0)
(5.29891 -0.00268774 0)
(5.29673 -0.00213602 0)
(5.29498 -0.00168742 0)
(5.29358 -0.00132086 0)
(5.29246 -0.0010209 0)
(5.29157 -0.000772744 0)
(5.29088 -0.000564577 0)
(5.29034 -0.000387193 0)
(5.28993 -0.000232704 0)
(5.28963 -9.46457e-05 0)
(5.28943 3.34049e-05 0)
(5.28931 0.000156452 0)
(5.28927 0.000281436 0)
(5.2893 0.000414739 0)
(5.28941 0.000560919 0)
(5.28959 0.000724251 0)
(5.28984 0.000910899 0)
(5.29018 0.00112759 0)
(5.29062 0.00138101 0)
(5.29117 0.00168048 0)
(5.29184 0.00203547 0)
(5.29266 0.00245757 0)
(5.29367 0.00296228 0)
(5.29488 0.00356487 0)
(5.29635 0.00428412 0)
(5.29812 0.0051448 0)
(5.30025 0.0061724 0)
(5.30281 0.00740085 0)
(5.3059 0.0088598 0)
(5.30957 0.0106083 0)
(5.31405 0.0126403 0)
(5.31924 0.0151482 0)
(5.32591 0.0178036 0)
(5.33273 0.0216301 0)
(5.34372 0.0242337 0)
(5.34979 0.0314579 0)
(5.37383 0.0299156 0)
(5.3625 0.0484184 0)
(5.4397 0.0285931 0)
(5.32968 0.0761224 0)
(5.62172 0.0251939 0)
(5.12641 0.0655581 0)
(6.07967 0.160566 0)
(4.68028 -0.325632 0)
(6.58951 1.00859 0)
(4.92385 -1.83899 0)
(5.38162 3.22856 0)
(6.798 -3.15507 0)
(4.43139 3.34186 0)
(5.93384 -1.51463 0)
(6.41332 1.72105 0)
(6.08147 -2.22993 0)
(5.22538 4.14064 0)
(6.78651 -1.95446 0)
(6.73356 2.12419 0)
(7.71523 -1.25348 0)
(6.80077 3.39032 0)
(7.52211 0.383116 0)
(7.62192 1.81582 0)
(9.51858 0.415625 0)
(10.2297 1.84627 0)
(11.1958 -0.184884 0)
(11.231 -0.0657769 0)
(11.0995 -0.104807 0)
(10.7669 -0.600408 0)
(10.6515 -0.742793 0)
(10.5866 -0.463366 0)
(10.1479 -0.685665 0)
(9.61917 -1.19909 0)
(9.12886 -1.1939 0)
(8.46198 -0.76204 0)
(7.88568 -0.271826 0)
(7.47916 0.132024 0)
(7.13711 0.437625 0)
(6.85576 0.553982 0)
(6.64674 0.456436 0)
(6.49241 0.260566 0)
(6.35847 0.11078 0)
(6.22416 0.0358375 0)
(6.08979 0.00254077 0)
(5.96418 -0.0156012 0)
(5.85387 -0.0262454 0)
(5.75913 -0.0312913 0)
(5.67869 -0.0328796 0)
(5.61067 -0.0321033 0)
(5.55342 -0.0297531 0)
(5.50553 -0.0265825 0)
(5.46574 -0.023144 0)
(5.43286 -0.0197739 0)
(5.4058 -0.0166573 0)
(5.38361 -0.0138826 0)
(5.36546 -0.0114731 0)
(5.35066 -0.00941776 0)
(5.3386 -0.00768923 0)
(5.32881 -0.00624788 0)
(5.32086 -0.00505615 0)
(5.31441 -0.00407825 0)
(5.30919 -0.00327681 0)
(5.30498 -0.00262323 0)
(5.30157 -0.00209189 0)
(5.29882 -0.00165982 0)
(5.29661 -0.0013095 0)
(5.29484 -0.00102414 0)
(5.29341 -0.000790308 0)
(5.29228 -0.000598603 0)
(5.29138 -0.000438919 0)
(5.29068 -0.00030384 0)
(5.29013 -0.000186451 0)
(5.28972 -8.20948e-05 0)
(5.28941 1.26832e-05 0)
(5.28921 0.000102088 0)
(5.2891 0.000190838 0)
(5.28906 0.000284388 0)
(5.2891 0.000387763 0)
(5.28921 0.000504327 0)
(5.2894 0.000636898 0)
(5.28967 0.000790224 0)
(5.29002 0.000969612 0)
(5.29048 0.00118073 0)
(5.29105 0.00143172 0)
(5.29175 0.00172987 0)
(5.2926 0.00208485 0)
(5.29364 0.00250982 0)
(5.2949 0.00301742 0)
(5.29642 0.00362393 0)
(5.29826 0.00434989 0)
(5.30047 0.00521638 0)
(5.30312 0.0062515 0)
(5.30631 0.00748164 0)
(5.31011 0.00895103 0)
(5.31475 0.0106671 0)
(5.32008 0.0127551 0)
(5.32701 0.0150281 0)
(5.33384 0.0181075 0)
(5.34553 0.0205696 0)
(5.35069 0.0258564 0)
(5.37747 0.0261948 0)
(5.36067 0.0377798 0)
(5.4497 0.0290942 0)
(5.3156 0.052929 0)
(5.65426 0.0378437 0)
(5.06934 0.0293386 0)
(6.18342 0.150874 0)
(4.49703 -0.269143 0)
(6.87124 0.732024 0)
(4.46245 -1.33441 0)
(6.07665 2.37047 0)
(6.39229 -2.55769 0)
(4.07461 3.21097 0)
(6.35236 -1.5611 0)
(6.32828 1.42088 0)
(5.44969 -1.65418 0)
(5.74 3.43976 0)
(6.95704 -1.78386 0)
(6.64462 1.57284 0)
(7.21089 -0.818723 0)
(6.52257 3.06697 0)
(7.66949 0.528884 0)
(8.54757 0.927858 0)
(9.87629 0.156952 0)
(10.3118 1.49394 0)
(9.48716 -0.0760738 0)
(9.44501 -0.162818 0)
(9.41107 -0.255537 0)
(9.23699 -0.279295 0)
(8.90176 -0.391529 0)
(8.59756 -0.627824 0)
(8.33525 -0.750509 0)
(7.79098 -0.774664 0)
(7.0005 -0.80486 0)
(6.35398 -0.587602 0)
(5.95251 -0.0809524 0)
(5.72826 0.332427 0)
(5.66363 0.497744 0)
(5.72446 0.501898 0)
(5.8391 0.42338 0)
(5.9288 0.314413 0)
(5.95443 0.212414 0)
(5.92681 0.133854 0)
(5.87163 0.0772578 0)
(5.80511 0.0406954 0)
(5.73649 0.0179408 0)
(5.67048 0.00481434 0)
(5.60946 -0.00247217 0)
(5.55486 -0.00632567 0)
(5.50708 -0.0080451 0)
(5.46601 -0.00842357 0)
(5.43121 -0.00804501 0)
(5.40203 -0.00728975 0)
(5.37775 -0.00638289 0)
(5.35767 -0.00545793 0)
(5.34115 -0.00458535 0)
(5.3276 -0.00379991 0)
(5.31653 -0.00311599 0)
(5.3075 -0.00253091 0)
(5.30016 -0.00204012 0)
(5.2942 -0.00163409 0)
(5.28937 -0.00129852 0)
(5.28546 -0.00102406 0)
(5.2823 -0.000800472 0)
(5.27975 -0.00061897 0)
(5.2777 -0.00047254 0)
(5.27606 -0.000352184 0)
(5.27474 -0.000252398 0)
(5.27369 -0.000169321 0)
(5.27287 -0.000100334 0)
(5.27222 -4.03653e-05 0)
(5.27173 1.56935e-05 0)
(5.27135 6.87726e-05 0)
(5.27109 0.000119386 0)
(5.27092 0.000169392 0)
(5.27083 0.000221876 0)
(5.27082 0.000281989 0)
(5.27089 0.000353764 0)
(5.27103 0.000439259 0)
(5.27125 0.000539229 0)
(5.27155 0.00065724 0)
(5.27194 0.000797143 0)
(5.27244 0.000963279 0)
(5.27305 0.0011619 0)
(5.27381 0.00139834 0)
(5.27474 0.00168118 0)
(5.27586 0.00202059 0)
(5.27722 0.00242568 0)
(5.27886 0.00291003 0)
(5.28083 0.00348992 0)
(5.28321 0.00418246 0)
(5.28606 0.00500961 0)
(5.28949 0.00599349 0)
(5.29356 0.00716339 0)
(5.29853 0.00853946 0)
(5.30423 0.0101823 0)
(5.31165 0.0120378 0)
(5.3189 0.014357 0)
(5.33138 0.0165878 0)
(5.33668 0.0200775 0)
(5.3653 0.021794 0)
(5.34677 0.0277011 0)
(5.44164 0.0270687 0)
(5.29823 0.0342299 0)
(5.65634 0.0406769 0)
(5.03774 0.00998231 0)
(6.21045 0.120397 0)
(4.41693 -0.193714 0)
(6.97484 0.465551 0)
(4.13937 -0.838903 0)
(6.55331 1.51736 0)
(5.70467 -1.70937 0)
(4.21915 2.61828 0)
(6.48532 -1.46855 0)
(5.60489 1.21116 0)
(5.13307 -1.20963 0)
(6.07542 2.45359 0)
(6.83992 -1.47066 0)
(6.37914 1.1492 0)
(6.65922 -0.422268 0)
(6.5939 2.54935 0)
(8.30847 0.399372 0)
(9.19386 0.277038 0)
(9.38653 0.101839 0)
(9.7025 1.27253 0)
(7.35316 -0.0486431 0)
(7.30798 -0.068326 0)
(7.20036 -0.137699 0)
(7.02093 -0.284998 0)
(6.77785 -0.352885 0)
(6.41727 -0.369824 0)
(5.9284 -0.478189 0)
(5.30612 -0.561377 0)
(4.5936 -0.49924 0)
(4.01202 -0.309681 0)
(3.74274 -0.00132878 0)
(3.74928 0.285682 0)
(3.95624 0.414024 0)
(4.27362 0.424391 0)
(4.59084 0.355778 0)
(4.83857 0.250206 0)
(5.00104 0.158704 0)
(5.09384 0.102526 0)
(5.13937 0.0694821 0)
(5.15541 0.0480495 0)
(5.1541 0.0334887 0)
(5.143 0.023234 0)
(5.12677 0.0160874 0)
(5.1085 0.0110761 0)
(5.09015 0.00759512 0)
(5.07286 0.00525006 0)
(5.05723 0.00368738 0)
(5.0435 0.00264117 0)
(5.03169 0.00193862 0)
(5.02168 0.00146198 0)
(5.0133 0.00113419 0)
(5.00635 0.00090442 0)
(5.00062 0.000738928 0)
(4.99592 0.000617745 0)
(4.9921 0.000524582 0)
(4.98899 0.00045037 0)
(4.98648 0.000391544 0)
(4.98446 0.000343769 0)
(4.98283 0.000304524 0)
(4.98153 0.000271335 0)
(4.9805 0.000242786 0)
(4.97968 0.000220426 0)
(4.97904 0.000204113 0)
(4.97855 0.000192033 0)
(4.97817 0.000182119 0)
(4.97789 0.000176966 0)
(4.9777 0.000178745 0)
(4.97758 0.000185635 0)
(4.97753 0.000196478 0)
(4.97753 0.000211267 0)
(4.9776 0.000231459 0)
(4.97771 0.000259842 0)
(4.97789 0.000299497 0)
(4.97814 0.000351908 0)
(4.97846 0.000416118 0)
(4.97886 0.000494295 0)
(4.97936 0.000589664 0)
(4.97998 0.000705177 0)
(4.98073 0.00084432 0)
(4.98165 0.00101031 0)
(4.98276 0.00120987 0)
(4.9841 0.00145047 0)
(4.9857 0.00173835 0)
(4.98764 0.00208258 0)
(4.98996 0.00249411 0)
(4.99276 0.00298596 0)
(4.9961 0.00357294 0)
(5.00012 0.00427306 0)
(5.0049 0.00509897 0)
(5.01069 0.00608351 0)
(5.01739 0.00721793 0)
(5.02593 0.00859189 0)
(5.03464 0.0100557 0)
(5.04852 0.0120036 0)
(5.05607 0.013517 0)
(5.086 0.0166909 0)
(5.07122 0.0164673 0)
(5.16681 0.0243681 0)
(5.02756 0.0136902 0)
(5.39277 0.0432318 0)
(4.75472 -0.0139188 0)
(5.99329 0.0925186 0)
(4.02713 -0.128705 0)
(6.95586 0.228553 0)
(3.33195 -0.428606 0)
(7.19724 0.747193 0)
(4.47605 -0.860536 0)
(5.14881 1.86198 0)
(6.15265 -1.08502 0)
(4.9869 1.09955 0)
(4.81357 -0.858615 0)
(5.79072 1.57835 0)
(6.43675 -0.996546 0)
(5.60534 0.933801 0)
(5.87972 -0.210495 0)
(6.80885 1.63408 0)
(8.5239 0.117046 0)
(9.07331 0.10241 0)
(8.34205 0.202694 0)
(9.21135 0.867232 0)
(4.85724 -0.0260168 0)
(4.78618 -0.075944 0)
(4.66932 -0.110417 0)
(4.46683 -0.157788 0)
(4.16714 -0.206035 0)
(3.76486 -0.237225 0)
(3.24932 -0.257019 0)
(2.64599 -0.264968 0)
(2.0515 -0.232938 0)
(1.61084 -0.141521 0)
(1.47763 0.0416142 0)
(1.64037 0.194839 0)
(1.99752 0.253368 0)
(2.42127 0.243962 0)
(2.80931 0.197133 0)
(3.10962 0.140206 0)
(3.31696 0.0939599 0)
(3.45289 0.0645446 0)
(3.54208 0.0458942 0)
(3.60162 0.0330363 0)
(3.64178 0.024157 0)
(3.66886 0.0179935 0)
(3.68702 0.0136306 0)
(3.69918 0.0104594 0)
(3.7073 0.00812866 0)
(3.71275 0.00638811 0)
(3.71644 0.00506939 0)
(3.71898 0.00405718 0)
(3.72078 0.00327254 0)
(3.72208 0.0026574 0)
(3.72307 0.00216964 0)
(3.72385 0.00178017 0)
(3.72448 0.00146681 0)
(3.72501 0.00121262 0)
(3.72547 0.00100503 0)
(3.72587 0.000834821 0)
(3.72622 0.000695123 0)
(3.72654 0.000581132 0)
(3.72683 0.000487273 0)
(3.72709 0.000409409 0)
(3.72732 0.000345506 0)
(3.72754 0.000293892 0)
(3.72774 0.000252818 0)
(3.72793 0.000219317 0)
(3.72812 0.000192969 0)
(3.7283 0.000173877 0)
(3.72848 0.000162142 0)
(3.72867 0.000155326 0)
(3.72887 0.000152565 0)
(3.72908 0.000154156 0)
(3.72932 0.000161231 0)
(3.72958 0.000174297 0)
(3.72987 0.000194507 0)
(3.73023 0.000222608 0)
(3.73064 0.000258201 0)
(3.73113 0.000302512 0)
(3.73173 0.000357511 0)
(3.73243 0.000424431 0)
(3.73328 0.000504625 0)
(3.73429 0.000601114 0)
(3.73551 0.000717972 0)
(3.73697 0.000858995 0)
(3.73871 0.00102814 0)
(3.74081 0.0012301 0)
(3.74332 0.00147129 0)
(3.74632 0.00176035 0)
(3.74992 0.00210494 0)
(3.75423 0.00251649 0)
(3.75936 0.00299842 0)
(3.76554 0.00357832 0)
(3.77278 0.00422544 0)
(3.78169 0.00505611 0)
(3.79147 0.00581189 0)
(3.80493 0.00714196 0)
(3.81597 0.00746487 0)
(3.84026 0.0104728 0)
(3.84104 0.00742912 0)
(3.90492 0.0178619 0)
(3.83459 -0.00127393 0)
(4.06496 0.0382207 0)
(3.67434 -0.0328627 0)
(4.50148 0.0755745 0)
(3.12597 -0.0999988 0)
(5.32683 0.107966 0)
(2.22146 -0.181056 0)
(6.24021 0.214709 0)
(1.95479 -0.172643 0)
(6.53765 0.76939 0)
(4.0302 -0.570625 0)
(5.75127 0.840527 0)
(4.27567 -0.490957 0)
(6.21674 0.772475 0)
(5.47702 -0.445241 0)
(5.95031 0.607263 0)
(5.56173 -0.118417 0)
(7.37435 0.619412 0)
(7.68319 0.0101486 0)
(8.51016 0.0903522 0)
(7.55517 0.185486 0)
(9.19794 0.307327 0)
(1.8125 0.0176513 0)
(1.72214 -0.0212635 0)
(1.5924 -0.030892 0)
(1.40125 -0.038205 0)
(1.151 -0.0330631 0)
(0.864276 -0.0284685 0)
(0.543519 -0.0417317 0)
(0.177212 -0.0567458 0)
(-0.225055 -0.0545469 0)
(-0.551391 -0.0466922 0)
(-0.63401 -0.00128747 0)
(-0.464996 0.0411496 0)
(-0.135705 0.0567306 0)
(0.236063 0.0549769 0)
(0.56899 0.0434283 0)
(0.824448 0.0292969 0)
(1.00016 0.0180546 0)
(1.11679 0.0115395 0)
(1.19634 0.00788333 0)
(1.25265 0.00555722 0)
(1.2934 0.00404733 0)
(1.32337 0.00302462 0)
(1.34576 0.00229289 0)
(1.36271 0.0017446 0)
(1.37568 0.00133616 0)
(1.38571 0.00103295 0)
(1.39356 0.000805256 0)
(1.39976 0.000632615 0)
(1.40471 0.00050089 0)
(1.40869 0.000399205 0)
(1.41192 0.000319901 0)
(1.41454 0.000257969 0)
(1.4167 0.000208714 0)
(1.41847 0.00016948 0)
(1.41993 0.000138294 0)
(1.42113 0.000112921 0)
(1.42214 9.27057e-05 0)
(1.42297 7.66117e-05 0)
(1.42367 6.33769e-05 0)
(1.42426 5.28431e-05 0)
(1.42475 4.44277e-05 0)
(1.42516 3.76991e-05 0)
(1.42552 3.28433e-05 0)
(1.42583 2.87167e-05 0)
(1.4261 2.58045e-05 0)
(1.42634 2.42507e-05 0)
(1.42656 2.34797e-05 0)
(1.42677 2.36223e-05 0)
(1.42698 2.48785e-05 0)
(1.42719 2.73935e-05 0)
(1.4274 3.02615e-05 0)
(1.42763 3.36835e-05 0)
(1.42789 3.87566e-05 0)
(1.42818 4.52378e-05 0)
(1.42852 5.25827e-05 0)
(1.42891 6.13493e-05 0)
(1.42937 7.23483e-05 0)
(1.42991 8.56658e-05 0)
(1.43056 0.000101797 0)
(1.43133 0.000121273 0)
(1.43225 0.000144611 0)
(1.43335 0.000173038 0)
(1.43466 0.000207147 0)
(1.43624 0.000247482 0)
(1.43812 0.000295641 0)
(1.44037 0.000353142 0)
(1.44306 0.000420821 0)
(1.44628 0.000500908 0)
(1.45011 0.000592215 0)
(1.45469 0.000702057 0)
(1.46008 0.00081647 0)
(1.46655 0.000973074 0)
(1.47393 0.00107454 0)
(1.48316 0.00135177 0)
(1.49239 0.00121749 0)
(1.50649 0.00203798 0)
(1.51412 0.000496268 0)
(1.54157 0.00401613 0)
(1.52837 -0.00424891 0)
(1.6089 0.0112293 0)
(1.48793 -0.0188793 0)
(1.76709 0.0278008 0)
(1.28159 -0.052679 0)
(2.02702 0.0489173 0)
(0.858038 -0.0950382 0)
(2.31466 0.100088 0)
(0.584634 -0.0498542 0)
(3.07465 0.116881 0)
(1.47056 -0.0188453 0)
(3.38418 0.108375 0)
(2.11394 -0.218535 0)
(3.29749 0.182073 0)
(2.81143 -0.157456 0)
(3.45359 0.13039 0)
(3.43206 -0.139436 0)
(4.13005 0.104703 0)
(4.26589 -0.0184114 0)
(4.66801 -0.00791177 0)
(4.41202 0.00147184 0)
(5.27168 -0.0974123 0)
(-0.246836 0.0545106 0)
(-0.695168 0.0504164 0)
(-1.35494 0.125222 0)
(-2.25553 0.187879 0)
(-3.06887 0.198663 0)
(-3.62622 0.149115 0)
(-3.74659 0.0560679 0)
(-3.46556 -0.0250407 0)
(-2.87026 -0.0736632 0)
(-2.14528 -0.103732 0)
(-1.34707 -0.095249 0)
(-0.625848 -0.0759836 0)
(-0.0228152 -0.0558483 0)
(0.445925 -0.0353315 0)
(0.793045 -0.0206164 0)
(1.03671 -0.0113157 0)
(1.20081 -0.00602614 0)
(1.30748 -0.0032313 0)
(1.37438 -0.00177637 0)
(1.41473 -0.00100982 0)
(1.4378 -0.00058869 0)
(1.44994 -0.00033222 0)
(1.45535 -0.000158311 0)
(1.45668 -5.56871e-05 0)
(1.45571 0.000165589 0)
(1.45358 0.000262959 0)
(1.45088 0.000295339 0)
(1.44801 0.000297756 0)
(1.44522 0.0002921 0)
(1.44263 0.000263189 0)
(1.44031 0.000229687 0)
(1.43826 0.000197417 0)
(1.43649 0.00016851 0)
(1.43495 0.000142736 0)
(1.43364 0.000120391 0)
(1.43253 0.000101165 0)
(1.43158 8.48144e-05 0)
(1.43078 7.11409e-05 0)
(1.43011 5.97625e-05 0)
(1.42953 5.07353e-05 0)
(1.42905 4.2748e-05 0)
(1.42863 3.67587e-05 0)
(1.42828 3.22079e-05 0)
(1.42797 2.77882e-05 0)
(1.4277 2.61087e-05 0)
(1.42746 2.42445e-05 0)
(1.42723 2.28202e-05 0)
(1.42702 2.44287e-05 0)
(1.42681 2.47351e-05 0)
(1.42661 2.56492e-05 0)
(1.42639 2.95974e-05 0)
(1.42615 3.2896e-05 0)
(1.4259 3.54709e-05 0)
(1.42561 4.10864e-05 0)
(1.42527 5.05908e-05 0)
(1.42487 6.06835e-05 0)
(1.42441 7.14836e-05 0)
(1.42387 8.6197e-05 0)
(1.42322 0.000104677 0)
(1.42245 0.000125909 0)
(1.42151 0.000150444 0)
(1.4204 0.000179637 0)
(1.41905 0.000215582 0)
(1.41744 0.000259646 0)
(1.41549 0.000312744 0)
(1.41315 0.00037694 0)
(1.41032 0.000454941 0)
(1.40691 0.000549398 0)
(1.4028 0.000663471 0)
(1.39783 0.000801636 0)
(1.39182 0.000968874 0)
(1.38457 0.0011707 0)
(1.37582 0.00141344 0)
(1.36525 0.00170388 0)
(1.35252 0.00204803 0)
(1.33723 0.00245209 0)
(1.31891 0.00291799 0)
(1.29707 0.00344659 0)
(1.2712 0.00403164 0)
(1.24077 0.00466528 0)
(1.20529 0.00533295 0)
(1.16428 0.00602476 0)
(1.11727 0.00673629 0)
(1.0638 0.00747426 0)
(1.0033 0.00826126 0)
(0.935103 0.00913999 0)
(0.858304 0.0101191 0)
(0.77193 0.0112643 0)
(0.674838 0.0124011 0)
(0.566431 0.0136125 0)
(0.446514 0.0141471 0)
(0.316901 0.0143764 0)
(0.180983 0.0120725 0)
(0.0454612 0.00910484 0)
(-0.0780136 0.000346282 0)
(-0.171047 -0.00850162 0)
(-0.213451 -0.0295609 0)
(-0.183062 -0.042067 0)
(-0.0912744 -0.0584413 0)
(-0.0142883 -0.0457542 0)
(-0.448479 0.361575 0)
(-1.40759 0.423637 0)
(-2.47717 0.534364 0)
(-3.47389 0.561946 0)
(-4.13593 0.424431 0)
(-4.39658 0.18943 0)
(-4.23466 -0.0966479 0)
(-3.72386 -0.336483 0)
(-2.89098 -0.461018 0)
(-1.98784 -0.537035 0)
(-0.991635 -0.518074 0)
(-0.0598088 -0.455064 0)
(0.778903 -0.376867 0)
(1.49612 -0.289593 0)
(2.08333 -0.21062 0)
(2.54431 -0.145981 0)
(2.89334 -0.0968797 0)
(3.14957 -0.0616748 0)
(3.33292 -0.0376022 0)
(3.46154 -0.0217479 0)
(3.55032 -0.0116372 0)
(3.6109 -0.00543931 0)
(3.65189 -0.00180586 0)
(3.67945 0.000257964 0)
(3.69781 0.00153854 0)
(3.70993 0.00216009 0)
(3.71789 0.00235912 0)
(3.72307 0.00231287 0)
(3.72635 0.00212943 0)
(3.72839 0.00193176 0)
(3.72962 0.00171165 0)
(3.73031 0.00149328 0)
(3.73064 0.00128893 0)
(3.73074 0.00110383 0)
(3.7307 0.00094009 0)
(3.73058 0.000797272 0)
(3.7304 0.000674297 0)
(3.7302 0.000569164 0)
(3.73 0.00048149 0)
(3.72978 0.000407887 0)
(3.72959 0.000346353 0)
(3.72938 0.000295793 0)
(3.7292 0.00025423 0)
(3.72902 0.000221044 0)
(3.72883 0.000195184 0)
(3.72866 0.000176549 0)
(3.72848 0.000163159 0)
(3.72829 0.000156416 0)
(3.7281 0.00015376 0)
(3.72788 0.000155659 0)
(3.72764 0.000166448 0)
(3.72737 0.000179744 0)
(3.72706 0.000194636 0)
(3.72671 0.000223513 0)
(3.72627 0.000266428 0)
(3.72576 0.000311134 0)
(3.72515 0.000357776 0)
(3.72444 0.00041868 0)
(3.7236 0.000500914 0)
(3.72259 0.000603115 0)
(3.72138 0.000724827 0)
(3.71991 0.000870322 0)
(3.71815 0.00104638 0)
(3.71603 0.00125975 0)
(3.71347 0.00151739 0)
(3.71039 0.00182922 0)
(3.70666 0.00220736 0)
(3.70217 0.00266431 0)
(3.69675 0.00321577 0)
(3.6902 0.00388333 0)
(3.68229 0.00469172 0)
(3.67273 0.00566876 0)
(3.66118 0.00684558 0)
(3.64723 0.00825936 0)
(3.63041 0.00994824 0)
(3.61016 0.0119539 0)
(3.58583 0.0143089 0)
(3.55671 0.0170464 0)
(3.52202 0.0201791 0)
(3.48093 0.0237155 0)
(3.43259 0.0276419 0)
(3.37612 0.0319457 0)
(3.31063 0.0366413 0)
(3.2352 0.0417285 0)
(3.14872 0.0473485 0)
(3.04997 0.0535093 0)
(2.93736 0.0605495 0)
(2.80905 0.0681969 0)
(2.66293 0.0770835 0)
(2.4968 0.0856681 0)
(2.30913 0.0954041 0)
(2.09845 0.101347 0)
(1.8671 0.107368 0)
(1.61532 0.101502 0)
(1.35543 0.0958936 0)
(1.09203 0.0651559 0)
(0.848592 0.0386996 0)
(0.6265 -0.013595 0)
(0.399659 -0.00972854 0)
(0.13551 0.00372863 0)
(-0.510344 0.797068 0)
(-1.59771 0.841935 0)
(-2.79372 0.972036 0)
(-3.76307 0.916465 0)
(-4.3862 0.647361 0)
(-4.59572 0.237306 0)
(-4.38444 -0.222259 0)
(-3.88378 -0.620648 0)
(-2.98734 -0.836298 0)
(-2.06359 -0.955077 0)
(-1.03069 -0.942872 0)
(-0.0614784 -0.853288 0)
(0.828275 -0.733034 0)
(1.61854 -0.598039 0)
(2.29827 -0.469 0)
(2.86707 -0.355999 0)
(3.33172 -0.262984 0)
(3.70369 -0.189892 0)
(3.9966 -0.134477 0)
(4.22428 -0.0936776 0)
(4.39964 -0.0643564 0)
(4.53389 -0.0436661 0)
(4.6363 -0.0292891 0)
(4.7143 -0.0194299 0)
(4.77377 -0.0127837 0)
(4.8192 -0.00830024 0)
(4.85403 -0.00530986 0)
(4.88082 -0.00333771 0)
(4.90153 -0.00205874 0)
(4.91758 -0.00118918 0)
(4.93007 -0.000622448 0)
(4.93982 -0.000257692 0)
(4.94746 -2.87763e-05 0)
(4.95345 0.00010942 0)
(4.95817 0.000188979 0)
(4.96189 0.000228959 0)
(4.96483 0.000245088 0)
(4.96714 0.000244893 0)
(4.96898 0.00023849 0)
(4.97041 0.000227609 0)
(4.97156 0.000213249 0)
(4.97244 0.000202791 0)
(4.97314 0.00018919 0)
(4.97367 0.000181224 0)
(4.97407 0.000177414 0)
(4.97438 0.000172153 0)
(4.97458 0.000176169 0)
(4.97471 0.000184599 0)
(4.97478 0.000192453 0)
(4.97477 0.000209551 0)
(4.97471 0.000238589 0)
(4.97459 0.000269403 0)
(4.97441 0.000301887 0)
(4.97416 0.000355257 0)
(4.97383 0.000432051 0)
(4.97341 0.000513856 0)
(4.97289 0.000600046 0)
(4.97226 0.000706142 0)
(4.9715 0.000842898 0)
(4.97058 0.00101337 0)
(4.96946 0.00121849 0)
(4.96812 0.00146525 0)
(4.96649 0.00176493 0)
(4.96452 0.00212743 0)
(4.96214 0.00256416 0)
(4.95927 0.00309217 0)
(4.9558 0.00373246 0)
(4.95162 0.00450643 0)
(4.94656 0.00544018 0)
(4.94046 0.00657009 0)
(4.93308 0.00793818 0)
(4.92416 0.00959328 0)
(4.91339 0.0115895 0)
(4.90036 0.0139914 0)
(4.88464 0.0168669 0)
(4.86567 0.0202937 0)
(4.84285 0.0243338 0)
(4.81545 0.0290595 0)
(4.78269 0.0345034 0)
(4.74372 0.0407082 0)
(4.69762 0.0476567 0)
(4.64347 0.0553816 0)
(4.58022 0.0638636 0)
(4.50686 0.0732658 0)
(4.42204 0.0835562 0)
(4.32442 0.09542 0)
(4.21185 0.108234 0)
(4.0825 0.124138 0)
(3.93264 0.139806 0)
(3.76059 0.161199 0)
(3.56005 0.177315 0)
(3.33188 0.203356 0)
(3.06544 0.21104 0)
(2.77028 0.23538 0)
(2.42544 0.217004 0)
(2.06153 0.226235 0)
(1.63903 0.165479 0)
(1.21512 0.166312 0)
(0.714739 0.129419 0)
(0.258772 0.18498 0)
(-0.492164 1.18732 0)
(-1.66673 1.33161 0)
(-2.86346 1.40465 0)
(-3.91775 1.2942 0)
(-4.55836 0.849033 0)
(-4.74831 0.272151 0)
(-4.49539 -0.374133 0)
(-3.99435 -0.920683 0)
(-3.0236 -1.23989 0)
(-2.058 -1.38384 0)
(-0.996461 -1.36877 0)
(-0.0157849 -1.2498 0)
(0.87109 -1.08532 0)
(1.65271 -0.903553 0)
(2.32182 -0.728781 0)
(2.8843 -0.573527 0)
(3.35048 -0.442738 0)
(3.73244 -0.336748 0)
(4.04251 -0.253305 0)
(4.29238 -0.189032 0)
(4.49256 -0.140351 0)
(4.6522 -0.103978 0)
(4.77908 -0.0770444 0)
(4.87974 -0.0571647 0)
(4.95952 -0.0425235 0)
(5.02273 -0.0317298 0)
(5.07283 -0.0237722 0)
(5.11257 -0.0178886 0)
(5.14413 -0.0135106 0)
(5.16922 -0.0102576 0)
(5.18919 -0.00781726 0)
(5.20511 -0.00597825 0)
(5.21781 -0.0045845 0)
(5.22796 -0.00352348 0)
(5.23608 -0.00271114 0)
(5.24257 -0.00208818 0)
(5.24777 -0.00160759 0)
(5.25193 -0.00123645 0)
(5.25526 -0.000946084 0)
(5.25793 -0.000718896 0)
(5.26007 -0.000542646 0)
(5.26177 -0.000398596 0)
(5.26313 -0.000288 0)
(5.2642 -0.000195275 0)
(5.26505 -0.00011559 0)
(5.26571 -5.41165e-05 0)
(5.26622 7.46735e-06 0)
(5.2666 6.39049e-05 0)
(5.26687 0.000111596 0)
(5.26704 0.000166717 0)
(5.26713 0.000229437 0)
(5.26714 0.000290518 0)
(5.26708 0.000356848 0)
(5.26693 0.000447011 0)
(5.26672 0.000558627 0)
(5.26643 0.000676251 0)
(5.26603 0.000806707 0)
(5.26552 0.000966199 0)
(5.2649 0.00116372 0)
(5.26413 0.00140499 0)
(5.26319 0.00169426 0)
(5.26204 0.0020421 0)
(5.26066 0.00246366 0)
(5.25898 0.0029723 0)
(5.25695 0.00358499 0)
(5.2545 0.00432566 0)
(5.25155 0.00522225 0)
(5.24798 0.00630541 0)
(5.24366 0.0076132 0)
(5.23845 0.00919617 0)
(5.23216 0.0111124 0)
(5.22455 0.013431 0)
(5.21536 0.0162293 0)
(5.20424 0.0196003 0)
(5.19081 0.0236418 0)
(5.1746 0.0284698 0)
(5.15506 0.0341765 0)
(5.13156 0.0408783 0)
(5.1034 0.0486317 0)
(5.06982 0.057506 0)
(5.03001 0.0675208 0)
(4.9831 0.0786515 0)
(4.92825 0.091089 0)
(4.8644 0.104592 0)
(4.79071 0.12017 0)
(4.70525 0.136669 0)
(4.60749 0.157581 0)
(4.49274 0.177738 0)
(4.36284 0.208159 0)
(4.20511 0.229679 0)
(4.03237 0.275463 0)
(3.80749 0.28838 0)
(3.58168 0.354065 0)
(3.24941 0.338826 0)
(2.96234 0.418659 0)
(2.46867 0.353036 0)
(2.11221 0.428738 0)
(1.4103 0.32376 0)
(1.01645 0.4234 0)
(0.103608 0.396956 0)
(-0.525581 1.71165 0)
(-1.63063 1.77153 0)
(-2.92934 1.88804 0)
(-4.04502 1.66856 0)
(-4.72153 1.05639 0)
(-4.8635 0.289269 0)
(-4.60836 -0.538378 0)
(-4.07665 -1.23638 0)
(-3.04473 -1.67232 0)
(-2.01649 -1.83055 0)
(-0.92497 -1.80561 0)
(0.0705228 -1.6504 0)
(0.961974 -1.43525 0)
(1.74267 -1.20142 0)
(2.40537 -0.97776 0)
(2.95712 -0.77929 0)
(3.41031 -0.611537 0)
(3.7792 -0.474443 0)
(4.07772 -0.365108 0)
(4.31835 -0.279463 0)
(4.51176 -0.213256 0)
(4.66691 -0.16256 0)
(4.79114 -0.123966 0)
(4.8905 -0.0946698 0)
(4.96989 -0.0724741 0)
(5.03332 -0.0556498 0)
(5.08398 -0.0428775 0)
(5.12445 -0.0331521 0)
(5.1568 -0.0257165 0)
(5.18267 -0.0200205 0)
(5.20336 -0.0156327 0)
(5.21992 -0.0122374 0)
(5.23319 -0.00959955 0)
(5.24382 -0.00754422 0)
(5.25235 -0.00593606 0)
(5.25919 -0.00467542 0)
(5.26468 -0.00368387 0)
(5.26908 -0.00290182 0)
(5.27261 -0.0022825 0)
(5.27545 -0.00179031 0)
(5.27772 -0.00140054 0)
(5.27953 -0.00108509 0)
(5.28098 -0.000833845 0)
(5.28213 -0.000630113 0)
(5.28304 -0.000458469 0)
(5.28376 -0.000320036 0)
(5.28431 -0.000197545 0)
(5.28472 -8.77465e-05 0)
(5.28503 5.86359e-06 0)
(5.28523 9.94632e-05 0)
(5.28535 0.000196147 0)
(5.28539 0.000290447 0)
(5.28535 0.000392125 0)
(5.28523 0.000513112 0)
(5.28505 0.000652008 0)
(5.2848 0.000804437 0)
(5.28444 0.000979153 0)
(5.28398 0.00118794 0)
(5.2834 0.00143881 0)
(5.28269 0.00174136 0)
(5.28183 0.00210463 0)
(5.28077 0.00254113 0)
(5.27949 0.00306816 0)
(5.27794 0.00370324 0)
(5.27606 0.00446836 0)
(5.2738 0.00539261 0)
(5.27106 0.00650985 0)
(5.26776 0.00785997 0)
(5.26377 0.00949165 0)
(5.25896 0.0114666 0)
(5.25314 0.0138566 0)
(5.24611 0.0167488 0)
(5.23762 0.0202411 0)
(5.22735 0.0244541 0)
(5.21493 0.0295098 0)
(5.19993 0.0355647 0)
(5.18183 0.0427326 0)
(5.16002 0.0511876 0)
(5.13384 0.0609771 0)
(5.10257 0.0722628 0)
(5.06541 0.0849525 0)
(5.02168 0.0992764 0)
(4.97037 0.114913 0)
(4.91112 0.132779 0)
(4.84206 0.151535 0)
(4.76406 0.175257 0)
(4.67135 0.197322 0)
(4.5709 0.232942 0)
(4.44126 0.255944 0)
(4.31683 0.314302 0)
(4.11949 0.328104 0)
(3.98101 0.423399 0)
(3.65183 0.408042 0)
(3.52801 0.548225 0)
(2.96422 0.481548 0)
(2.88164 0.652128 0)
(1.97423 0.526334 0)
(1.93952 0.695428 0)
(0.625551 0.570698 0)
(0.843216 0.684657 0)
(-0.628605 2.06162 0)
(-1.59509 2.25519 0)
(-2.96373 2.37173 0)
(-4.13256 2.07705 0)
(-4.77116 1.23946 0)
(-5.01841 0.328254 0)
(-4.73152 -0.694162 0)
(-4.17636 -1.55513 0)
(-3.05241 -2.12771 0)
(-1.92728 -2.29587 0)
(-0.789417 -2.24923 0)
(0.214245 -2.05329 0)
(1.09153 -1.78676 0)
(1.85398 -1.50035 0)
(2.49998 -1.22681 0)
(3.03724 -0.983841 0)
(3.47742 -0.778009 0)
(3.83443 -0.609189 0)
(4.12231 -0.473818 0)
(4.35372 -0.366978 0)
(4.53941 -0.283588 0)
(4.68829 -0.218996 0)
(4.80755 -0.169208 0)
(4.90304 -0.130924 0)
(4.97946 -0.101511 0)
(5.04063 -0.0788984 0)
(5.08959 -0.0614864 0)
(5.12878 -0.0480476 0)
(5.16016 -0.0376444 0)
(5.1853 -0.029572 0)
(5.20544 -0.0232852 0)
(5.22159 -0.0183714 0)
(5.23454 -0.014519 0)
(5.24493 -0.0114915 0)
(5.25327 -0.00910428 0)
(5.25997 -0.00721881 0)
(5.26534 -0.00572619 0)
(5.26966 -0.00454114 0)
(5.27313 -0.00359828 0)
(5.27591 -0.0028458 0)
(5.27814 -0.00224592 0)
(5.27992 -0.00176169 0)
(5.28134 -0.00137287 0)
(5.28248 -0.00105852 0)
(5.28337 -0.000796581 0)
(5.28408 -0.000583088 0)
(5.28462 -0.000400623 0)
(5.28503 -0.000239141 0)
(5.28533 -0.000101602 0)
(5.28553 2.95739e-05 0)
(5.28565 0.000160822 0)
(5.2857 0.000287142 0)
(5.28566 0.000418523 0)
(5.28555 0.000568719 0)
(5.28538 0.000738666 0)
(5.28514 0.000925297 0)
(5.2848 0.00113776 0)
(5.28435 0.00138966 0)
(5.2838 0.00169042 0)
(5.28312 0.00205107 0)
(5.28229 0.00248316 0)
(5.28127 0.00300102 0)
(5.28004 0.00362498 0)
(5.27854 0.00437665 0)
(5.27674 0.00528194 0)
(5.27456 0.00637493 0)
(5.27194 0.00769582 0)
(5.26877 0.00929207 0)
(5.26494 0.0112213 0)
(5.26031 0.013556 0)
(5.25473 0.0163812 0)
(5.24798 0.0198013 0)
(5.23982 0.0239328 0)
(5.22995 0.0289236 0)
(5.21801 0.0349173 0)
(5.20356 0.0421131 0)
(5.1861 0.0506446 0)
(5.165 0.0607391 0)
(5.13962 0.0724632 0)
(5.10919 0.0859738 0)
(5.073 0.101328 0)
(5.03013 0.118315 0)
(4.98027 0.137722 0)
(4.92161 0.157895 0)
(4.85593 0.183144 0)
(4.77637 0.206194 0)
(4.69448 0.243187 0)
(4.58081 0.267178 0)
(4.48926 0.328728 0)
(4.30485 0.345088 0)
(4.23309 0.450209 0)
(3.89516 0.442204 0)
(3.90714 0.606747 0)
(3.28987 0.556585 0)
(3.43746 0.778714 0)
(2.43747 0.673322 0)
(2.68649 0.924617 0)
(1.25085 0.773774 0)
(1.58577 1.00063 0)
(-0.397915 0.913055 0)
(0.00187112 2.59351 0)
(-1.61085 2.71372 0)
(-2.94019 2.83666 0)
(-4.12179 2.47891 0)
(-4.77513 1.47642 0)
(-5.31934 0.400254 0)
(-4.96734 -0.863491 0)
(-4.39731 -1.91605 0)
(-3.13819 -2.63584 0)
(-1.87796 -2.80378 0)
(-0.64084 -2.70719 0)
(0.406299 -2.45369 0)
(1.27948 -2.12634 0)
(2.0146 -1.78686 0)
(2.63042 -1.46579 0)
(3.14222 -1.18048 0)
(3.56203 -0.9381 0)
(3.90248 -0.738664 0)
(4.17662 -0.578149 0)
(4.39666 -0.450888 0)
(4.57308 -0.351003 0)
(4.7145 -0.273125 0)
(4.82788 -0.212648 0)
(4.91876 -0.165771 0)
(4.99162 -0.129453 0)
(5.05003 -0.101299 0)
(5.09687 -0.0794434 0)
(5.13443 -0.0624447 0)
(5.16456 -0.0491909 0)
(5.18873 -0.0388329 0)
(5.20813 -0.0307154 0)
(5.2237 -0.024335 0)
(5.2362 -0.0193071 0)
(5.24624 -0.0153371 0)
(5.25431 -0.0121936 0)
(5.26079 -0.00970069 0)
(5.266 -0.00772021 0)
(5.27018 -0.00614256 0)
(5.27354 -0.00488426 0)
(5.27624 -0.00387794 0)
(5.2784 -0.00307263 0)
(5.28013 -0.00242365 0)
(5.28152 -0.0019005 0)
(5.28262 -0.00147763 0)
(5.28349 -0.00112788 0)
(5.28418 -0.000840761 0)
(5.2847 -0.000599183 0)
(5.2851 -0.000388267 0)
(5.2854 -0.000206886 0)
(5.2856 -3.89208e-05 0)
(5.28571 0.000124732 0)
(5.28576 0.000281826 0)
(5.28573 0.000443298 0)
(5.28563 0.000623168 0)
(5.28546 0.000822007 0)
(5.28523 0.0010397 0)
(5.2849 0.00128891 0)
(5.28448 0.00158413 0)
(5.28395 0.00193412 0)
(5.2833 0.00235047 0)
(5.2825 0.00284806 0)
(5.28153 0.00344436 0)
(5.28035 0.00416204 0)
(5.27892 0.0050262 0)
(5.27719 0.0060668 0)
(5.27511 0.0073227 0)
(5.27259 0.00883969 0)
(5.26956 0.0106724 0)
(5.2659 0.0128876 0)
(5.26147 0.0155688 0)
(5.25613 0.0188131 0)
(5.24968 0.0227423 0)
(5.24187 0.0274897 0)
(5.23243 0.0332337 0)
(5.22099 0.0401344 0)
(5.20711 0.0484474 0)
(5.19031 0.0583019 0)
(5.16995 0.0700399 0)
(5.14534 0.0836195 0)
(5.11578 0.0994883 0)
(5.08028 0.117179 0)
(5.03863 0.137541 0)
(4.98883 0.159089 0)
(4.93316 0.184875 0)
(4.8644 0.209513 0)
(4.79606 0.245351 0)
(4.69613 0.271347 0)
(4.62645 0.329233 0)
(4.45834 0.351588 0)
(4.42371 0.449658 0)
(4.10677 0.458826 0)
(4.16832 0.614735 0)
(3.60709 0.59687 0)
(3.77249 0.824685 0)
(2.95259 0.757068 0)
(3.09908 1.05919 0)
(2.05529 0.925412 0)
(2.08071 1.25474 0)
(0.726534 1.10361 0)
(0.933408 1.29164 0)
(-0.685057 2.80121 0)
(-1.35736 3.27629 0)
(-2.82041 3.34902 0)
(-4.00033 2.88325 0)
(-4.79378 1.80034 0)
(-5.62953 0.526954 0)
(-5.22054 -1.0986 0)
(-4.62899 -2.35937 0)
(-3.24962 -3.22196 0)
(-1.87333 -3.38186 0)
(-0.531884 -3.21461 0)
(0.591613 -2.87105 0)
(1.49334 -2.46197 0)
(2.2124 -2.06016 0)
(2.7942 -1.69119 0)
(3.27194 -1.36617 0)
(3.66408 -1.08969 0)
(3.98311 -0.861351 0)
(4.24048 -0.676941 0)
(4.44711 -0.530275 0)
(4.61275 -0.414771 0)
(4.74555 -0.324351 0)
(4.8521 -0.253802 0)
(4.93762 -0.198834 0)
(5.00629 -0.156014 0)
(5.06146 -0.122635 0)
(5.10578 -0.0965826 0)
(5.14139 -0.0762124 0)
(5.17 -0.0602515 0)
(5.193 -0.0477185 0)
(5.21148 -0.0378549 0)
(5.22634 -0.0300727 0)
(5.23829 -0.0239193 0)
(5.24789 -0.0190449 0)
(5.25562 -0.0151748 0)
(5.26183 -0.0120978 0)
(5.26683 -0.00964726 0)
(5.27084 -0.00769114 0)
(5.27407 -0.00612853 0)
(5.27666 -0.00487715 0)
(5.27874 -0.00387334 0)
(5.28041 -0.00306477 0)
(5.28174 -0.00241205 0)
(5.2828 -0.00188392 0)
(5.28364 -0.00144912 0)
(5.2843 -0.00109109 0)
(5.28481 -0.000792071 0)
(5.2852 -0.00053322 0)
(5.28548 -0.000309221 0)
(5.28567 -0.000106463 0)
(5.28579 8.85222e-05 0)
(5.28583 0.0002764 0)
(5.28581 0.000466627 0)
(5.28571 0.000673382 0)
(5.28556 0.000900285 0)
(5.28533 0.00115001 0)
(5.28502 0.00143539 0)
(5.28462 0.00177103 0)
(5.28412 0.00216698 0)
(5.2835 0.00263654 0)
(5.28274 0.00319738 0)
(5.28182 0.00386926 0)
(5.2807 0.00467682 0)
(5.27934 0.00564871 0)
(5.2777 0.0068188 0)
(5.27572 0.00823027 0)
(5.27334 0.00993459 0)
(5.27046 0.0119936 0)
(5.26698 0.0144823 0)
(5.26279 0.0174947 0)
(5.25772 0.0211394 0)
(5.2516 0.025556 0)
(5.2442 0.0308931 0)
(5.23523 0.0373617 0)
(5.22437 0.0451362 0)
(5.21115 0.0545338 0)
(5.19512 0.0656845 0)
(5.17558 0.079023 0)
(5.15194 0.0945119 0)
(5.1232 0.112555 0)
(5.08898 0.133078 0)
(5.04754 0.155686 0)
(5.00051 0.181924 0)
(4.9418 0.207879 0)
(4.88372 0.24254 0)
(4.79736 0.270621 0)
(4.74013 0.321815 0)
(4.59652 0.351491 0)
(4.56973 0.433704 0)
(4.31194 0.46196 0)
(4.34382 0.594824 0)
(3.93817 0.608078 0)
(3.96553 0.820699 0)
(3.48392 0.790122 0)
(3.34037 1.10371 0)
(2.81372 1.01302 0)
(2.48155 1.40638 0)
(1.68896 1.24403 0)
(1.36109 1.61582 0)
(-0.107343 1.48296 0)
(-1.03788 3.46849 0)
(-1.38985 3.5914 0)
(-2.55167 3.77068 0)
(-3.75326 3.34501 0)
(-4.74659 2.17989 0)
(-5.6283 0.660013 0)
(-5.32705 -1.31301 0)
(-4.67827 -2.84715 0)
(-3.24066 -3.8467 0)
(-1.78182 -4.00377 0)
(-0.402405 -3.7627 0)
(0.766298 -3.31422 0)
(1.70377 -2.80511 0)
(2.42629 -2.32494 0)
(2.9837 -1.90124 0)
(3.42614 -1.53696 0)
(3.78504 -1.2294 0)
(4.07735 -0.975015 0)
(4.31418 -0.768785 0)
(4.50494 -0.6042 0)
(4.65815 -0.4742 0)
(4.78114 -0.372132 0)
(4.87995 -0.292236 0)
(4.9594 -0.229763 0)
(5.02332 -0.180911 0)
(5.07478 -0.142678 0)
(5.11621 -0.112716 0)
(5.14957 -0.0891989 0)
(5.17643 -0.070704 0)
(5.19806 -0.056131 0)
(5.21548 -0.0446254 0)
(5.2295 -0.0355216 0)
(5.24079 -0.028305 0)
(5.24988 -0.0225748 0)
(5.2572 -0.0180155 0)
(5.26309 -0.0143838 0)
(5.26783 -0.0114865 0)
(5.27165 -0.00917039 0)
(5.27471 -0.00731772 0)
(5.27718 -0.00583235 0)
(5.27916 -0.00463911 0)
(5.28074 -0.00367827 0)
(5.28201 -0.00290208 0)
(5.28302 -0.00227307 0)
(5.28382 -0.00175681 0)
(5.28445 -0.00133128 0)
(5.28494 -0.000976869 0)
(5.2853 -0.000672279 0)
(5.28558 -0.000408172 0)
(5.28576 -0.000171314 0)
(5.28587 5.35555e-05 0)
(5.28592 0.000270237 0)
(5.2859 0.0004875 0)
(5.28581 0.000720255 0)
(5.28566 0.000974835 0)
(5.28545 0.00125508 0)
(5.28516 0.00157385 0)
(5.28478 0.00194708 0)
(5.28431 0.00238681 0)
(5.28373 0.00290745 0)
(5.28301 0.00352836 0)
(5.28214 0.0042716 0)
(5.28109 0.00516409 0)
(5.27981 0.00623772 0)
(5.27827 0.00753009 0)
(5.27641 0.00908851 0)
(5.27416 0.0109698 0)
(5.27145 0.0132425 0)
(5.26819 0.0159891 0)
(5.26425 0.0193138 0)
(5.25949 0.0233359 0)
(5.25374 0.0282134 0)
(5.24679 0.0341066 0)
(5.23836 0.0412659 0)
(5.22814 0.0498655 0)
(5.21568 0.0603195 0)
(5.20051 0.0726883 0)
(5.18196 0.0876691 0)
(5.1593 0.104872 0)
(5.13189 0.125463 0)
(5.09816 0.148012 0)
(5.05929 0.174609 0)
(5.00987 0.20199 0)
(4.96005 0.235011 0)
(4.88727 0.266426 0)
(4.83509 0.309995 0)
(4.72077 0.345974 0)
(4.68356 0.412124 0)
(4.50014 0.452728 0)
(4.4729 0.562609 0)
(4.23423 0.597505 0)
(4.12315 0.782376 0)
(3.90643 0.79633 0)
(3.61516 1.06376 0)
(3.32594 1.07909 0)
(3.01495 1.39272 0)
(2.30146 1.39188 0)
(2.15715 1.7903 0)
(0.700868 1.71262 0)
(1.00698 1.9245 0)
(0.560275 3.66401 0)
(-1.05678 3.79925 0)
(-2.28412 4.30372 0)
(-3.36884 3.75319 0)
(-4.45711 2.59034 0)
(-5.23181 0.84902 0)
(-5.24619 -1.42602 0)
(-4.49673 -3.34736 0)
(-3.12118 -4.49887 0)
(-1.55048 -4.63862 0)
(-0.153678 -4.31426 0)
(0.998694 -3.76347 0)
(1.9268 -3.15393 0)
(2.64299 -2.5877 0)
(3.1833 -2.1008 0)
(3.59619 -1.69357 0)
(3.92181 -1.35578 0)
(4.18443 -1.07794 0)
(4.39749 -0.852389 0)
(4.56992 -0.67179 0)
(4.70899 -0.528697 0)
(4.82098 -0.416043 0)
(4.91118 -0.32763 0)
(4.98388 -0.258308 0)
(5.04252 -0.203941 0)
(5.08985 -0.161262 0)
(5.12805 -0.127712 0)
(5.15889 -0.101297 0)
(5.18378 -0.0804625 0)
(5.20387 -0.0640004 0)
(5.22007 -0.0509703 0)
(5.23314 -0.0406365 0)
(5.24368 -0.0324277 0)
(5.25218 -0.0258967 0)
(5.25903 -0.0206923 0)
(5.26455 -0.0165402 0)
(5.269 -0.0132225 0)
(5.27258 -0.0105675 0)
(5.27546 -0.00844188 0)
(5.27778 -0.00673597 0)
(5.27964 -0.00536393 0)
(5.28113 -0.00425898 0)
(5.28233 -0.0033661 0)
(5.28328 -0.00264179 0)
(5.28403 -0.00204851 0)
(5.28462 -0.00155937 0)
(5.28508 -0.00115232 0)
(5.28543 -0.000804456 0)
(5.28569 -0.000502486 0)
(5.28587 -0.000233023 0)
(5.28597 2.00434e-05 0)
(5.28601 0.000263457 0)
(5.286 0.000506575 0)
(5.28592 0.000764071 0)
(5.28578 0.0010444 0)
(5.28558 0.00135309 0)
(5.28531 0.00170335 0)
(5.28496 0.00211205 0)
(5.28452 0.0025929 0)
(5.28398 0.00316139 0)
(5.28331 0.00383847 0)
(5.2825 0.00464849 0)
(5.28152 0.00562053 0)
(5.28033 0.00678935 0)
(5.27889 0.0081961 0)
(5.27716 0.00989191 0)
(5.27507 0.0119384 0)
(5.27255 0.0144105 0)
(5.26951 0.0173975 0)
(5.26585 0.0210136 0)
(5.26143 0.0253873 0)
(5.25609 0.0306955 0)
(5.24964 0.037107 0)
(5.2418 0.0449162 0)
(5.23231 0.0542888 0)
(5.22066 0.06575 0)
(5.20652 0.0792867 0)
(5.18898 0.0958375 0)
(5.16772 0.114825 0)
(5.14111 0.137665 0)
(5.10964 0.162988 0)
(5.06963 0.191938 0)
(5.02651 0.22394 0)
(4.96721 0.25721 0)
(4.91692 0.297488 0)
(4.82933 0.335033 0)
(4.77899 0.390492 0)
(4.6585 0.436098 0)
(4.58654 0.524639 0)
(4.46261 0.575801 0)
(4.29516 0.72258 0)
(4.19034 0.784791 0)
(3.93769 0.972919 0)
(3.6617 1.11344 0)
(3.53247 1.28383 0)
(2.81584 1.49068 0)
(2.80784 1.78615 0)
(1.62061 1.78715 0)
(1.85104 2.224 0)
(-0.0856075 2.11723 0)
(-0.030708 3.90646 0)
(-0.765444 4.42236 0)
(-1.72045 4.46944 0)
(-2.80572 4.18627 0)
(-3.88085 3.01734 0)
(-4.52588 1.08524 0)
(-4.8485 -1.51438 0)
(-3.93161 -3.91089 0)
(-2.86608 -5.1937 0)
(-1.27184 -5.31962 0)
(0.176464 -4.86916 0)
(1.32219 -4.19581 0)
(2.20796 -3.48698 0)
(2.88225 -2.83992 0)
(3.39103 -2.29011 0)
(3.77446 -1.83775 0)
(4.06896 -1.46906 0)
(4.30171 -1.16921 0)
(4.48931 -0.926645 0)
(4.64148 -0.732166 0)
(4.76485 -0.577643 0)
(4.86471 -0.455651 0)
(4.94548 -0.359665 0)
(5.01082 -0.284224 0)
(5.0637 -0.224913 0)
(5.10651 -0.178235 0)
(5.14118 -0.141446 0)
(5.16925 -0.112407 0)
(5.19197 -0.0894466 0)
(5.21035 -0.0712627 0)
(5.22521 -0.0568374 0)
(5.23723 -0.0453747 0)
(5.24693 -0.0362535 0)
(5.25477 -0.028984 0)
(5.2611 -0.0231826 0)
(5.2662 -0.0185487 0)
(5.27032 -0.0148413 0)
(5.27364 -0.0118714 0)
(5.27631 -0.00949141 0)
(5.27846 -0.00757986 0)
(5.28019 -0.00604156 0)
(5.28158 -0.00480244 0)
(5.28268 -0.00380058 0)
(5.28357 -0.00298703 0)
(5.28427 -0.0023215 0)
(5.28482 -0.00177305 0)
(5.28525 -0.0013168 0)
(5.28558 -0.00092839 0)
(5.28582 -0.000591296 0)
(5.28598 -0.000291433 0)
(5.28608 -1.1733e-05 0)
(5.28612 0.000256601 0)
(5.28611 0.00052374 0)
(5.28603 0.000804256 0)
(5.28591 0.0011085 0)
(5.28573 0.00144381 0)
(5.28548 0.00182354 0)
(5.28515 0.00226509 0)
(5.28475 0.00278387 0)
(5.28425 0.00339673 0)
(5.28363 0.00412593 0)
(5.28289 0.00499783 0)
(5.28198 0.00604353 0)
(5.28088 0.00730042 0)
(5.27956 0.00881288 0)
(5.27797 0.0106356 0)
(5.27604 0.0128346 0)
(5.27373 0.0154905 0)
(5.27094 0.018699 0)
(5.26758 0.0225836 0)
(5.26353 0.0272804 0)
(5.25863 0.0329867 0)
(5.25272 0.0398729 0)
(5.24552 0.0482906 0)
(5.23682 0.0583656 0)
(5.22609 0.0708052 0)
(5.21305 0.0853784 0)
(5.19678 0.103584 0)
(5.17671 0.124038 0)
(5.15203 0.149659 0)
(5.12064 0.176788 0)
(5.08492 0.209903 0)
(5.03689 0.243531 0)
(4.99021 0.282044 0)
(4.92268 0.322574 0)
(4.8644 0.368119 0)
(4.78546 0.4173 0)
(4.6958 0.48683 0)
(4.62635 0.546131 0)
(4.47386 0.6582 0)
(4.38365 0.753705 0)
(4.22931 0.87233 0)
(3.94914 1.09015 0)
(3.90641 1.16653 0)
(3.33876 1.48645 0)
(3.25516 1.69344 0)
(2.51853 1.83607 0)
(2.27908 2.36081 0)
(0.719145 2.29134 0)
(1.03674 2.65208 0)
(-0.449608 3.97626 0)
(-0.629479 4.8153 0)
(-1.5771 5.07735 0)
(-2.13939 4.55014 0)
(-2.97884 3.32654 0)
(-3.45208 1.31936 0)
(-3.72208 -1.6387 0)
(-2.70589 -4.40919 0)
(-2.13446 -5.79739 0)
(-0.867897 -6.01021 0)
(0.541698 -5.44705 0)
(1.68294 -4.62079 0)
(2.54167 -3.79762 0)
(3.16432 -3.06922 0)
(3.62015 -2.46222 0)
(3.9621 -1.96825 0)
(4.22294 -1.56976 0)
(4.42598 -1.24898 0)
(4.58772 -0.991126 0)
(4.7186 -0.784732 0)
(4.82514 -0.62052 0)
(4.91191 -0.490563 0)
(4.98252 -0.388054 0)
(5.03994 -0.307296 0)
(5.08664 -0.243659 0)
(5.1246 -0.193463 0)
(5.15547 -0.153811 0)
(5.18055 -0.122443 0)
(5.20092 -0.0975859 0)
(5.21745 -0.0778593 0)
(5.23086 -0.0621802 0)
(5.24172 -0.0496989 0)
(5.25051 -0.0397509 0)
(5.25763 -0.0318113 0)
(5.26338 -0.0254671 0)
(5.26803 -0.0203929 0)
(5.27178 -0.016329 0)
(5.27481 -0.0130715 0)
(5.27725 -0.0104584 0)
(5.27922 -0.0083576 0)
(5.2808 -0.00666623 0)
(5.28207 -0.0053036 0)
(5.28308 -0.00420155 0)
(5.28389 -0.00330603 0)
(5.28454 -0.00257392 0)
(5.28504 -0.00197083 0)
(5.28544 -0.00146903 0)
(5.28573 -0.00104307 0)
(5.28595 -0.000673637 0)
(5.28611 -0.000345746 0)
(5.2862 -4.1799e-05 0)
(5.28624 0.000249703 0)
(5.28622 0.000539053 0)
(5.28616 0.000840839 0)
(5.28605 0.00116707 0)
(5.28588 0.00152679 0)
(5.28565 0.00193356 0)
(5.28536 0.00240519 0)
(5.28499 0.00295866 0)
(5.28454 0.00361216 0)
(5.28398 0.00438911 0)
(5.2833 0.00531759 0)
(5.28248 0.00643063 0)
(5.28148 0.00776794 0)
(5.28028 0.0093768 0)
(5.27883 0.0113152 0)
(5.27709 0.013653 0)
(5.27499 0.0164761 0)
(5.27247 0.0198857 0)
(5.26942 0.0240144 0)
(5.26577 0.0290034 0)
(5.26134 0.0350723 0)
(5.25602 0.0423855 0)
(5.2495 0.0513644 0)
(5.24169 0.062067 0)
(5.23191 0.0754377 0)
(5.22019 0.0909329 0)
(5.20506 0.110792 0)
(5.18695 0.132567 0)
(5.16305 0.161086 0)
(5.13473 0.189927 0)
(5.09778 0.227345 0)
(5.05526 0.262905 0)
(5.00394 0.30545 0)
(4.944 0.349689 0)
(4.8858 0.393532 0)
(4.80162 0.455986 0)
(4.74424 0.511812 0)
(4.63566 0.59696 0)
(4.53704 0.70674 0)
(4.45023 0.7856 0)
(4.21477 1.00717 0)
(4.18694 1.0748 0)
(3.75171 1.39368 0)
(3.69491 1.55009 0)
(3.19194 1.82946 0)
(2.75821 2.24755 0)
(2.11945 2.3284 0)
(1.79785 2.93071 0)
(-0.484489 2.94932 0)
(-0.469214 4.30368 0)
(-0.014286 4.59207 0)
(-0.452112 5.0351 0)
(-0.965703 4.7257 0)
(-1.73214 3.61727 0)
(-1.87703 1.54975 0)
(-1.83396 -1.68342 0)
(-1.0865 -4.5998 0)
(-0.871749 -6.0839 0)
(-0.141938 -6.53231 0)
(1.01727 -5.99624 0)
(2.07392 -5.03497 0)
(2.88289 -4.09319 0)
(3.4713 -3.27616 0)
(3.87686 -2.61079 0)
(4.16648 -2.08012 0)
(4.38533 -1.6562 0)
(4.55572 -1.31697 0)
(4.6909 -1.0457 0)
(4.79999 -0.829199 0)
(4.88903 -0.656979 0)
(4.96203 -0.520469 0)
(5.0219 -0.412549 0)
(5.07095 -0.327331 0)
(5.11109 -0.260031 0)
(5.14393 -0.206828 0)
(5.17077 -0.164714 0)
(5.19268 -0.131327 0)
(5.21055 -0.104818 0)
(5.2251 -0.0837403 0)
(5.23695 -0.0669566 0)
(5.24657 -0.0535753 0)
(5.25439 -0.0428934 0)
(5.26072 -0.0343558 0)
(5.26586 -0.0275268 0)
(5.27001 -0.0220585 0)
(5.27337 -0.0176743 0)
(5.27608 -0.0141574 0)
(5.27827 -0.0113342 0)
(5.28004 -0.00906293 0)
(5.28146 -0.00723354 0)
(5.2826 -0.00575885 0)
(5.28352 -0.00456559 0)
(5.28425 -0.00359568 0)
(5.28483 -0.00280325 0)
(5.28528 -0.00215077 0)
(5.28564 -0.00160773 0)
(5.28591 -0.00114755 0)
(5.28611 -0.000748899 0)
(5.28624 -0.000395352 0)
(5.28633 -6.94903e-05 0)
(5.28636 0.000242776 0)
(5.28635 0.000552415 0)
(5.2863 0.000873669 0)
(5.28619 0.00121982 0)
(5.28605 0.00160156 0)
(5.28584 0.00203282 0)
(5.28558 0.00253165 0)
(5.28525 0.00311636 0)
(5.28484 0.00380651 0)
(5.28434 0.00462654 0)
(5.28374 0.00560596 0)
(5.283 0.00677958 0)
(5.28211 0.00818918 0)
(5.28104 0.00988462 0)
(5.27975 0.0119267 0)
(5.27819 0.0143888 0)
(5.27633 0.0173616 0)
(5.27408 0.0209505 0)
(5.27138 0.0252972 0)
(5.26813 0.0305452 0)
(5.2642 0.0369393 0)
(5.25951 0.0446264 0)
(5.25372 0.0541195 0)
(5.24686 0.0653549 0)
(5.23811 0.0796273 0)
(5.22779 0.0958592 0)
(5.2141 0.117467 0)
(5.19773 0.140204 0)
(5.17574 0.17207 0)
(5.14876 0.202022 0)
(5.11408 0.244736 0)
(5.07223 0.281099 0)
(5.02108 0.329825 0)
(4.96774 0.373332 0)
(4.89898 0.423285 0)
(4.8397 0.484636 0)
(4.76488 0.541949 0)
(4.6711 0.646857 0)
(4.61652 0.723114 0)
(4.42424 0.888212 0)
(4.44727 0.996417 0)
(4.01063 1.26302 0)
(4.13962 1.38437 0)
(3.66588 1.73963 0)
(3.21161 2.05344 0)
(3.13654 2.2924 0)
(2.07196 2.94221 0)
(1.47513 2.98905 0)
(1.3447 3.22333 0)
(0.318471 4.2752 0)
(0.462501 4.77171 0)
(0.239825 5.35143 0)
(-0.0434817 5.02287 0)
(-0.200647 3.67616 0)
(-0.0289533 1.57731 0)
(0.420046 -1.66452 0)
(0.298558 -4.5894 0)
(0.252903 -6.18025 0)
(0.815017 -6.83764 0)
(1.6414 -6.42855 0)
(2.55198 -5.40284 0)
(3.23548 -4.36335 0)
(3.76786 -3.46758 0)
(4.1423 -2.73964 0)
(4.38741 -2.17081 0)
(4.55956 -1.72536 0)
(4.69201 -1.37184 0)
(4.79816 -1.08995 0)
(4.88459 -0.865374 0)
(4.95566 -0.686822 0)
(5.01447 -0.545164 0)
(5.06319 -0.432968 0)
(5.10352 -0.34418 0)
(5.13683 -0.273906 0)
(5.16431 -0.218234 0)
(5.18693 -0.174074 0)
(5.20551 -0.138995 0)
(5.22075 -0.11109 0)
(5.23323 -0.0888618 0)
(5.24343 -0.0711316 0)
(5.25175 -0.0569736 0)
(5.25852 -0.0456564 0)
(5.26403 -0.0365993 0)
(5.2685 -0.0293455 0)
(5.27213 -0.0235315 0)
(5.27507 -0.0188668 0)
(5.27745 -0.0151217 0)
(5.27937 -0.0121118 0)
(5.28092 -0.00968932 0)
(5.28217 -0.00773817 0)
(5.28318 -0.00616461 0)
(5.28398 -0.00489039 0)
(5.28463 -0.00385418 0)
(5.28514 -0.0030078 0)
(5.28554 -0.00231119 0)
(5.28585 -0.00173146 0)
(5.28609 -0.00124076 0)
(5.28627 -0.000816295 0)
(5.28639 -0.000439925 0)
(5.28646 -9.41741e-05 0)
(5.2865 0.000236325 0)
(5.28649 0.00056387 0)
(5.28644 0.000902561 0)
(5.28635 0.00126647 0)
(5.28622 0.00166769 0)
(5.28604 0.00212069 0)
(5.28581 0.00264373 0)
(5.28552 0.0032561 0)
(5.28517 0.00397865 0)
(5.28473 0.00483681 0)
(5.2842 0.0058613 0)
(5.28355 0.00708841 0)
(5.28277 0.00856174 0)
(5.28184 0.0103334 0)
(5.28071 0.0124668 0)
(5.27935 0.0150379 0)
(5.27773 0.0181418 0)
(5.27577 0.0218871 0)
(5.27342 0.0264245 0)
(5.27062 0.0318963 0)
(5.2672 0.0385765 0)
(5.26318 0.046579 0)
(5.25814 0.0565385 0)
(5.25232 0.0681942 0)
(5.24461 0.0833551 0)
(5.23597 0.100058 0)
(5.22354 0.123642 0)
(5.20967 0.146643 0)
(5.18898 0.182928 0)
(5.16452 0.212315 0)
(5.13184 0.262935 0)
(5.0889 0.297481 0)
(5.04435 0.35474 0)
(4.98305 0.396848 0)
(4.92571 0.450697 0)
(4.86865 0.51114 0)
(4.78088 0.576187 0)
(4.75471 0.673372 0)
(4.57344 0.779126 0)
(4.67649 0.903825 0)
(4.19933 1.12538 0)
(4.48142 1.24518 0)
(4.04857 1.5435 0)
(3.64143 1.87451 0)
(3.71584 2.14203 0)
(2.97711 2.66396 0)
(2.6761 2.84323 0)
(1.62992 3.81938 0)
(-0.1363 3.85769 0)
(0.499946 4.13497 0)
(0.943551 4.7444 0)
(1.0374 5.25802 0)
(1.34096 4.89696 0)
(1.58391 3.61533 0)
(1.80988 1.4291 0)
(2.85649 -1.77337 0)
(1.75633 -4.49538 0)
(1.1078 -6.36534 0)
(1.74065 -7.18184 0)
(2.37692 -6.7602 0)
(3.11544 -5.69349 0)
(3.64953 -4.5803 0)
(4.05656 -3.63477 0)
(4.38892 -2.85595 0)
(4.6088 -2.2448 0)
(4.74305 -1.77644 0)
(4.836 -1.41179 0)
(4.90999 -1.1229 0)
(4.972 -0.892872 0)
(5.02438 -0.709865 0)
(5.06863 -0.564506 0)
(5.10594 -0.449183 0)
(5.13731 -0.357732 0)
(5.16359 -0.285193 0)
(5.18553 -0.227604 0)
(5.20379 -0.181828 0)
(5.21892 -0.145396 0)
(5.23144 -0.116358 0)
(5.24176 -0.0931872 0)
(5.25024 -0.0746752 0)
(5.25719 -0.0598705 0)
(5.26288 -0.0480188 0)
(5.26752 -0.0385236 0)
(5.2713 -0.030911 0)
(5.27438 -0.0248011 0)
(5.27688 -0.0198958 0)
(5.2789 -0.0159556 0)
(5.28054 -0.0127861 0)
(5.28186 -0.0102331 0)
(5.28293 -0.00817604 0)
(5.28379 -0.00651649 0)
(5.28448 -0.00517237 0)
(5.28503 -0.00407922 0)
(5.28547 -0.00318629 0)
(5.28581 -0.00245128 0)
(5.28608 -0.00183952 0)
(5.28629 -0.00132208 0)
(5.28644 -0.000875064 0)
(5.28654 -0.000478963 0)
(5.28661 -0.000115783 0)
(5.28664 0.00023063 0)
(5.28663 0.00057368 0)
(5.28659 0.000927528 0)
(5.28651 0.00130687 0)
(5.2864 0.00172495 0)
(5.28625 0.00219678 0)
(5.28605 0.00274079 0)
(5.28581 0.00337712 0)
(5.2855 0.00412768 0)
(5.28513 0.00501873 0)
(5.28467 0.00608209 0)
(5.28413 0.00735534 0)
(5.28346 0.00888353 0)
(5.28267 0.0107206 0)
(5.28171 0.0129321 0)
(5.28056 0.0155964 0)
(5.27918 0.0188123 0)
(5.27753 0.0226903 0)
(5.27555 0.0273898 0)
(5.2732 0.0330486 0)
(5.27032 0.0399739 0)
(5.26699 0.0482293 0)
(5.26272 0.0586055 0)
(5.25804 0.070557 0)
(5.25137 0.0865917 0)
(5.24463 0.103468 0)
(5.23338 0.129264 0)
(5.2227 0.151736 0)
(5.20264 0.193693 0)
(5.1828 0.220297 0)
(5.14894 0.28295 0)
(5.11027 0.309948 0)
(5.06535 0.384112 0)
(5.0002 0.415619 0)
(4.96004 0.479743 0)
(4.87252 0.536404 0)
(4.86211 0.602514 0)
(4.69446 0.705636 0)
(4.84125 0.804948 0)
(4.37567 0.977394 0)
(4.70481 1.14472 0)
(4.34306 1.30056 0)
(4.06781 1.69526 0)
(3.94953 1.97342 0)
(3.90791 2.26271 0)
(3.09365 2.78923 0)
(2.68157 3.51784 0)
(2.06369 3.48083 0)
(1.56028 4.38007 0)
(0.561586 3.69058 0)
(1.34646 4.56917 0)
(2.09496 5.16484 0)
(2.92506 4.83631 0)
(3.52772 3.49224 0)
(3.83672 1.2481 0)
(5.39133 -1.65014 0)
(4.0655 -3.91874 0)
(2.9479 -6.30132 0)
(2.96012 -7.54569 0)
(3.33798 -7.06254 0)
(3.76198 -5.90028 0)
(4.13878 -4.72493 0)
(4.38152 -3.75415 0)
(4.61618 -2.95535 0)
(4.80936 -2.30924 0)
(4.92285 -1.81361 0)
(4.98427 -1.43688 0)
(5.0262 -1.14359 0)
(5.0622 -0.911074 0)
(5.09485 -0.725839 0)
(5.12407 -0.578368 0)
(5.14973 -0.461106 0)
(5.17198 -0.367912 0)
(5.1911 -0.293826 0)
(5.20739 -0.234882 0)
(5.22119 -0.187932 0)
(5.2328 -0.150488 0)
(5.24251 -0.12059 0)
(5.2506 -0.0966896 0)
(5.25731 -0.0775633 0)
(5.26285 -0.0622452 0)
(5.26742 -0.0499657 0)
(5.27116 -0.0401151 0)
(5.27422 -0.0322094 0)
(5.27672 -0.0258591 0)
(5.27876 -0.0207555 0)
(5.28041 -0.0166525 0)
(5.28176 -0.0133504 0)
(5.28285 -0.0106897 0)
(5.28372 -0.00854468 0)
(5.28443 -0.00681276 0)
(5.285 -0.00540951 0)
(5.28546 -0.00426839 0)
(5.28582 -0.0033364 0)
(5.2861 -0.00256933 0)
(5.28632 -0.00193078 0)
(5.28649 -0.00139096 0)
(5.28662 -0.000924906 0)
(5.28671 -0.000512187 0)
(5.28676 -0.00013431 0)
(5.28678 0.000225542 0)
(5.28678 0.000581678 0)
(5.28674 0.000948386 0)
(5.28668 0.00134074 0)
(5.28659 0.00177301 0)
(5.28647 0.0022607 0)
(5.2863 0.00282236 0)
(5.2861 0.00347878 0)
(5.28585 0.0042528 0)
(5.28554 0.00517144 0)
(5.28517 0.00626724 0)
(5.28472 0.00757889 0)
(5.28418 0.00915274 0)
(5.28352 0.0110441 0)
(5.28274 0.0133203 0)
(5.2818 0.0160614 0)
(5.28068 0.0193692 0)
(5.27935 0.0233553 0)
(5.27774 0.0281877 0)
(5.27586 0.0339948 0)
(5.27353 0.041124 0)
(5.27094 0.0495641 0)
(5.26743 0.0603125 0)
(5.26399 0.0724043 0)
(5.2583 0.0893454 0)
(5.25379 0.10595 0)
(5.24355 0.134431 0)
(5.23674 0.15506 0)
(5.21707 0.204743 0)
(5.20282 0.225106 0)
(5.16707 0.305797 0)
(5.135 0.317117 0)
(5.08271 0.420622 0)
(5.03018 0.426531 0)
(4.96611 0.514872 0)
(4.94076 0.558533 0)
(4.79532 0.620003 0)
(4.95402 0.738969 0)
(4.5466 0.83576 0)
(4.82946 1.03595 0)
(4.59118 1.09639 0)
(4.39713 1.5089 0)
(4.1619 1.74406 0)
(4.47868 1.9155 0)
(3.80556 2.46955 0)
(3.45012 3.10735 0)
(2.97969 3.48863 0)
(1.70567 4.753 0)
(0.211816 4.86463 0)
(0.306726 3.513 0)
(1.98249 4.14814 0)
(3.10617 4.70475 0)
(3.94561 4.51434 0)
(5.613 3.27759 0)
(6.3359 1.06428 0)
(7.65872 -1.38094 0)
(6.60952 -3.33951 0)
(6.00566 -5.89504 0)
(5.04397 -7.49554 0)
(4.71402 -7.17972 0)
(4.61629 -5.98641 0)
(4.6915 -4.78749 0)
(4.77357 -3.80731 0)
(4.86216 -3.01876 0)
(4.98818 -2.3629 0)
(5.08348 -1.84298 0)
(5.12687 -1.4505 0)
(5.14331 -1.15246 0)
(5.15429 -0.919577 0)
(5.16668 -0.734423 0)
(5.18041 -0.5866 0)
(5.1942 -0.468668 0)
(5.20722 -0.374676 0)
(5.2191 -0.299769 0)
(5.22969 -0.240035 0)
(5.23897 -0.192352 0)
(5.24699 -0.154246 0)
(5.25386 -0.123761 0)
(5.25969 -0.0993476 0)
(5.26459 -0.0797788 0)
(5.26869 -0.0640821 0)
(5.2721 -0.0514831 0)
(5.27492 -0.0413637 0)
(5.27724 -0.0332325 0)
(5.27915 -0.026696 0)
(5.28071 -0.0214388 0)
(5.28198 -0.0172082 0)
(5.28302 -0.013801 0)
(5.28387 -0.011055 0)
(5.28455 -0.00884041 0)
(5.2851 -0.00705108 0)
(5.28554 -0.00560071 0)
(5.2859 -0.00442106 0)
(5.28618 -0.00345742 0)
(5.2864 -0.00266426 0)
(5.28657 -0.00200412 0)
(5.28671 -0.00144627 0)
(5.28681 -0.000965039 0)
(5.28687 -0.000538931 0)
(5.28692 -0.000149218 0)
(5.28693 0.000221372 0)
(5.28693 0.000587917 0)
(5.2869 0.000965027 0)
(5.28686 0.0013679 0)
(5.28678 0.00181152 0)
(5.28669 0.00231193 0)
(5.28656 0.00288784 0)
(5.2864 0.0035604 0)
(5.28621 0.00435318 0)
(5.28597 0.00529387 0)
(5.28568 0.00641565 0)
(5.28533 0.00775791 0)
(5.28491 0.00936794 0)
(5.2844 0.0113021 0)
(5.2838 0.0136293 0)
(5.28308 0.0164304 0)
(5.28222 0.0198098 0)
(5.28121 0.0238789 0)
(5.27998 0.028814 0)
(5.27859 0.03473 0)
(5.2768 0.0420202 0)
(5.27499 0.0505739 0)
(5.27223 0.0616501 0)
(5.27016 0.0737106 0)
(5.2653 0.0916147 0)
(5.26352 0.107382 0)
(5.25367 0.139259 0)
(5.25231 0.156039 0)
(5.23141 0.216861 0)
(5.2256 0.224814 0)
(5.18667 0.334301 0)
(5.15937 0.314817 0)
(5.11058 0.470692 0)
(5.03685 0.421173 0)
(5.03124 0.569585 0)
(4.87044 0.559106 0)
(5.01418 0.641286 0)
(4.73218 0.775446 0)
(4.85295 0.879904 0)
(4.83515 0.95128 0)
(4.57839 1.33408 0)
(4.44309 1.47267 0)
(4.6903 1.69786 0)
(4.3495 2.10004 0)
(3.89901 2.69002 0)
(3.43741 3.32571 0)
(3.56181 3.72329 0)
(2.60807 4.3086 0)
(1.52569 5.85171 0)
(0.772327 2.82586 0)
(2.41142 3.50725 0)
(3.86714 4.19078 0)
(5.16577 3.76002 0)
(7.16773 2.65048 0)
(8.67989 0.752295 0)
(9.31787 -1.23599 0)
(8.34613 -3.21292 0)
(8.50984 -5.63908 0)
(7.37084 -7.11466 0)
(6.27608 -6.94129 0)
(5.70635 -5.85398 0)
(5.33337 -4.7393 0)
(5.21788 -3.79236 0)
(5.16579 -3.02729 0)
(5.1776 -2.39096 0)
(5.22576 -1.8648 0)
(5.25368 -1.45746 0)
(5.2542 -1.15215 0)
(5.24526 -0.918973 0)
(5.23876 -0.735542 0)
(5.2371 -0.589084 0)
(5.23895 -0.471813 0)
(5.24272 -0.378 0)
(5.24734 -0.303008 0)
(5.25221 -0.24305 0)
(5.25696 -0.195077 0)
(5.26139 -0.156657 0)
(5.26539 -0.125859 0)
(5.26893 -0.101149 0)
(5.27201 -0.0813105 0)
(5.27465 -0.0653721 0)
(5.27688 -0.0525614 0)
(5.27876 -0.0422608 0)
(5.28033 -0.0339748 0)
(5.28164 -0.0273068 0)
(5.28271 -0.0219397 0)
(5.2836 -0.0176178 0)
(5.28432 -0.0141352 0)
(5.28491 -0.0113269 0)
(5.28539 -0.0090605 0)
(5.28578 -0.00722843 0)
(5.28609 -0.00574347 0)
(5.28635 -0.00453576 0)
(5.28655 -0.00354886 0)
(5.28671 -0.00273614 0)
(5.28683 -0.00205969 0)
(5.28693 -0.00148803 0)
(5.287 -0.000995266 0)
(5.28705 -0.000559085 0)
(5.28708 -0.000160342 0)
(5.28709 0.000218396 0)
(5.28709 0.000592762 0)
(5.28707 0.00097766 0)
(5.28703 0.00138846 0)
(5.28698 0.00184063 0)
(5.28691 0.00235057 0)
(5.28682 0.00293712 0)
(5.28671 0.00362173 0)
(5.28657 0.00442849 0)
(5.2864 0.0053855 0)
(5.2862 0.00652645 0)
(5.28595 0.00789127 0)
(5.28565 0.00952789 0)
(5.2853 0.0114933 0)
(5.28488 0.0138573 0)
(5.28438 0.0167015 0)
(5.28378 0.020132 0)
(5.2831 0.0242585 0)
(5.28226 0.0292658 0)
(5.28136 0.0352508 0)
(5.28013 0.0426587 0)
(5.27912 0.0512531 0)
(5.27706 0.0626127 0)
(5.27651 0.0744566 0)
(5.27225 0.0933966 0)
(5.27385 0.107668 0)
(5.26338 0.143808 0)
(5.27002 0.154176 0)
(5.24411 0.230703 0)
(5.25478 0.217303 0)
(5.20094 0.371926 0)
(5.1987 0.297226 0)
(5.11856 0.543745 0)
(5.09099 0.38819 0)
(4.99496 0.668192 0)
(4.99564 0.497258 0)
(4.93716 0.733672 0)
(4.82979 0.771652 0)
(5.04939 0.809555 0)
(4.65638 1.16095 0)
(4.79105 1.22511 0)
(4.75952 1.51631 0)
(4.7578 1.71512 0)
(4.38834 2.26068 0)
(4.03189 2.91649 0)
(4.13151 3.19847 0)
(3.37194 4.30553 0)
(2.68267 5.372 0)
(0.748925 6.27905 0)
(0.370059 2.23939 0)
(2.87986 2.7384 0)
(4.20793 3.50586 0)
(6.65331 2.96411 0)
(7.95031 1.88271 0)
(10.4133 0.371108 0)
(10.8532 -1.09514 0)
(10.0222 -3.06485 0)
(9.78481 -5.40689 0)
(8.68584 -6.73396 0)
(7.31695 -6.57417 0)
(6.66468 -5.53908 0)
(6.03975 -4.54761 0)
(5.68258 -3.71166 0)
(5.51943 -2.98246 0)
(5.41576 -2.375 0)
(5.3765 -1.86713 0)
(5.36768 -1.45793 0)
(5.35327 -1.14618 0)
(5.33055 -0.911355 0)
(5.30886 -0.72986 0)
(5.29317 -0.585931 0)
(5.28346 -0.470539 0)
(5.2781 -0.377883 0)
(5.27555 -0.303546 0)
(5.27475 -0.243932 0)
(5.275 -0.196109 0)
(5.27585 -0.15772 0)
(5.277 -0.126881 0)
(5.27826 -0.102091 0)
(5.2795 -0.0821529 0)
(5.28067 -0.0661103 0)
(5.28173 -0.0531982 0)
(5.28266 -0.0428023 0)
(5.28347 -0.0344308 0)
(5.28416 -0.027689 0)
(5.28475 -0.0222571 0)
(5.28524 -0.0178792 0)
(5.28564 -0.0143498 0)
(5.28598 -0.0115031 0)
(5.28625 -0.0092043 0)
(5.28648 -0.00734479 0)
(5.28666 -0.0058372 0)
(5.28681 -0.00461106 0)
(5.28693 -0.00360888 0)
(5.28702 -0.00278359 0)
(5.28709 -0.00209657 0)
(5.28715 -0.00151619 0)
(5.28719 -0.00101584 0)
(5.28722 -0.000573016 0)
(5.28724 -0.000168329 0)
(5.28725 0.000215862 0)
(5.28725 0.000595529 0)
(5.28724 0.000985713 0)
(5.28722 0.00140184 0)
(5.28719 0.00185971 0)
(5.28714 0.00237604 0)
(5.28709 0.00296972 0)
(5.28702 0.0036623 0)
(5.28694 0.00447819 0)
(5.28684 0.00544589 0)
(5.28672 0.00659922 0)
(5.28658 0.00797845 0)
(5.28641 0.00963182 0)
(5.28621 0.0116167 0)
(5.28597 0.0140034 0)
(5.28569 0.0168733 0)
(5.28537 0.0203338 0)
(5.28501 0.0244922 0)
(5.28456 0.0295408 0)
(5.28417 0.035555 0)
(5.28347 0.0430363 0)
(5.28331 0.0515984 0)
(5.28188 0.0631984 0)
(5.28303 0.0746266 0)
(5.27903 0.0947049 0)
(5.28479 0.1067 0)
(5.27244 0.148185 0)
(5.28996 0.148903 0)
(5.25505 0.246885 0)
(5.29019 0.200412 0)
(5.21358 0.421245 0)
(5.24256 0.260592 0)
(5.14528 0.638518 0)
(5.10218 0.343914 0)
(5.03905 0.76206 0)
(5.01933 0.465209 0)
(4.82993 0.816866 0)
(5.16439 0.693193 0)
(4.64188 0.979138 0)
(5.05706 1.05991 0)
(4.74571 1.35955 0)
(4.93252 1.42457 0)
(4.68743 1.92475 0)
(4.48895 2.38033 0)
(4.45129 2.82153 0)
(4.73037 3.25596 0)
(4.5149 4.22951 0)
(3.79532 5.24003 0)
(2.04679 7.88904 0)
(0.403344 1.45796 0)
(3.0276 1.90849 0)
(3.98661 2.48313 0)
(6.78296 1.92011 0)
(8.54841 0.967675 0)
(11.8001 -0.0744538 0)
(12.5043 -0.835708 0)
(11.8926 -2.63115 0)
(10.6393 -5.02786 0)
(9.16828 -6.31666 0)
(7.67965 -6.27291 0)
(7.09196 -5.27877 0)
(6.63047 -4.27975 0)
(6.13755 -3.56074 0)
(5.87505 -2.90332 0)
(5.70095 -2.31732 0)
(5.56784 -1.83448 0)
(5.49059 -1.4421 0)
(5.4451 -1.13376 0)
(5.40791 -0.89881 0)
(5.37448 -0.718899 0)
(5.3472 -0.577786 0)
(5.32703 -0.465066 0)
(5.31296 -0.374406 0)
(5.30344 -0.301426 0)
(5.29709 -0.242706 0)
(5.29293 -0.195463 0)
(5.29026 -0.157443 0)
(5.28859 -0.126831 0)
(5.28758 -0.102173 0)
(5.28701 -0.082306 0)
(5.28671 -0.0662946 0)
(5.2866 -0.0533884 0)
(5.28659 -0.0429855 0)
(5.28663 -0.0345995 0)
(5.28671 -0.0278385 0)
(5.2868 -0.022387 0)
(5.28689 -0.0179905 0)
(5.28698 -0.0144444 0)
(5.28706 -0.0115826 0)
(5.28712 -0.00927018 0)
(5.28718 -0.0073986 0)
(5.28723 -0.00588107 0)
(5.28728 -0.00464675 0)
(5.28731 -0.00363755 0)
(5.28734 -0.00280612 0)
(5.28736 -0.00211397 0)
(5.28738 -0.00152923 0)
(5.28739 -0.00102527 0)
(5.2874 -0.00057929 0)
(5.28741 -0.0001718 0)
(5.28741 0.000215027 0)
(5.28741 0.000597148 0)
(5.2874 0.000989824 0)
(5.2874 0.00140849 0)
(5.28739 0.0018691 0)
(5.28738 0.00238849 0)
(5.28736 0.00298559 0)
(5.28734 0.00368194 0)
(5.28732 0.00450212 0)
(5.28729 0.00547468 0)
(5.28725 0.00663358 0)
(5.28721 0.00801908 0)
(5.28717 0.00967948 0)
(5.28712 0.0116721 0)
(5.28707 0.0140671 0)
(5.28702 0.0169456 0)
(5.28696 0.0204152 0)
(5.28694 0.0245801 0)
(5.28687 0.0296384 0)
(5.28699 0.0356432 0)
(5.28681 0.0431514 0)
(5.28754 0.0516129 0)
(5.28663 0.0634019 0)
(5.28971 0.0742236 0)
(5.28544 0.0955402 0)
(5.29655 0.104404 0)
(5.28005 0.152512 0)
(5.3134 0.139503 0)
(5.26135 0.266444 0)
(5.33828 0.170152 0)
(5.21257 0.489445 0)
(5.32034 0.186395 0)
(5.15053 0.78953 0)
(5.13817 0.217666 0)
(5.17938 0.941017 0)
(4.80987 0.326478 0)
(5.32961 0.918038 0)
(4.67822 0.620406 0)
(5.21671 1.04517 0)
(4.80126 0.995633 0)
(5.14861 1.35559 0)
(4.7624 1.51933 0)
(4.88148 2.00563 0)
(4.59432 2.31141 0)
(4.90783 2.99163 0)
(4.74394 3.35282 0)
(3.90194 5.04354 0)
(4.48201 5.54395 0)
(1.87449 8.34296 0)
(4.92573 0.488509 0)
(-2.76413 -0.0122646 0)
(1.56374 -0.0650871 0)
(1.00174 -0.00677857 0)
(1.63914 -0.00476142 0)
(1.76374 0.00116389 0)
(1.83901 0.000667583 0)
(1.8891 -1.43588e-06 0)
(1.92516 -0.000468061 0)
(1.95416 -0.000424612 0)
(9.80923 0.675926 0)
(-1.73935 0.25686 0)
(4.07917 -0.357033 0)
(3.37089 -0.0526075 0)
(4.28187 -0.065017 0)
(4.63397 -0.0249906 0)
(4.85021 -0.0143477 0)
(5.00194 -0.010497 0)
(5.10257 -0.00816799 0)
(5.18145 -0.00407815 0)
(12.8693 1.14243 0)
(1.32966 0.483815 0)
(6.15254 -0.595544 0)
(5.63008 -0.127859 0)
(6.44931 -0.130881 0)
(6.89417 -0.069692 0)
(7.20708 -0.0430749 0)
(7.44319 -0.0300911 0)
(7.60359 -0.0226435 0)
(7.74137 -0.0109311 0)
(15.3176 1.47961 0)
(4.98115 0.751052 0)
(8.3253 -0.709123 0)
(7.89616 -0.203849 0)
(8.42964 -0.187035 0)
(8.79202 -0.120746 0)
(9.10608 -0.0832267 0)
(9.39749 -0.0593415 0)
(9.60507 -0.0445561 0)
(9.81185 -0.0216968 0)
(16.5471 1.61834 0)
(8.33737 1.00001 0)
(10.4423 -0.714925 0)
(10.0387 -0.258882 0)
(10.23 -0.209351 0)
(10.3827 -0.15437 0)
(10.5699 -0.122952 0)
(10.8381 -0.0950402 0)
(11.057 -0.0753529 0)
(11.3319 -0.0373438 0)
(16.4131 1.38101 0)
(10.7512 1.09108 0)
(12.1229 -0.687253 0)
(11.7891 -0.304533 0)
(11.6921 -0.201063 0)
(11.6075 -0.153902 0)
(11.6007 -0.141922 0)
(11.7506 -0.123737 0)
(11.9034 -0.111327 0)
(12.1998 -0.0593037 0)
(15.7525 1.30847 0)
(12.3533 1.12368 0)
(13.2164 -0.611466 0)
(12.8686 -0.322184 0)
(12.5698 -0.166804 0)
(12.3317 -0.125791 0)
(12.2138 -0.135824 0)
(12.2534 -0.131606 0)
(12.3223 -0.131383 0)
(12.5243 -0.0749616 0)
(14.6953 1.26254 0)
(13.1687 1.05321 0)
(13.6412 -0.529115 0)
(13.2123 -0.317077 0)
(12.8641 -0.128284 0)
(12.6537 -0.0949315 0)
(12.5625 -0.126983 0)
(12.5588 -0.135954 0)
(12.5824 -0.14476 0)
(12.6648 -0.0855423 0)
(13.5438 1.12538 0)
(13.261 0.892266 0)
(13.545 -0.443433 0)
(13.1477 -0.299106 0)
(12.9002 -0.107064 0)
(12.8199 -0.0773862 0)
(12.8046 -0.119081 0)
(12.7846 -0.133009 0)
(12.7743 -0.143852 0)
(12.7607 -0.0857348 0)
(12.6974 0.955023 0)
(13.0156 0.706968 0)
(13.2799 -0.371665 0)
(13.0171 -0.292521 0)
(12.9221 -0.111085 0)
(12.9749 -0.075975 0)
(13.0218 -0.117029 0)
(12.9798 -0.130623 0)
(12.9327 -0.140544 0)
(12.8372 -0.0837503 0)
(12.2909 0.789917 0)
(12.7684 0.546403 0)
(13.0726 -0.301784 0)
(12.9644 -0.289876 0)
(13.0124 -0.13067 0)
(13.165 -0.0855754 0)
(13.2432 -0.115061 0)
(13.1644 -0.121996 0)
(13.0729 -0.126984 0)
(12.9019 -0.074834 0)
(12.0502 0.662253 0)
(12.6368 0.398487 0)
(12.9728 -0.260412 0)
(12.9872 -0.303286 0)
(13.1482 -0.16533 0)
(13.367 -0.103555 0)
(13.4527 -0.112406 0)
(13.3299 -0.108699 0)
(13.1923 -0.107382 0)
(12.955 -0.0623522 0)
(11.877 0.549111 0)
(12.5931 0.253433 0)
(12.9356 -0.241834 0)
(13.0493 -0.325636 0)
(13.291 -0.20927 0)
(13.5426 -0.127304 0)
(13.6176 -0.10803 0)
(13.4538 -0.089968 0)
(13.2785 -0.0809962 0)
(12.9923 -0.0458236 0)
(11.798 0.390735 0)
(12.5876 0.115242 0)
(12.9614 -0.241237 0)
(13.1877 -0.356901 0)
(13.4299 -0.258916 0)
(13.62 -0.152716 0)
(13.6345 -0.100625 0)
(13.4374 -0.06653 0)
(13.2511 -0.0497964 0)
(12.966 -0.026696 0)
(11.7089 0.242604 0)
(12.4872 0.00353639 0)
(13.0586 -0.269393 0)
(13.3452 -0.395022 0)
(13.3583 -0.293097 0)
(13.3018 -0.162563 0)
(13.1753 -0.0856786 0)
(12.964 -0.04232 0)
(12.8082 -0.0218381 0)
(12.6096 -0.0100611 0)
(11.538 0.147266 0)
(12.5511 -0.113245 0)
(13.2089 -0.328715 0)
(13.0721 -0.400775 0)
(12.6022 -0.274091 0)
(12.2359 -0.136342 0)
(11.9869 -0.0582546 0)
(11.8001 -0.0198597 0)
(11.6962 -0.00441185 0)
(11.5934 -0.00122592 0)
(11.4739 -0.011932 0)
(12.5579 -0.242892 0)
(12.5079 -0.335392 0)
(11.7148 -0.327983 0)
(10.8997 -0.199371 0)
(10.4072 -0.0868014 0)
(10.1601 -0.0290697 0)
(10.0356 -0.00470883 0)
(9.98769 0.00370442 0)
(9.95103 0.00226688 0)
(11.1059 -0.247927 0)
(11.1857 -0.264851 0)
(10.4007 -0.241261 0)
(9.32105 -0.202175 0)
(8.47041 -0.110602 0)
(8.02924 -0.0413581 0)
(7.85477 -0.00993152 0)
(7.79651 0.00189067 0)
(7.79343 0.00559337 0)
(7.79565 0.0027905 0)
(8.95751 -0.281365 0)
(8.10422 -0.156669 0)
(7.13387 -0.112299 0)
(6.19224 -0.0843477 0)
(5.54512 -0.0404325 0)
(5.25057 -0.0120541 0)
(5.16271 -0.00084279 0)
(5.15375 0.0030279 0)
(5.17334 0.00365411 0)
(5.1903 0.00169851 0)
(3.90819 -0.14143 0)
(3.25843 -0.0149461 0)
(2.71742 -0.00371725 0)
(2.28884 -0.00229104 0)
(2.01936 0.000723519 0)
(1.92154 0.00109393 0)
(1.90667 0.000588815 0)
(1.91672 0.000479118 0)
(1.93398 0.000498228 0)
(1.94704 0.00025996 0)
)
;

boundaryField
{
    inlet
    {
        type            fixedValue;
        value           uniform (10 0 0);
    }
    outlet
    {
        type            zeroGradient;
    }
    walls
    {
        type            fixedValue;
        value           uniform (0 0 0);
    }
    frontAndBack
    {
        type            empty;
    }
}


// ************************************************************************* //
