/*--------------------------------*- C++ -*----------------------------------*\
| =========                 |                                                 |
| \\      /  F ield         | OpenFOAM: The Open Source CFD Toolbox           |
|  \\    /   O peration     | Version:  2.4.0                                 |
|   \\  /    A nd           | Web:      www.OpenFOAM.org                      |
|    \\/     M anipulation  |                                                 |
\*---------------------------------------------------------------------------*/
FoamFile
{
    version     2.0;
    format      ascii;
    class       volVectorField;
    location    "0.017";
    object      UMean;
}
// * * * * * * * * * * * * * * * * * * * * * * * * * * * * * * * * * * * * * //

dimensions      [0 1 -1 0 0 0 0];

internalField   nonuniform List<vector> 
4400
(
(5.67445 0.288597 0)
(4.13637 0.0665333 0)
(3.46971 0.00221173 0)
(3.21828 -0.00318637 0)
(3.17064 -0.00163383 0)
(3.22088 -0.00113809 0)
(3.20014 -0.000122394 0)
(3.32793 -0.000883612 0)
(3.36934 -0.0148678 0)
(3.56461 0.0041394 0)
(8.5678 0.744906 0)
(8.2608 0.29649 0)
(7.51155 0.091281 0)
(7.00016 0.0282682 0)
(6.81407 -0.00164672 0)
(6.91653 -0.00185086 0)
(6.78676 -0.0108223 0)
(7.18342 -0.00545214 0)
(6.69623 -0.0316721 0)
(8.56206 -0.448157 0)
(9.46869 0.785901 0)
(10.3525 0.385702 0)
(9.97838 0.156721 0)
(9.4604 0.0698937 0)
(9.17397 0.00620321 0)
(9.29934 0.000972734 0)
(9.0822 -0.0287617 0)
(9.58295 0.0124429 0)
(9.00768 -0.15683 0)
(10.6278 -0.449763 0)
(9.58275 0.663377 0)
(11.1588 0.380153 0)
(11.2608 0.184481 0)
(10.9367 0.108828 0)
(10.6427 0.0151737 0)
(10.7568 0.0139807 0)
(10.5437 -0.0469994 0)
(10.9125 0.0218583 0)
(10.7255 -0.211012 0)
(11.1625 -0.469993 0)
(9.52846 0.535443 0)
(11.2646 0.324518 0)
(11.6944 0.16918 0)
(11.5745 0.118534 0)
(11.4359 0.0276689 0)
(11.4147 0.0107882 0)
(11.4354 -0.0309765 0)
(11.4129 -0.0222479 0)
(11.6841 -0.163509 0)
(11.471 -0.590935 0)
(9.50968 0.428355 0)
(11.1986 0.266089 0)
(11.7158 0.132266 0)
(11.7192 0.109569 0)
(11.6959 0.0214834 0)
(11.6544 0.0226698 0)
(11.7181 -0.0490786 0)
(11.6725 -0.00455365 0)
(11.8238 -0.246148 0)
(11.6864 -0.485407 0)
(9.50776 0.329664 0)
(11.1494 0.207164 0)
(11.659 0.104833 0)
(11.7251 0.0781396 0)
(11.6951 0.0287901 0)
(11.7346 0.00252033 0)
(11.7074 -0.0167725 0)
(11.7783 -0.0539904 0)
(11.7394 -0.190746 0)
(11.7416 -0.538447 0)
(9.51242 0.231128 0)
(11.1034 0.155027 0)
(11.6438 0.0639081 0)
(11.6771 0.0699999 0)
(11.7085 0.00381184 0)
(11.6938 0.0199881 0)
(11.7219 -0.0371766 0)
(11.7489 -0.0338951 0)
(11.7245 -0.225929 0)
(11.6276 -0.53377 0)
(9.51219 0.138576 0)
(11.0812 0.0907318 0)
(11.6216 0.0431935 0)
(11.6655 0.0341385 0)
(11.6911 0.0107646 0)
(11.682 0.00232128 0)
(11.7185 -0.0214879 0)
(11.7301 -0.056395 0)
(11.6898 -0.21031 0)
(11.5495 -0.504136 0)
(9.51313 0.0443336 0)
(11.0674 0.0351123 0)
(11.6145 0.00617025 0)
(11.6563 0.0230192 0)
(11.6829 -0.0111805 0)
(11.6811 0.00934176 0)
(11.7071 -0.0270378 0)
(11.716 -0.058228 0)
(11.6646 -0.201248 0)
(11.4864 -0.486296 0)
(9.51314 -0.0465161 0)
(11.0672 -0.0288678 0)
(11.6146 -0.016718 0)
(11.6553 -0.00801734 0)
(11.6845 -0.011475 0)
(11.6774 0.00143785 0)
(11.7054 -0.0266443 0)
(11.7049 -0.0545977 0)
(11.6391 -0.199144 0)
(11.439 -0.458605 0)
(9.51343 -0.140062 0)
(11.0783 -0.0865724 0)
(11.6245 -0.0502052 0)
(11.6626 -0.0244551 0)
(11.6903 -0.0269036 0)
(11.6821 0.00130065 0)
(11.7041 -0.0238283 0)
(11.6951 -0.0620861 0)
(11.618 -0.186971 0)
(11.3865 -0.411266 0)
(9.51331 -0.233748 0)
(11.1016 -0.147425 0)
(11.6436 -0.0774655 0)
(11.6778 -0.0501049 0)
(11.7037 -0.0332089 0)
(11.6903 -0.000439899 0)
(11.7066 -0.027104 0)
(11.689 -0.0548452 0)
(11.5978 -0.174041 0)
(11.3506 -0.365603 0)
(9.51246 -0.330596 0)
(11.1378 -0.20459 0)
(11.675 -0.109571 0)
(11.7021 -0.0713548 0)
(11.7193 -0.042727 0)
(11.699 -0.00150647 0)
(11.7081 -0.0240344 0)
(11.6805 -0.0532614 0)
(11.5793 -0.163234 0)
(11.3175 -0.319945 0)
(9.51163 -0.429788 0)
(11.1931 -0.261298 0)
(11.7206 -0.142136 0)
(11.7146 -0.0939277 0)
(11.6927 -0.0495603 0)
(11.6531 -0.000983528 0)
(11.6648 -0.0242494 0)
(11.6177 -0.0454994 0)
(11.5186 -0.148164 0)
(11.2225 -0.261386 0)
(9.5282 -0.536221 0)
(11.2621 -0.321891 0)
(11.6983 -0.175404 0)
(11.5643 -0.108359 0)
(11.447 -0.0483333 0)
(11.3787 0.000411973 0)
(11.4024 -0.0212445 0)
(11.3167 -0.0382997 0)
(11.245 -0.131823 0)
(10.8614 -0.202126 0)
(9.58274 -0.663911 0)
(11.1552 -0.378291 0)
(11.2699 -0.189402 0)
(10.9093 -0.100075 0)
(10.6961 -0.0351165 0)
(10.6256 0.00319583 0)
(10.6566 -0.0169965 0)
(10.5384 -0.0291227 0)
(10.4921 -0.108565 0)
(9.98 -0.133693 0)
(9.46711 -0.786075 0)
(10.3525 -0.384979 0)
(9.98145 -0.159018 0)
(9.44217 -0.0661555 0)
(9.21398 -0.0161723 0)
(9.17337 0.00443393 0)
(9.2012 -0.0114805 0)
(9.0768 -0.0203621 0)
(9.034 -0.0781831 0)
(8.41814 -0.0646594 0)
(8.56668 -0.745008 0)
(8.26157 -0.296163 0)
(7.51134 -0.092307 0)
(6.99071 -0.0269018 0)
(6.83338 -0.00271358 0)
(6.82872 0.00308377 0)
(6.84508 -0.00592926 0)
(6.74353 -0.0119695 0)
(6.68309 -0.0405893 0)
(6.08886 -0.018552 0)
(5.67394 -0.288627 0)
(4.13684 -0.0664706 0)
(3.46875 -0.00239046 0)
(3.21498 0.0033887 0)
(3.17301 0.00137673 0)
(3.18595 0.000499781 0)
(3.18831 -0.000877215 0)
(3.13663 -0.00182517 0)
(3.07264 -0.00437309 0)
(2.74565 0.0206887 0)
(6.18469 -1.86922 0)
(7.67442 -1.74721 0)
(8.38181 -2.16699 0)
(8.64658 -2.85014 0)
(8.54936 -3.36385 0)
(8.08164 -3.64222 0)
(7.51147 -3.69635 0)
(7.01202 -3.5858 0)
(6.53125 -3.27586 0)
(6.13237 -2.82072 0)
(5.84329 -2.34131 0)
(5.65767 -1.91215 0)
(5.52782 -1.56042 0)
(5.43277 -1.27246 0)
(5.36591 -1.03145 0)
(5.3157 -0.833425 0)
(5.2772 -0.673768 0)
(5.24882 -0.545496 0)
(5.22797 -0.442402 0)
(5.21225 -0.359394 0)
(5.20026 -0.29229 0)
(5.19121 -0.237829 0)
(5.18446 -0.193531 0)
(5.17948 -0.157476 0)
(5.17581 -0.12813 0)
(5.1731 -0.104246 0)
(5.17109 -0.0848089 0)
(5.16959 -0.0689907 0)
(5.16847 -0.0561175 0)
(5.16762 -0.0456415 0)
(5.16698 -0.0371164 0)
(5.16649 -0.0301793 0)
(5.16612 -0.0245345 0)
(5.16583 -0.0199412 0)
(5.16561 -0.0162031 0)
(5.16543 -0.0131609 0)
(5.1653 -0.0106847 0)
(5.16519 -0.00866854 0)
(5.1651 -0.00702588 0)
(5.16504 -0.00568598 0)
(5.16498 -0.00459149 0)
(5.16494 -0.00369582 0)
(5.16491 -0.00296071 0)
(5.16488 -0.00235442 0)
(5.16486 -0.00185094 0)
(5.16485 -0.00142878 0)
(5.16483 -0.00107006 0)
(5.16483 -0.000759626 0)
(5.16482 -0.000484452 0)
(5.16482 -0.000233095 0)
(5.16481 4.67965e-06 0)
(5.16481 0.000238459 0)
(5.16482 0.000477395 0)
(5.16482 0.000730823 0)
(5.16483 0.0010084 0)
(5.16483 0.00132066 0)
(5.16485 0.0016792 0)
(5.16486 0.00209739 0)
(5.16488 0.00259055 0)
(5.1649 0.0031768 0)
(5.16492 0.00387752 0)
(5.16496 0.00471831 0)
(5.165 0.00572977 0)
(5.16505 0.00694876 0)
(5.16511 0.00841958 0)
(5.16518 0.0101958 0)
(5.16528 0.0123418 0)
(5.16539 0.0149362 0)
(5.16553 0.0180723 0)
(5.1657 0.0218673 0)
(5.16593 0.0264522 0)
(5.16618 0.0320153 0)
(5.16656 0.0387078 0)
(5.16688 0.0469159 0)
(5.16767 0.056599 0)
(5.16784 0.0689729 0)
(5.16983 0.082518 0)
(5.16881 0.102352 0)
(5.17452 0.119293 0)
(5.16867 0.155338 0)
(5.18427 0.169486 0)
(5.16432 0.244773 0)
(5.19912 0.235367 0)
(5.15044 0.394127 0)
(5.20724 0.323197 0)
(5.12061 0.60674 0)
(5.19509 0.450064 0)
(5.07819 0.85541 0)
(5.17225 0.663103 0)
(5.02883 1.13983 0)
(5.17195 1.00017 0)
(4.96598 1.5613 0)
(5.16464 1.46371 0)
(4.95671 2.2311 0)
(5.13993 2.1489 0)
(4.94628 3.29944 0)
(5.23096 3.27355 0)
(4.67608 5.16707 0)
(6.14815 5.50223 0)
(3.65726 10.1376 0)
(7.95449 -2.08615 0)
(8.84555 -2.1128 0)
(9.18168 -2.39166 0)
(9.18997 -2.86338 0)
(8.9931 -3.24175 0)
(8.51998 -3.43291 0)
(7.98133 -3.46716 0)
(7.3933 -3.3656 0)
(6.81709 -3.08043 0)
(6.36867 -2.66164 0)
(6.03933 -2.22627 0)
(5.81434 -1.83632 0)
(5.66414 -1.50531 0)
(5.54777 -1.23103 0)
(5.45899 -1.00136 0)
(5.39199 -0.810587 0)
(5.33868 -0.656176 0)
(5.29697 -0.532397 0)
(5.26576 -0.432746 0)
(5.24258 -0.35213 0)
(5.22501 -0.28674 0)
(5.21148 -0.233591 0)
(5.20104 -0.190318 0)
(5.193 -0.155051 0)
(5.18683 -0.126297 0)
(5.18207 -0.102857 0)
(5.17839 -0.0837503 0)
(5.17554 -0.0681797 0)
(5.17331 -0.0554929 0)
(5.17156 -0.0451577 0)
(5.17019 -0.03674 0)
(5.1691 -0.0298848 0)
(5.16824 -0.0243032 0)
(5.16756 -0.0197588 0)
(5.16701 -0.0160589 0)
(5.16658 -0.0130462 0)
(5.16623 -0.0105935 0)
(5.16595 -0.00859598 0)
(5.16572 -0.00696805 0)
(5.16554 -0.00563989 0)
(5.1654 -0.00455469 0)
(5.16528 -0.00366651 0)
(5.16519 -0.00293745 0)
(5.16511 -0.00233613 0)
(5.16505 -0.00183665 0)
(5.16501 -0.00141777 0)
(5.16497 -0.00106177 0)
(5.16495 -0.00075365 0)
(5.16493 -0.000480457 0)
(5.16492 -0.000230869 0)
(5.16491 5.30475e-06 0)
(5.16491 0.000237512 0)
(5.16492 0.000474899 0)
(5.16493 0.000726678 0)
(5.16495 0.0010025 0)
(5.16497 0.00131274 0)
(5.16501 0.00166902 0)
(5.16505 0.00208452 0)
(5.1651 0.00257455 0)
(5.16517 0.00315703 0)
(5.16525 0.00385328 0)
(5.16534 0.00468868 0)
(5.16546 0.00569365 0)
(5.16561 0.00690472 0)
(5.16579 0.00836591 0)
(5.166 0.0101304 0)
(5.16626 0.012262 0)
(5.16658 0.0148387 0)
(5.16697 0.017953 0)
(5.16744 0.0217211 0)
(5.16804 0.0262724 0)
(5.16872 0.0317947 0)
(5.16966 0.0384318 0)
(5.17059 0.0465837 0)
(5.17226 0.0561525 0)
(5.1732 0.068502 0)
(5.17684 0.0816772 0)
(5.17626 0.101903 0)
(5.18598 0.117185 0)
(5.17815 0.156168 0)
(5.20506 0.16299 0)
(5.17517 0.252141 0)
(5.2373 0.217305 0)
(5.16682 0.41931 0)
(5.26356 0.286551 0)
(5.15791 0.658191 0)
(5.25144 0.390343 0)
(5.154 0.937182 0)
(5.20028 0.564036 0)
(5.17153 1.25482 0)
(5.14665 0.86283 0)
(5.19438 1.69808 0)
(5.1726 1.3098 0)
(5.19488 2.35911 0)
(5.3755 2.01783 0)
(5.03418 3.46962 0)
(5.92365 3.08264 0)
(4.60361 5.50333 0)
(7.62321 4.97073 0)
(5.48064 10.6625 0)
(9.86198 -1.71702 0)
(9.82463 -2.0654 0)
(9.95955 -2.4347 0)
(9.8437 -2.82843 0)
(9.49784 -3.09275 0)
(8.95964 -3.19919 0)
(8.32752 -3.21329 0)
(7.64523 -3.1129 0)
(7.01649 -2.86198 0)
(6.55571 -2.49409 0)
(6.22442 -2.10065 0)
(5.96903 -1.74888 0)
(5.79357 -1.44449 0)
(5.66004 -1.18329 0)
(5.5499 -0.96364 0)
(5.46537 -0.781243 0)
(5.39951 -0.632993 0)
(5.34628 -0.514434 0)
(5.30454 -0.419291 0)
(5.27304 -0.342099 0)
(5.24934 -0.279117 0)
(5.23122 -0.2277 0)
(5.21715 -0.185739 0)
(5.20617 -0.151492 0)
(5.19758 -0.123532 0)
(5.19084 -0.100704 0)
(5.18555 -0.0820685 0)
(5.18137 -0.0668606 0)
(5.17806 -0.0544539 0)
(5.17544 -0.0443364 0)
(5.17334 -0.0360884 0)
(5.17167 -0.0293662 0)
(5.17034 -0.0238893 0)
(5.16926 -0.0194277 0)
(5.1684 -0.0157934 0)
(5.16771 -0.0128332 0)
(5.16715 -0.0104223 0)
(5.1667 -0.00845813 0)
(5.16634 -0.00685698 0)
(5.16604 -0.00555041 0)
(5.16581 -0.00448265 0)
(5.16562 -0.00360858 0)
(5.16546 -0.00289104 0)
(5.16534 -0.00229915 0)
(5.16524 -0.00180741 0)
(5.16517 -0.00139496 0)
(5.16511 -0.00104439 0)
(5.16507 -0.000740916 0)
(5.16504 -0.000471801 0)
(5.16502 -0.00022584 0)
(5.16501 6.95629e-06 0)
(5.16501 0.000235954 0)
(5.16502 0.00047014 0)
(5.16504 0.000718608 0)
(5.16507 0.000990853 0)
(5.16511 0.00129713 0)
(5.16517 0.00164887 0)
(5.16524 0.00205909 0)
(5.16532 0.0025429 0)
(5.16543 0.00311799 0)
(5.16556 0.00380539 0)
(5.16572 0.00463016 0)
(5.16592 0.0056223 0)
(5.16616 0.00681786 0)
(5.16645 0.00826026 0)
(5.16681 0.0100019 0)
(5.16724 0.0121059 0)
(5.16776 0.0146487 0)
(5.1684 0.0177218 0)
(5.16917 0.0214394 0)
(5.17012 0.0259289 0)
(5.17124 0.031375 0)
(5.17272 0.0379166 0)
(5.17426 0.0459563 0)
(5.17681 0.0553584 0)
(5.17845 0.0675843 0)
(5.18383 0.0803325 0)
(5.18337 0.100753 0)
(5.19778 0.114287 0)
(5.18623 0.155935 0)
(5.22857 0.154558 0)
(5.17978 0.259066 0)
(5.28954 0.191548 0)
(5.1633 0.450985 0)
(5.36591 0.226062 0)
(5.16316 0.7308 0)
(5.4166 0.28918 0)
(5.18595 1.0424 0)
(5.46604 0.442794 0)
(5.18778 1.36998 0)
(5.56968 0.738312 0)
(5.13826 1.81968 0)
(5.76211 1.14119 0)
(5.08937 2.51791 0)
(6.15306 1.7048 0)
(5.11218 3.67367 0)
(7.05167 2.61225 0)
(4.97428 5.60572 0)
(9.14737 4.11387 0)
(6.79542 10.514 0)
(11.0766 -1.78751 0)
(10.5574 -2.21291 0)
(10.3987 -2.49232 0)
(10.1883 -2.73441 0)
(9.75265 -2.87404 0)
(9.14661 -2.92438 0)
(8.4488 -2.93886 0)
(7.75891 -2.86437 0)
(7.15053 -2.65188 0)
(6.70265 -2.3356 0)
(6.39071 -1.98019 0)
(6.12402 -1.65227 0)
(5.91555 -1.37224 0)
(5.76255 -1.12831 0)
(5.63482 -0.919564 0)
(5.53195 -0.746227 0)
(5.45389 -0.604974 0)
(5.39226 -0.491911 0)
(5.34249 -0.401724 0)
(5.30341 -0.328812 0)
(5.27346 -0.269108 0)
(5.25054 -0.22005 0)
(5.2328 -0.179802 0)
(5.21892 -0.146844 0)
(5.20799 -0.119877 0)
(5.19935 -0.0978209 0)
(5.1925 -0.079788 0)
(5.18705 -0.065051 0)
(5.18269 -0.053014 0)
(5.17922 -0.0431873 0)
(5.17643 -0.0351691 0)
(5.17419 -0.0286292 0)
(5.17238 -0.0232973 0)
(5.17093 -0.0189513 0)
(5.16976 -0.0154097 0)
(5.16882 -0.012524 0)
(5.16805 -0.0101727 0)
(5.16743 -0.0082565 0)
(5.16693 -0.00669404 0)
(5.16653 -0.00541891 0)
(5.16621 -0.00437668 0)
(5.16594 -0.0035233 0)
(5.16573 -0.00282266 0)
(5.16557 -0.00224467 0)
(5.16543 -0.00176442 0)
(5.16533 -0.00136153 0)
(5.16525 -0.001019 0)
(5.16519 -0.000722412 0)
(5.16514 -0.000459283 0)
(5.16512 -0.000218678 0)
(5.1651 9.1744e-06 0)
(5.16511 0.000233432 0)
(5.16512 0.000462892 0)
(5.16515 0.000706431 0)
(5.16519 0.000973354 0)
(5.16525 0.0012737 0)
(5.16532 0.00161869 0)
(5.16542 0.00202104 0)
(5.16554 0.00249558 0)
(5.16569 0.00305966 0)
(5.16588 0.0037339 0)
(5.1661 0.00454287 0)
(5.16637 0.00551598 0)
(5.16671 0.00668858 0)
(5.16711 0.00810322 0)
(5.1676 0.00981124 0)
(5.1682 0.0118744 0)
(5.16892 0.0143676 0)
(5.1698 0.0173806 0)
(5.17086 0.0210243 0)
(5.17218 0.0254245 0)
(5.17372 0.030759 0)
(5.17574 0.0371674 0)
(5.17786 0.0450366 0)
(5.18129 0.0542291 0)
(5.18356 0.066216 0)
(5.19077 0.0785259 0)
(5.19012 0.0988511 0)
(5.2097 0.110809 0)
(5.19328 0.154112 0)
(5.25292 0.145747 0)
(5.18145 0.261268 0)
(5.34752 0.166768 0)
(5.14548 0.471113 0)
(5.50068 0.168142 0)
(5.1124 0.787344 0)
(5.67578 0.185836 0)
(5.13066 1.13514 0)
(5.85572 0.29725 0)
(5.19609 1.51474 0)
(5.98469 0.548673 0)
(5.24435 2.02633 0)
(6.0418 0.884277 0)
(5.23924 2.75584 0)
(6.36068 1.38636 0)
(5.05468 3.84517 0)
(7.95552 2.2945 0)
(4.90533 5.79861 0)
(10.3534 2.90896 0)
(8.12984 9.88039 0)
(11.5225 -1.48057 0)
(11.1933 -1.82218 0)
(10.7487 -2.19329 0)
(10.2848 -2.46434 0)
(9.74111 -2.58664 0)
(9.13275 -2.6458 0)
(8.48397 -2.68646 0)
(7.86121 -2.6325 0)
(7.3131 -2.44375 0)
(6.87549 -2.17061 0)
(6.5526 -1.85661 0)
(6.27455 -1.54942 0)
(6.02972 -1.2871 0)
(5.84746 -1.06256 0)
(5.70579 -0.868605 0)
(5.58893 -0.706901 0)
(5.49866 -0.5746 0)
(5.43001 -0.467559 0)
(5.37548 -0.381894 0)
(5.33149 -0.313022 0)
(5.29656 -0.256841 0)
(5.26923 -0.210583 0)
(5.24791 -0.172451 0)
(5.23121 -0.141083 0)
(5.21802 -0.115332 0)
(5.20755 -0.0942184 0)
(5.1992 -0.076922 0)
(5.19253 -0.0627641 0)
(5.18717 -0.0511842 0)
(5.18287 -0.0417197 0)
(5.17941 -0.0339897 0)
(5.17662 -0.0276798 0)
(5.17437 -0.0225318 0)
(5.17255 -0.0183336 0)
(5.17108 -0.0149107 0)
(5.16989 -0.0121206 0)
(5.16893 -0.00984653 0)
(5.16815 -0.0079926 0)
(5.16752 -0.00648055 0)
(5.16701 -0.00524638 0)
(5.1666 -0.0042375 0)
(5.16626 -0.00341128 0)
(5.166 -0.00273281 0)
(5.16578 -0.00217304 0)
(5.16561 -0.00170785 0)
(5.16548 -0.00131748 0)
(5.16538 -0.000985492 0)
(5.1653 -0.000697923 0)
(5.16525 -0.000442666 0)
(5.16521 -0.000209123 0)
(5.1652 1.22076e-05 0)
(5.1652 0.000230189 0)
(5.16522 0.00045336 0)
(5.16525 0.00069035 0)
(5.16531 0.000950203 0)
(5.16538 0.00124268 0)
(5.16548 0.0015787 0)
(5.1656 0.00197063 0)
(5.16576 0.0024329 0)
(5.16595 0.00298243 0)
(5.16618 0.0036393 0)
(5.16647 0.00442742 0)
(5.16682 0.00537545 0)
(5.16724 0.0065178 0)
(5.16775 0.0078959 0)
(5.16838 0.00955968 0)
(5.16914 0.0115693 0)
(5.17006 0.0139974 0)
(5.17117 0.0169315 0)
(5.17252 0.0204785 0)
(5.17418 0.0247626 0)
(5.17613 0.0299508 0)
(5.17868 0.0361906 0)
(5.18136 0.0438279 0)
(5.18566 0.0527826 0)
(5.18849 0.0643874 0)
(5.19764 0.0763185 0)
(5.1963 0.0961564 0)
(5.22206 0.10685 0)
(5.19812 0.150926 0)
(5.27966 0.135711 0)
(5.17784 0.261073 0)
(5.41107 0.136645 0)
(5.12773 0.485788 0)
(5.64942 0.0908555 0)
(5.08227 0.835537 0)
(6.00735 0.0324595 0)
(5.10549 1.21474 0)
(6.51919 0.068429 0)
(5.25164 1.60476 0)
(7.17067 0.271933 0)
(5.41231 2.14002 0)
(8.04297 0.619684 0)
(5.35174 2.87958 0)
(9.22276 1.18432 0)
(4.85788 3.98586 0)
(10.4163 1.82035 0)
(5.25859 6.08335 0)
(10.3693 1.76334 0)
(8.85499 9.22484 0)
(11.6032 -1.35395 0)
(11.327 -1.79411 0)
(10.8467 -2.15567 0)
(10.2905 -2.39838 0)
(9.72492 -2.48604 0)
(9.14961 -2.5023 0)
(8.55576 -2.49787 0)
(7.98764 -2.42463 0)
(7.50409 -2.25468 0)
(7.08707 -2.01192 0)
(6.72215 -1.72647 0)
(6.41174 -1.43779 0)
(6.13747 -1.19103 0)
(5.92103 -0.985887 0)
(5.76187 -0.808323 0)
(5.63619 -0.659652 0)
(5.53609 -0.539181 0)
(5.45976 -0.441119 0)
(5.40131 -0.361132 0)
(5.35485 -0.296171 0)
(5.31715 -0.243251 0)
(5.28666 -0.199806 0)
(5.26229 -0.163965 0)
(5.24295 -0.134384 0)
(5.22761 -0.110011 0)
(5.21539 -0.0899701 0)
(5.20562 -0.0735182 0)
(5.19777 -0.0600307 0)
(5.19147 -0.0489855 0)
(5.18638 -0.0399486 0)
(5.18228 -0.0325613 0)
(5.17896 -0.0265264 0)
(5.17628 -0.0215996 0)
(5.17411 -0.0175796 0)
(5.17235 -0.0143004 0)
(5.17093 -0.0116265 0)
(5.16977 -0.00944651 0)
(5.16884 -0.00766862 0)
(5.16808 -0.0062182 0)
(5.16747 -0.00503421 0)
(5.16697 -0.00406627 0)
(5.16657 -0.00327338 0)
(5.16625 -0.00262211 0)
(5.16599 -0.00208469 0)
(5.16579 -0.00163801 0)
(5.16563 -0.00126307 0)
(5.1655 -0.00094409 0)
(5.16541 -0.000667671 0)
(5.16535 -0.000422143 0)
(5.16531 -0.000197329 0)
(5.16529 1.59222e-05 0)
(5.16529 0.000226125 0)
(5.16531 0.000441505 0)
(5.16536 0.000670388 0)
(5.16542 0.000921484 0)
(5.16551 0.00120422 0)
(5.16563 0.00152913 0)
(5.16578 0.00190817 0)
(5.16596 0.00235526 0)
(5.16619 0.0028868 0)
(5.16648 0.0035222 0)
(5.16682 0.00428457 0)
(5.16725 0.00520162 0)
(5.16776 0.00630661 0)
(5.16838 0.00763961 0)
(5.16913 0.00924882 0)
(5.17005 0.0111924 0)
(5.17116 0.0135403 0)
(5.1725 0.0163774 0)
(5.17413 0.0198056 0)
(5.17612 0.0239479 0)
(5.17848 0.0289555 0)
(5.18152 0.0349941 0)
(5.18476 0.0423354 0)
(5.18989 0.051043 0)
(5.19326 0.0620721 0)
(5.20433 0.0738529 0)
(5.20192 0.0923765 0)
(5.23491 0.103279 0)
(5.19934 0.144763 0)
(5.31238 0.128448 0)
(5.15366 0.253189 0)
(5.50399 0.11429 0)
(5.0338 0.486049 0)
(5.87734 0.0342877 0)
(4.8689 0.86311 0)
(6.43611 -0.0650495 0)
(4.71531 1.28992 0)
(7.15544 -0.101585 0)
(4.67231 1.73572 0)
(8.10824 0.0165096 0)
(4.6852 2.28889 0)
(9.39999 0.263651 0)
(4.81739 3.03146 0)
(10.8225 0.679807 0)
(5.40142 4.15865 0)
(11.4918 1.00348 0)
(7.07148 6.1937 0)
(10.6609 1.2579 0)
(9.49858 8.42892 0)
(11.5057 -1.28257 0)
(11.2625 -1.57322 0)
(10.8807 -1.79255 0)
(10.3622 -1.98305 0)
(9.81202 -2.09021 0)
(9.28855 -2.14936 0)
(8.77236 -2.1808 0)
(8.2542 -2.15234 0)
(7.76868 -2.02817 0)
(7.31326 -1.8169 0)
(6.86996 -1.5611 0)
(6.4954 -1.29963 0)
(6.20458 -1.07582 0)
(5.97627 -0.8972 0)
(5.80445 -0.74167 0)
(5.67454 -0.605566 0)
(5.57033 -0.495336 0)
(5.48657 -0.40803 0)
(5.42179 -0.33664 0)
(5.37215 -0.27719 0)
(5.33296 -0.227926 0)
(5.3011 -0.187376 0)
(5.27501 -0.154013 0)
(5.25377 -0.126495 0)
(5.23661 -0.103769 0)
(5.22281 -0.0850122 0)
(5.2117 -0.0695595 0)
(5.20276 -0.056855 0)
(5.19555 -0.0464293 0)
(5.18972 -0.0378863 0)
(5.185 -0.0308947 0)
(5.18119 -0.0251783 0)
(5.1781 -0.0205081 0)
(5.17559 -0.0166953 0)
(5.17356 -0.0135839 0)
(5.17191 -0.0110458 0)
(5.17058 -0.00897569 0)
(5.16949 -0.007287 0)
(5.16862 -0.00590908 0)
(5.1679 -0.00478409 0)
(5.16733 -0.00386422 0)
(5.16686 -0.00311054 0)
(5.16649 -0.00249134 0)
(5.16619 -0.00198031 0)
(5.16596 -0.00155549 0)
(5.16577 -0.0011988 0)
(5.16563 -0.000895203 0)
(5.16552 -0.000631954 0)
(5.16544 -0.000397937 0)
(5.1654 -0.000183442 0)
(5.16537 2.02436e-05 0)
(5.16538 0.00022123 0)
(5.1654 0.00042738 0)
(5.16545 0.000646657 0)
(5.16553 0.000887375 0)
(5.16563 0.00115857 0)
(5.16577 0.00147031 0)
(5.16595 0.00183405 0)
(5.16616 0.00226317 0)
(5.16643 0.00277339 0)
(5.16676 0.00338334 0)
(5.16717 0.0041152 0)
(5.16766 0.00499555 0)
(5.16826 0.00605632 0)
(5.16898 0.00733594 0)
(5.16986 0.00888061 0)
(5.17093 0.0107461 0)
(5.17222 0.0129993 0)
(5.17378 0.015722 0)
(5.17567 0.0190101 0)
(5.17799 0.0229854 0)
(5.18074 0.0277804 0)
(5.18425 0.033585 0)
(5.18804 0.0405715 0)
(5.1939 0.0490212 0)
(5.19793 0.0592845 0)
(5.2105 0.0711837 0)
(5.20777 0.0874084 0)
(5.24612 0.100628 0)
(5.20197 0.134447 0)
(5.33928 0.127604 0)
(5.13332 0.231205 0)
(5.57234 0.112918 0)
(4.95098 0.452504 0)
(5.99513 0.0110545 0)
(4.7483 0.835131 0)
(6.4761 -0.139894 0)
(4.65031 1.27036 0)
(6.9024 -0.242325 0)
(4.60957 1.73567 0)
(7.4251 -0.191549 0)
(4.57821 2.33668 0)
(8.07817 -0.0811409 0)
(4.83387 3.16426 0)
(8.75797 0.105923 0)
(5.80306 4.43155 0)
(9.24261 0.210569 0)
(7.71363 6.3926 0)
(10.0427 1.16529 0)
(9.92518 7.65195 0)
(11.3133 -1.07806 0)
(11.1183 -1.37507 0)
(10.8191 -1.65701 0)
(10.3471 -1.86503 0)
(9.8277 -2.00147 0)
(9.34892 -2.0838 0)
(8.86735 -2.10037 0)
(8.3454 -2.03939 0)
(7.79648 -1.88648 0)
(7.29041 -1.65543 0)
(6.84104 -1.41064 0)
(6.4712 -1.18386 0)
(6.21445 -0.98424 0)
(6.02466 -0.82424 0)
(5.86297 -0.690782 0)
(5.73131 -0.568669 0)
(5.62598 -0.462524 0)
(5.53598 -0.378627 0)
(5.45933 -0.313068 0)
(5.39802 -0.259346 0)
(5.35094 -0.21406 0)
(5.3147 -0.176033 0)
(5.28614 -0.144494 0)
(5.26321 -0.118524 0)
(5.24464 -0.0971728 0)
(5.22956 -0.0796132 0)
(5.21733 -0.0651697 0)
(5.20741 -0.053297 0)
(5.19937 -0.0435482 0)
(5.19285 -0.0355533 0)
(5.18757 -0.0290047 0)
(5.18329 -0.0236465 0)
(5.17981 -0.0192661 0)
(5.17699 -0.0156879 0)
(5.1747 -0.0127666 0)
(5.17285 -0.0103827 0)
(5.17134 -0.00843775 0)
(5.17011 -0.00685081 0)
(5.16912 -0.00555558 0)
(5.16832 -0.00449783 0)
(5.16767 -0.00363283 0)
(5.16714 -0.00292403 0)
(5.16672 -0.00234156 0)
(5.16638 -0.00186076 0)
(5.16611 -0.00146097 0)
(5.1659 -0.00112515 0)
(5.16574 -0.000839176 0)
(5.16562 -0.000591032 0)
(5.16553 -0.000370206 0)
(5.16548 -0.000167577 0)
(5.16546 2.51599e-05 0)
(5.16546 0.000215551 0)
(5.16549 0.000411088 0)
(5.16555 0.000619315 0)
(5.16563 0.000848097 0)
(5.16575 0.001106 0)
(5.16591 0.00140259 0)
(5.16611 0.00174875 0)
(5.16636 0.00215719 0)
(5.16666 0.0026429 0)
(5.16704 0.00322358 0)
(5.1675 0.00392036 0)
(5.16805 0.00475855 0)
(5.16873 0.0057685 0)
(5.16956 0.00698682 0)
(5.17055 0.00845739 0)
(5.17176 0.0102333 0)
(5.17323 0.0123779 0)
(5.17501 0.0149694 0)
(5.17715 0.0180972 0)
(5.17978 0.0218811 0)
(5.1829 0.0264341 0)
(5.18685 0.0319703 0)
(5.1912 0.0385556 0)
(5.19766 0.0467116 0)
(5.20254 0.0560973 0)
(5.21595 0.068204 0)
(5.21432 0.081598 0)
(5.25437 0.0982393 0)
(5.20958 0.121645 0)
(5.3539 0.130119 0)
(5.13369 0.202353 0)
(5.60114 0.121258 0)
(4.91895 0.408219 0)
(6.0405 -0.00891968 0)
(4.68985 0.817711 0)
(6.48426 -0.241784 0)
(4.66331 1.29348 0)
(6.81908 -0.41048 0)
(4.70678 1.76158 0)
(7.20758 -0.422876 0)
(4.84762 2.3861 0)
(7.47797 -0.457677 0)
(5.32795 3.28539 0)
(7.58408 -0.481681 0)
(6.32239 4.6656 0)
(7.84453 -0.428009 0)
(7.90974 6.35831 0)
(9.14379 0.997523 0)
(9.9322 6.77671 0)
(11.2304 -0.991555 0)
(11.0831 -1.26643 0)
(10.8401 -1.49528 0)
(10.4342 -1.63301 0)
(9.97855 -1.72433 0)
(9.47702 -1.783 0)
(8.93195 -1.78418 0)
(8.39861 -1.71575 0)
(7.86305 -1.58337 0)
(7.38561 -1.39218 0)
(7.00869 -1.19193 0)
(6.67787 -1.02559 0)
(6.40775 -0.873978 0)
(6.19848 -0.72835 0)
(6.00417 -0.605512 0)
(5.82886 -0.504271 0)
(5.6952 -0.41498 0)
(5.59528 -0.338636 0)
(5.51267 -0.277653 0)
(5.44178 -0.229754 0)
(5.38329 -0.191121 0)
(5.33723 -0.158937 0)
(5.30179 -0.131737 0)
(5.27448 -0.108783 0)
(5.25314 -0.0895496 0)
(5.23624 -0.0735432 0)
(5.2227 -0.0602897 0)
(5.21178 -0.0493547 0)
(5.20294 -0.0403561 0)
(5.19578 -0.0329657 0)
(5.18997 -0.0269056 0)
(5.18525 -0.0219429 0)
(5.18141 -0.0178832 0)
(5.1783 -0.0145651 0)
(5.17577 -0.011855 0)
(5.17372 -0.00964251 0)
(5.17205 -0.00783692 0)
(5.17069 -0.00636331 0)
(5.1696 -0.00516029 0)
(5.16871 -0.00417762 0)
(5.16798 -0.00337396 0)
(5.1674 -0.00271534 0)
(5.16693 -0.00217396 0)
(5.16656 -0.00172693 0)
(5.16626 -0.00135513 0)
(5.16603 -0.0010427 0)
(5.16585 -0.000776481 0)
(5.16571 -0.000545266 0)
(5.16562 -0.000339247 0)
(5.16556 -0.000149903 0)
(5.16553 3.05339e-05 0)
(5.16554 0.000209024 0)
(5.16557 0.000392658 0)
(5.16564 0.000588481 0)
(5.16573 0.000803853 0)
(5.16587 0.00104683 0)
(5.16604 0.00132639 0)
(5.16626 0.00165278 0)
(5.16654 0.00203798 0)
(5.16688 0.00249613 0)
(5.1673 0.00304392 0)
(5.16781 0.00370128 0)
(5.16843 0.00449208 0)
(5.16918 0.00544495 0)
(5.1701 0.00659441 0)
(5.17121 0.00798181 0)
(5.17256 0.00965716 0)
(5.17419 0.01168 0)
(5.17617 0.0141243 0)
(5.17855 0.0170729 0)
(5.18147 0.020642 0)
(5.18494 0.0249264 0)
(5.1893 0.0301581 0)
(5.1942 0.0363096 0)
(5.20116 0.0441081 0)
(5.20705 0.0525941 0)
(5.22065 0.0647813 0)
(5.22158 0.075357 0)
(5.25958 0.0953052 0)
(5.22255 0.108089 0)
(5.35648 0.132964 0)
(5.15704 0.171674 0)
(5.59515 0.13475 0)
(4.94917 0.358972 0)
(6.02067 -0.0176444 0)
(4.72107 0.802051 0)
(6.40025 -0.338555 0)
(4.76764 1.33595 0)
(6.62544 -0.574657 0)
(4.87107 1.8451 0)
(6.94086 -0.672833 0)
(5.11945 2.54205 0)
(7.13377 -0.845966 0)
(5.74339 3.47426 0)
(7.32479 -0.934807 0)
(6.76096 4.7646 0)
(7.6834 -0.642028 0)
(8.14285 6.0382 0)
(8.89032 0.989753 0)
(9.76183 5.78503 0)
(11.1626 -0.900934 0)
(10.9795 -1.11135 0)
(10.6405 -1.28868 0)
(10.2275 -1.41861 0)
(9.81814 -1.53387 0)
(9.33171 -1.62904 0)
(8.78642 -1.67175 0)
(8.26757 -1.61234 0)
(7.79004 -1.47103 0)
(7.36771 -1.30445 0)
(7.03904 -1.12219 0)
(6.72067 -0.947557 0)
(6.38537 -0.803481 0)
(6.11342 -0.669003 0)
(5.90536 -0.541315 0)
(5.72726 -0.439806 0)
(5.58947 -0.365407 0)
(5.49997 -0.306128 0)
(5.4434 -0.255072 0)
(5.40199 -0.211157 0)
(5.3665 -0.174543 0)
(5.33427 -0.144443 0)
(5.3054 -0.119553 0)
(5.28034 -0.0988032 0)
(5.25922 -0.0814636 0)
(5.24174 -0.0670072 0)
(5.22741 -0.0550019 0)
(5.21572 -0.0450703 0)
(5.2062 -0.0368805 0)
(5.19846 -0.030144 0)
(5.19217 -0.0246137 0)
(5.18705 -0.0200808 0)
(5.18289 -0.0163701 0)
(5.17951 -0.0133355 0)
(5.17676 -0.0108559 0)
(5.17452 -0.00883087 0)
(5.1727 -0.00717771 0)
(5.17123 -0.00582819 0)
(5.17003 -0.00472625 0)
(5.16906 -0.00382595 0)
(5.16828 -0.00308957 0)
(5.16764 -0.002486 0)
(5.16713 -0.00198973 0)
(5.16672 -0.00157983 0)
(5.1664 -0.0012388 0)
(5.16614 -0.000952093 0)
(5.16595 -0.0007076 0)
(5.1658 -0.000495005 0)
(5.1657 -0.000305283 0)
(5.16564 -0.000130548 0)
(5.16561 3.62636e-05 0)
(5.16561 0.000201668 0)
(5.16565 0.000372203 0)
(5.16572 0.000554345 0)
(5.16582 0.000754925 0)
(5.16597 0.000981426 0)
(5.16616 0.00124219 0)
(5.1664 0.00154674 0)
(5.16671 0.00190628 0)
(5.16708 0.002334 0)
(5.16754 0.00284547 0)
(5.1681 0.00345931 0)
(5.16878 0.00419781 0)
(5.16961 0.0050877 0)
(5.17061 0.0061612 0)
(5.17183 0.00745686 0)
(5.17331 0.00902135 0)
(5.17509 0.0109101 0)
(5.17725 0.0131921 0)
(5.17987 0.0159437 0)
(5.18305 0.0192757 0)
(5.18686 0.0232676 0)
(5.19159 0.0281582 0)
(5.19703 0.0338542 0)
(5.20438 0.0412113 0)
(5.21139 0.0488472 0)
(5.22469 0.0608137 0)
(5.22922 0.0690398 0)
(5.26228 0.0911158 0)
(5.23973 0.0952741 0)
(5.34875 0.133097 0)
(5.20099 0.143577 0)
(5.55701 0.145392 0)
(5.04377 0.312707 0)
(5.93359 -0.0260849 0)
(4.85453 0.7892 0)
(6.25403 -0.432375 0)
(4.9541 1.37241 0)
(6.43154 -0.707815 0)
(5.13336 1.90147 0)
(6.6758 -0.880757 0)
(5.46961 2.66232 0)
(6.83382 -1.146 0)
(6.11765 3.61283 0)
(7.09468 -1.15866 0)
(7.05894 4.7292 0)
(7.67222 -0.660014 0)
(8.20084 5.45781 0)
(9.06075 1.08923 0)
(9.65632 4.80016 0)
(11.0673 -0.78391 0)
(10.8336 -0.936385 0)
(10.5863 -1.12516 0)
(10.2723 -1.29211 0)
(9.85931 -1.38626 0)
(9.4227 -1.41954 0)
(8.93644 -1.41973 0)
(8.40948 -1.35999 0)
(7.95708 -1.22244 0)
(7.55696 -1.0653 0)
(7.17836 -0.919783 0)
(6.83524 -0.758718 0)
(6.49104 -0.60951 0)
(6.19642 -0.509435 0)
(6.01071 -0.437692 0)
(5.89018 -0.372094 0)
(5.78195 -0.313843 0)
(5.67075 -0.265385 0)
(5.56522 -0.224101 0)
(5.47699 -0.188057 0)
(5.40914 -0.156773 0)
(5.35833 -0.130077 0)
(5.31983 -0.107591 0)
(5.28995 -0.0887958 0)
(5.26626 -0.0731507 0)
(5.24723 -0.06016 0)
(5.23183 -0.0493961 0)
(5.21933 -0.0404968 0)
(5.20917 -0.0331555 0)
(5.20089 -0.0271124 0)
(5.19416 -0.0221473 0)
(5.18868 -0.0180745 0)
(5.18423 -0.0147383 0)
(5.1806 -0.0120085 0)
(5.17765 -0.00977695 0)
(5.17525 -0.00795388 0)
(5.1733 -0.00646511 0)
(5.17172 -0.00524953 0)
(5.17043 -0.00425676 0)
(5.16939 -0.00344547 0)
(5.16854 -0.0027818 0)
(5.16786 -0.00223777 0)
(5.16731 -0.00179032 0)
(5.16687 -0.00142063 0)
(5.16652 -0.0011129 0)
(5.16625 -0.000854045 0)
(5.16604 -0.000633096 0)
(5.16588 -0.000440695 0)
(5.16577 -0.000268626 0)
(5.1657 -0.000109768 0)
(5.16567 4.22652e-05 0)
(5.16568 0.000193489 0)
(5.16572 0.00034981 0)
(5.16579 0.000517076 0)
(5.16591 0.000701587 0)
(5.16607 0.00091017 0)
(5.16628 0.00115049 0)
(5.16654 0.00143127 0)
(5.16686 0.00176291 0)
(5.16727 0.00215751 0)
(5.16776 0.00262947 0)
(5.16837 0.00319597 0)
(5.16911 0.00387758 0)
(5.17 0.00469895 0)
(5.17109 0.00568988 0)
(5.1724 0.00688581 0)
(5.174 0.00832982 0)
(5.17593 0.0100728 0)
(5.17826 0.0121787 0)
(5.18109 0.0147168 0)
(5.18452 0.0177909 0)
(5.18864 0.0214685 0)
(5.1937 0.025983 0)
(5.19966 0.0312078 0)
(5.20733 0.0380335 0)
(5.21548 0.0449044 0)
(5.22822 0.0562636 0)
(5.23677 0.0628719 0)
(5.26345 0.0852224 0)
(5.25874 0.0843125 0)
(5.3343 0.12818 0)
(5.25739 0.121674 0)
(5.49365 0.146497 0)
(5.18408 0.275999 0)
(5.79076 -0.0381496 0)
(5.05872 0.775744 0)
(6.07631 -0.507865 0)
(5.15959 1.41051 0)
(6.24554 -0.807794 0)
(5.37831 1.95064 0)
(6.47622 -1.02969 0)
(5.73659 2.74806 0)
(6.70031 -1.29823 0)
(6.38643 3.61728 0)
(7.07252 -1.20112 0)
(7.23058 4.49978 0)
(7.8512 -0.539614 0)
(8.12986 4.70093 0)
(9.21195 1.15757 0)
(9.68703 3.97047 0)
(10.991 -0.672305 0)
(10.8197 -0.820793 0)
(10.6143 -0.98798 0)
(10.2344 -1.09187 0)
(9.78919 -1.16373 0)
(9.37642 -1.2269 0)
(8.93772 -1.22767 0)
(8.45037 -1.18014 0)
(7.99144 -1.09192 0)
(7.57853 -0.945207 0)
(7.12625 -0.790134 0)
(6.71504 -0.663113 0)
(6.43886 -0.554635 0)
(6.22533 -0.469193 0)
(6.00856 -0.403695 0)
(5.80675 -0.342845 0)
(5.65968 -0.283198 0)
(5.56471 -0.230446 0)
(5.49839 -0.188533 0)
(5.44493 -0.156551 0)
(5.39868 -0.131424 0)
(5.35848 -0.110544 0)
(5.32411 -0.0926034 0)
(5.29525 -0.0771297 0)
(5.27135 -0.0639112 0)
(5.2517 -0.0527462 0)
(5.23562 -0.0434007 0)
(5.22249 -0.0356289 0)
(5.21178 -0.029196 0)
(5.20305 -0.0238896 0)
(5.19593 -0.0195236 0)
(5.19014 -0.0159387 0)
(5.18542 -0.0129999 0)
(5.18157 -0.010594 0)
(5.17845 -0.00862621 0)
(5.1759 -0.00701814 0)
(5.17383 -0.00570448 0)
(5.17215 -0.00463168 0)
(5.17078 -0.00375534 0)
(5.16968 -0.00303904 0)
(5.16878 -0.002453 0)
(5.16806 -0.0019725 0)
(5.16747 -0.00157721 0)
(5.16701 -0.00125048 0)
(5.16663 -0.00097837 0)
(5.16634 -0.000749302 0)
(5.16612 -0.000553548 0)
(5.16595 -0.000382739 0)
(5.16584 -0.000229568 0)
(5.16576 -8.77089e-05 0)
(5.16573 4.85223e-05 0)
(5.16574 0.00018453 0)
(5.16578 0.000325582 0)
(5.16586 0.000476904 0)
(5.16599 0.000644164 0)
(5.16616 0.00083351 0)
(5.16638 0.00105185 0)
(5.16666 0.00130711 0)
(5.16701 0.00160875 0)
(5.16744 0.00196777 0)
(5.16797 0.00239724 0)
(5.16862 0.00291288 0)
(5.16941 0.00353336 0)
(5.17036 0.00428116 0)
(5.17152 0.00518339 0)
(5.17293 0.00627224 0)
(5.17463 0.00758689 0)
(5.17669 0.00917358 0)
(5.17919 0.0110904 0)
(5.18221 0.0134 0)
(5.18586 0.016197 0)
(5.19028 0.0195405 0)
(5.19564 0.0236467 0)
(5.20207 0.0283862 0)
(5.21002 0.0345989 0)
(5.21923 0.0407844 0)
(5.23139 0.0511761 0)
(5.24374 0.0568836 0)
(5.26416 0.0776426 0)
(5.27673 0.0754813 0)
(5.31854 0.117493 0)
(5.31347 0.107587 0)
(5.42168 0.134418 0)
(5.33251 0.251942 0)
(5.62337 -0.055043 0)
(5.28874 0.756934 0)
(5.88957 -0.54943 0)
(5.36812 1.41562 0)
(6.07621 -0.864587 0)
(5.61947 1.9355 0)
(6.30861 -1.09006 0)
(5.96658 2.72561 0)
(6.61127 -1.33701 0)
(6.57125 3.47043 0)
(7.10074 -1.14751 0)
(7.25796 4.04528 0)
(8.00636 -0.366404 0)
(8.06725 3.89909 0)
(9.2223 1.14387 0)
(9.76263 3.29747 0)
(10.9713 -0.58992 0)
(10.7651 -0.702474 0)
(10.4868 -0.810994 0)
(10.1752 -0.917366 0)
(9.80726 -1.02182 0)
(9.3452 -1.08499 0)
(8.90046 -1.07632 0)
(8.49767 -1.00393 0)
(8.03234 -0.882324 0)
(7.57091 -0.730041 0)
(7.20577 -0.588302 0)
(6.85586 -0.48868 0)
(6.5053 -0.410096 0)
(6.22857 -0.334308 0)
(6.03407 -0.271953 0)
(5.88063 -0.231648 0)
(5.74882 -0.206451 0)
(5.63745 -0.184655 0)
(5.54686 -0.161258 0)
(5.47455 -0.137347 0)
(5.41671 -0.115285 0)
(5.3701 -0.0961282 0)
(5.33229 -0.0798907 0)
(5.30148 -0.0662283 0)
(5.27631 -0.0547671 0)
(5.25576 -0.0451801 0)
(5.23897 -0.0371869 0)
(5.22525 -0.0305453 0)
(5.21406 -0.0250451 0)
(5.20493 -0.0205037 0)
(5.19748 -0.0167635 0)
(5.1914 -0.0136897 0)
(5.18645 -0.0111682 0)
(5.18242 -0.00910248 0)
(5.17914 -0.00741236 0)
(5.17647 -0.00603066 0)
(5.17429 -0.00490155 0)
(5.17253 -0.00397929 0)
(5.17109 -0.00322576 0)
(5.16993 -0.00260971 0)
(5.16899 -0.00210564 0)
(5.16823 -0.00169226 0)
(5.16761 -0.00135205 0)
(5.16712 -0.00107072 0)
(5.16673 -0.000836261 0)
(5.16643 -0.000638707 0)
(5.16619 -0.000469613 0)
(5.16602 -0.000321657 0)
(5.16589 -0.000188472 0)
(5.16582 -6.46173e-05 0)
(5.16579 5.48784e-05 0)
(5.16579 0.000174745 0)
(5.16584 0.00029961 0)
(5.16593 0.000434019 0)
(5.16606 0.00058299 0)
(5.16624 0.000751901 0)
(5.16647 0.000946885 0)
(5.16677 0.001175 0)
(5.16714 0.00144477 0)
(5.1676 0.00176594 0)
(5.16816 0.00215026 0)
(5.16884 0.0026118 0)
(5.16968 0.00316728 0)
(5.17069 0.00383689 0)
(5.17192 0.00464488 0)
(5.17341 0.00561996 0)
(5.17521 0.00679721 0)
(5.17739 0.00821792 0)
(5.18002 0.00993394 0)
(5.18322 0.0120013 0)
(5.18708 0.014504 0)
(5.19175 0.0174953 0)
(5.19739 0.0211653 0)
(5.20424 0.025404 0)
(5.21244 0.0309392 0)
(5.22258 0.0364873 0)
(5.23428 0.0456548 0)
(5.24983 0.0509461 0)
(5.26518 0.068831 0)
(5.2917 0.0680702 0)
(5.3064 0.102735 0)
(5.35843 0.0987575 0)
(5.36239 0.114133 0)
(5.45249 0.231676 0)
(5.47743 -0.0622213 0)
(5.49413 0.702524 0)
(5.73241 -0.542518 0)
(5.5237 1.38382 0)
(5.97151 -0.86802 0)
(5.77706 1.86125 0)
(6.22231 -1.07431 0)
(6.116 2.58029 0)
(6.62214 -1.29017 0)
(6.66355 3.16887 0)
(7.2204 -0.984729 0)
(7.19993 3.45829 0)
(8.09658 -0.169644 0)
(8.0686 3.18642 0)
(9.19478 1.09904 0)
(9.82891 2.71815 0)
(10.9139 -0.473787 0)
(10.7047 -0.548255 0)
(10.459 -0.672524 0)
(10.1269 -0.79071 0)
(9.74211 -0.842716 0)
(9.34735 -0.871143 0)
(8.89563 -0.886268 0)
(8.41376 -0.833419 0)
(7.9838 -0.708763 0)
(7.57265 -0.573165 0)
(7.1677 -0.461736 0)
(6.80416 -0.367129 0)
(6.48713 -0.294462 0)
(6.22389 -0.256582 0)
(6.01949 -0.237582 0)
(5.86063 -0.214071 0)
(5.73331 -0.183715 0)
(5.63024 -0.153909 0)
(5.5466 -0.128615 0)
(5.47815 -0.108212 0)
(5.42183 -0.0914386 0)
(5.37549 -0.0771581 0)
(5.33736 -0.0648029 0)
(5.30599 -0.054125 0)
(5.28021 -0.0449776 0)
(5.25906 -0.0372198 0)
(5.24174 -0.030697 0)
(5.22756 -0.0252489 0)
(5.21597 -0.0207222 0)
(5.2065 -0.0169762 0)
(5.19877 -0.0138861 0)
(5.19247 -0.0113437 0)
(5.18733 -0.00925632 0)
(5.18314 -0.0075451 0)
(5.17973 -0.00614432 0)
(5.17695 -0.00499879 0)
(5.17469 -0.00406228 0)
(5.17285 -0.00329722 0)
(5.17136 -0.00267196 0)
(5.17014 -0.0021607 0)
(5.16916 -0.0017423 0)
(5.16837 -0.00139907 0)
(5.16773 -0.0011165 0)
(5.16722 -0.000882685 0)
(5.16681 -0.000687632 0)
(5.1665 -0.000523086 0)
(5.16625 -0.000381899 0)
(5.16607 -0.000257894 0)
(5.16594 -0.000145682 0)
(5.16587 -4.06687e-05 0)
(5.16583 6.12537e-05 0)
(5.16584 0.000164188 0)
(5.16589 0.000272052 0)
(5.16598 0.000388697 0)
(5.16612 0.000518436 0)
(5.16631 0.000665859 0)
(5.16656 0.000836263 0)
(5.16687 0.00103582 0)
(5.16726 0.00127201 0)
(5.16774 0.00155331 0)
(5.16832 0.0018901 0)
(5.16904 0.00229468 0)
(5.16992 0.00278171 0)
(5.17098 0.003369 0)
(5.17227 0.00407777 0)
(5.17383 0.00493313 0)
(5.17572 0.00596583 0)
(5.178 0.00721197 0)
(5.18077 0.00871686 0)
(5.18411 0.0105297 0)
(5.18815 0.0127231 0)
(5.19305 0.0153456 0)
(5.19893 0.018556 0)
(5.20615 0.0222766 0)
(5.21459 0.0270885 0)
(5.22551 0.0320114 0)
(5.23691 0.0398149 0)
(5.25495 0.0448947 0)
(5.26667 0.0593512 0)
(5.30334 0.0610268 0)
(5.29899 0.0864039 0)
(5.39128 0.0912546 0)
(5.32154 0.0914834 0)
(5.54048 0.211739 0)
(5.36788 -0.0659164 0)
(5.66263 0.627766 0)
(5.60016 -0.506446 0)
(5.66207 1.29592 0)
(5.89716 -0.841053 0)
(5.90832 1.73483 0)
(6.17746 -1.00534 0)
(6.21196 2.32236 0)
(6.66877 -1.17627 0)
(6.68918 2.74124 0)
(7.306 -0.789647 0)
(7.1287 2.83987 0)
(8.12496 -0.0113727 0)
(8.166 2.57608 0)
(9.20382 1.031 0)
(9.89803 2.18506 0)
(10.8086 -0.377626 0)
(10.5941 -0.441354 0)
(10.3386 -0.521621 0)
(10.0071 -0.610644 0)
(9.61098 -0.697005 0)
(9.19189 -0.73525 0)
(8.76968 -0.702855 0)
(8.31664 -0.635277 0)
(7.85274 -0.536025 0)
(7.43823 -0.400955 0)
(7.06503 -0.286732 0)
(6.72493 -0.225003 0)
(6.43965 -0.18819 0)
(6.2119 -0.156213 0)
(6.02621 -0.134519 0)
(5.87045 -0.123035 0)
(5.7414 -0.114889 0)
(5.63716 -0.105328 0)
(5.55307 -0.0940455 0)
(5.48425 -0.0821609 0)
(5.42745 -0.0705578 0)
(5.38049 -0.0598887 0)
(5.34171 -0.0504256 0)
(5.30972 -0.0421936 0)
(5.28337 -0.0351237 0)
(5.26173 -0.0291138 0)
(5.24397 -0.0240469 0)
(5.22942 -0.0198035 0)
(5.21751 -0.0162689 0)
(5.20778 -0.0133378 0)
(5.19983 -0.0109157 0)
(5.19333 -0.00892029 0)
(5.18804 -0.00728026 0)
(5.18372 -0.00593465 0)
(5.1802 -0.00483274 0)
(5.17734 -0.00393111 0)
(5.175 -0.00319374 0)
(5.17311 -0.0025912 0)
(5.17157 -0.00209862 0)
(5.17032 -0.0016958 0)
(5.16931 -0.00136607 0)
(5.16849 -0.00109544 0)
(5.16783 -0.000872542 0)
(5.1673 -0.000687984 0)
(5.16688 -0.000533811 0)
(5.16655 -0.000403477 0)
(5.1663 -0.000291211 0)
(5.16612 -0.000191974 0)
(5.16599 -0.00010159 0)
(5.16591 -1.61784e-05 0)
(5.16587 6.74904e-05 0)
(5.16588 0.000152854 0)
(5.16593 0.000243072 0)
(5.16603 0.000341285 0)
(5.16617 0.00045098 0)
(5.16637 0.000576002 0)
(5.16663 0.000720786 0)
(5.16695 0.000890611 0)
(5.16736 0.00109178 0)
(5.16785 0.00133147 0)
(5.16847 0.00161869 0)
(5.16922 0.00196392 0)
(5.17012 0.00237964 0)
(5.17123 0.00288114 0)
(5.17257 0.00348644 0)
(5.17419 0.00421703 0)
(5.17616 0.0050991 0)
(5.17853 0.00616345 0)
(5.18141 0.00744847 0)
(5.18489 0.00899656 0)
(5.18908 0.0108679 0)
(5.19418 0.0131074 0)
(5.20027 0.0158399 0)
(5.20781 0.0190248 0)
(5.21646 0.0230853 0)
(5.228 0.027366 0)
(5.23928 0.0337634 0)
(5.2591 0.0386169 0)
(5.26855 0.0496358 0)
(5.31195 0.0535798 0)
(5.29566 0.070221 0)
(5.41379 0.0820518 0)
(5.2972 0.0714757 0)
(5.59992 0.182125 0)
(5.29535 -0.0552288 0)
(5.78502 0.516297 0)
(5.49723 -0.425298 0)
(5.76026 1.1254 0)
(5.86193 -0.758786 0)
(5.96944 1.51852 0)
(6.16435 -0.884582 0)
(6.2524 1.9705 0)
(6.71925 -1.00356 0)
(6.60393 2.27037 0)
(7.33123 -0.580705 0)
(7.10398 2.28679 0)
(8.12842 0.104847 0)
(8.32532 2.03782 0)
(9.22007 0.939597 0)
(9.93276 1.71199 0)
(10.4547 -0.265558 0)
(10.2347 -0.302838 0)
(9.96147 -0.385735 0)
(9.63203 -0.472411 0)
(9.25591 -0.519108 0)
(8.83422 -0.540197 0)
(8.38906 -0.531523 0)
(7.94894 -0.463347 0)
(7.53095 -0.349617 0)
(7.15914 -0.235741 0)
(6.8424 -0.151707 0)
(6.56668 -0.101299 0)
(6.33055 -0.0774904 0)
(6.13652 -0.0740516 0)
(5.9781 -0.0803358 0)
(5.84547 -0.0841393 0)
(5.7323 -0.0807606 0)
(5.63599 -0.0731812 0)
(5.55488 -0.064724 0)
(5.48699 -0.0565686 0)
(5.43038 -0.0489007 0)
(5.38333 -0.0418556 0)
(5.34434 -0.0355267 0)
(5.31208 -0.0299277 0)
(5.28545 -0.0250435 0)
(5.26352 -0.0208401 0)
(5.2455 -0.0172634 0)
(5.2307 -0.0142475 0)
(5.21858 -0.0117228 0)
(5.20866 -0.00962127 0)
(5.20055 -0.00787982 0)
(5.19393 -0.00644218 0)
(5.18852 -0.00525871 0)
(5.18411 -0.00428662 0)
(5.18052 -0.00349005 0)
(5.17759 -0.00283788 0)
(5.17521 -0.00230424 0)
(5.17327 -0.00186802 0)
(5.17169 -0.00151126 0)
(5.17041 -0.00121951 0)
(5.16938 -0.00098056 0)
(5.16854 -0.000784281 0)
(5.16787 -0.0006225 0)
(5.16733 -0.000488404 0)
(5.1669 -0.000376213 0)
(5.16656 -0.000281002 0)
(5.16631 -0.000198353 0)
(5.16612 -0.000124566 0)
(5.16599 -5.64721e-05 0)
(5.1659 8.63262e-06 0)
(5.16587 7.35193e-05 0)
(5.16588 0.00014082 0)
(5.16594 0.000212954 0)
(5.16604 0.000292264 0)
(5.16619 0.000381356 0)
(5.16639 0.000483282 0)
(5.16666 0.000601649 0)
(5.16699 0.000740813 0)
(5.16741 0.00090585 0)
(5.16793 0.00110263 0)
(5.16856 0.00133868 0)
(5.16933 0.00162265 0)
(5.17027 0.00196492 0)
(5.17141 0.00237806 0)
(5.1728 0.00287679 0)
(5.17447 0.00347881 0)
(5.1765 0.0042057 0)
(5.17896 0.00508281 0)
(5.18192 0.00614147 0)
(5.18552 0.00741704 0)
(5.18985 0.00895716 0)
(5.19511 0.0108031 0)
(5.20138 0.0130449 0)
(5.20917 0.0156796 0)
(5.21804 0.0189742 0)
(5.23004 0.0225863 0)
(5.24134 0.0275906 0)
(5.26236 0.0321002 0)
(5.27067 0.0399288 0)
(5.31791 0.0455068 0)
(5.29569 0.0546216 0)
(5.42688 0.0713033 0)
(5.28814 0.0524364 0)
(5.63119 0.150345 0)
(5.25846 -0.0439411 0)
(5.86285 0.396747 0)
(5.41204 -0.330044 0)
(5.86326 0.902608 0)
(5.822 -0.639095 0)
(5.94867 1.26877 0)
(6.15842 -0.7374 0)
(6.23262 1.58821 0)
(6.69135 -0.820561 0)
(6.53891 1.8229 0)
(7.31723 -0.404303 0)
(7.22168 1.79537 0)
(8.14564 0.181741 0)
(8.50286 1.5404 0)
(9.25689 0.815978 0)
(9.96896 1.29346 0)
(9.62585 -0.156348 0)
(9.4259 -0.189879 0)
(9.17092 -0.253864 0)
(8.85903 -0.323541 0)
(8.50394 -0.372367 0)
(8.12047 -0.381752 0)
(7.71836 -0.349658 0)
(7.31897 -0.286244 0)
(6.96617 -0.200337 0)
(6.68017 -0.109455 0)
(6.45046 -0.0456918 0)
(6.26254 -0.0185512 0)
(6.10929 -0.010701 0)
(5.98255 -0.0121498 0)
(5.8725 -0.0194801 0)
(5.77259 -0.0275025 0)
(5.68147 -0.0323308 0)
(5.60036 -0.0336762 0)
(5.52974 -0.0327446 0)
(5.46899 -0.030442 0)
(5.41715 -0.0273854 0)
(5.37326 -0.0240471 0)
(5.33637 -0.0207668 0)
(5.30553 -0.0177146 0)
(5.27987 -0.0149618 0)
(5.25862 -0.0125365 0)
(5.24107 -0.0104382 0)
(5.22661 -0.00864741 0)
(5.21474 -0.00713457 0)
(5.205 -0.00586665 0)
(5.19702 -0.00481049 0)
(5.19049 -0.00393525 0)
(5.18516 -0.00321264 0)
(5.18081 -0.00261795 0)
(5.17725 -0.0021302 0)
(5.17436 -0.00173029 0)
(5.172 -0.00140293 0)
(5.17008 -0.00113509 0)
(5.16853 -0.000915959 0)
(5.16726 -0.000736772 0)
(5.16624 -0.000589788 0)
(5.16541 -0.000468836 0)
(5.16474 -0.000369031 0)
(5.16421 -0.000286152 0)
(5.16379 -0.000216615 0)
(5.16345 -0.000157089 0)
(5.1632 -0.000104432 0)
(5.16302 -5.65809e-05 0)
(5.16289 -1.13199e-05 0)
(5.16281 3.28829e-05 0)
(5.16278 7.8445e-05 0)
(5.1628 0.000127207 0)
(5.16286 0.000180864 0)
(5.16297 0.000240811 0)
(5.16313 0.000308708 0)
(5.16334 0.000386859 0)
(5.16362 0.000477963 0)
(5.16396 0.000585377 0)
(5.1644 0.000712879 0)
(5.16494 0.000865143 0)
(5.16559 0.0010481 0)
(5.1664 0.00126845 0)
(5.16737 0.00153447 0)
(5.16856 0.00185593 0)
(5.16999 0.00224414 0)
(5.17173 0.00271296 0)
(5.17383 0.00327905 0)
(5.17638 0.00396217 0)
(5.17945 0.00478641 0)
(5.18318 0.00577983 0)
(5.18766 0.00697743 0)
(5.19311 0.00841601 0)
(5.19961 0.0101526 0)
(5.20767 0.0122156 0)
(5.21682 0.0147342 0)
(5.22925 0.0176243 0)
(5.24082 0.0212947 0)
(5.26266 0.0252137 0)
(5.27085 0.030369 0)
(5.32001 0.0363059 0)
(5.29612 0.0405123 0)
(5.43195 0.0570755 0)
(5.28741 0.0381351 0)
(5.64053 0.112656 0)
(5.24732 -0.0258656 0)
(5.88844 0.274807 0)
(5.34775 -0.213427 0)
(5.92533 0.64428 0)
(5.73911 -0.463577 0)
(5.90002 0.956197 0)
(6.10594 -0.560453 0)
(6.14697 1.17638 0)
(6.61016 -0.614188 0)
(6.46688 1.37244 0)
(7.28612 -0.258982 0)
(7.28804 1.32616 0)
(8.16434 0.201477 0)
(8.53606 1.0941 0)
(9.28063 0.641051 0)
(9.95989 0.929903 0)
(8.22002 -0.0466507 0)
(8.0721 -0.0870739 0)
(7.86811 -0.144162 0)
(7.61594 -0.192654 0)
(7.3189 -0.21799 0)
(6.99012 -0.219689 0)
(6.65509 -0.194725 0)
(6.34361 -0.143117 0)
(6.09057 -0.0798823 0)
(5.91139 -0.0218208 0)
(5.79212 0.0183443 0)
(5.70991 0.034089 0)
(5.64975 0.0339742 0)
(5.59972 0.0257723 0)
(5.55109 0.0134067 0)
(5.50068 0.00215778 0)
(5.44955 -0.00460714 0)
(5.40019 -0.00763021 0)
(5.3545 -0.00881108 0)
(5.31336 -0.0090751 0)
(5.27702 -0.00875528 0)
(5.2454 -0.00808037 0)
(5.21824 -0.00723828 0)
(5.19514 -0.00634735 0)
(5.17566 -0.00547231 0)
(5.15933 -0.00465357 0)
(5.14573 -0.00391568 0)
(5.13445 -0.00326705 0)
(5.12513 -0.00270746 0)
(5.11745 -0.00223142 0)
(5.11114 -0.0018307 0)
(5.10596 -0.00149601 0)
(5.10172 -0.0012183 0)
(5.09826 -0.000989256 0)
(5.09543 -0.000801247 0)
(5.09312 -0.000646964 0)
(5.09124 -0.000520725 0)
(5.08971 -0.000417286 0)
(5.08847 -0.000332913 0)
(5.08746 -0.000263869 0)
(5.08665 -0.000207017 0)
(5.08599 -0.000159946 0)
(5.08547 -0.000120945 0)
(5.08505 -8.86554e-05 0)
(5.08472 -6.14478e-05 0)
(5.08447 -3.74088e-05 0)
(5.08428 -1.46534e-05 0)
(5.08415 7.47123e-06 0)
(5.08406 3.0046e-05 0)
(5.08402 5.3592e-05 0)
(5.08403 7.9412e-05 0)
(5.08407 0.000108808 0)
(5.08416 0.0001431 0)
(5.08429 0.000182508 0)
(5.08447 0.00022779 0)
(5.08472 0.000280616 0)
(5.08502 0.000342763 0)
(5.0854 0.000416242 0)
(5.08588 0.00050347 0)
(5.08646 0.000607869 0)
(5.08717 0.000733595 0)
(5.08803 0.000885493 0)
(5.08908 0.00106938 0)
(5.09035 0.00129188 0)
(5.09189 0.00156091 0)
(5.09376 0.00188612 0)
(5.09601 0.00227891 0)
(5.09873 0.00275306 0)
(5.10202 0.00332468 0)
(5.106 0.00401414 0)
(5.11079 0.00484294 0)
(5.11661 0.00584321 0)
(5.12355 0.00703628 0)
(5.13213 0.00848606 0)
(5.14193 0.0101715 0)
(5.15507 0.012291 0)
(5.16759 0.0145353 0)
(5.19035 0.0178199 0)
(5.19978 0.0201654 0)
(5.25063 0.0263707 0)
(5.22661 0.025615 0)
(5.36917 0.041552 0)
(5.21227 0.0235679 0)
(5.59751 0.0732737 0)
(5.1365 -0.00994036 0)
(5.90847 0.156484 0)
(5.14842 -0.10659 0)
(6.05881 0.391339 0)
(5.50582 -0.269497 0)
(5.96634 0.656167 0)
(5.90159 -0.365231 0)
(6.13991 0.819846 0)
(6.36792 -0.400029 0)
(6.45822 0.967748 0)
(7.081 -0.154115 0)
(7.41156 0.875517 0)
(8.01526 0.178794 0)
(8.63364 0.678416 0)
(9.17951 0.416111 0)
(10.0737 0.564409 0)
(6.15594 -0.00139887 0)
(6.07422 -0.0448404 0)
(5.93319 -0.0769579 0)
(5.74199 -0.0989196 0)
(5.50914 -0.107103 0)
(5.25443 -0.0992917 0)
(5.00776 -0.0775193 0)
(4.8023 -0.0465408 0)
(4.66327 -0.0113018 0)
(4.59354 0.0189241 0)
(4.57721 0.0377361 0)
(4.589 0.0421291 0)
(4.60993 0.0382118 0)
(4.62825 0.0307918 0)
(4.63784 0.0220194 0)
(4.63756 0.0142765 0)
(4.62981 0.00900717 0)
(4.61801 0.00580426 0)
(4.60472 0.0037222 0)
(4.59131 0.00231422 0)
(4.57855 0.00140867 0)
(4.56685 0.000848639 0)
(4.55642 0.000502007 0)
(4.54731 0.000289275 0)
(4.53947 0.000163061 0)
(4.53281 9.19584e-05 0)
(4.5272 5.38958e-05 0)
(4.52252 3.56454e-05 0)
(4.51864 2.85261e-05 0)
(4.51543 2.684e-05 0)
(4.51279 2.77459e-05 0)
(4.51063 2.98693e-05 0)
(4.50887 3.16749e-05 0)
(4.50743 3.27928e-05 0)
(4.50626 3.33539e-05 0)
(4.50531 3.32149e-05 0)
(4.50455 3.28606e-05 0)
(4.50393 3.25562e-05 0)
(4.50344 3.14685e-05 0)
(4.50304 3.08841e-05 0)
(4.50272 3.04234e-05 0)
(4.50248 3.04198e-05 0)
(4.50228 3.05351e-05 0)
(4.50214 3.01414e-05 0)
(4.50203 2.98659e-05 0)
(4.50196 3.0712e-05 0)
(4.50192 3.32611e-05 0)
(4.5019 3.74603e-05 0)
(4.50191 4.37934e-05 0)
(4.50195 5.21927e-05 0)
(4.50201 6.30081e-05 0)
(4.50211 7.62826e-05 0)
(4.50224 9.32829e-05 0)
(4.50241 0.000113586 0)
(4.50263 0.000137456 0)
(4.5029 0.000165779 0)
(4.50324 0.000199516 0)
(4.50365 0.000239389 0)
(4.50414 0.000286803 0)
(4.50475 0.000343783 0)
(4.50548 0.000412313 0)
(4.50637 0.00049568 0)
(4.50744 0.000597037 0)
(4.50874 0.000719777 0)
(4.5103 0.000868674 0)
(4.51219 0.00104891 0)
(4.51447 0.00126673 0)
(4.51722 0.00152979 0)
(4.52055 0.00184643 0)
(4.52457 0.00222846 0)
(4.52942 0.00268622 0)
(4.53529 0.00324086 0)
(4.54233 0.0038938 0)
(4.55092 0.00470617 0)
(4.56096 0.00559801 0)
(4.5738 0.00684215 0)
(4.58733 0.0078674 0)
(4.60803 0.0100968 0)
(4.62217 0.0103451 0)
(4.66316 0.0156789 0)
(4.65834 0.0113317 0)
(4.76518 0.0259975 0)
(4.6657 0.00695285 0)
(4.9642 0.0424425 0)
(4.5975 -0.00868127 0)
(5.29103 0.0695824 0)
(4.48108 -0.0332449 0)
(5.69357 0.156674 0)
(4.61898 -0.0971501 0)
(5.94973 0.325463 0)
(5.08403 -0.174508 0)
(6.22706 0.444454 0)
(5.66428 -0.179958 0)
(6.62111 0.514267 0)
(6.50043 -0.0625219 0)
(7.48416 0.423602 0)
(7.45001 0.128272 0)
(8.58105 0.289224 0)
(8.51828 0.204633 0)
(9.81657 0.208329 0)
(2.97427 0.046579 0)
(2.94566 0.000554688 0)
(2.85863 -0.010206 0)
(2.73622 -0.0130017 0)
(2.59721 -0.0120957 0)
(2.45895 -0.00889538 0)
(2.34019 -0.00444354 0)
(2.25764 0.000895415 0)
(2.22198 0.00654498 0)
(2.23533 0.0112642 0)
(2.28664 0.0150862 0)
(2.35379 0.0155818 0)
(2.42031 0.013912 0)
(2.47749 0.0112815 0)
(2.52168 0.00841662 0)
(2.55257 0.00602698 0)
(2.57286 0.00442353 0)
(2.58621 0.00340398 0)
(2.59526 0.00267199 0)
(2.60147 0.00211465 0)
(2.60573 0.00169416 0)
(2.60868 0.00137076 0)
(2.61077 0.00111431 0)
(2.61226 0.000908613 0)
(2.61336 0.000743733 0)
(2.61418 0.000610355 0)
(2.6148 0.000502102 0)
(2.6153 0.000414031 0)
(2.61571 0.000341649 0)
(2.61604 0.000281993 0)
(2.61632 0.000233303 0)
(2.61656 0.000193146 0)
(2.61676 0.000159785 0)
(2.61694 0.000132409 0)
(2.61709 0.000109425 0)
(2.61722 9.04057e-05 0)
(2.61734 7.53614e-05 0)
(2.61745 6.25686e-05 0)
(2.61754 5.18838e-05 0)
(2.61762 4.3595e-05 0)
(2.61769 3.65715e-05 0)
(2.61776 3.13328e-05 0)
(2.61783 2.62747e-05 0)
(2.61788 2.10621e-05 0)
(2.61794 1.66146e-05 0)
(2.61799 1.38356e-05 0)
(2.61804 1.26636e-05 0)
(2.61809 1.27727e-05 0)
(2.61815 1.38424e-05 0)
(2.61823 1.45884e-05 0)
(2.61831 1.55674e-05 0)
(2.61841 1.81021e-05 0)
(2.61853 2.19315e-05 0)
(2.61869 2.56298e-05 0)
(2.61887 2.98235e-05 0)
(2.61908 3.48256e-05 0)
(2.61935 4.06236e-05 0)
(2.61966 4.70757e-05 0)
(2.62003 5.48058e-05 0)
(2.62047 6.37406e-05 0)
(2.621 7.49487e-05 0)
(2.62163 8.9774e-05 0)
(2.6224 0.000107868 0)
(2.62332 0.000129992 0)
(2.62443 0.000156921 0)
(2.62577 0.000189315 0)
(2.62739 0.000228578 0)
(2.62934 0.000275566 0)
(2.6317 0.000331551 0)
(2.63455 0.000398973 0)
(2.63799 0.000478576 0)
(2.64213 0.000575268 0)
(2.6471 0.0006863 0)
(2.65312 0.000828782 0)
(2.66025 0.000967774 0)
(2.66904 0.0011977 0)
(2.67897 0.00129489 0)
(2.69218 0.0017906 0)
(2.70461 0.00142802 0)
(2.72676 0.00300612 0)
(2.73587 0.000517885 0)
(2.7827 0.00588825 0)
(2.76125 -0.00349798 0)
(2.87715 0.0113911 0)
(2.75521 -0.0134019 0)
(3.01843 0.0211364 0)
(2.70965 -0.0232324 0)
(3.23686 0.0379778 0)
(2.75231 -0.0197271 0)
(3.5457 0.0560631 0)
(3.0459 -0.0430216 0)
(3.83524 0.0916691 0)
(3.5264 -0.0715693 0)
(4.16313 0.114094 0)
(4.20514 -0.0668364 0)
(4.70218 0.0875274 0)
(4.83894 -0.0161495 0)
(5.40575 0.00784855 0)
(5.34451 0.0233272 0)
(6.14063 -0.0883344 0)
(-0.165259 0.0522124 0)
(-0.410149 0.0342289 0)
(-0.578415 0.0262803 0)
(-0.627426 0.00890134 0)
(-0.506257 -0.0111624 0)
(-0.235301 -0.0357105 0)
(0.165482 -0.0481948 0)
(0.607002 -0.0532632 0)
(1.05312 -0.0447465 0)
(1.44405 -0.0341968 0)
(1.77141 -0.0217624 0)
(2.02473 -0.0118546 0)
(2.21269 -0.00472246 0)
(2.34688 -0.000312868 0)
(2.43978 0.00189698 0)
(2.50257 0.00271187 0)
(2.5443 0.00276775 0)
(2.57172 0.00248425 0)
(2.58957 0.00209321 0)
(2.60111 0.0017214 0)
(2.60851 0.00140854 0)
(2.61322 0.00117118 0)
(2.61616 0.000990966 0)
(2.61795 0.000843325 0)
(2.619 0.000715827 0)
(2.61956 0.00060291 0)
(2.61981 0.000505399 0)
(2.61988 0.000422908 0)
(2.61982 0.000353557 0)
(2.61971 0.000294718 0)
(2.61956 0.000244831 0)
(2.6194 0.000203369 0)
(2.61924 0.000168775 0)
(2.61909 0.000140322 0)
(2.61894 0.000116723 0)
(2.61881 9.67277e-05 0)
(2.61869 8.01507e-05 0)
(2.61858 6.66337e-05 0)
(2.61848 5.55391e-05 0)
(2.61839 4.64813e-05 0)
(2.61831 3.89079e-05 0)
(2.61824 3.29456e-05 0)
(2.61817 2.8092e-05 0)
(2.6181 2.38192e-05 0)
(2.61805 2.16589e-05 0)
(2.61798 1.84993e-05 0)
(2.61792 1.81606e-05 0)
(2.61784 1.85953e-05 0)
(2.61777 1.79576e-05 0)
(2.61768 2.12084e-05 0)
(2.61756 1.94275e-05 0)
(2.61746 1.36053e-05 0)
(2.61735 1.27714e-05 0)
(2.61722 1.66799e-05 0)
(2.61706 2.27603e-05 0)
(2.61686 2.93454e-05 0)
(2.61661 3.61907e-05 0)
(2.61632 4.35527e-05 0)
(2.61596 5.17035e-05 0)
(2.61553 6.17985e-05 0)
(2.61501 7.39857e-05 0)
(2.61438 8.88804e-05 0)
(2.61362 0.000107041 0)
(2.61271 0.000128718 0)
(2.6116 0.000155333 0)
(2.61026 0.00018769 0)
(2.60865 0.000226507 0)
(2.60669 0.000273511 0)
(2.60433 0.000330591 0)
(2.60147 0.000399814 0)
(2.59801 0.000483593 0)
(2.59382 0.000584909 0)
(2.58875 0.000707392 0)
(2.58263 0.000855154 0)
(2.57522 0.00103323 0)
(2.56627 0.00124708 0)
(2.55547 0.00150261 0)
(2.54244 0.00180711 0)
(2.52676 0.00216654 0)
(2.50793 0.00258777 0)
(2.48538 0.00307734 0)
(2.45845 0.00364158 0)
(2.42642 0.00428561 0)
(2.38846 0.00501559 0)
(2.34366 0.00583805 0)
(2.291 0.00675941 0)
(2.22934 0.00778338 0)
(2.15746 0.00891409 0)
(2.07404 0.0101271 0)
(1.97778 0.0114045 0)
(1.86749 0.0126279 0)
(1.74237 0.0137446 0)
(1.60213 0.0144143 0)
(1.44736 0.014754 0)
(1.27949 0.0140149 0)
(1.10099 0.0133338 0)
(0.913666 0.0119351 0)
(0.71454 0.0161416 0)
(0.483984 0.0284999 0)
(0.180186 0.0519243 0)
(-0.200133 0.188094 0)
(-0.534744 0.142623 0)
(-0.772528 0.0843955 0)
(-0.813001 -0.0221486 0)
(-0.610788 -0.133782 0)
(-0.217903 -0.241888 0)
(0.325089 -0.2942 0)
(0.90937 -0.318029 0)
(1.51492 -0.295594 0)
(2.06808 -0.259098 0)
(2.56272 -0.21169 0)
(2.98124 -0.165024 0)
(3.32577 -0.12342 0)
(3.60154 -0.0890936 0)
(3.81727 -0.0626335 0)
(3.98302 -0.0431734 0)
(4.10872 -0.0293705 0)
(4.20328 -0.0198301 0)
(4.27416 -0.0133567 0)
(4.32729 -0.00899817 0)
(4.36724 -0.00607584 0)
(4.39743 -0.00410681 0)
(4.42038 -0.00276526 0)
(4.43793 -0.00184616 0)
(4.45144 -0.00122081 0)
(4.46191 -0.000800838 0)
(4.47008 -0.000519298 0)
(4.47648 -0.000330547 0)
(4.48152 -0.000204372 0)
(4.4855 -0.00011974 0)
(4.48865 -6.28926e-05 0)
(4.49116 -2.49734e-05 0)
(4.49317 -3.13027e-07 0)
(4.49476 1.52438e-05 0)
(4.49604 2.48607e-05 0)
(4.49706 3.01668e-05 0)
(4.49787 3.27437e-05 0)
(4.49852 3.36589e-05 0)
(4.49904 3.39877e-05 0)
(4.49945 3.34362e-05 0)
(4.49978 3.32862e-05 0)
(4.50003 3.25923e-05 0)
(4.50023 3.32134e-05 0)
(4.50038 3.34873e-05 0)
(4.50049 3.51859e-05 0)
(4.50056 3.7968e-05 0)
(4.5006 4.10614e-05 0)
(4.50061 4.7806e-05 0)
(4.50059 5.40789e-05 0)
(4.50055 6.3249e-05 0)
(4.50047 7.3593e-05 0)
(4.50036 8.06303e-05 0)
(4.50023 9.03689e-05 0)
(4.50005 0.00010696 0)
(4.49983 0.000128821 0)
(4.49956 0.000155334 0)
(4.49923 0.000188045 0)
(4.49883 0.000228768 0)
(4.49834 0.000277826 0)
(4.49775 0.000336382 0)
(4.49703 0.000406758 0)
(4.49615 0.000491481 0)
(4.49508 0.000594086 0)
(4.49379 0.000718021 0)
(4.49223 0.000867962 0)
(4.49034 0.00104976 0)
(4.48805 0.00126968 0)
(4.48528 0.00153558 0)
(4.48193 0.00185764 0)
(4.47787 0.0022478 0)
(4.47296 0.00272018 0)
(4.46702 0.00329171 0)
(4.45982 0.00398288 0)
(4.45112 0.00481834 0)
(4.44058 0.00582673 0)
(4.42784 0.00704228 0)
(4.41245 0.00850336 0)
(4.39385 0.0102552 0)
(4.37142 0.0123468 0)
(4.3444 0.0148331 0)
(4.31192 0.0177728 0)
(4.27296 0.021231 0)
(4.22634 0.0252769 0)
(4.17074 0.0299856 0)
(4.10459 0.0354459 0)
(4.02613 0.0417434 0)
(3.93334 0.048993 0)
(3.8239 0.0572614 0)
(3.69521 0.0666772 0)
(3.54437 0.0771451 0)
(3.3683 0.0887716 0)
(3.1638 0.100935 0)
(2.92804 0.113785 0)
(2.65807 0.125642 0)
(2.35258 0.137557 0)
(2.00951 0.146408 0)
(1.62975 0.15746 0)
(1.21045 0.17 0)
(0.748682 0.201546 0)
(0.251253 0.231476 0)
(-0.219761 0.346054 0)
(-0.591759 0.264841 0)
(-0.862307 0.156844 0)
(-0.914714 -0.0447686 0)
(-0.700566 -0.248866 0)
(-0.292062 -0.439717 0)
(0.283405 -0.532618 0)
(0.882731 -0.575732 0)
(1.51307 -0.545568 0)
(2.08783 -0.488894 0)
(2.60985 -0.414895 0)
(3.06165 -0.33903 0)
(3.44612 -0.269203 0)
(3.76709 -0.209011 0)
(4.03086 -0.159668 0)
(4.24489 -0.120614 0)
(4.41685 -0.0904748 0)
(4.55399 -0.0676283 0)
(4.66282 -0.0505137 0)
(4.74894 -0.0377956 0)
(4.81702 -0.0283782 0)
(4.87084 -0.0214142 0)
(4.91342 -0.0162577 0)
(4.94719 -0.0124223 0)
(4.97403 -0.00955167 0)
(4.99541 -0.00738807 0)
(5.01248 -0.00574633 0)
(5.02615 -0.00449194 0)
(5.03711 -0.00352734 0)
(5.04591 -0.00278032 0)
(5.053 -0.00219747 0)
(5.05871 -0.00174075 0)
(5.06332 -0.00138144 0)
(5.06704 -0.00109781 0)
(5.07005 -0.000873009 0)
(5.07248 -0.000694526 0)
(5.07445 -0.000552086 0)
(5.07604 -0.000438409 0)
(5.07733 -0.000346458 0)
(5.07837 -0.000272876 0)
(5.07921 -0.000212514 0)
(5.07988 -0.000163459 0)
(5.08042 -0.000122852 0)
(5.08084 -8.79852e-05 0)
(5.08118 -5.87513e-05 0)
(5.08144 -3.17089e-05 0)
(5.08163 -7.21201e-06 0)
(5.08177 1.67039e-05 0)
(5.08185 4.05501e-05 0)
(5.0819 6.49513e-05 0)
(5.08189 9.00993e-05 0)
(5.08185 0.000114769 0)
(5.08176 0.000142358 0)
(5.08162 0.000177519 0)
(5.08143 0.0002203 0)
(5.08118 0.000270977 0)
(5.08087 0.000331687 0)
(5.08049 0.00040494 0)
(5.08002 0.00049317 0)
(5.07944 0.000599108 0)
(5.07872 0.000726655 0)
(5.07786 0.000880585 0)
(5.07681 0.00106642 0)
(5.07553 0.00129077 0)
(5.07399 0.00156192 0)
(5.07212 0.00189005 0)
(5.06985 0.00228704 0)
(5.0671 0.00276719 0)
(5.06378 0.00334851 0)
(5.05975 0.00405264 0)
(5.05488 0.00490518 0)
(5.04898 0.00593711 0)
(5.04183 0.00718544 0)
(5.03319 0.00869514 0)
(5.02272 0.010519 0)
(5.01006 0.0127198 0)
(4.99474 0.0153698 0)
(4.97623 0.018554 0)
(4.95386 0.0223661 0)
(4.92687 0.0269148 0)
(4.89436 0.032316 0)
(4.85526 0.0387045 0)
(4.80833 0.0462218 0)
(4.75214 0.0550393 0)
(4.68499 0.0653307 0)
(4.60496 0.077341 0)
(4.50974 0.0912452 0)
(4.3967 0.107445 0)
(4.26267 0.125913 0)
(4.10419 0.147395 0)
(3.91694 0.171005 0)
(3.69675 0.198326 0)
(3.43802 0.226102 0)
(3.1369 0.258196 0)
(2.7861 0.286339 0)
(2.3849 0.320531 0)
(1.92541 0.345425 0)
(1.41649 0.386 0)
(0.857648 0.420338 0)
(0.287197 0.46253 0)
(-0.23722 0.511929 0)
(-0.653075 0.406374 0)
(-0.950161 0.236715 0)
(-1.03362 -0.0637852 0)
(-0.802412 -0.372632 0)
(-0.365243 -0.648801 0)
(0.261522 -0.782814 0)
(0.883788 -0.839045 0)
(1.53694 -0.799483 0)
(2.12013 -0.718663 0)
(2.64316 -0.616512 0)
(3.0913 -0.511645 0)
(3.4703 -0.414466 0)
(3.78629 -0.329875 0)
(4.04695 -0.259334 0)
(4.26037 -0.202207 0)
(4.43412 -0.156887 0)
(4.57496 -0.121438 0)
(4.68878 -0.0939683 0)
(4.78057 -0.0728044 0)
(4.85448 -0.0565479 0)
(4.91396 -0.044067 0)
(4.9618 -0.0344643 0)
(5.0003 -0.0270511 0)
(5.03129 -0.0213083 0)
(5.05626 -0.0168437 0)
(5.07638 -0.0133586 0)
(5.09262 -0.0106261 0)
(5.10574 -0.00847442 0)
(5.11634 -0.00677375 0)
(5.12491 -0.00542507 0)
(5.13184 -0.00435187 0)
(5.13746 -0.00349527 0)
(5.14201 -0.00280987 0)
(5.14569 -0.00226019 0)
(5.14868 -0.00181867 0)
(5.1511 -0.00146303 0)
(5.15306 -0.00117631 0)
(5.15465 -0.000944003 0)
(5.15594 -0.000756033 0)
(5.15698 -0.000602694 0)
(5.15782 -0.000477272 0)
(5.15849 -0.000374552 0)
(5.15903 -0.00028808 0)
(5.15946 -0.000216168 0)
(5.15979 -0.000153656 0)
(5.16005 -9.85201e-05 0)
(5.16024 -4.92806e-05 0)
(5.16037 -2.35726e-06 0)
(5.16045 4.2762e-05 0)
(5.16048 8.71362e-05 0)
(5.16047 0.000132482 0)
(5.16041 0.000181418 0)
(5.1603 0.000237305 0)
(5.16014 0.00030207 0)
(5.15992 0.000377956 0)
(5.15964 0.000468054 0)
(5.15929 0.00057528 0)
(5.15885 0.000703491 0)
(5.15831 0.000857143 0)
(5.15765 0.0010418 0)
(5.15685 0.0012644 0)
(5.15587 0.00153282 0)
(5.15468 0.00185671 0)
(5.15324 0.0022481 0)
(5.15149 0.00272142 0)
(5.14937 0.00329397 0)
(5.14681 0.00398666 0)
(5.1437 0.00482519 0)
(5.13994 0.0058406 0)
(5.13539 0.00706994 0)
(5.12988 0.00855814 0)
(5.12321 0.0103589 0)
(5.11514 0.0125374 0)
(5.10536 0.0151705 0)
(5.09353 0.0183501 0)
(5.07922 0.0221823 0)
(5.0619 0.0267929 0)
(5.04097 0.0323215 0)
(5.01569 0.0389313 0)
(4.9852 0.0467997 0)
(4.94847 0.0561282 0)
(4.90433 0.0671478 0)
(4.85136 0.0800945 0)
(4.78796 0.0953153 0)
(4.71218 0.113042 0)
(4.62185 0.133909 0)
(4.51414 0.157892 0)
(4.38627 0.186401 0)
(4.23375 0.218101 0)
(4.05369 0.256698 0)
(3.83812 0.296338 0)
(3.58662 0.347177 0)
(3.28289 0.391603 0)
(2.93707 0.454735 0)
(2.51413 0.49609 0)
(2.054 0.568502 0)
(1.49085 0.600359 0)
(0.933405 0.680901 0)
(0.269965 0.703279 0)
(-0.271367 0.714502 0)
(-0.72063 0.554902 0)
(-1.07563 0.336097 0)
(-1.19549 -0.0814384 0)
(-0.930343 -0.5098 0)
(-0.446478 -0.882093 0)
(0.241154 -1.05603 0)
(0.895323 -1.11598 0)
(1.57252 -1.06301 0)
(2.16749 -0.952362 0)
(2.69345 -0.818112 0)
(3.13973 -0.681639 0)
(3.51416 -0.555641 0)
(3.82419 -0.44608 0)
(4.07847 -0.354428 0)
(4.28574 -0.279729 0)
(4.45403 -0.219913 0)
(4.59033 -0.172576 0)
(4.70055 -0.135399 0)
(4.7896 -0.10633 0)
(4.86151 -0.0836508 0)
(4.91957 -0.0659584 0)
(4.96644 -0.052139 0)
(5.00429 -0.0413231 0)
(5.03486 -0.0328376 0)
(5.05956 -0.0261615 0)
(5.07952 -0.0208926 0)
(5.09567 -0.0167207 0)
(5.10874 -0.0134071 0)
(5.11932 -0.0107681 0)
(5.12788 -0.00866084 0)
(5.13483 -0.00697407 0)
(5.14045 -0.00562101 0)
(5.14501 -0.00453357 0)
(5.14871 -0.00365807 0)
(5.15171 -0.00295235 0)
(5.15415 -0.0023823 0)
(5.15612 -0.00192137 0)
(5.15772 -0.00154768 0)
(5.15901 -0.00124441 0)
(5.16006 -0.000997333 0)
(5.1609 -0.000795111 0)
(5.16158 -0.000629542 0)
(5.16212 -0.000491628 0)
(5.16255 -0.000376584 0)
(5.16289 -0.000278838 0)
(5.16315 -0.000193424 0)
(5.16334 -0.000118319 0)
(5.16348 -4.90549e-05 0)
(5.16356 1.6821e-05 0)
(5.1636 8.04735e-05 0)
(5.16359 0.000145181 0)
(5.16354 0.00021396 0)
(5.16344 0.000289653 0)
(5.16329 0.000375614 0)
(5.16308 0.0004756 0)
(5.16281 0.000593323 0)
(5.16247 0.000732418 0)
(5.16205 0.000897957 0)
(5.16153 0.00109607 0)
(5.1609 0.00133384 0)
(5.16012 0.00162006 0)
(5.15918 0.00196504 0)
(5.15803 0.00238126 0)
(5.15664 0.00288413 0)
(5.15496 0.00349208 0)
(5.15292 0.00422742 0)
(5.15045 0.00511718 0)
(5.14746 0.00619413 0)
(5.14384 0.007498 0)
(5.13946 0.00907652 0)
(5.13415 0.0109876 0)
(5.12773 0.0133007 0)
(5.11996 0.0160998 0)
(5.11055 0.0194843 0)
(5.09915 0.0235739 0)
(5.08536 0.0285065 0)
(5.06868 0.0344478 0)
(5.0485 0.0415797 0)
(5.02412 0.0501228 0)
(4.99468 0.0603046 0)
(4.95922 0.0724124 0)
(4.91654 0.0867181 0)
(4.86533 0.103627 0)
(4.80395 0.123419 0)
(4.73068 0.146837 0)
(4.64303 0.173862 0)
(4.5391 0.206356 0)
(4.41434 0.242595 0)
(4.26813 0.28801 0)
(4.08979 0.334682 0)
(3.88659 0.398196 0)
(3.62872 0.453471 0)
(3.3523 0.540333 0)
(2.97529 0.596375 0)
(2.61098 0.707836 0)
(2.06526 0.750123 0)
(1.61392 0.876353 0)
(0.878072 0.893742 0)
(0.428959 0.97176 0)
(-0.289877 0.905515 0)
(-0.824927 0.740904 0)
(-1.22921 0.448862 0)
(-1.39612 -0.0943305 0)
(-1.03842 -0.672614 0)
(-0.513169 -1.13965 0)
(0.245008 -1.35244 0)
(0.938212 -1.40443 0)
(1.63711 -1.33428 0)
(2.24093 -1.18928 0)
(2.76438 -1.0204 0)
(3.20327 -0.851062 0)
(3.56869 -0.695697 0)
(3.86987 -0.560879 0)
(4.11612 -0.447996 0)
(4.31638 -0.355731 0)
(4.47868 -0.281523 0)
(4.60998 -0.222461 0)
(4.7161 -0.175762 0)
(4.80185 -0.138973 0)
(4.87114 -0.110042 0)
(4.92713 -0.0872925 0)
(4.97238 -0.0693877 0)
(5.00896 -0.055272 0)
(5.03854 -0.0441203 0)
(5.06247 -0.0352897 0)
(5.08183 -0.0282798 0)
(5.09751 -0.0227011 0)
(5.11021 -0.0182507 0)
(5.12049 -0.0146924 0)
(5.12883 -0.0118414 0)
(5.13559 -0.00955263 0)
(5.14107 -0.00771216 0)
(5.14552 -0.00622981 0)
(5.14913 -0.00503411 0)
(5.15205 -0.00406862 0)
(5.15443 -0.0032877 0)
(5.15635 -0.00265537 0)
(5.15791 -0.00214247 0)
(5.15918 -0.00172577 0)
(5.1602 -0.00138632 0)
(5.16102 -0.0011086 0)
(5.16168 -0.000881088 0)
(5.16221 -0.000692445 0)
(5.16264 -0.0005351 0)
(5.16297 -0.000402339 0)
(5.16322 -0.000287367 0)
(5.16341 -0.000186691 0)
(5.16354 -9.55278e-05 0)
(5.16362 -9.36938e-06 0)
(5.16366 7.33256e-05 0)
(5.16365 0.000156456 0)
(5.1636 0.000244183 0)
(5.16351 0.000339545 0)
(5.16336 0.000446247 0)
(5.16316 0.000569156 0)
(5.1629 0.000713303 0)
(5.16258 0.000883317 0)
(5.16217 0.00108508 0)
(5.16167 0.00132604 0)
(5.16105 0.0016149 0)
(5.1603 0.00196235 0)
(5.15939 0.0023811 0)
(5.15828 0.00288625 0)
(5.15694 0.00349644 0)
(5.15531 0.00423408 0)
(5.15334 0.00512616 0)
(5.15095 0.00620552 0)
(5.14805 0.00751184 0)
(5.14455 0.00909331 0)
(5.14031 0.0110079 0)
(5.13518 0.0133262 0)
(5.12897 0.0161324 0)
(5.12145 0.019529 0)
(5.11234 0.0236373 0)
(5.10132 0.0286043 0)
(5.08797 0.0345983 0)
(5.07181 0.0418249 0)
(5.05226 0.0505081 0)
(5.02861 0.0609209 0)
(5.00004 0.073354 0)
(4.96557 0.088139 0)
(4.92409 0.105689 0)
(4.8742 0.126326 0)
(4.81453 0.150834 0)
(4.74287 0.179188 0)
(4.65804 0.213415 0)
(4.5554 0.251748 0)
(4.43649 0.300167 0)
(4.2881 0.350444 0)
(4.12514 0.420056 0)
(3.90499 0.481999 0)
(3.69043 0.582071 0)
(3.35356 0.650117 0)
(3.08556 0.788729 0)
(2.56611 0.848199 0)
(2.24917 1.02292 0)
(1.47767 1.0495 0)
(1.15066 1.22569 0)
(0.0854633 1.21607 0)
(-0.317513 1.17301 0)
(-0.941177 0.941402 0)
(-1.42186 0.58628 0)
(-1.59469 -0.126536 0)
(-1.10131 -0.867166 0)
(-0.558663 -1.41786 0)
(0.26966 -1.67447 0)
(1.00599 -1.70682 0)
(1.72802 -1.61121 0)
(2.34093 -1.42651 0)
(2.85958 -1.21913 0)
(3.2872 -1.01559 0)
(3.63918 -0.830893 0)
(3.9276 -0.671386 0)
(4.16289 -0.537942 0)
(4.35402 -0.428729 0)
(4.50882 -0.34067 0)
(4.63398 -0.270349 0)
(4.73514 -0.214523 0)
(4.81691 -0.170344 0)
(4.88303 -0.135431 0)
(4.93652 -0.107842 0)
(4.9798 -0.0860225 0)
(5.01483 -0.0687393 0)
(5.04319 -0.0550251 0)
(5.06617 -0.0441216 0)
(5.08478 -0.0354347 0)
(5.09986 -0.0284991 0)
(5.11209 -0.0229505 0)
(5.122 -0.0185031 0)
(5.13004 -0.014932 0)
(5.13656 -0.0120597 0)
(5.14186 -0.00974636 0)
(5.14615 -0.00788052 0)
(5.14964 -0.00637369 0)
(5.15247 -0.00515561 0)
(5.15476 -0.00416957 0)
(5.15662 -0.00337048 0)
(5.15813 -0.00272206 0)
(5.15935 -0.0021949 0)
(5.16034 -0.00176543 0)
(5.16114 -0.00141424 0)
(5.16178 -0.00112634 0)
(5.1623 -0.000888249 0)
(5.1627 -0.000689753 0)
(5.16302 -0.000522758 0)
(5.16327 -0.000379085 0)
(5.16345 -0.000253509 0)
(5.16358 -0.00014069 0)
(5.16366 -3.50702e-05 0)
(5.1637 6.61247e-05 0)
(5.16369 0.000167191 0)
(5.16364 0.000273131 0)
(5.16355 0.000387456 0)
(5.16341 0.000514316 0)
(5.16322 0.000659674 0)
(5.16297 0.000829646 0)
(5.16266 0.00102967 0)
(5.16227 0.00126644 0)
(5.16179 0.00154882 0)
(5.1612 0.0018872 0)
(5.16048 0.00229408 0)
(5.1596 0.00278433 0)
(5.15853 0.00337569 0)
(5.15724 0.00408989 0)
(5.15568 0.00495315 0)
(5.15378 0.00599706 0)
(5.15149 0.00726004 0)
(5.14871 0.00878859 0)
(5.14535 0.010639 0)
(5.14127 0.0128793 0)
(5.13634 0.0155919 0)
(5.13038 0.0188759 0)
(5.12315 0.0228519 0)
(5.1144 0.0276618 0)
(5.1038 0.0334804 0)
(5.09097 0.0405047 0)
(5.07542 0.0489833 0)
(5.05659 0.0591739 0)
(5.0338 0.0714204 0)
(5.00622 0.0860331 0)
(4.97294 0.103487 0)
(4.93275 0.124103 0)
(4.88456 0.148643 0)
(4.82641 0.177215 0)
(4.75759 0.211562 0)
(4.67368 0.250465 0)
(4.57741 0.299109 0)
(4.45478 0.350866 0)
(4.32461 0.421228 0)
(4.13904 0.487348 0)
(3.97254 0.590264 0)
(3.6807 0.668626 0)
(3.48068 0.817075 0)
(3.01883 0.896584 0)
(2.78719 1.0997 0)
(2.07815 1.1539 0)
(1.82897 1.39459 0)
(0.798062 1.39114 0)
(0.681556 1.53443 0)
(-0.416409 1.41248 0)
(-1.09048 1.18698 0)
(-1.62793 0.727261 0)
(-1.74667 -0.184075 0)
(-1.12025 -1.09709 0)
(-0.561179 -1.71029 0)
(0.320081 -2.02266 0)
(1.09968 -2.02853 0)
(1.8424 -1.89587 0)
(2.46247 -1.66507 0)
(2.97528 -1.41443 0)
(3.38976 -1.1742 0)
(3.72527 -0.959849 0)
(3.99745 -0.776345 0)
(4.21874 -0.623294 0)
(4.39851 -0.497995 0)
(4.54423 -0.396787 0)
(4.66215 -0.315781 0)
(4.75752 -0.251305 0)
(4.83467 -0.200133 0)
(4.89711 -0.159565 0)
(4.94768 -0.1274 0)
(4.98865 -0.101875 0)
(5.02186 -0.0815904 0)
(5.04879 -0.0654449 0)
(5.07063 -0.0525712 0)
(5.08834 -0.0422876 0)
(5.10271 -0.0340581 0)
(5.11437 -0.0274606 0)
(5.12384 -0.0221629 0)
(5.13152 -0.0179023 0)
(5.13775 -0.0144707 0)
(5.14282 -0.0117036 0)
(5.14693 -0.00946945 0)
(5.15026 -0.00766364 0)
(5.15297 -0.00620269 0)
(5.15517 -0.0050193 0)
(5.15696 -0.00405974 0)
(5.1584 -0.00328079 0)
(5.15957 -0.00264724 0)
(5.16052 -0.00213102 0)
(5.16129 -0.00170904 0)
(5.1619 -0.00136297 0)
(5.1624 -0.00107716 0)
(5.16279 -0.000839076 0)
(5.1631 -0.000639045 0)
(5.16333 -0.000467686 0)
(5.16351 -0.000318116 0)
(5.16363 -0.000184359 0)
(5.16371 -6.00744e-05 0)
(5.16375 5.89593e-05 0)
(5.16374 0.00017729 0)
(5.16369 0.000300487 0)
(5.16361 0.000432992 0)
(5.16348 0.000579533 0)
(5.16329 0.000746614 0)
(5.16306 0.000941184 0)
(5.16276 0.00116976 0)
(5.16239 0.00144009 0)
(5.16193 0.00176227 0)
(5.16136 0.00214822 0)
(5.16068 0.00261209 0)
(5.15984 0.00317087 0)
(5.15883 0.00384483 0)
(5.1576 0.00465867 0)
(5.1561 0.00564228 0)
(5.1543 0.00683169 0)
(5.15211 0.00827065 0)
(5.14946 0.0100121 0)
(5.14626 0.0121202 0)
(5.14238 0.0146724 0)
(5.13768 0.017763 0)
(5.132 0.0215048 0)
(5.12511 0.0260362 0)
(5.11677 0.0315192 0)
(5.10667 0.0381559 0)
(5.09443 0.0461708 0)
(5.07959 0.0558546 0)
(5.06161 0.0675035 0)
(5.0398 0.0815142 0)
(5.01341 0.0982703 0)
(4.98144 0.118243 0)
(4.94295 0.142027 0)
(4.89629 0.169946 0)
(4.84094 0.203386 0)
(4.77306 0.241671 0)
(4.69547 0.288837 0)
(4.59552 0.340491 0)
(4.49108 0.408111 0)
(4.33903 0.476308 0)
(4.2058 0.575032 0)
(3.96733 0.660913 0)
(3.8031 0.806237 0)
(3.43161 0.903311 0)
(3.22425 1.11356 0)
(2.65946 1.19955 0)
(2.40129 1.48093 0)
(1.54468 1.5103 0)
(1.29669 1.80587 0)
(-0.0281505 1.76195 0)
(-0.382257 1.77179 0)
(-1.27451 1.44383 0)
(-1.8187 0.851983 0)
(-1.79687 -0.295761 0)
(-1.10254 -1.35695 0)
(-0.478225 -2.03402 0)
(0.423441 -2.3894 0)
(1.23499 -2.36811 0)
(1.98702 -2.18646 0)
(2.60602 -1.90396 0)
(3.10781 -1.6057 0)
(3.50714 -1.32619 0)
(3.8248 -1.08131 0)
(4.0788 -0.874278 0)
(4.28373 -0.702744 0)
(4.44995 -0.562555 0)
(4.58492 -0.449201 0)
(4.6944 -0.358288 0)
(4.78311 -0.285764 0)
(4.85499 -0.228075 0)
(4.91325 -0.182231 0)
(4.96051 -0.145794 0)
(4.99886 -0.116806 0)
(5.03 -0.0937126 0)
(5.05528 -0.0752879 0)
(5.07581 -0.060564 0)
(5.09249 -0.0487783 0)
(5.10604 -0.0393292 0)
(5.11704 -0.0317415 0)
(5.12598 -0.0256399 0)
(5.13325 -0.0207263 0)
(5.13915 -0.0167646 0)
(5.14394 -0.0135669 0)
(5.14784 -0.0109829 0)
(5.151 -0.00889285 0)
(5.15357 -0.00720082 0)
(5.15565 -0.00582957 0)
(5.15735 -0.00471722 0)
(5.15872 -0.00381387 0)
(5.15983 -0.00307893 0)
(5.16073 -0.00248 0)
(5.16146 -0.00199052 0)
(5.16205 -0.00158898 0)
(5.16251 -0.00125757 0)
(5.16289 -0.000981774 0)
(5.16318 -0.00075021 0)
(5.1634 -0.00055239 0)
(5.16357 -0.000379993 0)
(5.16369 -0.000226215 0)
(5.16377 -8.40358e-05 0)
(5.1638 5.19059e-05 0)
(5.16379 0.000186654 0)
(5.16375 0.000326251 0)
(5.16367 0.000476061 0)
(5.16354 0.000641356 0)
(5.16337 0.00082904 0)
(5.16315 0.00104689 0)
(5.16287 0.00130259 0)
(5.16252 0.00160487 0)
(5.16208 0.00196488 0)
(5.16155 0.00239596 0)
(5.1609 0.00291391 0)
(5.16011 0.00353771 0)
(5.15915 0.00429004 0)
(5.15799 0.00519843 0)
(5.15658 0.00629624 0)
(5.15488 0.00762369 0)
(5.15281 0.00922956 0)
(5.15031 0.0111729 0)
(5.14729 0.0135254 0)
(5.14362 0.0163735 0)
(5.13919 0.0198226 0)
(5.13382 0.0239987 0)
(5.12732 0.0290575 0)
(5.11945 0.0351791 0)
(5.10991 0.0425946 0)
(5.09834 0.0515505 0)
(5.08431 0.0623896 0)
(5.06728 0.075422 0)
(5.04662 0.0911518 0)
(5.02152 0.109912 0)
(4.99119 0.132447 0)
(4.95425 0.159005 0)
(4.91025 0.190804 0)
(4.85603 0.227699 0)
(4.79379 0.272254 0)
(4.71373 0.322704 0)
(4.62909 0.385765 0)
(4.50846 0.453787 0)
(4.39764 0.545055 0)
(4.21367 0.634208 0)
(4.06721 0.769282 0)
(3.79204 0.878559 0)
(3.58759 1.07855 0)
(3.17667 1.19674 0)
(2.90161 1.47892 0)
(2.24934 1.57057 0)
(1.94869 1.92659 0)
(0.875446 1.92327 0)
(0.81569 2.15217 0)
(-0.445708 2.07329 0)
(-1.46938 1.73566 0)
(-1.89983 0.936994 0)
(-1.72856 -0.456569 0)
(-0.983173 -1.65749 0)
(-0.275297 -2.38332 0)
(0.61239 -2.75984 0)
(1.43352 -2.71393 0)
(2.17483 -2.47662 0)
(2.77967 -2.13792 0)
(3.26015 -1.79018 0)
(3.63776 -1.47062 0)
(3.93471 -1.19494 0)
(4.16925 -0.964711 0)
(4.35657 -0.775599 0)
(4.5078 -0.621699 0)
(4.63061 -0.497331 0)
(4.73051 -0.397441 0)
(4.81172 -0.317589 0)
(4.8777 -0.253936 0)
(4.93132 -0.20325 0)
(4.9749 -0.162882 0)
(5.01033 -0.130701 0)
(5.03915 -0.105014 0)
(5.0626 -0.0844792 0)
(5.08167 -0.0680391 0)
(5.09719 -0.0548571 0)
(5.10981 -0.0442722 0)
(5.12008 -0.0357606 0)
(5.12843 -0.0289074 0)
(5.13522 -0.0233827 0)
(5.14074 -0.018924 0)
(5.14522 -0.015322 0)
(5.14887 -0.0124093 0)
(5.15184 -0.010052 0)
(5.15425 -0.00814248 0)
(5.15621 -0.00659426 0)
(5.1578 -0.00533792 0)
(5.15908 -0.00431728 0)
(5.16013 -0.00348667 0)
(5.16098 -0.00280972 0)
(5.16166 -0.00225651 0)
(5.16221 -0.00180262 0)
(5.16265 -0.00142813 0)
(5.163 -0.00111675 0)
(5.16327 -0.000855402 0)
(5.16349 -0.000632542 0)
(5.16364 -0.000438619 0)
(5.16376 -0.000265893 0)
(5.16383 -0.000106787 0)
(5.16386 4.5046e-05 0)
(5.16385 0.000195276 0)
(5.16382 0.000350341 0)
(5.16374 0.000516371 0)
(5.16362 0.000699285 0)
(5.16346 0.000906406 0)
(5.16325 0.00114622 0)
(5.16299 0.00142741 0)
(5.16266 0.00175973 0)
(5.16226 0.00215531 0)
(5.16176 0.00262881 0)
(5.16115 0.00319759 0)
(5.16041 0.0038825 0)
(5.15952 0.00470847 0)
(5.15843 0.00570571 0)
(5.15711 0.00691081 0)
(5.15552 0.00836792 0)
(5.15359 0.0101306 0)
(5.15125 0.0122636 0)
(5.14843 0.0148456 0)
(5.145 0.0179715 0)
(5.14086 0.0217573 0)
(5.13584 0.0263412 0)
(5.12977 0.0318957 0)
(5.12241 0.0386176 0)
(5.11349 0.0467665 0)
(5.10268 0.0566094 0)
(5.08954 0.0685397 0)
(5.0736 0.0828885 0)
(5.05417 0.100237 0)
(5.03063 0.120962 0)
(5.00186 0.145826 0)
(4.96733 0.17535 0)
(4.92477 0.210234 0)
(4.87516 0.251767 0)
(4.81219 0.299783 0)
(4.74332 0.35809 0)
(4.64994 0.423624 0)
(4.55616 0.506687 0)
(4.41919 0.595104 0)
(4.28742 0.716655 0)
(4.09092 0.832158 0)
(3.8993 1.01124 0)
(3.60591 1.15613 0)
(3.34669 1.40964 0)
(2.85899 1.57082 0)
(2.55576 1.91783 0)
(1.7069 2.00963 0)
(1.45524 2.41906 0)
(-0.0863388 2.36428 0)
(-0.559028 2.53174 0)
(-1.66772 2.01804 0)
(-1.78172 0.935574 0)
(-1.51329 -0.652672 0)
(-0.707005 -1.98638 0)
(0.0711662 -2.74869 0)
(0.899092 -3.11966 0)
(1.704 -3.05581 0)
(2.40834 -2.7597 0)
(2.98572 -2.36136 0)
(3.43542 -1.963 0)
(3.7836 -1.60441 0)
(4.05453 -1.29927 0)
(4.26702 -1.04702 0)
(4.43559 -0.84142 0)
(4.57095 -0.674946 0)
(4.6807 -0.5407 0)
(4.77013 -0.43284 0)
(4.8431 -0.346475 0)
(4.90262 -0.277491 0)
(4.95115 -0.22245 0)
(4.9907 -0.17853 0)
(5.02296 -0.143455 0)
(5.04925 -0.115408 0)
(5.07068 -0.0929495 0)
(5.08815 -0.0749402 0)
(5.10239 -0.0604783 0)
(5.114 -0.0488497 0)
(5.12345 -0.0394873 0)
(5.13114 -0.0319408 0)
(5.13741 -0.0258512 0)
(5.14251 -0.0209324 0)
(5.14666 -0.0169558 0)
(5.15003 -0.0137379 0)
(5.15278 -0.0111323 0)
(5.15501 -0.00902049 0)
(5.15682 -0.00730755 0)
(5.1583 -0.00591709 0)
(5.15949 -0.00478712 0)
(5.16046 -0.00386738 0)
(5.16125 -0.00311769 0)
(5.16188 -0.00250501 0)
(5.16239 -0.00200224 0)
(5.1628 -0.00158752 0)
(5.16313 -0.00124291 0)
(5.16338 -0.000953793 0)
(5.16358 -0.00070753 0)
(5.16373 -0.000493521 0)
(5.16383 -0.000303106 0)
(5.16389 -0.000128159 0)
(5.16392 3.8513e-05 0)
(5.16392 0.000203146 0)
(5.16389 0.00037262 0)
(5.16381 0.000553719 0)
(5.16371 0.000753027 0)
(5.16356 0.000978292 0)
(5.16337 0.00123857 0)
(5.16312 0.00154347 0)
(5.16282 0.0019037 0)
(5.16244 0.00233237 0)
(5.16199 0.00284533 0)
(5.16142 0.00346139 0)
(5.16074 0.0042031 0)
(5.15991 0.00509753 0)
(5.15891 0.00617735 0)
(5.15769 0.00748215 0)
(5.15622 0.00905974 0)
(5.15444 0.0109681 0)
(5.15228 0.0132772 0)
(5.14967 0.0160724 0)
(5.1465 0.0194563 0)
(5.14268 0.023555 0)
(5.13805 0.0285174 0)
(5.13244 0.0345329 0)
(5.12565 0.0418118 0)
(5.11741 0.0506456 0)
(5.10742 0.0613105 0)
(5.09526 0.0742718 0)
(5.08049 0.0898343 0)
(5.06249 0.108755 0)
(5.04051 0.131251 0)
(5.01388 0.158509 0)
(4.98104 0.190534 0)
(4.94215 0.228985 0)
(4.89334 0.273825 0)
(4.8378 0.327186 0)
(4.7665 0.389214 0)
(4.68785 0.463937 0)
(4.58673 0.548801 0)
(4.47287 0.656535 0)
(4.33093 0.771931 0)
(4.16657 0.927352 0)
(3.95192 1.08703 0)
(3.73081 1.30216 0)
(3.37097 1.51493 0)
(3.08998 1.81559 0)
(2.4641 2.02273 0)
(2.14288 2.45975 0)
(0.967936 2.51645 0)
(0.950245 2.84521 0)
(-0.573588 2.90114 0)
(-1.73561 2.22086 0)
(-1.44981 0.843521 0)
(-1.07409 -0.89293 0)
(-0.242824 -2.32471 0)
(0.569469 -3.10903 0)
(1.30961 -3.46309 0)
(2.06224 -3.38075 0)
(2.694 -3.02635 0)
(3.22132 -2.57008 0)
(3.63114 -2.1209 0)
(3.94416 -1.72477 0)
(4.18471 -1.39236 0)
(4.37181 -1.12016 0)
(4.51973 -0.899729 0)
(4.63832 -0.722004 0)
(4.73438 -0.579021 0)
(4.81276 -0.464199 0)
(4.87693 -0.372173 0)
(4.9295 -0.29854 0)
(4.97256 -0.239676 0)
(5.00779 -0.192618 0)
(5.03662 -0.154971 0)
(5.06019 -0.124818 0)
(5.07946 -0.100636 0)
(5.0952 -0.0812163 0)
(5.10806 -0.0656004 0)
(5.11856 -0.0530279 0)
(5.12712 -0.0428942 0)
(5.13411 -0.0347176 0)
(5.1398 -0.0281135 0)
(5.14444 -0.022775 0)
(5.14822 -0.0184559 0)
(5.1513 -0.0149588 0)
(5.1538 -0.0121255 0)
(5.15584 -0.00982832 0)
(5.1575 -0.00796419 0)
(5.15885 -0.00645046 0)
(5.15994 -0.00521989 0)
(5.16083 -0.00421814 0)
(5.16154 -0.00340156 0)
(5.16212 -0.00273412 0)
(5.16259 -0.00218634 0)
(5.16297 -0.00173456 0)
(5.16326 -0.00135934 0)
(5.1635 -0.00104462 0)
(5.16368 -0.000776756 0)
(5.16381 -0.000544239 0)
(5.16391 -0.000337527 0)
(5.16397 -0.000147982 0)
(5.164 3.23599e-05 0)
(5.16399 0.000210252 0)
(5.16396 0.000392988 0)
(5.1639 0.000587926 0)
(5.1638 0.000802289 0)
(5.16367 0.00104425 0)
(5.16349 0.00132336 0)
(5.16327 0.00165003 0)
(5.16299 0.0020359 0)
(5.16265 0.00249497 0)
(5.16223 0.00304417 0)
(5.16172 0.00370364 0)
(5.1611 0.00449753 0)
(5.16034 0.00545479 0)
(5.15943 0.0066104 0)
(5.15832 0.0080067 0)
(5.15697 0.00969484 0)
(5.15535 0.0117368 0)
(5.15338 0.0142075 0)
(5.151 0.0171982 0)
(5.14812 0.0208186 0)
(5.14463 0.0252041 0)
(5.14042 0.0305134 0)
(5.13531 0.036952 0)
(5.12913 0.044741 0)
(5.12162 0.0542058 0)
(5.11253 0.0656238 0)
(5.10142 0.079543 0)
(5.08797 0.0962219 0)
(5.07142 0.11662 0)
(5.05137 0.140771 0)
(5.02656 0.170286 0)
(4.99666 0.204737 0)
(4.95965 0.246416 0)
(4.91554 0.294848 0)
(4.86163 0.352175 0)
(4.79744 0.420149 0)
(4.72156 0.498418 0)
(4.62861 0.59453 0)
(4.5219 0.704136 0)
(4.39049 0.838368 0)
(4.22964 0.998368 0)
(4.05072 1.1814 0)
(3.78972 1.41124 0)
(3.54629 1.66759 0)
(3.10568 1.95009 0)
(2.76917 2.33932 0)
(1.96824 2.54629 0)
(1.65934 3.08998 0)
(-0.0993728 3.05427 0)
(-0.623664 3.38488 0)
(-1.53162 2.34372 0)
(-0.909281 0.606618 0)
(-0.326811 -1.18245 0)
(0.439435 -2.63603 0)
(1.2348 -3.43672 0)
(1.86734 -3.76379 0)
(2.5216 -3.66204 0)
(3.0446 -3.25817 0)
(3.48919 -2.75478 0)
(3.84475 -2.26067 0)
(4.11607 -1.82994 0)
(4.3235 -1.47288 0)
(4.48332 -1.183 0)
(4.60873 -0.949792 0)
(4.70926 -0.762493 0)
(4.79095 -0.612067 0)
(4.85782 -0.491326 0)
(4.9128 -0.3945 0)
(4.95807 -0.316922 0)
(4.99534 -0.254796 0)
(5.026 -0.20504 0)
(5.0512 -0.165165 0)
(5.07188 -0.133177 0)
(5.08885 -0.107484 0)
(5.10275 -0.0868225 0)
(5.11414 -0.0701864 0)
(5.12346 -0.0567766 0)
(5.13108 -0.0459564 0)
(5.1373 -0.0372173 0)
(5.14238 -0.030153 0)
(5.14653 -0.024438 0)
(5.14991 -0.0198112 0)
(5.15267 -0.0160629 0)
(5.15491 -0.0130245 0)
(5.15674 -0.0105599 0)
(5.15823 -0.00855916 0)
(5.15944 -0.00693394 0)
(5.16042 -0.00561235 0)
(5.16122 -0.00453641 0)
(5.16187 -0.00365919 0)
(5.16239 -0.00294206 0)
(5.16281 -0.00235346 0)
(5.16315 -0.0018681 0)
(5.16341 -0.00146513 0)
(5.16362 -0.00112719 0)
(5.16379 -0.000839702 0)
(5.16391 -0.000590382 0)
(5.16399 -0.000368881 0)
(5.16405 -0.000166064 0)
(5.16407 2.66198e-05 0)
(5.16407 0.000216552 0)
(5.16404 0.000411352 0)
(5.16398 0.000618824 0)
(5.1639 0.000846811 0)
(5.16378 0.00110389 0)
(5.16362 0.00140008 0)
(5.16342 0.00174647 0)
(5.16317 0.00215555 0)
(5.16286 0.00264212 0)
(5.16249 0.00322412 0)
(5.16203 0.00392286 0)
(5.16147 0.00476394 0)
(5.16079 0.00577804 0)
(5.15997 0.00700218 0)
(5.15898 0.0084812 0)
(5.15777 0.0102693 0)
(5.15632 0.0124319 0)
(5.15455 0.0150486 0)
(5.15242 0.0182159 0)
(5.14984 0.0220497 0)
(5.14672 0.0266944 0)
(5.14294 0.0323163 0)
(5.13837 0.0391377 0)
(5.13284 0.0473854 0)
(5.12611 0.0574247 0)
(5.11797 0.0695165 0)
(5.10801 0.0843227 0)
(5.09594 0.101992 0)
(5.08104 0.123803 0)
(5.0629 0.149409 0)
(5.04046 0.18116 0)
(5.01296 0.217725 0)
(4.97925 0.262725 0)
(4.93833 0.314099 0)
(4.88836 0.376025 0)
(4.82992 0.447842 0)
(4.75753 0.5324 0)
(4.6749 0.634375 0)
(4.57382 0.750958 0)
(4.45142 0.899086 0)
(4.31389 1.06145 0)
(4.11858 1.27802 0)
(3.93522 1.50329 0)
(3.60862 1.80922 0)
(3.32805 2.13637 0)
(2.7912 2.4809 0)
(2.36996 3.00011 0)
(1.19718 3.18887 0)
(1.1487 3.64149 0)
(-0.515441 3.65248 0)
(-0.88151 2.34333 0)
(-0.178784 0.406414 0)
(0.635975 -1.47816 0)
(1.33515 -2.92864 0)
(2.04619 -3.72382 0)
(2.56195 -4.00048 0)
(3.05809 -3.87545 0)
(3.45113 -3.43785 0)
(3.79034 -2.90302 0)
(4.07558 -2.37697 0)
(4.29747 -1.91784 0)
(4.46785 -1.5401 0)
(4.59967 -1.23512 0)
(4.70204 -0.991063 0)
(4.78353 -0.795955 0)
(4.85001 -0.639569 0)
(4.90487 -0.514053 0)
(4.95032 -0.413326 0)
(4.98802 -0.332522 0)
(5.01928 -0.267709 0)
(5.04517 -0.21571 0)
(5.06656 -0.173967 0)
(5.08422 -0.140426 0)
(5.09877 -0.113446 0)
(5.11074 -0.0917195 0)
(5.12058 -0.0742042 0)
(5.12865 -0.0600693 0)
(5.13527 -0.0486521 0)
(5.14069 -0.0394222 0)
(5.14513 -0.0319549 0)
(5.14875 -0.0259095 0)
(5.15171 -0.0210119 0)
(5.15413 -0.017042 0)
(5.1561 -0.0138223 0)
(5.1577 -0.0112098 0)
(5.15901 -0.00908814 0)
(5.16007 -0.00736395 0)
(5.16094 -0.00596153 0)
(5.16164 -0.00481975 0)
(5.16221 -0.00388871 0)
(5.16267 -0.00312736 0)
(5.16304 -0.00250239 0)
(5.16334 -0.00198712 0)
(5.16357 -0.00155942 0)
(5.16376 -0.00120083 0)
(5.1639 -0.000895869 0)
(5.16401 -0.000631578 0)
(5.16409 -0.000396935 0)
(5.16413 -0.000182252 0)
(5.16416 2.13861e-05 0)
(5.16415 0.000222026 0)
(5.16413 0.000427583 0)
(5.16408 0.000646234 0)
(5.164 0.000886322 0)
(5.1639 0.00115686 0)
(5.16376 0.00146827 0)
(5.16358 0.00183219 0)
(5.16336 0.00226188 0)
(5.16309 0.00277291 0)
(5.16276 0.00338405 0)
(5.16236 0.0041177 0)
(5.16187 0.00500069 0)
(5.16127 0.00606526 0)
(5.16055 0.00735026 0)
(5.15968 0.0089027 0)
(5.15862 0.0107794 0)
(5.15734 0.0130492 0)
(5.15579 0.0157953 0)
(5.15392 0.0191192 0)
(5.15165 0.0231421 0)
(5.14891 0.0280164 0)
(5.1456 0.0339147 0)
(5.14159 0.0410761 0)
(5.13675 0.0497273 0)
(5.13084 0.0602817 0)
(5.12373 0.0729589 0)
(5.11495 0.0885828 0)
(5.10442 0.107088 0)
(5.09118 0.130277 0)
(5.07524 0.157042 0)
(5.05512 0.191152 0)
(5.03045 0.229288 0)
(5.00019 0.277928 0)
(4.96219 0.331568 0)
(4.91792 0.398104 0)
(4.86248 0.473418 0)
(4.79824 0.56377 0)
(4.72252 0.669925 0)
(4.627 0.797316 0)
(4.52847 0.94668 0)
(4.37294 1.13547 0)
(4.25544 1.33973 0)
(3.99506 1.62514 0)
(3.80079 1.91233 0)
(3.43718 2.30043 0)
(3.03886 2.74298 0)
(2.39833 3.11082 0)
(1.87865 3.82274 0)
(-0.0634753 3.92548 0)
(-0.453344 3.93428 0)
(0.131249 2.16715 0)
(0.9269 0.0708843 0)
(1.83073 -1.82186 0)
(2.42891 -3.17829 0)
(2.94222 -3.93366 0)
(3.34822 -4.18905 0)
(3.62947 -4.02881 0)
(3.8773 -3.56793 0)
(4.11355 -3.01123 0)
(4.3196 -2.46464 0)
(4.48708 -1.98593 0)
(4.61612 -1.59291 0)
(4.71822 -1.27644 0)
(4.79801 -1.02352 0)
(4.86055 -0.822121 0)
(4.91129 -0.661236 0)
(4.9536 -0.532192 0)
(4.98917 -0.42853 0)
(5.01908 -0.345248 0)
(5.04415 -0.278336 0)
(5.06511 -0.224561 0)
(5.08258 -0.181319 0)
(5.0971 -0.146518 0)
(5.10914 -0.118483 0)
(5.1191 -0.0958751 0)
(5.12733 -0.0776267 0)
(5.1341 -0.0628835 0)
(5.13968 -0.0509627 0)
(5.14426 -0.0413168 0)
(5.14801 -0.0335065 0)
(5.15109 -0.0271788 0)
(5.15361 -0.0220493 0)
(5.15566 -0.0178892 0)
(5.15734 -0.0145134 0)
(5.15871 -0.0117733 0)
(5.15983 -0.00954712 0)
(5.16074 -0.00773739 0)
(5.16148 -0.00626495 0)
(5.16208 -0.00506603 0)
(5.16257 -0.00408825 0)
(5.16296 -0.00328854 0)
(5.16328 -0.00263206 0)
(5.16354 -0.00209082 0)
(5.16374 -0.0016416 0)
(5.1639 -0.00126498 0)
(5.16402 -0.000944803 0)
(5.16412 -0.000667468 0)
(5.16418 -0.000421393 0)
(5.16422 -0.000196388 0)
(5.16424 1.6817e-05 0)
(5.16424 0.00022675 0)
(5.16422 0.000441657 0)
(5.16418 0.000670024 0)
(5.16411 0.000920626 0)
(5.16402 0.00120286 0)
(5.1639 0.00152749 0)
(5.16375 0.00190667 0)
(5.16356 0.00235427 0)
(5.16333 0.00288653 0)
(5.16305 0.00352298 0)
(5.1627 0.00428693 0)
(5.16228 0.00520632 0)
(5.16177 0.00631468 0)
(5.16116 0.00765247 0)
(5.16041 0.00926861 0)
(5.1595 0.0112222 0)
(5.15841 0.0135848 0)
(5.15708 0.0164429 0)
(5.15548 0.0199024 0)
(5.15355 0.0240888 0)
(5.15121 0.0291619 0)
(5.14838 0.0352984 0)
(5.14495 0.0427549 0)
(5.14084 0.051751 0)
(5.13578 0.0627579 0)
(5.12977 0.0759254 0)
(5.12222 0.0922932 0)
(5.11333 0.111466 0)
(5.10181 0.135998 0)
(5.08834 0.163592 0)
(5.07044 0.200231 0)
(5.04928 0.239228 0)
(5.02178 0.292207 0)
(4.98823 0.346711 0)
(4.94828 0.418953 0)
(4.89714 0.496338 0)
(4.84258 0.591806 0)
(4.76677 0.704052 0)
(4.69943 0.834637 0)
(4.57237 0.999068 0)
(4.508 1.18359 0)
(4.29245 1.42642 0)
(4.1832 1.6946 0)
(3.90571 2.05082 0)
(3.64207 2.43204 0)
(3.19368 2.93299 0)
(2.70258 3.53721 0)
(1.63424 3.93371 0)
(1.36417 4.64064 0)
(-0.195321 3.85135 0)
(1.20633 1.78388 0)
(2.16984 -0.255705 0)
(3.10489 -2.07613 0)
(3.66405 -3.37436 0)
(3.90389 -4.05926 0)
(4.18026 -4.30508 0)
(4.22543 -4.10253 0)
(4.31366 -3.64714 0)
(4.4479 -3.08459 0)
(4.57284 -2.5231 0)
(4.68181 -2.03227 0)
(4.76768 -1.63001 0)
(4.83732 -1.30658 0)
(4.89428 -1.04746 0)
(4.93885 -0.841141 0)
(4.97421 -0.676948 0)
(5.00374 -0.545568 0)
(5.02912 -0.439989 0)
(5.05099 -0.35502 0)
(5.06973 -0.28662 0)
(5.08565 -0.231545 0)
(5.09911 -0.18718 0)
(5.11041 -0.151417 0)
(5.11987 -0.122563 0)
(5.12777 -0.0992631 0)
(5.13433 -0.0804322 0)
(5.13976 -0.065201 0)
(5.14426 -0.052873 0)
(5.14797 -0.0428884 0)
(5.15102 -0.0347973 0)
(5.15353 -0.0282374 0)
(5.15558 -0.0229162 0)
(5.15727 -0.0185983 0)
(5.15865 -0.015093 0)
(5.15977 -0.0122462 0)
(5.16069 -0.00993263 0)
(5.16144 -0.00805138 0)
(5.16205 -0.00652044 0)
(5.16255 -0.00527357 0)
(5.16295 -0.00425639 0)
(5.16327 -0.00342435 0)
(5.16354 -0.00274138 0)
(5.16375 -0.00217834 0)
(5.16392 -0.00171101 0)
(5.16405 -0.00131924 0)
(5.16415 -0.000986232 0)
(5.16423 -0.000697899 0)
(5.16428 -0.00044215 0)
(5.16432 -0.000208441 0)
(5.16433 1.28924e-05 0)
(5.16433 0.00023068 0)
(5.16431 0.000453494 0)
(5.16428 0.000690069 0)
(5.16422 0.000949539 0)
(5.16415 0.00124163 0)
(5.16405 0.00157743 0)
(5.16393 0.00196946 0)
(5.16377 0.00243215 0)
(5.16358 0.00298228 0)
(5.16335 0.00364005 0)
(5.16306 0.00442951 0)
(5.16271 0.00537953 0)
(5.16229 0.00652474 0)
(5.16178 0.00790694 0)
(5.16116 0.00957662 0)
(5.16042 0.0115948 0)
(5.15951 0.0140354 0)
(5.15842 0.0169875 0)
(5.1571 0.0205608 0)
(5.15551 0.024884 0)
(5.15358 0.0301238 0)
(5.15127 0.0364585 0)
(5.14844 0.0441637 0)
(5.14508 0.053442 0)
(5.14091 0.0648392 0)
(5.13604 0.078388 0)
(5.12975 0.0954396 0)
(5.12264 0.11506 0)
(5.11287 0.140969 0)
(5.10207 0.168903 0)
(5.08649 0.208474 0)
(5.06908 0.247245 0)
(5.0444 0.305841 0)
(5.01598 0.358913 0)
(4.97881 0.439469 0)
(4.93674 0.515068 0)
(4.88053 0.618652 0)
(4.83303 0.733268 0)
(4.73133 0.869463 0)
(4.70101 1.04132 0)
(4.52654 1.2341 0)
(4.47639 1.4921 0)
(4.25327 1.777 0)
(4.12929 2.13231 0)
(3.78388 2.60465 0)
(3.47565 3.11703 0)
(2.93809 3.68952 0)
(2.25096 4.63105 0)
(0.106065 5.04738 0)
(0.208027 3.68943 0)
(2.38833 1.27849 0)
(3.59641 -0.682347 0)
(4.45798 -2.35849 0)
(4.88517 -3.48368 0)
(4.94279 -4.11949 0)
(5.01928 -4.31377 0)
(4.84578 -4.08594 0)
(4.78429 -3.66341 0)
(4.7989 -3.11782 0)
(4.83705 -2.55243 0)
(4.88025 -2.05618 0)
(4.92121 -1.6505 0)
(4.95682 -1.32474 0)
(4.98927 -1.06291 0)
(5.01639 -0.85344 0)
(5.03748 -0.686906 0)
(5.05468 -0.554148 0)
(5.06984 -0.447612 0)
(5.08355 -0.361768 0)
(5.09583 -0.292512 0)
(5.10663 -0.236626 0)
(5.116 -0.19152 0)
(5.12404 -0.155097 0)
(5.13088 -0.125664 0)
(5.13666 -0.101864 0)
(5.14152 -0.0826037 0)
(5.14559 -0.0670075 0)
(5.14898 -0.0543708 0)
(5.15179 -0.0441268 0)
(5.15412 -0.0358186 0)
(5.15604 -0.0290779 0)
(5.15762 -0.0236067 0)
(5.15892 -0.0191645 0)
(5.15999 -0.0155566 0)
(5.16087 -0.0126253 0)
(5.16158 -0.0102421 0)
(5.16216 -0.00830371 0)
(5.16264 -0.00672604 0)
(5.16303 -0.00544076 0)
(5.16334 -0.00439194 0)
(5.1636 -0.00353385 0)
(5.1638 -0.00282953 0)
(5.16397 -0.00224889 0)
(5.1641 -0.00176696 0)
(5.1642 -0.00136298 0)
(5.16428 -0.00101965 0)
(5.16434 -0.000722466 0)
(5.16439 -0.000458948 0)
(5.16441 -0.00021821 0)
(5.16443 9.63654e-06 0)
(5.16442 0.000233766 0)
(5.16441 0.000462963 0)
(5.16438 0.000706206 0)
(5.16434 0.000972829 0)
(5.16428 0.00127292 0)
(5.1642 0.00161774 0)
(5.16411 0.00202019 0)
(5.16399 0.00249504 0)
(5.16384 0.00305962 0)
(5.16365 0.00373458 0)
(5.16343 0.00454461 0)
(5.16316 0.00551929 0)
(5.16283 0.00669418 0)
(5.16243 0.00811212 0)
(5.16194 0.00982487 0)
(5.16136 0.0118949 0)
(5.16065 0.0143982 0)
(5.1598 0.0174257 0)
(5.15877 0.0210902 0)
(5.15753 0.0255227 0)
(5.15603 0.0308962 0)
(5.15423 0.0373878 0)
(5.15203 0.0452938 0)
(5.14946 0.0547891 0)
(5.14618 0.0665129 0)
(5.14253 0.0803247 0)
(5.13748 0.0980084 0)
(5.13233 0.117807 0)
(5.1242 0.145212 0)
(5.11654 0.172772 0)
(5.103 0.21608 0)
(5.08996 0.252795 0)
(5.06827 0.319485 0)
(5.0439 0.367081 0)
(5.014 0.461152 0)
(4.96926 0.527234 0)
(4.94048 0.647411 0)
(4.85775 0.753775 0)
(4.84439 0.904187 0)
(4.7158 1.07055 0)
(4.68881 1.29328 0)
(4.5216 1.52729 0)
(4.48168 1.85091 0)
(4.19134 2.24794 0)
(4.07314 2.69254 0)
(3.6547 3.32782 0)
(3.24216 4.0527 0)
(2.36743 4.70203 0)
(1.68565 6.02989 0)
(1.73923 2.83954 0)
(3.65275 0.775343 0)
(4.94178 -1.00416 0)
(5.76851 -2.57592 0)
(5.94566 -3.54812 0)
(5.97639 -4.11171 0)
(5.76904 -4.22586 0)
(5.4387 -4.01488 0)
(5.27853 -3.6284 0)
(5.17095 -3.10337 0)
(5.11311 -2.54704 0)
(5.0843 -2.05595 0)
(5.07553 -1.65405 0)
(5.07684 -1.33024 0)
(5.08315 -1.06933 0)
(5.09185 -0.859264 0)
(5.09944 -0.691562 0)
(5.10535 -0.558149 0)
(5.11078 -0.451422 0)
(5.11643 -0.365458 0)
(5.12223 -0.29598 0)
(5.12788 -0.239782 0)
(5.13313 -0.194322 0)
(5.13788 -0.157542 0)
(5.14207 -0.127773 0)
(5.14571 -0.103665 0)
(5.14885 -0.0841304 0)
(5.15153 -0.0682931 0)
(5.15379 -0.0554475 0)
(5.1557 -0.0450245 0)
(5.15729 -0.0365641 0)
(5.15861 -0.0296949 0)
(5.15971 -0.024116 0)
(5.16062 -0.0195838 0)
(5.16137 -0.0159011 0)
(5.16199 -0.0129076 0)
(5.16249 -0.0104732 0)
(5.16291 -0.00849267 0)
(5.16324 -0.00688031 0)
(5.16352 -0.00556635 0)
(5.16374 -0.00449383 0)
(5.16393 -0.00361631 0)
(5.16407 -0.00289605 0)
(5.16419 -0.00230219 0)
(5.16429 -0.00180921 0)
(5.16436 -0.00139596 0)
(5.16442 -0.00104481 0)
(5.16446 -0.000740899 0)
(5.16449 -0.000471523 0)
(5.16451 -0.000225453 0)
(5.16452 7.292e-06 0)
(5.16452 0.00023619 0)
(5.16451 0.000470195 0)
(5.16449 0.000718456 0)
(5.16446 0.000990478 0)
(5.16442 0.00129658 0)
(5.16436 0.00164822 0)
(5.16429 0.00205852 0)
(5.1642 0.00254255 0)
(5.1641 0.00311802 0)
(5.16396 0.00380595 0)
(5.1638 0.0046315 0)
(5.16361 0.00562477 0)
(5.16337 0.00682201 0)
(5.16309 0.00826682 0)
(5.16274 0.0100119 0)
(5.16232 0.0121209 0)
(5.16182 0.0146711 0)
(5.16121 0.017755 0)
(5.16048 0.0214875 0)
(5.1596 0.0260011 0)
(5.15853 0.0314743 0)
(5.15727 0.0380805 0)
(5.15569 0.0461381 0)
(5.15393 0.0557829 0)
(5.15154 0.0677688 0)
(5.14918 0.0817171 0)
(5.14534 0.0999877 0)
(5.14238 0.119653 0)
(5.13564 0.14874 0)
(5.13188 0.174996 0)
(5.1194 0.223272 0)
(5.11295 0.255205 0)
(5.09106 0.334109 0)
(5.07692 0.369647 0)
(5.04253 0.486384 0)
(5.01999 0.529718 0)
(4.96808 0.683458 0)
(4.94281 0.759578 0)
(4.8764 0.940305 0)
(4.83154 1.10467 0)
(4.75012 1.31132 0)
(4.70669 1.59302 0)
(4.53833 1.89595 0)
(4.48673 2.31429 0)
(4.23523 2.83065 0)
(4.06275 3.39593 0)
(3.56772 4.33896 0)
(3.00004 5.33291 0)
(0.586982 6.63316 0)
(2.90814 1.35604 0)
(4.93358 -0.119357 0)
(6.23147 -1.50066 0)
(7.00657 -2.72903 0)
(6.96983 -3.55603 0)
(6.89021 -4.00995 0)
(6.40238 -4.08069 0)
(5.99656 -3.91098 0)
(5.75368 -3.55142 0)
(5.53719 -3.04524 0)
(5.38664 -2.50495 0)
(5.29075 -2.02889 0)
(5.2302 -1.63998 0)
(5.19682 -1.32314 0)
(5.17706 -1.06604 0)
(5.16574 -0.858219 0)
(5.15922 -0.691216 0)
(5.15456 -0.557997 0)
(5.15111 -0.451646 0)
(5.14917 -0.366155 0)
(5.14866 -0.29703 0)
(5.1492 -0.241004 0)
(5.15036 -0.195578 0)
(5.1518 -0.158748 0)
(5.15334 -0.128884 0)
(5.15485 -0.104661 0)
(5.15626 -0.0850067 0)
(5.15754 -0.0690527 0)
(5.15867 -0.0560986 0)
(5.15966 -0.0455773 0)
(5.16051 -0.0370301 0)
(5.16123 -0.0300853 0)
(5.16184 -0.0244415 0)
(5.16235 -0.019854 0)
(5.16277 -0.0161246 0)
(5.16313 -0.0130916 0)
(5.16342 -0.0106246 0)
(5.16366 -0.00861703 0)
(5.16386 -0.00698228 0)
(5.16402 -0.00564963 0)
(5.16415 -0.00456154 0)
(5.16426 -0.00367123 0)
(5.16435 -0.0029405 0)
(5.16442 -0.00233798 0)
(5.16448 -0.00183774 0)
(5.16452 -0.00141837 0)
(5.16456 -0.00106202 0)
(5.16458 -0.000753644 0)
(5.1646 -0.000480284 0)
(5.16461 -0.000230643 0)
(5.16462 5.50148e-06 0)
(5.16462 0.000237651 0)
(5.16461 0.000474939 0)
(5.1646 0.000726588 0)
(5.16458 0.00100228 0)
(5.16456 0.00131242 0)
(5.16452 0.00166864 0)
(5.16448 0.00208418 0)
(5.16443 0.00257435 0)
(5.16436 0.00315706 0)
(5.16428 0.00385364 0)
(5.16419 0.00468951 0)
(5.16407 0.00569517 0)
(5.16393 0.00690726 0)
(5.16376 0.00836993 0)
(5.16355 0.0101365 0)
(5.1633 0.0122712 0)
(5.163 0.0148523 0)
(5.16264 0.0179732 0)
(5.16221 0.0217504 0)
(5.16169 0.0263166 0)
(5.16106 0.0318549 0)
(5.16034 0.0385327 0)
(5.15941 0.046692 0)
(5.15847 0.0564173 0)
(5.15697 0.0686011 0)
(5.15597 0.0825498 0)
(5.15325 0.101375 0)
(5.15274 0.120542 0)
(5.14706 0.151587 0)
(5.14805 0.175348 0)
(5.1357 0.230287 0)
(5.13757 0.253762 0)
(5.1147 0.350446 0)
(5.10949 0.365659 0)
(5.07934 0.514723 0)
(5.05614 0.525433 0)
(5.02167 0.720522 0)
(4.99528 0.75532 0)
(4.93214 0.993259 0)
(4.92498 1.0895 0)
(4.84342 1.39363 0)
(4.789 1.57237 0)
(4.74237 2.01128 0)
(4.57066 2.31942 0)
(4.5606 2.94625 0)
(4.26703 3.52496 0)
(3.96172 4.58895 0)
(3.64872 5.34595 0)
(2.32582 8.02242 0)
(4.49031 -0.894547 0)
(6.0779 -1.00417 0)
(7.34496 -1.87398 0)
(7.99111 -2.81262 0)
(7.92205 -3.47293 0)
(7.59655 -3.82968 0)
(6.9812 -3.89708 0)
(6.53667 -3.7634 0)
(6.1783 -3.42965 0)
(5.86056 -2.94886 0)
(5.63227 -2.43395 0)
(5.48562 -1.97782 0)
(5.38265 -1.60768 0)
(5.31577 -1.30383 0)
(5.27154 -1.05314 0)
(5.23992 -0.849565 0)
(5.21775 -0.68549 0)
(5.20199 -0.5539 0)
(5.19015 -0.448619 0)
(5.18121 -0.364069 0)
(5.17478 -0.29575 0)
(5.17039 -0.240326 0)
(5.16752 -0.1953 0)
(5.16571 -0.158718 0)
(5.16462 -0.128998 0)
(5.16401 -0.104851 0)
(5.1637 -0.0852304 0)
(5.16358 -0.0692836 0)
(5.16358 -0.0563208 0)
(5.16364 -0.0457823 0)
(5.16374 -0.0372138 0)
(5.16386 -0.0302466 0)
(5.16398 -0.0245809 0)
(5.16409 -0.0199732 0)
(5.16419 -0.0162253 0)
(5.16428 -0.0131761 0)
(5.16436 -0.0106951 0)
(5.16442 -0.0086756 0)
(5.16448 -0.00703067 0)
(5.16453 -0.00568928 0)
(5.16457 -0.00459382 0)
(5.1646 -0.00369743 0)
(5.16463 -0.00296175 0)
(5.16465 -0.00235507 0)
(5.16467 -0.00185134 0)
(5.16468 -0.00142902 0)
(5.16469 -0.0010702 0)
(5.1647 -0.00075968 0)
(5.16471 -0.000484447 0)
(5.16471 -0.00023308 0)
(5.16472 4.69841e-06 0)
(5.16472 0.000238471 0)
(5.16471 0.00047738 0)
(5.16471 0.000730771 0)
(5.1647 0.00100831 0)
(5.1647 0.00132055 0)
(5.16468 0.00167907 0)
(5.16467 0.00209727 0)
(5.16465 0.00259048 0)
(5.16463 0.00317682 0)
(5.1646 0.00387764 0)
(5.16457 0.00471858 0)
(5.16453 0.00573027 0)
(5.16449 0.0069496 0)
(5.16443 0.00842092 0)
(5.16437 0.0101978 0)
(5.16429 0.0123449 0)
(5.16419 0.0149408 0)
(5.16408 0.0180791 0)
(5.16395 0.0218771 0)
(5.16381 0.0264671 0)
(5.16362 0.0320355 0)
(5.16345 0.0387419 0)
(5.16314 0.0469519 0)
(5.16306 0.0566889 0)
(5.16242 0.0690044 0)
(5.16286 0.0828145 0)
(5.16111 0.102169 0)
(5.16345 0.120419 0)
(5.15816 0.153806 0)
(5.16545 0.173522 0)
(5.15081 0.237571 0)
(5.16614 0.247015 0)
(5.13479 0.37111 0)
(5.15132 0.348959 0)
(5.11141 0.556602 0)
(5.09988 0.494747 0)
(5.09447 0.779998 0)
(5.01548 0.716432 0)
(5.07446 1.05682 0)
(4.94766 1.05558 0)
(5.01585 1.4519 0)
(4.90179 1.56885 0)
(4.90086 2.05885 0)
(4.89072 2.31592 0)
(4.70636 3.09171 0)
(4.80465 3.44184 0)
(4.20653 5.02482 0)
(4.55835 5.57096 0)
(1.65887 8.73148 0)
(5.69958 0.509091 0)
(-0.267225 -0.00711069 0)
(2.89233 -0.0501627 0)
(2.78951 -0.00142183 0)
(3.06592 -0.00148913 0)
(3.14377 3.84152e-05 0)
(3.17963 -2.12315e-05 0)
(3.19716 -5.71576e-05 0)
(3.20505 -6.8756e-05 0)
(3.20935 -4.70642e-05 0)
(10.4584 0.424293 0)
(2.20178 0.126647 0)
(5.89428 -0.268623 0)
(6.0123 -0.0481392 0)
(6.47663 -0.0308369 0)
(6.68226 -0.0130557 0)
(6.78382 -0.00620876 0)
(6.83572 -0.00300563 0)
(6.8595 -0.00146597 0)
(6.87238 -0.000559518 0)
(13.0912 0.754304 0)
(5.07842 0.262769 0)
(7.83371 -0.408447 0)
(8.10266 -0.121499 0)
(8.61198 -0.0714663 0)
(8.90312 -0.0359962 0)
(9.0626 -0.0179853 0)
(9.15024 -0.00891947 0)
(9.19313 -0.00446559 0)
(9.2182 -0.00167267 0)
(14.5036 0.853247 0)
(7.67172 0.378607 0)
(9.33393 -0.475793 0)
(9.51292 -0.201142 0)
(9.92507 -0.121628 0)
(10.2318 -0.0693072 0)
(10.4292 -0.0371091 0)
(10.5502 -0.0188632 0)
(10.614 -0.00963237 0)
(10.6556 -0.00364792 0)
(14.8319 0.88319 0)
(9.61828 0.484335 0)
(10.5023 -0.453036 0)
(10.5024 -0.242098 0)
(10.7113 -0.152771 0)
(10.9323 -0.0981837 0)
(11.1122 -0.0589077 0)
(11.2463 -0.0325244 0)
(11.3254 -0.017749 0)
(11.3851 -0.00687826 0)
(14.5125 0.833114 0)
(10.8734 0.505881 0)
(11.2927 -0.414574 0)
(11.1736 -0.266819 0)
(11.2036 -0.169807 0)
(11.3012 -0.116801 0)
(11.4076 -0.0770429 0)
(11.5082 -0.0465686 0)
(11.5758 -0.0281591 0)
(11.6394 -0.0116816 0)
(13.969 0.838483 0)
(11.5872 0.501381 0)
(11.7389 -0.34366 0)
(11.5664 -0.261056 0)
(11.4992 -0.166733 0)
(11.5175 -0.118147 0)
(11.5629 -0.0822481 0)
(11.616 -0.0523275 0)
(11.6541 -0.0337107 0)
(11.6955 -0.0147398 0)
(13.3464 0.795464 0)
(11.8959 0.444899 0)
(11.9356 -0.282812 0)
(11.7705 -0.254008 0)
(11.6754 -0.166839 0)
(11.6588 -0.120295 0)
(11.6683 -0.086646 0)
(11.6857 -0.0567593 0)
(11.6992 -0.0376905 0)
(11.7154 -0.0168558 0)
(12.7786 0.716646 0)
(11.9627 0.365394 0)
(12.0007 -0.228388 0)
(11.8839 -0.240469 0)
(11.7945 -0.162987 0)
(11.762 -0.116469 0)
(11.7472 -0.0843214 0)
(11.7376 -0.0556448 0)
(11.7321 -0.0372686 0)
(11.7289 -0.0167951 0)
(12.3549 0.622202 0)
(11.9552 0.271967 0)
(12.0347 -0.191936 0)
(11.9732 -0.230973 0)
(11.8955 -0.162221 0)
(11.8495 -0.113541 0)
(11.8126 -0.0814244 0)
(11.7797 -0.0537013 0)
(11.7581 -0.0360395 0)
(11.7394 -0.0162915 0)
(12.075 0.545563 0)
(11.9713 0.185515 0)
(12.0889 -0.165745 0)
(12.0674 -0.220725 0)
(11.995 -0.159398 0)
(11.9314 -0.107626 0)
(11.8711 -0.074799 0)
(11.8159 -0.0485316 0)
(11.7796 -0.0322501 0)
(11.7478 -0.0145288 0)
(11.8747 0.463553 0)
(12.0168 0.098802 0)
(12.1603 -0.155198 0)
(12.1613 -0.212688 0)
(12.0882 -0.155328 0)
(12.005 -0.0999105 0)
(11.9216 -0.0660267 0)
(11.8462 -0.041582 0)
(11.797 -0.027144 0)
(11.7544 -0.0121688 0)
(11.7116 0.364781 0)
(12.0625 0.0136325 0)
(12.2289 -0.159154 0)
(12.243 -0.20723 0)
(12.1659 -0.149624 0)
(12.0641 -0.090128 0)
(11.9604 -0.0550147 0)
(11.8687 -0.0327616 0)
(11.8097 -0.0206436 0)
(11.7591 -0.00915759 0)
(11.5955 0.249331 0)
(12.113 -0.0631898 0)
(12.3028 -0.172541 0)
(12.3165 -0.203953 0)
(12.2202 -0.141951 0)
(12.0948 -0.0781867 0)
(11.974 -0.0421489 0)
(11.8733 -0.0225412 0)
(11.8104 -0.0131624 0)
(11.7576 -0.00572113 0)
(11.4923 0.123392 0)
(12.1634 -0.133415 0)
(12.3821 -0.19363 0)
(12.3436 -0.200439 0)
(12.1824 -0.1299 0)
(12.0206 -0.0635251 0)
(11.8908 -0.0283966 0)
(11.798 -0.0122446 0)
(11.7449 -0.00586118 0)
(11.704 -0.00240338 0)
(11.4391 -0.0143515 0)
(12.2475 -0.207631 0)
(12.3617 -0.213942 0)
(12.1355 -0.185275 0)
(11.8612 -0.107348 0)
(11.6658 -0.045045 0)
(11.547 -0.0153392 0)
(11.4809 -0.00407996 0)
(11.4488 -0.000937889 0)
(11.4275 -0.000368473 0)
(11.4784 -0.179038 0)
(12.0941 -0.265168 0)
(11.8202 -0.203613 0)
(11.3578 -0.145589 0)
(11.0068 -0.0736409 0)
(10.8177 -0.0255575 0)
(10.7307 -0.00553922 0)
(10.6953 0.00045524 0)
(10.6828 0.00116795 0)
(10.676 0.000398311 0)
(11.1504 -0.308715 0)
(11.0037 -0.246222 0)
(10.3311 -0.145525 0)
(9.76354 -0.0878373 0)
(9.42887 -0.0388573 0)
(9.28219 -0.0105366 0)
(9.23213 -0.000317043 0)
(9.22188 0.00193507 0)
(9.2229 0.00153043 0)
(9.2242 0.000516956 0)
(9.273 -0.284853 0)
(8.44604 -0.144995 0)
(7.67685 -0.0670092 0)
(7.20039 -0.0348996 0)
(6.96052 -0.0134361 0)
(6.87207 -0.00219429 0)
(6.85443 0.00136932 0)
(6.85978 0.00160791 0)
(6.86711 0.000980269 0)
(6.87131 0.000312989 0)
(4.6123 -0.146337 0)
(3.94633 -0.0183478 0)
(3.51657 -0.000416823 0)
(3.30714 -0.000535931 0)
(3.21139 0.000120018 0)
(3.18528 0.000634032 0)
(3.18839 0.00055681 0)
(3.19725 0.000297835 0)
(3.20358 0.000134777 0)
(3.20674 3.74813e-05 0)
)
;

boundaryField
{
    inlet
    {
        type            calculated;
        value           uniform (10 0 0);
    }
    outlet
    {
        type            calculated;
        value           nonuniform List<vector> 
20
(
(3.20935 -4.70642e-05 0)
(6.87238 -0.000559518 0)
(9.2182 -0.00167267 0)
(10.6556 -0.00364792 0)
(11.3851 -0.00687826 0)
(11.6394 -0.0116816 0)
(11.6955 -0.0147398 0)
(11.7154 -0.0168558 0)
(11.7289 -0.0167951 0)
(11.7394 -0.0162915 0)
(11.7478 -0.0145288 0)
(11.7544 -0.0121688 0)
(11.7591 -0.00915759 0)
(11.7576 -0.00572113 0)
(11.704 -0.00240338 0)
(11.4275 -0.000368473 0)
(10.676 0.000398311 0)
(9.2242 0.000516956 0)
(6.87131 0.000312989 0)
(3.20674 3.74813e-05 0)
)
;
    }
    walls
    {
        type            calculated;
        value           uniform (0 0 0);
    }
    frontAndBack
    {
        type            empty;
    }
}


// ************************************************************************* //
