/*--------------------------------*- C++ -*----------------------------------*\
| =========                 |                                                 |
| \\      /  F ield         | OpenFOAM: The Open Source CFD Toolbox           |
|  \\    /   O peration     | Version:  2.4.0                                 |
|   \\  /    A nd           | Web:      www.OpenFOAM.org                      |
|    \\/     M anipulation  |                                                 |
\*---------------------------------------------------------------------------*/
FoamFile
{
    version     2.0;
    format      ascii;
    class       volVectorField;
    location    "0.181";
    object      U;
}
// * * * * * * * * * * * * * * * * * * * * * * * * * * * * * * * * * * * * * //

dimensions      [0 1 -1 0 0 0 0];

internalField   nonuniform List<vector> 
4400
(
(5.40507 0.316741 0)
(3.31496 0.0607662 0)
(2.58613 0.00139108 0)
(2.23071 -0.00200245 0)
(2.08707 -0.00166263 0)
(1.9952 -0.000716889 0)
(1.95958 -0.00015709 0)
(1.91862 -0.000401111 0)
(1.91663 0.000299534 0)
(1.73941 -0.0595297 0)
(8.68847 0.857235 0)
(7.53732 0.34455 0)
(6.63731 0.116339 0)
(5.90269 0.0550676 0)
(5.53706 0.0262018 0)
(5.26265 0.0153613 0)
(5.15871 0.0097962 0)
(5.03758 0.0056676 0)
(5.00504 0.0108653 0)
(4.79263 -0.0778055 0)
(9.89683 0.937127 0)
(9.98354 0.476885 0)
(9.50721 0.213499 0)
(8.7374 0.129521 0)
(8.29897 0.0742526 0)
(7.89396 0.0455739 0)
(7.7521 0.0277018 0)
(7.56607 0.0186169 0)
(7.51375 0.0179872 0)
(7.21521 -0.0827531 0)
(10.1321 0.807232 0)
(11.101 0.497185 0)
(11.2947 0.266558 0)
(10.8028 0.196225 0)
(10.4905 0.12949 0)
(10.0542 0.0851669 0)
(9.92741 0.051684 0)
(9.71206 0.0370332 0)
(9.65375 0.0328505 0)
(9.2659 -0.10388 0)
(10.0663 0.647588 0)
(11.2986 0.434847 0)
(12.0154 0.247506 0)
(11.9317 0.216156 0)
(11.9318 0.163673 0)
(11.6159 0.120754 0)
(11.5813 0.0733343 0)
(11.4147 0.0578312 0)
(11.3608 0.0527327 0)
(10.9832 -0.120202 0)
(10.0448 0.517039 0)
(11.1936 0.357083 0)
(12.0768 0.188513 0)
(12.219 0.183688 0)
(12.5225 0.154524 0)
(12.425 0.13036 0)
(12.5565 0.0783914 0)
(12.539 0.0684251 0)
(12.5144 0.0719961 0)
(12.2987 -0.118713 0)
(10.0676 0.400939 0)
(11.145 0.287449 0)
(11.9781 0.134271 0)
(12.1787 0.136329 0)
(12.5632 0.116011 0)
(12.6175 0.115238 0)
(12.8684 0.0552651 0)
(12.9857 0.0674368 0)
(13.0308 0.0587776 0)
(13.1224 -0.0851053 0)
(10.0544 0.276629 0)
(11.1411 0.221402 0)
(11.8769 0.0922082 0)
(12.1616 0.0969616 0)
(12.4883 0.0681016 0)
(12.6086 0.0926718 0)
(12.8674 0.0219407 0)
(12.9768 0.0587258 0)
(13.1782 0.0187031 0)
(13.4243 -0.10315 0)
(10.0011 0.168122 0)
(11.1064 0.136367 0)
(11.8681 0.0583968 0)
(12.2396 0.0488104 0)
(12.3984 0.0358033 0)
(12.5844 0.0595123 0)
(12.8092 0.00649652 0)
(12.9569 0.0231035 0)
(13.2342 -0.0124013 0)
(13.2265 -0.141831 0)
(9.97994 0.0563905 0)
(11.0946 0.049946 0)
(11.9084 0.0106888 0)
(12.2101 0.0212478 0)
(12.3472 0.000448169 0)
(12.6017 0.0308776 0)
(12.7977 -0.0256027 0)
(12.9763 -0.002193 0)
(13.1172 -0.0305493 0)
(13.0898 -0.148722 0)
(9.98769 -0.0498735 0)
(11.1145 -0.0454013 0)
(11.8606 -0.0184718 0)
(12.1886 -0.0140661 0)
(12.3969 -0.0380312 0)
(12.6214 -0.00903361 0)
(12.7983 -0.0424197 0)
(12.9277 -0.0226499 0)
(13.0726 -0.0515689 0)
(13.2368 -0.200943 0)
(10.0043 -0.163143 0)
(11.1073 -0.126648 0)
(11.8664 -0.0579679 0)
(12.2486 -0.0570586 0)
(12.4339 -0.07444 0)
(12.5978 -0.0359024 0)
(12.7897 -0.0611118 0)
(12.9222 -0.0467592 0)
(13.1372 -0.0869137 0)
(13.3014 -0.231989 0)
(10.0204 -0.271859 0)
(11.135 -0.214917 0)
(11.9468 -0.101901 0)
(12.2506 -0.0948065 0)
(12.4415 -0.10328 0)
(12.5998 -0.0682215 0)
(12.8318 -0.0829032 0)
(12.9447 -0.0730397 0)
(13.1745 -0.116967 0)
(13.2027 -0.235141 0)
(10.0347 -0.39099 0)
(11.183 -0.29261 0)
(12.0111 -0.144051 0)
(12.2334 -0.1312 0)
(12.505 -0.1384 0)
(12.6104 -0.0998998 0)
(12.8434 -0.104416 0)
(12.8702 -0.0956499 0)
(13.0767 -0.136034 0)
(12.8802 -0.236203 0)
(10.0259 -0.512309 0)
(11.2635 -0.362708 0)
(12.0483 -0.194418 0)
(12.2509 -0.175931 0)
(12.4572 -0.170899 0)
(12.4247 -0.12332 0)
(12.5363 -0.114907 0)
(12.406 -0.106162 0)
(12.4882 -0.131716 0)
(12.0545 -0.218982 0)
(10.0567 -0.644814 0)
(11.3424 -0.438612 0)
(11.9676 -0.250357 0)
(11.9665 -0.210024 0)
(11.8763 -0.176876 0)
(11.6257 -0.117589 0)
(11.5483 -0.103118 0)
(11.2852 -0.0887446 0)
(11.2472 -0.114037 0)
(10.7358 -0.167038 0)
(10.1272 -0.805993 0)
(11.1257 -0.499405 0)
(11.2555 -0.268553 0)
(10.8338 -0.192258 0)
(10.4453 -0.138647 0)
(10.0593 -0.0847326 0)
(9.88648 -0.0722835 0)
(9.57995 -0.0622867 0)
(9.50273 -0.0854786 0)
(8.98118 -0.117569 0)
(9.89411 -0.936623 0)
(9.99744 -0.477873 0)
(9.47846 -0.214727 0)
(8.76043 -0.127026 0)
(8.26583 -0.0800967 0)
(7.89066 -0.0460556 0)
(7.71094 -0.040333 0)
(7.43411 -0.0371234 0)
(7.35919 -0.0528869 0)
(6.8387 -0.0792653 0)
(8.68711 -0.857138 0)
(7.54437 -0.344807 0)
(6.61983 -0.117087 0)
(5.91604 -0.0538203 0)
(5.51589 -0.0290512 0)
(5.25371 -0.0160602 0)
(5.1213 -0.0156133 0)
(4.92326 -0.0165243 0)
(4.85648 -0.0239685 0)
(4.41778 -0.0369073 0)
(5.40448 -0.316776 0)
(3.31713 -0.0606833 0)
(2.58025 -0.00162671 0)
(2.23418 0.00232633 0)
(2.07858 0.00114652 0)
(1.98673 0.000637217 0)
(1.93613 -0.000434467 0)
(1.85469 -0.00150395 0)
(1.81276 -0.00126465 0)
(1.6015 0.00571235 0)
(2.636 0.0453826 0)
(2.90483 -0.12664 0)
(3.5085 -0.365617 0)
(3.3372 -0.469959 0)
(3.70647 -0.324952 0)
(3.03463 0.159029 0)
(3.95139 0.26503 0)
(3.89876 0.385194 0)
(4.8162 0.341908 0)
(5.18034 0.352806 0)
(5.88033 0.0582991 0)
(6.27246 0.0354284 0)
(6.74282 -0.149195 0)
(7.80823 -0.602231 0)
(8.39875 -1.01008 0)
(9.20457 -1.80686 0)
(10.3691 -2.7376 0)
(10.3114 -3.62985 0)
(10.413 -4.04995 0)
(10.3297 -4.35248 0)
(8.77855 -3.23343 0)
(8.34457 -1.50099 0)
(8.75004 -0.661967 0)
(8.0325 0.814167 0)
(9.19716 1.83517 0)
(10.2016 1.69924 0)
(10.0208 1.2318 0)
(10.6678 0.272572 0)
(10.4538 -0.305198 0)
(10.6972 -0.98253 0)
(11.5326 -2.4554 0)
(11.7891 -4.22323 0)
(11.6266 -5.91817 0)
(11.1264 -7.13226 0)
(10.2222 -7.50393 0)
(8.74788 -6.99425 0)
(7.30796 -6.12435 0)
(5.86043 -5.58341 0)
(5.32675 -5.08284 0)
(4.11016 -5.12486 0)
(5.15826 -4.90578 0)
(3.74974 -4.67515 0)
(5.057 -4.24299 0)
(4.97739 -3.43416 0)
(5.3737 -2.43439 0)
(6.1769 -1.29192 0)
(7.36406 0.0929673 0)
(8.25094 1.58239 0)
(8.60505 3.10879 0)
(9.75023 4.78923 0)
(9.9546 5.75671 0)
(10.0832 5.91293 0)
(9.82567 5.95939 0)
(9.8843 5.34753 0)
(9.2685 4.76546 0)
(9.25451 4.33187 0)
(8.82275 4.05316 0)
(8.53806 3.73629 0)
(8.21367 3.23919 0)
(8.02201 3.13837 0)
(8.15399 3.63279 0)
(8.61236 4.15321 0)
(7.63222 3.48972 0)
(7.46917 3.14561 0)
(6.5728 2.58642 0)
(7.91061 3.16418 0)
(7.72368 2.62159 0)
(8.96643 2.67291 0)
(8.36294 1.38234 0)
(9.13243 -0.161316 0)
(8.71241 -1.34255 0)
(9.80603 -1.10226 0)
(8.78385 -2.97609 0)
(10.4661 -2.30547 0)
(8.81606 -2.9038 0)
(10.4064 -2.12093 0)
(7.68734 -3.81173 0)
(9.64819 -3.27228 0)
(7.17726 -3.89977 0)
(7.7888 -3.75806 0)
(7.20064 -5.98668 0)
(7.89155 -5.30638 0)
(7.14173 -6.33284 0)
(8.80621 -4.17082 0)
(8.26731 -3.82484 0)
(8.04611 -3.16846 0)
(8.20377 -1.41863 0)
(8.34474 0.690494 0)
(8.47598 2.97438 0)
(8.69921 5.6624 0)
(8.73691 7.45062 0)
(7.89272 7.32633 0)
(6.92605 6.2944 0)
(6.84144 5.52573 0)
(6.17761 4.71896 0)
(5.11604 3.99814 0)
(5.3878 4.47569 0)
(4.94195 5.65334 0)
(5.01949 6.44885 0)
(3.26824 8.9077 0)
(5.27655 -0.00539042 0)
(5.23094 -0.194161 0)
(5.64244 -0.349638 0)
(5.60863 -0.468757 0)
(5.82063 -0.323247 0)
(5.45773 0.0921816 0)
(5.95307 0.158945 0)
(5.86847 0.247382 0)
(6.55035 0.160861 0)
(6.81225 0.150555 0)
(7.45339 -0.186759 0)
(7.84466 -0.194643 0)
(8.46475 -0.395449 0)
(9.32278 -0.926375 0)
(9.78078 -1.28845 0)
(11.001 -2.25433 0)
(11.6397 -2.96436 0)
(11.5506 -3.5421 0)
(11.6869 -4.05299 0)
(11.3386 -3.89324 0)
(9.51994 -2.89607 0)
(9.45685 -1.59493 0)
(9.69246 -0.565953 0)
(8.80919 0.767753 0)
(9.97092 1.46586 0)
(10.5891 1.53496 0)
(10.582 1.13393 0)
(11.3328 0.226498 0)
(11.0221 -0.285673 0)
(11.3457 -1.16593 0)
(11.8871 -2.62453 0)
(11.9018 -4.23144 0)
(11.5903 -5.76366 0)
(10.8926 -6.80056 0)
(9.73504 -6.95255 0)
(8.01655 -6.34733 0)
(6.47549 -5.5396 0)
(5.11582 -5.08603 0)
(4.52486 -4.79985 0)
(3.7644 -5.03057 0)
(4.38566 -4.77638 0)
(3.21367 -4.73273 0)
(4.8736 -4.35459 0)
(4.28133 -3.44183 0)
(4.51249 -2.64768 0)
(5.1215 -1.66321 0)
(6.19136 -0.324347 0)
(7.02113 1.23496 0)
(7.30346 2.80146 0)
(8.4751 4.56635 0)
(8.56718 5.59434 0)
(8.87514 5.87756 0)
(9.00918 5.98201 0)
(9.09941 5.40034 0)
(8.73174 4.90705 0)
(8.91627 4.40973 0)
(8.5748 4.16478 0)
(8.3524 3.91023 0)
(7.83796 3.4198 0)
(7.89337 3.15896 0)
(7.83201 3.54582 0)
(8.6717 4.2093 0)
(7.99042 3.70566 0)
(7.83858 3.36907 0)
(6.77857 2.55049 0)
(7.97604 2.88042 0)
(7.82887 2.49199 0)
(8.92158 2.49823 0)
(8.41126 1.4101 0)
(9.02764 -0.277021 0)
(8.55224 -1.45282 0)
(9.70239 -1.15327 0)
(8.56827 -3.00922 0)
(10.3087 -2.39635 0)
(8.4545 -2.89802 0)
(10.2021 -2.03053 0)
(7.76384 -3.53437 0)
(9.83473 -3.09634 0)
(6.90401 -3.61526 0)
(8.30494 -3.77179 0)
(6.64497 -5.97954 0)
(7.78718 -5.07304 0)
(5.7757 -6.75545 0)
(8.25498 -4.2126 0)
(7.88093 -3.89716 0)
(7.72955 -3.01486 0)
(7.89488 -1.50524 0)
(8.10171 0.680544 0)
(7.87933 3.16144 0)
(8.11589 5.94736 0)
(8.14203 7.7629 0)
(7.72685 7.83818 0)
(6.64534 6.57263 0)
(6.34934 5.6195 0)
(6.47656 4.99615 0)
(5.95144 4.40014 0)
(5.35911 4.37138 0)
(4.97201 5.80236 0)
(5.74353 6.35339 0)
(4.59558 9.49473 0)
(7.80778 -0.130525 0)
(7.70455 -0.252906 0)
(7.76026 -0.385901 0)
(7.88459 -0.482297 0)
(7.90536 -0.346531 0)
(7.74996 -0.00943554 0)
(8.12814 0.106488 0)
(8.11434 0.178934 0)
(8.51999 0.00993576 0)
(8.68452 -0.039676 0)
(9.46128 -0.365557 0)
(9.53228 -0.470849 0)
(10.2472 -0.7116 0)
(11.1902 -1.1449 0)
(11.3896 -1.46911 0)
(12.69 -2.49973 0)
(12.7365 -3.08164 0)
(12.3666 -3.49399 0)
(12.5258 -4.00424 0)
(11.5614 -3.53298 0)
(10.4357 -2.57656 0)
(10.3051 -1.67601 0)
(9.93191 -0.486559 0)
(9.55719 0.712217 0)
(10.762 1.17034 0)
(10.7977 1.40062 0)
(11.109 0.923586 0)
(11.634 0.149428 0)
(11.2219 -0.335111 0)
(11.7359 -1.33288 0)
(12.0674 -2.68161 0)
(11.8691 -4.14721 0)
(11.4128 -5.52715 0)
(10.5038 -6.37611 0)
(9.14557 -6.33278 0)
(7.29899 -5.62176 0)
(5.67006 -4.92531 0)
(4.4151 -4.66636 0)
(3.94575 -4.62261 0)
(3.34514 -4.92612 0)
(3.61338 -4.7558 0)
(3.14079 -4.95191 0)
(4.61442 -4.47911 0)
(3.73825 -3.42654 0)
(4.11318 -2.77058 0)
(4.26235 -1.91404 0)
(4.9411 -0.622705 0)
(5.65235 1.00884 0)
(5.95423 2.59795 0)
(7.26198 4.34608 0)
(7.40239 5.35071 0)
(7.90105 5.6965 0)
(8.29043 5.94374 0)
(8.47269 5.3574 0)
(8.2698 4.91237 0)
(8.454 4.4239 0)
(8.12279 4.23853 0)
(8.10527 4.02296 0)
(7.59087 3.46319 0)
(7.79527 3.09399 0)
(7.60815 3.35745 0)
(8.65101 4.09412 0)
(8.22829 3.82674 0)
(8.21691 3.54893 0)
(7.04744 2.62152 0)
(8.07291 2.58324 0)
(7.87853 2.34519 0)
(8.88965 2.36034 0)
(8.29914 1.41661 0)
(8.95705 -0.370021 0)
(8.23917 -1.49956 0)
(9.59437 -1.27329 0)
(8.11196 -3.0921 0)
(10.3114 -2.44536 0)
(8.11133 -2.76335 0)
(10.0299 -1.89099 0)
(7.73514 -3.58532 0)
(9.74701 -2.98006 0)
(6.63927 -3.32947 0)
(8.89398 -3.89543 0)
(5.75514 -5.64111 0)
(7.65662 -4.74189 0)
(4.57375 -7.11358 0)
(7.52845 -4.35746 0)
(7.20433 -4.14839 0)
(7.35705 -2.9521 0)
(7.43096 -1.4165 0)
(7.61011 0.638593 0)
(7.47386 2.91259 0)
(7.8455 5.60409 0)
(7.83059 7.62628 0)
(7.46525 7.93596 0)
(6.98152 6.83899 0)
(6.40667 5.7259 0)
(6.38001 4.74895 0)
(6.30034 4.68893 0)
(5.92781 4.55105 0)
(4.98662 6.01855 0)
(6.9845 5.8664 0)
(5.72553 9.13514 0)
(9.89427 -0.21793 0)
(9.94758 -0.22356 0)
(9.80215 -0.330294 0)
(9.93304 -0.4723 0)
(9.80838 -0.322054 0)
(9.74911 -0.104674 0)
(9.95456 0.000524923 0)
(10.1083 0.0984095 0)
(10.4556 -0.0302908 0)
(10.482 -0.219998 0)
(11.2153 -0.556342 0)
(11.2822 -0.609977 0)
(11.9467 -0.999294 0)
(12.48 -1.39376 0)
(12.8134 -1.70082 0)
(13.8051 -2.67382 0)
(13.4835 -3.01447 0)
(13.1104 -3.30445 0)
(13.0778 -3.74972 0)
(11.6483 -3.13914 0)
(11.0172 -2.30261 0)
(10.8255 -1.51902 0)
(9.8399 -0.384778 0)
(10.0891 0.515982 0)
(11.2318 1.03073 0)
(10.9635 1.3335 0)
(11.6704 0.73368 0)
(11.7108 0.192168 0)
(11.434 -0.370326 0)
(12.0996 -1.45029 0)
(12.0647 -2.65052 0)
(11.6915 -4.03068 0)
(11.1196 -5.24793 0)
(10.0758 -5.85169 0)
(8.45948 -5.63756 0)
(6.4859 -4.93249 0)
(4.9145 -4.37072 0)
(3.83518 -4.309 0)
(3.38243 -4.43896 0)
(2.73873 -4.78244 0)
(2.95945 -4.8424 0)
(2.92179 -5.17495 0)
(3.84342 -4.47971 0)
(3.12638 -3.41425 0)
(3.96451 -2.81719 0)
(3.50924 -1.97064 0)
(3.67822 -0.803744 0)
(4.11143 0.815072 0)
(4.62869 2.38691 0)
(5.93615 4.09218 0)
(6.31121 5.09419 0)
(6.75862 5.53762 0)
(7.53711 5.83436 0)
(7.67483 5.28913 0)
(7.506 4.97327 0)
(7.90658 4.44725 0)
(7.63993 4.29969 0)
(7.82393 4.14437 0)
(7.32185 3.57291 0)
(7.6335 3.09923 0)
(7.30119 3.22709 0)
(8.5339 3.93038 0)
(8.29171 3.89166 0)
(8.58525 3.70967 0)
(7.26785 2.73388 0)
(8.25101 2.33801 0)
(7.92067 2.18471 0)
(8.82944 2.27004 0)
(8.11587 1.47093 0)
(9.12517 -0.440109 0)
(7.83902 -1.55889 0)
(9.80369 -1.33554 0)
(7.72881 -3.13809 0)
(10.3837 -2.52414 0)
(7.65134 -2.6753 0)
(9.99793 -1.96595 0)
(8.00239 -3.30434 0)
(9.47383 -2.749 0)
(6.78082 -3.00479 0)
(8.81792 -3.74025 0)
(5.10004 -5.2909 0)
(7.71504 -4.46976 0)
(3.78075 -7.18115 0)
(7.11228 -4.65653 0)
(6.12601 -4.31484 0)
(6.62699 -2.92568 0)
(6.86214 -1.59922 0)
(6.85053 0.760325 0)
(6.74296 3.24359 0)
(7.02353 5.71558 0)
(7.30978 7.63411 0)
(7.07981 7.95661 0)
(7.1949 7.01083 0)
(6.82834 6.05454 0)
(6.62527 4.77034 0)
(5.81208 4.86457 0)
(6.38741 4.62623 0)
(4.74222 6.2364 0)
(7.83635 5.22863 0)
(6.89527 8.68513 0)
(11.5154 -0.324123 0)
(11.6288 -0.24236 0)
(11.4626 -0.277081 0)
(11.6132 -0.450072 0)
(11.4446 -0.257539 0)
(11.408 -0.142331 0)
(11.4573 -0.100527 0)
(11.695 -0.0186162 0)
(11.8521 -0.111697 0)
(12.0774 -0.349519 0)
(12.5184 -0.696427 0)
(12.5725 -0.809488 0)
(13.3415 -1.1565 0)
(13.3997 -1.52237 0)
(13.9002 -1.90415 0)
(14.3331 -2.63622 0)
(13.753 -2.93226 0)
(13.5173 -3.17444 0)
(13.0977 -3.39195 0)
(11.7617 -2.7645 0)
(11.3882 -2.08877 0)
(11.0501 -1.28278 0)
(9.98414 -0.294347 0)
(10.5781 0.292391 0)
(11.0836 0.94293 0)
(11.0863 1.1615 0)
(11.9963 0.660097 0)
(11.5802 0.317071 0)
(11.7371 -0.456049 0)
(12.2272 -1.51005 0)
(11.7614 -2.54368 0)
(11.3654 -3.8375 0)
(10.6959 -4.9126 0)
(9.50803 -5.28959 0)
(7.75835 -4.8856 0)
(5.70953 -4.18562 0)
(4.22356 -3.83645 0)
(3.2604 -3.96996 0)
(2.6655 -4.20516 0)
(1.93808 -4.64679 0)
(2.12751 -4.96375 0)
(1.96047 -5.31499 0)
(2.7131 -4.53046 0)
(2.45644 -3.55881 0)
(3.67942 -2.81059 0)
(2.73758 -1.78536 0)
(2.64267 -0.774875 0)
(2.73687 0.624239 0)
(3.3815 2.06208 0)
(4.59699 3.74425 0)
(5.06096 4.79887 0)
(5.67226 5.2667 0)
(6.58488 5.64137 0)
(6.75535 5.205 0)
(6.76136 4.88853 0)
(7.33098 4.34806 0)
(7.19787 4.2772 0)
(7.57042 4.14216 0)
(7.06931 3.60649 0)
(7.4432 3.06831 0)
(7.05007 3.07259 0)
(8.36862 3.66927 0)
(8.24485 3.84156 0)
(8.84548 3.83122 0)
(7.54964 2.89266 0)
(8.45248 2.1571 0)
(7.98723 2.09451 0)
(8.82173 2.24828 0)
(7.90823 1.45038 0)
(9.49113 -0.454279 0)
(7.70368 -1.64606 0)
(10.0268 -1.40759 0)
(7.60448 -3.1216 0)
(10.5258 -2.60532 0)
(7.44775 -2.44798 0)
(9.97103 -2.15483 0)
(8.1076 -3.18481 0)
(9.06686 -2.58654 0)
(6.96258 -2.78164 0)
(8.2958 -3.42247 0)
(4.86152 -4.90456 0)
(7.2432 -4.24103 0)
(3.4041 -7.02476 0)
(6.79813 -4.64531 0)
(4.83533 -4.5921 0)
(5.67409 -2.75499 0)
(5.73197 -1.54771 0)
(5.79556 0.760312 0)
(6.31407 3.07474 0)
(6.24828 5.49019 0)
(6.74484 7.58055 0)
(6.44094 7.89108 0)
(6.75459 6.88216 0)
(6.72922 6.23542 0)
(7.36569 5.08024 0)
(5.60145 5.20605 0)
(7.0842 4.444 0)
(5.10397 6.19552 0)
(8.12424 4.48986 0)
(7.90096 8.18868 0)
(12.733 -0.423447 0)
(12.7475 -0.308408 0)
(12.6054 -0.267794 0)
(12.6998 -0.442049 0)
(12.5947 -0.214542 0)
(12.5354 -0.136448 0)
(12.5311 -0.174939 0)
(12.8638 -0.0856959 0)
(12.8118 -0.1731 0)
(13.1906 -0.466704 0)
(13.3803 -0.751132 0)
(13.5245 -0.982085 0)
(13.9887 -1.28157 0)
(13.9295 -1.62673 0)
(14.4239 -2.04217 0)
(14.2934 -2.50267 0)
(13.7767 -2.78602 0)
(13.5626 -3.00211 0)
(12.9318 -3.02092 0)
(11.9087 -2.4817 0)
(11.5613 -1.88938 0)
(11.1177 -1.0616 0)
(10.6325 -0.331635 0)
(10.968 0.213891 0)
(10.6562 0.973761 0)
(11.2481 0.903956 0)
(11.6974 0.581525 0)
(11.2329 0.330515 0)
(11.8115 -0.598186 0)
(11.7914 -1.46683 0)
(11.2574 -2.40654 0)
(11.027 -3.67921 0)
(10.2249 -4.53598 0)
(8.85899 -4.61444 0)
(6.92273 -4.0766 0)
(4.9229 -3.48351 0)
(3.58382 -3.34187 0)
(2.5679 -3.60371 0)
(1.80733 -3.9171 0)
(1.09257 -4.48061 0)
(1.01302 -4.98358 0)
(0.644876 -5.39191 0)
(1.51336 -4.76318 0)
(1.75712 -3.95345 0)
(2.93933 -2.93872 0)
(2.0972 -1.67911 0)
(2.18045 -0.706965 0)
(1.86607 0.455779 0)
(2.40729 1.75562 0)
(3.35557 3.35336 0)
(4.06607 4.45589 0)
(4.61952 5.01482 0)
(5.72325 5.41447 0)
(6.11771 5.07466 0)
(6.15866 4.78356 0)
(6.85764 4.23218 0)
(6.71597 4.22304 0)
(7.2479 4.11728 0)
(6.73851 3.65583 0)
(7.25591 3.04339 0)
(6.7736 2.91358 0)
(8.11828 3.44311 0)
(8.08485 3.72801 0)
(8.91493 3.90904 0)
(7.90742 3.07692 0)
(8.71087 2.04979 0)
(8.04541 2.04456 0)
(8.88498 2.34084 0)
(7.91113 1.34935 0)
(9.80472 -0.519966 0)
(7.92094 -1.59013 0)
(10.0327 -1.46718 0)
(7.73022 -3.11443 0)
(10.4401 -2.62373 0)
(7.58875 -2.36397 0)
(9.97309 -2.24518 0)
(8.20887 -2.91903 0)
(8.84204 -2.44356 0)
(7.09323 -2.45479 0)
(7.33668 -3.12174 0)
(5.0187 -4.50153 0)
(6.09696 -4.09848 0)
(3.30179 -7.03111 0)
(6.60848 -4.49858 0)
(3.94689 -4.64334 0)
(5.00796 -2.77627 0)
(4.65893 -1.9334 0)
(5.31827 0.822566 0)
(5.53807 3.01717 0)
(5.47883 5.40852 0)
(6.31305 7.53882 0)
(6.03161 7.90284 0)
(6.33988 6.71139 0)
(6.13855 6.14067 0)
(7.59452 4.96065 0)
(5.86859 5.50075 0)
(7.71148 4.29096 0)
(5.91138 6.03456 0)
(8.79774 3.9246 0)
(8.97845 7.45253 0)
(13.36 -0.429593 0)
(13.2585 -0.358623 0)
(13.1714 -0.295292 0)
(13.0882 -0.443966 0)
(13.1672 -0.202166 0)
(13.0343 -0.124431 0)
(13.079 -0.262838 0)
(13.4082 -0.165879 0)
(13.3798 -0.266515 0)
(13.7317 -0.557033 0)
(13.791 -0.814057 0)
(14.0525 -1.11528 0)
(14.1179 -1.29049 0)
(14.1093 -1.72105 0)
(14.3192 -2.08678 0)
(13.8846 -2.30753 0)
(13.6218 -2.70727 0)
(13.394 -2.83767 0)
(12.7943 -2.71433 0)
(12.239 -2.317 0)
(11.8641 -1.68652 0)
(11.4159 -0.954304 0)
(11.3093 -0.382425 0)
(10.8313 0.393632 0)
(10.518 0.970316 0)
(11.3699 0.676067 0)
(11.0243 0.61599 0)
(10.9652 0.239537 0)
(11.5128 -0.712994 0)
(11.16 -1.33306 0)
(10.954 -2.29312 0)
(10.7757 -3.46348 0)
(9.67877 -4.03772 0)
(8.06363 -3.90489 0)
(6.07554 -3.27611 0)
(4.21073 -2.82067 0)
(2.93946 -2.85953 0)
(1.82216 -3.18911 0)
(0.921119 -3.62067 0)
(0.177801 -4.27239 0)
(-0.212345 -4.90302 0)
(-0.431641 -5.47581 0)
(0.280432 -5.02155 0)
(0.685633 -4.26786 0)
(1.67269 -3.03219 0)
(1.29653 -1.69832 0)
(1.94418 -0.663304 0)
(1.44557 0.371423 0)
(1.60614 1.53359 0)
(2.25362 3.02558 0)
(3.04614 4.1186 0)
(3.69752 4.69911 0)
(4.83469 5.04708 0)
(5.45901 4.92614 0)
(5.63628 4.63215 0)
(6.31193 4.12794 0)
(6.28721 4.15081 0)
(6.97795 4.035 0)
(6.35512 3.69038 0)
(6.96613 2.99565 0)
(6.41682 2.75561 0)
(7.87518 3.15305 0)
(7.93137 3.5325 0)
(8.76681 3.85826 0)
(8.16776 3.13686 0)
(8.95213 2.07672 0)
(8.14233 2.04983 0)
(8.93546 2.37587 0)
(8.14284 1.24973 0)
(9.93449 -0.628877 0)
(8.23551 -1.58898 0)
(9.68221 -1.46308 0)
(8.2922 -3.08865 0)
(10.0115 -2.651 0)
(8.03296 -2.21511 0)
(9.51672 -2.45388 0)
(8.37314 -2.648 0)
(8.49906 -2.1464 0)
(7.33716 -2.14104 0)
(6.41094 -2.81274 0)
(5.23681 -4.08131 0)
(4.9216 -3.93981 0)
(3.4654 -7.35824 0)
(6.32806 -4.55292 0)
(3.66895 -4.29827 0)
(4.22096 -2.64918 0)
(3.89186 -2.26289 0)
(4.61895 0.865357 0)
(4.31687 2.92193 0)
(4.81615 5.37576 0)
(5.45035 7.22312 0)
(5.81364 7.87035 0)
(6.17308 6.65144 0)
(5.40632 6.06241 0)
(7.22323 4.55422 0)
(5.66524 5.5816 0)
(7.81289 4.05415 0)
(6.44001 5.80834 0)
(9.102 3.32897 0)
(9.80839 6.76495 0)
(13.2842 -0.354031 0)
(13.23 -0.333428 0)
(13.1904 -0.287816 0)
(13.0694 -0.366582 0)
(13.2784 -0.194356 0)
(13.1293 -0.167858 0)
(13.2711 -0.303461 0)
(13.5009 -0.234284 0)
(13.5717 -0.389519 0)
(13.7781 -0.623176 0)
(13.942 -0.861738 0)
(14.0071 -1.16488 0)
(13.9277 -1.3149 0)
(14.0249 -1.72009 0)
(13.8598 -1.99887 0)
(13.5321 -2.16172 0)
(13.605 -2.63149 0)
(13.3265 -2.66344 0)
(12.8301 -2.46459 0)
(12.5709 -2.23239 0)
(12.1477 -1.57785 0)
(11.8342 -0.865436 0)
(11.5343 -0.215162 0)
(10.586 0.618612 0)
(10.8204 0.864465 0)
(11.1848 0.693927 0)
(10.5881 0.688059 0)
(11.06 0.0524664 0)
(11.2492 -0.632157 0)
(10.809 -1.12287 0)
(10.8327 -2.21044 0)
(10.3846 -3.21169 0)
(9.02714 -3.44248 0)
(7.2536 -3.10367 0)
(5.26461 -2.50434 0)
(3.59564 -2.20423 0)
(2.26033 -2.34514 0)
(1.10986 -2.73868 0)
(0.153031 -3.26281 0)
(-0.682666 -3.97849 0)
(-1.28948 -4.8175 0)
(-1.42939 -5.51425 0)
(-1.06504 -5.2723 0)
(-0.530924 -4.49547 0)
(0.253532 -3.078 0)
(0.223078 -1.82638 0)
(1.37565 -0.663276 0)
(0.88018 0.446825 0)
(0.962107 1.46774 0)
(1.25299 2.76939 0)
(1.963 3.81587 0)
(2.76506 4.34212 0)
(3.90883 4.63191 0)
(4.69422 4.70749 0)
(4.98196 4.41533 0)
(5.69565 3.95227 0)
(5.73788 4.0213 0)
(6.36421 4.00428 0)
(5.97455 3.70726 0)
(6.55813 2.91126 0)
(5.99954 2.57305 0)
(7.62787 2.89727 0)
(7.55721 3.35428 0)
(8.50811 3.74903 0)
(8.30186 3.13199 0)
(9.01973 2.06565 0)
(8.39163 2.09157 0)
(9.00541 2.37841 0)
(8.47511 1.05105 0)
(10.056 -0.704371 0)
(8.58231 -1.45144 0)
(9.33122 -1.60331 0)
(9.04507 -3.07824 0)
(9.59129 -2.67363 0)
(8.57497 -2.09262 0)
(9.09701 -2.39348 0)
(8.42862 -2.5411 0)
(8.09263 -1.85514 0)
(7.16786 -1.74659 0)
(6.0559 -2.5699 0)
(4.79659 -3.51681 0)
(4.48126 -3.75273 0)
(3.51797 -7.78644 0)
(5.50418 -4.27358 0)
(3.86187 -3.9154 0)
(3.63254 -2.46074 0)
(2.85613 -2.45317 0)
(3.63116 0.923275 0)
(3.63231 2.70868 0)
(4.12057 5.29853 0)
(4.66536 6.82372 0)
(5.0853 7.80881 0)
(6.4601 6.64715 0)
(5.18745 6.19951 0)
(7.44397 4.46739 0)
(5.3987 5.69557 0)
(8.0127 3.84072 0)
(7.3423 5.46385 0)
(9.24558 2.72406 0)
(10.2111 5.94899 0)
(12.9819 -0.295901 0)
(13.2189 -0.298612 0)
(13.1401 -0.248924 0)
(13.1045 -0.293846 0)
(13.4335 -0.223542 0)
(13.2445 -0.234306 0)
(13.3251 -0.344166 0)
(13.5335 -0.319296 0)
(13.5635 -0.460895 0)
(13.6998 -0.702048 0)
(13.8351 -0.900378 0)
(13.7839 -1.13761 0)
(13.7225 -1.33718 0)
(13.7437 -1.66865 0)
(13.5764 -1.90534 0)
(13.5323 -2.12523 0)
(13.7346 -2.56134 0)
(13.2989 -2.52575 0)
(12.9247 -2.37032 0)
(12.7664 -2.17486 0)
(12.1152 -1.42157 0)
(11.7176 -0.677714 0)
(11.3382 0.0174762 0)
(10.7006 0.70046 0)
(11.0701 0.823623 0)
(10.9402 0.838971 0)
(10.7317 0.606155 0)
(11.1748 -0.0832895 0)
(10.8639 -0.450247 0)
(10.5246 -1.03492 0)
(10.6073 -2.14705 0)
(9.80102 -2.81425 0)
(8.14668 -2.78847 0)
(6.38738 -2.34339 0)
(4.54363 -1.77701 0)
(2.97706 -1.59273 0)
(1.56321 -1.82266 0)
(0.50901 -2.31033 0)
(-0.484923 -2.87282 0)
(-1.38653 -3.6621 0)
(-2.20996 -4.68082 0)
(-2.56101 -5.4555 0)
(-2.35975 -5.48319 0)
(-1.61982 -4.6445 0)
(-0.975186 -3.24118 0)
(-0.717135 -2.14904 0)
(0.596159 -0.822739 0)
(0.227478 0.479992 0)
(0.530543 1.44168 0)
(0.488352 2.55738 0)
(1.18824 3.42628 0)
(2.02684 3.94018 0)
(2.87838 4.19198 0)
(3.89524 4.44211 0)
(4.19374 4.18734 0)
(4.75803 3.84437 0)
(4.93065 3.91644 0)
(5.82358 3.8338 0)
(5.60754 3.67826 0)
(6.01957 2.86775 0)
(5.81966 2.32849 0)
(7.41773 2.55704 0)
(7.2427 3.10971 0)
(8.29182 3.45313 0)
(8.25427 3.02305 0)
(9.02659 2.02157 0)
(8.5364 2.05181 0)
(9.12155 2.36076 0)
(8.9041 0.901809 0)
(10.1124 -0.750328 0)
(8.91489 -1.27091 0)
(9.40026 -1.75448 0)
(9.77729 -3.07223 0)
(9.47959 -2.53457 0)
(8.74622 -2.10787 0)
(8.99345 -2.23618 0)
(8.34289 -2.27425 0)
(7.84558 -1.62302 0)
(6.85277 -1.24358 0)
(6.03565 -2.14793 0)
(3.75867 -3.04087 0)
(5.35812 -3.85493 0)
(2.79752 -7.64179 0)
(4.79578 -4.64796 0)
(3.85064 -3.71047 0)
(3.66509 -1.94835 0)
(1.63988 -2.49942 0)
(2.40804 1.21478 0)
(2.5738 2.29891 0)
(3.38684 5.34309 0)
(3.93145 6.35741 0)
(4.43095 7.52114 0)
(6.81053 6.19999 0)
(5.52443 6.1286 0)
(8.02604 4.35738 0)
(6.02212 5.60406 0)
(8.28396 3.45895 0)
(8.1134 4.91629 0)
(9.36594 2.39441 0)
(10.3625 5.23203 0)
(13.1655 -0.289597 0)
(13.425 -0.280219 0)
(13.183 -0.223291 0)
(13.2472 -0.254959 0)
(13.457 -0.247327 0)
(13.2156 -0.267427 0)
(13.3066 -0.325305 0)
(13.4539 -0.368483 0)
(13.4797 -0.539295 0)
(13.584 -0.723214 0)
(13.5942 -0.884368 0)
(13.6213 -1.13792 0)
(13.5348 -1.32214 0)
(13.5233 -1.57909 0)
(13.5892 -1.85922 0)
(13.6201 -2.16742 0)
(13.562 -2.50686 0)
(13.1511 -2.40381 0)
(12.9058 -2.26956 0)
(12.556 -2.01367 0)
(11.7562 -1.16749 0)
(11.4199 -0.473121 0)
(11.1398 0.11332 0)
(10.8162 0.711673 0)
(11.0192 0.925165 0)
(10.7537 0.909776 0)
(10.8156 0.490896 0)
(10.8638 -0.0210381 0)
(10.3384 -0.270372 0)
(10.2981 -1.00136 0)
(10.1599 -1.99529 0)
(8.96434 -2.30928 0)
(7.21408 -2.06034 0)
(5.53518 -1.59148 0)
(3.86398 -1.09947 0)
(2.35549 -1.00383 0)
(1.04838 -1.33345 0)
(0.107076 -1.90011 0)
(-1.02654 -2.44362 0)
(-1.9977 -3.26902 0)
(-2.99703 -4.42283 0)
(-3.49436 -5.45233 0)
(-3.40528 -5.72152 0)
(-2.7408 -4.85577 0)
(-2.16017 -3.61556 0)
(-1.64513 -2.59241 0)
(-0.548791 -1.10634 0)
(-0.640583 0.360076 0)
(-0.0387129 1.3959 0)
(-0.107055 2.49983 0)
(0.702179 3.15027 0)
(1.45193 3.64553 0)
(2.22562 3.83258 0)
(3.08434 4.21501 0)
(3.46132 3.9987 0)
(4.2202 3.61695 0)
(4.46624 3.62334 0)
(5.21983 3.65511 0)
(5.21799 3.69406 0)
(5.72958 2.70526 0)
(5.85867 2.06006 0)
(6.99551 2.36777 0)
(6.8747 2.91674 0)
(8.09693 3.22556 0)
(7.94164 2.84093 0)
(9.04032 1.89802 0)
(8.56716 2.01534 0)
(9.14202 2.26495 0)
(9.28122 0.734907 0)
(10.0946 -0.764591 0)
(9.11064 -1.13971 0)
(9.79465 -1.94665 0)
(10.1007 -3.00374 0)
(9.4287 -2.33975 0)
(8.64636 -1.96558 0)
(8.75752 -2.12541 0)
(8.3537 -1.96484 0)
(7.38652 -1.27405 0)
(6.55319 -0.99317 0)
(5.79884 -1.51779 0)
(2.74562 -2.76001 0)
(5.98174 -3.93983 0)
(2.13728 -6.8772 0)
(3.29518 -4.85811 0)
(3.38641 -3.76329 0)
(3.59911 -1.69588 0)
(0.840906 -2.33193 0)
(2.05255 0.963459 0)
(2.03151 1.67884 0)
(2.77666 5.35214 0)
(2.95188 5.83916 0)
(3.46891 7.0127 0)
(6.27114 5.56231 0)
(5.3516 5.82214 0)
(7.66189 4.10825 0)
(6.5037 5.42729 0)
(8.28602 3.20569 0)
(8.35046 4.53252 0)
(9.2195 2.09928 0)
(10.5809 4.44694 0)
(13.3107 -0.27437 0)
(13.2684 -0.188999 0)
(13.0711 -0.198987 0)
(13.1092 -0.190173 0)
(13.2867 -0.225122 0)
(13.1972 -0.34259 0)
(13.2576 -0.341172 0)
(13.4918 -0.444146 0)
(13.5077 -0.610157 0)
(13.4792 -0.711399 0)
(13.5277 -0.893918 0)
(13.4992 -1.11073 0)
(13.4013 -1.29038 0)
(13.4432 -1.57789 0)
(13.5032 -1.90499 0)
(13.4472 -2.14101 0)
(13.1827 -2.339 0)
(12.749 -2.3091 0)
(12.4459 -2.14978 0)
(11.8912 -1.75357 0)
(11.2521 -0.981479 0)
(11.1267 -0.403598 0)
(10.8225 0.17425 0)
(10.6023 0.764112 0)
(10.665 0.984649 0)
(10.4081 0.946375 0)
(10.5477 0.50505 0)
(10.3015 0.0939677 0)
(9.84669 -0.193592 0)
(9.9765 -0.963655 0)
(9.47431 -1.66984 0)
(7.90768 -1.68703 0)
(6.19169 -1.35334 0)
(4.72425 -0.911759 0)
(3.24543 -0.486931 0)
(1.8623 -0.479788 0)
(0.782016 -0.895016 0)
(-0.22573 -1.45062 0)
(-1.34354 -2.00568 0)
(-2.19941 -2.90317 0)
(-3.35857 -4.12471 0)
(-4.2237 -5.32382 0)
(-4.54419 -5.77868 0)
(-4.08654 -4.98682 0)
(-3.39813 -3.8246 0)
(-2.92201 -2.72847 0)
(-2.10553 -1.13755 0)
(-1.90396 0.262269 0)
(-0.770636 1.29986 0)
(-0.655952 2.30389 0)
(0.206271 2.78856 0)
(1.02352 3.35793 0)
(1.8365 3.48427 0)
(2.62664 3.9606 0)
(3.25013 3.72168 0)
(3.83105 3.52459 0)
(3.89578 3.51192 0)
(4.93322 3.46688 0)
(5.04666 3.54506 0)
(5.53015 2.53585 0)
(5.80642 1.91335 0)
(6.68629 2.14471 0)
(6.73628 2.58347 0)
(7.8984 2.91576 0)
(7.75071 2.64009 0)
(8.95283 1.72647 0)
(8.52123 2.02342 0)
(9.09645 2.11912 0)
(9.45068 0.531025 0)
(10.0666 -0.718836 0)
(9.165 -1.10058 0)
(10.1902 -2.21302 0)
(10.0227 -2.80672 0)
(9.30133 -2.06854 0)
(8.40166 -1.8449 0)
(8.64122 -1.98279 0)
(8.23969 -1.71172 0)
(7.13427 -0.833349 0)
(6.08504 -0.636238 0)
(5.36545 -0.948034 0)
(2.7418 -2.49284 0)
(4.62747 -3.9781 0)
(1.74653 -6.18016 0)
(2.13002 -4.92135 0)
(2.07448 -4.05332 0)
(2.40281 -0.813557 0)
(0.162989 -1.87676 0)
(0.764392 1.2945 0)
(0.952333 1.19479 0)
(2.03717 5.53099 0)
(2.42138 5.56318 0)
(2.44766 6.51498 0)
(5.74227 5.13493 0)
(4.78805 5.65293 0)
(6.97536 3.95879 0)
(6.78637 5.16308 0)
(8.32357 3.05681 0)
(8.85346 4.20162 0)
(9.34105 1.73141 0)
(10.8433 3.56758 0)
(13.0849 -0.16773 0)
(13.0314 -0.0858102 0)
(13.0412 -0.207619 0)
(13.0282 -0.143466 0)
(13.3432 -0.269112 0)
(13.2809 -0.437785 0)
(13.3171 -0.362485 0)
(13.5662 -0.489191 0)
(13.4141 -0.613016 0)
(13.3751 -0.686235 0)
(13.3513 -0.841754 0)
(13.2358 -1.06234 0)
(13.2365 -1.29004 0)
(13.2554 -1.54298 0)
(13.1434 -1.84172 0)
(12.9039 -2.04139 0)
(12.518 -2.16999 0)
(12.0277 -2.14304 0)
(11.5092 -1.92823 0)
(10.8595 -1.51595 0)
(10.4409 -0.885436 0)
(10.2367 -0.276444 0)
(9.91372 0.318377 0)
(9.86832 0.771565 0)
(9.84045 1.04469 0)
(9.79455 0.987345 0)
(9.94219 0.519636 0)
(9.54879 0.243152 0)
(9.33079 -0.123083 0)
(9.37316 -0.859878 0)
(8.44578 -1.21267 0)
(6.66982 -0.996639 0)
(5.11498 -0.698206 0)
(3.94772 -0.342235 0)
(2.74986 0.0384152 0)
(1.59949 -0.00732251 0)
(0.650055 -0.469984 0)
(-0.324092 -1.04604 0)
(-1.24038 -1.62504 0)
(-2.13861 -2.44288 0)
(-3.56537 -3.64587 0)
(-4.67552 -5.08921 0)
(-5.33456 -5.8346 0)
(-5.28498 -5.25208 0)
(-4.49873 -4.10558 0)
(-4.18709 -2.91009 0)
(-3.51953 -1.38366 0)
(-2.95825 -0.120631 0)
(-1.61276 0.976383 0)
(-1.43415 1.96571 0)
(-0.47742 2.41948 0)
(0.481338 3.04416 0)
(1.27902 3.15136 0)
(2.065 3.68027 0)
(2.83769 3.44645 0)
(3.31746 3.40297 0)
(3.86652 3.13248 0)
(4.70168 3.19703 0)
(4.72084 3.42955 0)
(5.57187 2.3036 0)
(5.59892 1.75402 0)
(6.36608 1.99859 0)
(6.62013 2.38251 0)
(7.45147 2.76257 0)
(7.63173 2.40856 0)
(8.86977 1.67072 0)
(8.18541 2.00377 0)
(9.13986 1.86966 0)
(9.45591 0.383682 0)
(9.95609 -0.663966 0)
(9.27475 -1.17235 0)
(10.4406 -2.35805 0)
(9.68138 -2.57769 0)
(9.16701 -1.77533 0)
(8.06567 -1.76589 0)
(8.7406 -1.88807 0)
(7.87449 -1.32414 0)
(6.91685 -0.47602 0)
(5.68474 -0.162054 0)
(4.66717 -0.483372 0)
(3.17248 -2.14146 0)
(3.19764 -4.04454 0)
(1.63698 -5.79547 0)
(1.16673 -4.95108 0)
(-0.39778 -4.28745 0)
(2.34141 -0.834793 0)
(0.694921 -1.83849 0)
(0.599455 0.999005 0)
(-0.306171 0.977592 0)
(0.922206 5.63032 0)
(2.65388 5.00997 0)
(1.9376 5.98346 0)
(5.34478 4.64896 0)
(4.69766 5.35352 0)
(6.86656 3.63301 0)
(7.22643 4.5808 0)
(8.2215 2.71614 0)
(9.39455 3.79474 0)
(9.73148 1.50425 0)
(10.9838 2.78184 0)
(12.9475 -0.115937 0)
(13.0592 -0.0717825 0)
(13.0584 -0.210513 0)
(13.0592 -0.136781 0)
(13.3843 -0.295811 0)
(13.2368 -0.476645 0)
(13.2766 -0.392784 0)
(13.3275 -0.471669 0)
(13.1053 -0.599041 0)
(13.0425 -0.643537 0)
(12.9308 -0.771819 0)
(12.8926 -1.04615 0)
(12.8238 -1.28036 0)
(12.6535 -1.48393 0)
(12.3818 -1.738 0)
(11.9314 -1.89067 0)
(11.3654 -1.95888 0)
(10.7455 -1.91016 0)
(10.0884 -1.64826 0)
(9.45493 -1.26204 0)
(9.08401 -0.72535 0)
(8.80704 -0.137684 0)
(8.63837 0.351563 0)
(8.70223 0.764843 0)
(8.76232 1.05723 0)
(8.91454 0.926604 0)
(8.91113 0.585427 0)
(8.59377 0.346336 0)
(8.633 -0.123641 0)
(8.4111 -0.618743 0)
(7.08172 -0.615749 0)
(5.33338 -0.330421 0)
(4.20633 -0.163815 0)
(3.42232 0.1042 0)
(2.43965 0.466889 0)
(1.51277 0.396232 0)
(0.708514 -0.0873341 0)
(0.00661244 -0.691099 0)
(-0.814412 -1.24221 0)
(-1.73231 -1.94993 0)
(-3.1538 -3.14483 0)
(-4.41511 -4.73069 0)
(-5.81562 -5.62015 0)
(-6.41848 -5.30906 0)
(-5.75843 -4.32005 0)
(-5.37762 -3.14136 0)
(-4.76994 -1.81061 0)
(-3.93521 -0.566349 0)
(-2.85596 0.668197 0)
(-2.56743 1.72783 0)
(-1.54868 2.08751 0)
(-0.56359 2.67943 0)
(0.249287 2.77637 0)
(1.14933 3.3055 0)
(2.04946 3.16028 0)
(2.76833 3.17838 0)
(3.48568 2.86456 0)
(3.78919 3.17545 0)
(4.67614 3.07967 0)
(5.2559 2.12307 0)
(4.85529 1.74776 0)
(6.34571 1.73302 0)
(6.4467 2.10714 0)
(6.9419 2.54166 0)
(7.68643 2.11422 0)
(8.51068 1.5816 0)
(7.98803 1.95616 0)
(9.1762 1.53624 0)
(9.37387 0.23897 0)
(9.74568 -0.605282 0)
(9.56257 -1.33459 0)
(10.3457 -2.35476 0)
(9.15278 -2.2535 0)
(8.78788 -1.51891 0)
(7.77264 -1.69393 0)
(8.55976 -1.75515 0)
(7.3682 -0.95949 0)
(6.56767 -0.0302009 0)
(5.30368 0.264115 0)
(4.42053 -0.00104832 0)
(2.86585 -1.77226 0)
(3.1808 -3.65366 0)
(1.10978 -5.11514 0)
(-0.751882 -4.10059 0)
(-2.13496 -4.22721 0)
(1.31812 -1.09277 0)
(1.99415 -1.03843 0)
(-0.568745 1.67051 0)
(-0.99416 0.863129 0)
(-0.0657915 5.20404 0)
(2.52277 4.41984 0)
(1.70117 5.64885 0)
(4.94309 4.02434 0)
(5.01424 4.75735 0)
(6.78599 3.24911 0)
(7.49261 4.11983 0)
(8.17479 2.4101 0)
(9.7605 3.28152 0)
(10.0271 1.31069 0)
(10.9164 2.16927 0)
(12.701 -0.0989026 0)
(12.8808 -0.0534253 0)
(12.8112 -0.189515 0)
(12.8546 -0.150557 0)
(13.0341 -0.30499 0)
(12.7978 -0.484958 0)
(12.7537 -0.366304 0)
(12.638 -0.409752 0)
(12.4203 -0.55402 0)
(12.3086 -0.582124 0)
(12.2157 -0.750206 0)
(12.1282 -1.02068 0)
(11.8563 -1.18661 0)
(11.5076 -1.3603 0)
(11.0229 -1.5471 0)
(10.4031 -1.64357 0)
(9.76168 -1.6931 0)
(9.02902 -1.60455 0)
(8.34343 -1.35522 0)
(7.78789 -1.03681 0)
(7.41252 -0.573836 0)
(7.18119 -0.0572762 0)
(7.1617 0.361175 0)
(7.24368 0.725014 0)
(7.40499 0.96985 0)
(7.61615 0.893961 0)
(7.58317 0.648691 0)
(7.47258 0.351289 0)
(7.55594 -0.0496526 0)
(7.03702 -0.217494 0)
(5.56901 0.011934 0)
(4.18594 0.208871 0)
(3.51621 0.188235 0)
(3.01656 0.405612 0)
(2.28355 0.788631 0)
(1.67467 0.699443 0)
(1.13674 0.196332 0)
(0.682512 -0.399292 0)
(-0.0387901 -0.893003 0)
(-0.845061 -1.46798 0)
(-2.15812 -2.55187 0)
(-3.56815 -4.08394 0)
(-5.63625 -5.06866 0)
(-7.07502 -5.13011 0)
(-6.9355 -4.38755 0)
(-6.57256 -3.23247 0)
(-6.2173 -2.05545 0)
(-5.25551 -0.800392 0)
(-4.42047 0.450002 0)
(-3.89248 1.38236 0)
(-2.84191 1.69906 0)
(-1.93348 2.30267 0)
(-1.02981 2.40115 0)
(0.139977 2.91042 0)
(1.11408 2.73109 0)
(2.12001 2.88394 0)
(2.36582 2.61444 0)
(3.33005 2.84283 0)
(4.36674 2.66335 0)
(4.37681 2.12431 0)
(4.74274 1.42228 0)
(6.28157 1.33501 0)
(5.69673 2.0353 0)
(6.62104 2.23502 0)
(7.65336 1.76203 0)
(7.92887 1.57792 0)
(7.88909 1.71153 0)
(9.20959 1.2568 0)
(9.05033 0.17058 0)
(9.78642 -0.708976 0)
(9.76942 -1.49505 0)
(9.82297 -2.13988 0)
(8.45425 -1.82597 0)
(8.10075 -1.35802 0)
(7.47825 -1.68304 0)
(7.98508 -1.56521 0)
(6.7039 -0.508678 0)
(6.18557 0.26829 0)
(4.81862 0.71019 0)
(4.29625 0.360225 0)
(2.9036 -1.42365 0)
(3.93438 -3.31332 0)
(0.424541 -3.91833 0)
(-1.0023 -3.65864 0)
(-1.98832 -4.35198 0)
(-1.73204 -2.54293 0)
(1.73114 -1.48549 0)
(-1.2779 1.87486 0)
(-0.380678 0.634567 0)
(-1.41462 4.18739 0)
(2.52333 3.68743 0)
(1.89246 5.14965 0)
(4.53742 3.54423 0)
(5.06895 4.22257 0)
(6.54422 2.94555 0)
(7.71038 3.65418 0)
(8.46499 2.11157 0)
(9.84277 2.84 0)
(10.0775 1.15792 0)
(10.9532 1.60517 0)
(11.9694 -0.0938605 0)
(12.1761 -0.0575992 0)
(12.0074 -0.1474 0)
(12.0059 -0.133889 0)
(12.0382 -0.264578 0)
(11.7131 -0.392278 0)
(11.626 -0.309364 0)
(11.4943 -0.349983 0)
(11.2836 -0.480704 0)
(11.195 -0.554447 0)
(11.0449 -0.699234 0)
(10.7528 -0.898521 0)
(10.3425 -1.04359 0)
(9.85664 -1.16505 0)
(9.26464 -1.30062 0)
(8.58196 -1.37606 0)
(7.8456 -1.37439 0)
(7.09652 -1.29271 0)
(6.45291 -1.09281 0)
(5.93224 -0.820555 0)
(5.57652 -0.444349 0)
(5.437 -0.017042 0)
(5.45206 0.354506 0)
(5.54792 0.669972 0)
(5.81802 0.871867 0)
(6.06946 0.819615 0)
(6.1377 0.618929 0)
(6.20498 0.340381 0)
(6.16749 0.102419 0)
(5.38865 0.227564 0)
(4.07152 0.524748 0)
(3.24325 0.535133 0)
(3.02692 0.37801 0)
(2.79744 0.584964 0)
(2.3533 0.982118 0)
(2.14203 0.875417 0)
(1.90737 0.373292 0)
(1.70973 -0.181536 0)
(1.15862 -0.600941 0)
(0.446656 -1.04328 0)
(-0.627186 -1.93547 0)
(-2.137 -3.22999 0)
(-4.70189 -4.25953 0)
(-7.01205 -4.71536 0)
(-7.67456 -4.37539 0)
(-7.54541 -3.34174 0)
(-7.40403 -2.24019 0)
(-6.67165 -1.02185 0)
(-5.96749 0.171428 0)
(-5.16966 0.950377 0)
(-4.06201 1.3369 0)
(-3.23844 1.82597 0)
(-2.34051 1.87463 0)
(-0.987734 2.41585 0)
(-0.0482159 2.36418 0)
(0.961176 2.68325 0)
(1.49305 2.19874 0)
(2.79431 2.5114 0)
(3.20938 2.4593 0)
(3.70403 1.90824 0)
(4.47122 1.12999 0)
(5.22864 1.33199 0)
(5.06364 1.84737 0)
(6.43265 1.74931 0)
(6.90321 1.55456 0)
(7.46877 1.45925 0)
(7.85074 1.4205 0)
(8.75752 0.997734 0)
(9.04278 0.069728 0)
(9.82795 -0.889226 0)
(9.60684 -1.43083 0)
(8.86786 -1.76695 0)
(7.80006 -1.41438 0)
(7.62666 -1.30091 0)
(7.06565 -1.63687 0)
(7.12964 -1.24331 0)
(5.72962 -0.17441 0)
(5.69498 0.602264 0)
(4.20759 1.00195 0)
(4.33261 0.639367 0)
(3.7243 -1.19005 0)
(3.68918 -2.6965 0)
(1.06186 -3.21565 0)
(-0.482701 -3.19421 0)
(-2.59889 -3.97869 0)
(-2.89921 -3.25985 0)
(-1.78444 -0.924747 0)
(-3.09106 2.44603 0)
(0.717356 0.511561 0)
(-2.30504 3.84743 0)
(2.34617 2.95146 0)
(1.27386 4.75165 0)
(4.13414 2.92314 0)
(5.20497 3.58175 0)
(6.23615 2.48354 0)
(7.81342 3.0931 0)
(8.69543 1.8722 0)
(9.98346 2.41793 0)
(10.4024 0.92056 0)
(11.1758 1.17136 0)
(10.7354 -0.111459 0)
(10.8004 -0.0661438 0)
(10.5202 -0.0922324 0)
(10.5166 -0.113882 0)
(10.4609 -0.202476 0)
(10.2035 -0.310425 0)
(10.1531 -0.27884 0)
(10.0069 -0.305193 0)
(9.80958 -0.430032 0)
(9.62842 -0.493763 0)
(9.34866 -0.591263 0)
(8.95603 -0.737649 0)
(8.47755 -0.845235 0)
(7.94291 -0.934942 0)
(7.27756 -1.01338 0)
(6.54027 -1.06343 0)
(5.7776 -1.06346 0)
(5.02871 -0.992664 0)
(4.42637 -0.851006 0)
(3.97578 -0.640192 0)
(3.67882 -0.339948 0)
(3.59182 0.00453823 0)
(3.65311 0.314388 0)
(3.80704 0.571125 0)
(4.14214 0.728633 0)
(4.42613 0.714574 0)
(4.57789 0.566217 0)
(4.68707 0.348338 0)
(4.47766 0.308172 0)
(3.7 0.620784 0)
(2.85911 0.842267 0)
(2.6346 0.655872 0)
(2.79256 0.427141 0)
(2.79496 0.639049 0)
(2.64409 1.046 0)
(2.86373 0.915326 0)
(2.95765 0.427554 0)
(3.02627 -0.0528768 0)
(2.63708 -0.365054 0)
(2.01769 -0.695315 0)
(1.12305 -1.3301 0)
(-0.370656 -2.2571 0)
(-3.03983 -3.22738 0)
(-6.08879 -3.95621 0)
(-7.86975 -4.09876 0)
(-8.30331 -3.39358 0)
(-8.26927 -2.3793 0)
(-8.00857 -1.28787 0)
(-7.43347 -0.264232 0)
(-6.57752 0.51286 0)
(-5.55251 1.07417 0)
(-4.78782 1.49713 0)
(-3.79317 1.49781 0)
(-2.49821 1.92863 0)
(-1.56535 1.93221 0)
(-0.227831 2.34113 0)
(0.191672 1.76978 0)
(1.46474 2.33379 0)
(2.12696 2.08822 0)
(3.14086 1.53053 0)
(3.71385 0.924331 0)
(4.4744 1.10678 0)
(4.65196 1.44402 0)
(5.71553 1.43982 0)
(6.23822 1.27686 0)
(7.15651 1.1788 0)
(7.24983 1.21696 0)
(8.47688 0.731429 0)
(9.1554 -0.241128 0)
(9.64692 -0.952935 0)
(8.76804 -1.16566 0)
(8.16633 -1.39132 0)
(7.50264 -1.22003 0)
(7.30595 -1.25312 0)
(6.28851 -1.34454 0)
(5.74166 -0.838362 0)
(4.72066 0.0609101 0)
(4.84212 0.812337 0)
(3.6464 1.21061 0)
(4.46341 0.692903 0)
(4.12036 -0.97304 0)
(3.7696 -2.10169 0)
(1.09874 -2.54739 0)
(-0.75754 -2.30218 0)
(-2.90671 -3.03872 0)
(-3.95311 -2.91135 0)
(-4.20124 -0.982618 0)
(-3.6206 1.86944 0)
(-0.680881 0.0814383 0)
(-2.71489 3.47345 0)
(0.991699 2.02519 0)
(1.39798 4.07849 0)
(3.63839 2.28461 0)
(5.07276 3.10613 0)
(5.86485 1.99217 0)
(7.73009 2.37484 0)
(8.84084 1.47262 0)
(10.0372 1.91097 0)
(10.6812 0.763884 0)
(11.2249 0.904404 0)
(8.94781 -0.0972808 0)
(8.86094 -0.0430158 0)
(8.64779 -0.0546667 0)
(8.6983 -0.106912 0)
(8.63172 -0.167315 0)
(8.44173 -0.252681 0)
(8.35308 -0.241882 0)
(8.14938 -0.244485 0)
(7.91089 -0.328848 0)
(7.67641 -0.383798 0)
(7.34366 -0.445826 0)
(6.92259 -0.545063 0)
(6.4064 -0.623132 0)
(5.79874 -0.673734 0)
(5.11719 -0.721394 0)
(4.38064 -0.74744 0)
(3.65005 -0.749286 0)
(2.99119 -0.724236 0)
(2.44328 -0.639341 0)
(2.03664 -0.485224 0)
(1.7915 -0.261042 0)
(1.72746 0.0093891 0)
(1.82234 0.262291 0)
(2.05104 0.455446 0)
(2.39391 0.580591 0)
(2.66471 0.597331 0)
(2.87951 0.489553 0)
(2.95468 0.400705 0)
(2.72302 0.544294 0)
(2.30275 0.881063 0)
(2.16065 0.921015 0)
(2.41405 0.595412 0)
(2.83428 0.364941 0)
(3.0031 0.58762 0)
(3.08806 0.950435 0)
(3.68815 0.825293 0)
(4.09239 0.37133 0)
(4.36128 -0.0122016 0)
(4.19568 -0.19455 0)
(3.69898 -0.402215 0)
(2.92341 -0.82794 0)
(1.72484 -1.3976 0)
(-0.751302 -2.02091 0)
(-4.18102 -2.82691 0)
(-6.98892 -3.36921 0)
(-8.66068 -3.08566 0)
(-9.09619 -2.20747 0)
(-9.0912 -1.28232 0)
(-8.77924 -0.464503 0)
(-8.02486 0.256364 0)
(-7.07132 0.741334 0)
(-6.23359 0.928702 0)
(-4.93689 0.95987 0)
(-3.86797 1.401 0)
(-3.26694 1.54903 0)
(-1.50062 1.94336 0)
(-1.08919 1.31577 0)
(0.409166 1.90898 0)
(1.57555 1.56019 0)
(2.44967 1.21029 0)
(3.08459 0.727347 0)
(3.69614 0.938348 0)
(3.85979 1.21507 0)
(5.02557 1.10447 0)
(5.6651 0.980371 0)
(6.27949 1.06397 0)
(6.90775 0.892235 0)
(8.64705 0.205439 0)
(8.89751 -0.366956 0)
(8.91643 -0.783146 0)
(8.10809 -0.894903 0)
(7.79261 -1.17351 0)
(6.9418 -1.01652 0)
(6.42487 -0.958861 0)
(4.50389 -0.859191 0)
(4.34765 -0.34528 0)
(3.25943 0.245208 0)
(4.03357 0.926714 0)
(2.93325 1.17513 0)
(4.45866 0.423911 0)
(4.25835 -0.767581 0)
(3.63244 -1.43919 0)
(0.79163 -1.4942 0)
(-0.357841 -1.71089 0)
(-2.05889 -2.63778 0)
(-3.92666 -2.80865 0)
(-5.44521 -0.813108 0)
(-4.25777 1.16329 0)
(-3.49631 -0.275585 0)
(-2.71486 3.56546 0)
(-0.434111 1.27256 0)
(0.732667 3.45098 0)
(3.46596 1.81857 0)
(4.62079 2.48378 0)
(6.16476 1.32271 0)
(7.44576 1.64902 0)
(8.68734 1.16865 0)
(9.44357 1.51808 0)
(10.6737 0.509416 0)
(11.102 0.63995 0)
(6.78155 -0.0309416 0)
(6.68578 0.000743592 0)
(6.60886 -0.0415965 0)
(6.63784 -0.0893566 0)
(6.52437 -0.109467 0)
(6.34987 -0.167605 0)
(6.2084 -0.162022 0)
(5.99386 -0.158294 0)
(5.76242 -0.220898 0)
(5.4887 -0.254124 0)
(5.12728 -0.285006 0)
(4.69527 -0.340921 0)
(4.18293 -0.380852 0)
(3.6044 -0.40737 0)
(2.9809 -0.434082 0)
(2.33859 -0.463586 0)
(1.70972 -0.48896 0)
(1.12191 -0.487701 0)
(0.60692 -0.447836 0)
(0.218373 -0.35493 0)
(-0.0221286 -0.202088 0)
(-0.0891932 -0.00890526 0)
(0.0214171 0.185073 0)
(0.260426 0.345012 0)
(0.578531 0.461188 0)
(0.884119 0.491817 0)
(1.1291 0.460475 0)
(1.24211 0.484486 0)
(1.30993 0.64799 0)
(1.55048 0.869076 0)
(2.2075 0.774971 0)
(2.73092 0.418569 0)
(3.20621 0.20661 0)
(3.368 0.459252 0)
(3.66237 0.745567 0)
(4.51417 0.581543 0)
(5.12351 0.176111 0)
(5.40003 -0.117335 0)
(5.37641 -0.14942 0)
(5.10192 -0.172729 0)
(4.51151 -0.416683 0)
(3.66472 -0.701903 0)
(1.85613 -0.911417 0)
(-1.06001 -1.55668 0)
(-4.33554 -2.31236 0)
(-7.34114 -2.507 0)
(-8.96012 -2.00855 0)
(-9.45257 -1.28611 0)
(-9.4396 -0.667317 0)
(-8.82765 -0.086116 0)
(-8.03354 0.310656 0)
(-7.4146 0.40274 0)
(-6.45563 0.598081 0)
(-5.42743 1.04498 0)
(-4.46972 1.04851 0)
(-1.92617 1.31711 0)
(-2.41288 0.941004 0)
(-0.355122 1.34279 0)
(0.660135 1.06166 0)
(1.52103 0.910312 0)
(2.15373 0.569622 0)
(2.64017 0.781728 0)
(3.19738 0.835126 0)
(4.44998 0.723431 0)
(5.06781 0.754163 0)
(6.06116 0.663842 0)
(7.16136 0.275962 0)
(8.22872 -0.0965069 0)
(8.11196 -0.33891 0)
(8.0759 -0.585435 0)
(7.08358 -0.708041 0)
(6.64346 -0.829664 0)
(5.07176 -0.593946 0)
(4.63049 -0.422531 0)
(2.52406 -0.379333 0)
(3.38285 -0.183638 0)
(2.17666 0.176467 0)
(3.75442 0.941495 0)
(2.88876 0.987784 0)
(4.71775 0.21986 0)
(4.4225 -0.575873 0)
(3.2866 -0.802738 0)
(0.938989 -0.910714 0)
(-0.210331 -1.14075 0)
(-1.43545 -1.74294 0)
(-3.77478 -1.9009 0)
(-5.56383 -0.595549 0)
(-3.98137 0.481005 0)
(-4.66996 -0.752832 0)
(-1.45365 3.05966 0)
(-1.37604 0.78652 0)
(0.206572 2.13962 0)
(3.20532 1.11201 0)
(4.45652 1.61939 0)
(5.80078 0.886682 0)
(6.82273 1.1923 0)
(7.91471 0.877406 0)
(9.21697 0.880921 0)
(10.4118 0.155286 0)
(10.9388 0.367283 0)
(4.40461 -0.0189903 0)
(4.34836 -0.0145541 0)
(4.30367 -0.038466 0)
(4.25992 -0.0551626 0)
(4.14197 -0.0619909 0)
(3.98925 -0.0977862 0)
(3.82614 -0.0912733 0)
(3.62988 -0.0809479 0)
(3.41287 -0.108625 0)
(3.15068 -0.118678 0)
(2.8398 -0.125294 0)
(2.482 -0.148335 0)
(2.07481 -0.166204 0)
(1.63342 -0.179398 0)
(1.16091 -0.201201 0)
(0.655453 -0.230466 0)
(0.120039 -0.25966 0)
(-0.430872 -0.274765 0)
(-0.943743 -0.262221 0)
(-1.35637 -0.212031 0)
(-1.6243 -0.122027 0)
(-1.70343 -0.00148084 0)
(-1.58769 0.138449 0)
(-1.31086 0.256109 0)
(-0.905086 0.344427 0)
(-0.444793 0.381049 0)
(0.00147418 0.38151 0)
(0.431167 0.399717 0)
(0.972027 0.471359 0)
(1.70617 0.54226 0)
(2.82504 0.463121 0)
(3.42719 0.259407 0)
(3.81211 0.115101 0)
(3.87746 0.302483 0)
(4.29936 0.467652 0)
(5.27617 0.30844 0)
(5.90025 0.0348118 0)
(5.90313 -0.149488 0)
(5.63827 -0.158532 0)
(5.4086 -0.124902 0)
(5.12915 -0.208718 0)
(4.68824 -0.299551 0)
(3.81788 -0.13487 0)
(2.08183 -0.300418 0)
(-0.459197 -0.975126 0)
(-3.75747 -1.45824 0)
(-6.56691 -1.41908 0)
(-8.17834 -1.06007 0)
(-8.92332 -0.653007 0)
(-8.93008 -0.250365 0)
(-8.43413 0.103824 0)
(-7.90059 0.211965 0)
(-7.41572 0.194158 0)
(-6.50035 0.319763 0)
(-5.17791 0.428566 0)
(-3.04897 0.924542 0)
(-3.55819 0.629342 0)
(-0.885514 0.698068 0)
(-0.401521 0.693739 0)
(0.848434 0.594736 0)
(1.47309 0.370613 0)
(2.23717 0.468044 0)
(3.03395 0.428215 0)
(4.09572 0.320938 0)
(4.90155 0.278763 0)
(5.8723 0.162277 0)
(6.39746 -0.0247549 0)
(6.71104 -0.195439 0)
(6.31203 -0.299816 0)
(5.89448 -0.354147 0)
(4.62156 -0.31307 0)
(4.03142 -0.305501 0)
(2.7074 -0.142633 0)
(3.11215 -0.181422 0)
(1.51236 -0.252092 0)
(2.58055 -0.1383 0)
(1.13017 0.0367199 0)
(2.86893 0.619004 0)
(3.10212 0.690186 0)
(4.56375 0.025979 0)
(4.1694 -0.161288 0)
(3.20249 -0.0864845 0)
(1.46599 -0.247014 0)
(0.552141 -0.665169 0)
(-0.533015 -0.93742 0)
(-2.94657 -1.13674 0)
(-5.1955 -0.408881 0)
(-2.16232 0.345667 0)
(-4.80306 -0.717355 0)
(-1.89824 1.76324 0)
(-0.96229 0.609008 0)
(0.351834 0.939372 0)
(2.45152 0.626459 0)
(4.098 0.894608 0)
(4.87593 0.608074 0)
(6.56948 0.618183 0)
(7.31484 0.374294 0)
(9.04762 0.214198 0)
(9.11045 0.00213628 0)
(9.97468 0.10686 0)
(1.59191 0.0181063 0)
(1.5633 0.00273035 0)
(1.53251 -0.00376115 0)
(1.47988 -0.00845914 0)
(1.40131 -0.00907771 0)
(1.29604 -0.0155152 0)
(1.17853 -0.00796936 0)
(1.07354 -0.000309019 0)
(0.965706 -0.00534207 0)
(0.835956 -0.00529005 0)
(0.694793 -0.00576973 0)
(0.53322 -0.0134692 0)
(0.341513 -0.0217925 0)
(0.121291 -0.0295767 0)
(-0.130175 -0.0389995 0)
(-0.422827 -0.0501587 0)
(-0.770234 -0.0629139 0)
(-1.17275 -0.0735033 0)
(-1.59364 -0.0756995 0)
(-1.97734 -0.0699939 0)
(-2.25876 -0.0510444 0)
(-2.37605 -0.0209133 0)
(-2.29489 0.0221976 0)
(-2.02457 0.0621816 0)
(-1.59599 0.0909661 0)
(-1.07767 0.0972637 0)
(-0.541952 0.0836475 0)
(-0.00546756 0.0669037 0)
(0.589583 0.0571265 0)
(1.23706 0.0408342 0)
(1.91534 0.0339566 0)
(2.33345 0.0381451 0)
(2.62557 0.0588322 0)
(2.88311 0.139005 0)
(3.52519 0.103144 0)
(4.13771 -0.0242995 0)
(4.29337 -0.0693867 0)
(4.06045 -0.0323175 0)
(3.83041 0.0164679 0)
(3.69118 0.00914074 0)
(3.50846 -0.0526353 0)
(3.14773 -0.0710403 0)
(2.86444 0.0543244 0)
(2.80978 0.15476 0)
(2.57954 0.0440205 0)
(1.02659 -0.165261 0)
(-1.11881 -0.302553 0)
(-3.06384 -0.342112 0)
(-4.47839 -0.304843 0)
(-5.29888 -0.251231 0)
(-5.62487 -0.18189 0)
(-5.54469 -0.0747209 0)
(-5.32688 -0.0264913 0)
(-5.17738 -0.0794971 0)
(-4.94792 -0.0962061 0)
(-3.74027 0.233045 0)
(-2.86636 0.128132 0)
(-1.66062 0.0624389 0)
(-0.819701 0.182003 0)
(0.328384 0.0835827 0)
(0.837873 -0.00639576 0)
(1.41 0.000318121 0)
(1.9554 -0.0290125 0)
(2.41018 -0.0503219 0)
(2.73986 -0.0366823 0)
(3.01937 -0.0245446 0)
(3.07101 -0.0424132 0)
(2.93418 -0.034894 0)
(2.58011 -0.00736683 0)
(2.28182 0.0226885 0)
(1.84051 0.00502496 0)
(1.59843 -0.0443703 0)
(1.10016 -0.0815704 0)
(1.15941 -0.0509225 0)
(0.271849 -0.0352602 0)
(0.558898 -0.0219249 0)
(-0.104171 0.0374744 0)
(0.878579 0.109486 0)
(1.61902 0.0297544 0)
(2.19779 -0.099401 0)
(1.73057 0.0274749 0)
(2.08499 0.229001 0)
(1.99615 0.140691 0)
(1.61018 -0.243778 0)
(0.13527 -0.376752 0)
(-1.49235 -0.340604 0)
(-3.70789 -0.39261 0)
(-2.51828 -0.0938457 0)
(-4.40457 -0.16235 0)
(-3.20372 0.492926 0)
(-0.451588 0.115566 0)
(-0.41427 0.220856 0)
(1.76297 0.074352 0)
(2.4232 0.116428 0)
(3.3878 -0.0187737 0)
(4.28124 -0.0270605 0)
(4.74252 -0.0766424 0)
(5.21293 -0.0513766 0)
(5.0464 -0.00865533 0)
(5.49065 -0.106981 0)
(0.210341 -0.0448016 0)
(0.281913 -0.00667467 0)
(0.655886 -0.0400692 0)
(1.23196 0.168048 0)
(0.146021 0.160177 0)
(-0.511161 -0.0656971 0)
(-0.394264 0.0437147 0)
(-1.02774 0.114603 0)
(-1.02381 0.00321242 0)
(-0.712711 0.00880162 0)
(-0.984829 0.00381664 0)
(-0.14563 -0.183218 0)
(0.383006 -0.200955 0)
(1.48547 0.0132158 0)
(1.27797 0.0670709 0)
(1.80842 0.308378 0)
(0.229811 0.303544 0)
(-1.25596 -0.0727518 0)
(-1.06055 -0.153143 0)
(-0.607857 -0.125062 0)
(0.190595 -0.131052 0)
(1.20651 -0.10475 0)
(1.96344 0.0254714 0)
(1.99601 0.123948 0)
(1.79436 0.0423747 0)
(2.10111 -0.190737 0)
(2.73023 -0.301995 0)
(2.09112 0.0713207 0)
(-0.145182 0.371117 0)
(-2.30264 0.410986 0)
(-3.82796 0.35174 0)
(-4.7876 0.26153 0)
(-5.29744 0.18076 0)
(-5.35701 0.093698 0)
(-4.70141 -0.124975 0)
(-3.69392 -0.165353 0)
(-2.06454 -0.192781 0)
(-1.23334 -0.272876 0)
(0.67157 -0.264031 0)
(1.70718 -0.149406 0)
(2.67025 -0.0804572 0)
(3.28653 -0.00481482 0)
(3.59419 0.0535872 0)
(3.61828 0.0869858 0)
(3.41889 0.101095 0)
(3.0429 0.102065 0)
(2.52805 0.098659 0)
(1.92799 0.0952039 0)
(1.28801 0.0761083 0)
(0.678595 0.0507799 0)
(0.151463 0.0432207 0)
(-0.259061 0.0474007 0)
(-0.573387 0.0357404 0)
(-0.815609 0.0269469 0)
(-0.963701 0.0200545 0)
(-0.980285 -0.00840641 0)
(-0.804511 -0.0426155 0)
(-0.530717 -0.0631864 0)
(-0.230896 -0.0621814 0)
(-0.0159947 -0.0728226 0)
(0.428426 -0.117357 0)
(1.15089 -0.137679 0)
(1.82263 -0.094354 0)
(2.18594 -0.0512563 0)
(2.15517 0.00478877 0)
(1.74028 0.0927152 0)
(0.960958 0.179307 0)
(-0.107299 0.195634 0)
(-1.09096 0.167358 0)
(-1.96517 0.143714 0)
(-2.64479 0.0806269 0)
(-3.10691 0.0931509 0)
(-3.08035 -0.0226816 0)
(-3.03293 0.0472124 0)
(-2.82191 -0.0661053 0)
(-2.40223 -0.0421396 0)
(-1.81685 -0.106603 0)
(-1.17555 -0.0752084 0)
(-0.557166 -0.0817008 0)
(0.144698 -0.0842072 0)
(0.874993 -0.079331 0)
(1.56905 -0.0675357 0)
(2.08768 -0.0525772 0)
(2.39193 -0.0349815 0)
(2.42523 -0.0129512 0)
(2.28357 0.0173814 0)
(2.02553 0.0370257 0)
(1.76026 0.0464507 0)
(1.54329 0.0383846 0)
(1.42098 0.0134511 0)
(1.42778 -0.0165685 0)
(1.54863 -0.0341878 0)
(1.73055 -0.0456103 0)
(1.87127 -0.053572 0)
(1.87372 -0.0383037 0)
(1.63335 0.0214081 0)
(1.17049 0.067558 0)
(0.832584 0.0676483 0)
(0.604885 0.0752619 0)
(0.156847 0.0737401 0)
(0.140543 -0.178793 0)
(0.451771 -0.111423 0)
(0.871933 -0.455907 0)
(1.96756 0.164939 0)
(1.06031 0.606303 0)
(-0.472569 0.261103 0)
(-1.18934 0.227468 0)
(-1.53015 0.166029 0)
(-1.24355 -0.170741 0)
(-1.23431 -0.0525148 0)
(-1.06182 -0.170001 0)
(0.0775904 -0.434642 0)
(-0.717425 -0.639315 0)
(1.40721 -0.215915 0)
(0.885585 -0.312246 0)
(2.25228 0.0338052 0)
(2.38839 0.978784 0)
(1.13513 0.520103 0)
(0.638283 -0.158079 0)
(0.798138 -0.464162 0)
(1.63651 -0.633142 0)
(2.62915 -0.700779 0)
(3.32364 -0.357545 0)
(3.74577 0.0923552 0)
(4.26089 -0.0319926 0)
(4.27053 -0.24081 0)
(2.45742 0.311947 0)
(-1.02187 1.26616 0)
(-4.14926 1.44342 0)
(-5.6158 1.09249 0)
(-6.38543 0.691094 0)
(-6.51544 0.314927 0)
(-6.3054 0.0299927 0)
(-5.67255 -0.238968 0)
(-4.19461 -0.755486 0)
(-3.47882 -0.900744 0)
(-0.977661 -0.913605 0)
(-0.17607 -0.824646 0)
(1.82303 -0.958093 0)
(3.08561 -0.705735 0)
(4.1573 -0.516542 0)
(4.97637 -0.344846 0)
(5.53875 -0.16826 0)
(5.86526 0.0101875 0)
(5.92849 0.167099 0)
(5.72575 0.292418 0)
(5.25733 0.387772 0)
(4.58684 0.433347 0)
(3.8212 0.450793 0)
(3.00384 0.443213 0)
(2.14136 0.36907 0)
(1.33342 0.268746 0)
(0.696738 0.187809 0)
(0.213129 0.125902 0)
(-0.0848049 0.0595636 0)
(-0.215615 -0.0536864 0)
(-0.104179 -0.158108 0)
(0.155148 -0.194285 0)
(0.400815 -0.171588 0)
(0.566423 -0.190583 0)
(1.01927 -0.387841 0)
(1.68145 -0.523181 0)
(2.3304 -0.355475 0)
(2.50184 -0.0807416 0)
(2.08398 0.18172 0)
(1.39189 0.415343 0)
(0.570011 0.590472 0)
(-0.329929 0.635415 0)
(-1.17347 0.583877 0)
(-1.90149 0.538566 0)
(-2.64922 0.317328 0)
(-3.19617 0.23048 0)
(-2.98383 -0.205358 0)
(-2.81063 0.0183571 0)
(-2.43339 -0.317806 0)
(-1.90927 -0.264131 0)
(-1.13625 -0.470063 0)
(-0.287275 -0.396866 0)
(0.470699 -0.439792 0)
(1.41006 -0.480777 0)
(2.3494 -0.495585 0)
(3.47277 -0.419077 0)
(4.3675 -0.262368 0)
(4.9738 -0.0839791 0)
(4.99533 0.0797085 0)
(4.61438 0.178484 0)
(4.05437 0.189821 0)
(3.58175 0.155439 0)
(3.27704 0.105106 0)
(3.16873 0.037913 0)
(3.19392 -0.0444844 0)
(3.24432 -0.113288 0)
(3.27803 -0.113 0)
(3.10807 -0.0109488 0)
(2.59799 0.152656 0)
(1.85951 0.293293 0)
(1.17198 0.290883 0)
(0.765922 0.172537 0)
(0.658355 0.21019 0)
(0.187315 0.243807 0)
(0.142333 -0.321324 0)
(0.47558 -0.27002 0)
(1.12665 -0.815951 0)
(1.9485 0.159564 0)
(1.50138 1.07652 0)
(-0.185928 0.745919 0)
(-1.21647 0.472751 0)
(-1.42436 0.17917 0)
(-1.24905 -0.15147 0)
(-1.67643 -0.120916 0)
(-1.13332 -0.445676 0)
(-0.77021 -0.377072 0)
(-1.29344 -0.796401 0)
(-0.418949 -0.502681 0)
(0.14652 -0.376528 0)
(-0.0983486 -0.49405 0)
(2.34415 1.01845 0)
(2.14998 0.665679 0)
(2.15357 -0.0171906 0)
(2.31326 -0.505579 0)
(3.13446 -0.845548 0)
(3.95584 -0.985507 0)
(4.24357 -0.587555 0)
(4.91982 -0.12463 0)
(5.12602 -0.0659169 0)
(3.46769 0.518375 0)
(0.268027 1.7392 0)
(-3.51067 2.52037 0)
(-5.4222 2.11989 0)
(-5.71084 1.34741 0)
(-5.75391 0.77906 0)
(-5.52532 0.205841 0)
(-5.15228 -0.246288 0)
(-4.48399 -0.647239 0)
(-2.50428 -1.19758 0)
(-1.808 -1.41221 0)
(0.110279 -1.62299 0)
(1.57155 -1.50586 0)
(3.33709 -1.53978 0)
(4.72101 -1.20765 0)
(5.76048 -0.8561 0)
(6.54577 -0.571423 0)
(7.03907 -0.310342 0)
(7.27028 -0.0669555 0)
(7.32659 0.18035 0)
(7.19642 0.397577 0)
(6.83865 0.585455 0)
(6.30939 0.725336 0)
(5.55972 0.752926 0)
(4.7455 0.73615 0)
(4.02367 0.714685 0)
(3.24365 0.639251 0)
(2.41486 0.496006 0)
(1.70255 0.337728 0)
(1.22224 0.196139 0)
(0.927303 0.00578752 0)
(0.782489 -0.195839 0)
(0.855292 -0.296968 0)
(0.95661 -0.248069 0)
(1.07107 -0.266674 0)
(1.54388 -0.571179 0)
(1.91503 -0.745268 0)
(2.16403 -0.444528 0)
(1.98258 0.0586198 0)
(1.33579 0.456396 0)
(0.616731 0.726027 0)
(-0.13723 0.92223 0)
(-0.864826 0.958462 0)
(-1.49078 0.820016 0)
(-1.95318 0.843346 0)
(-2.45969 0.546367 0)
(-3.04544 0.451265 0)
(-3.01745 -0.329359 0)
(-2.72639 0.0119335 0)
(-2.40088 -0.54603 0)
(-1.81785 -0.469996 0)
(-1.04744 -0.845197 0)
(-0.0432373 -0.718028 0)
(0.766027 -0.786959 0)
(1.72789 -0.893543 0)
(2.72699 -0.971987 0)
(3.98669 -0.947294 0)
(5.14996 -0.695419 0)
(6.23413 -0.301713 0)
(6.67558 0.15535 0)
(6.47371 0.452453 0)
(5.74437 0.487974 0)
(4.94221 0.391849 0)
(4.27993 0.234427 0)
(3.92365 0.059666 0)
(3.87451 -0.0453288 0)
(3.75126 -0.06496 0)
(3.40485 0.0136169 0)
(2.87795 0.228027 0)
(2.20971 0.457171 0)
(1.55596 0.58254 0)
(1.06247 0.504759 0)
(0.718583 0.272701 0)
(0.507349 0.325918 0)
(0.20788 0.419809 0)
(0.0618504 -0.448051 0)
(0.489436 -0.484169 0)
(1.1692 -1.15863 0)
(1.78801 0.0830362 0)
(1.70354 1.52686 0)
(0.0782176 1.26107 0)
(-0.945657 0.785813 0)
(-1.28715 0.246232 0)
(-1.37194 -0.0644574 0)
(-1.91505 -0.150407 0)
(-1.78977 -0.472001 0)
(-2.04801 -0.365765 0)
(-2.41885 -0.764526 0)
(-2.51492 -0.711614 0)
(-0.9194 -0.486987 0)
(-2.39038 -0.857409 0)
(1.17258 0.488022 0)
(1.66608 0.410641 0)
(2.28036 -0.172564 0)
(2.75045 -0.714216 0)
(3.73794 -1.14823 0)
(4.49592 -1.27931 0)
(4.70369 -0.812464 0)
(5.07872 -0.0898358 0)
(4.38081 0.539739 0)
(1.76389 1.60877 0)
(-1.76412 2.99854 0)
(-4.69908 3.39785 0)
(-4.87181 2.33427 0)
(-4.81818 1.31486 0)
(-4.52494 0.72687 0)
(-4.18937 0.133187 0)
(-3.76527 -0.443122 0)
(-3.29201 -1.16323 0)
(-1.60285 -1.91181 0)
(-0.283837 -2.06261 0)
(1.63981 -2.23334 0)
(3.16597 -2.26513 0)
(4.81428 -2.20965 0)
(6.36638 -1.73687 0)
(7.45316 -1.24696 0)
(8.22618 -0.84566 0)
(8.77228 -0.435025 0)
(8.94497 -0.0727385 0)
(8.83555 0.226031 0)
(8.56508 0.517756 0)
(8.11368 0.768625 0)
(7.55919 0.941298 0)
(6.96991 1.0666 0)
(6.20236 1.08769 0)
(5.37916 1.0067 0)
(4.62297 0.91587 0)
(3.98687 0.810276 0)
(3.308 0.644977 0)
(2.64054 0.420248 0)
(2.16585 0.14696 0)
(1.7612 -0.110019 0)
(1.55142 -0.288233 0)
(1.34099 -0.279123 0)
(1.41935 -0.36664 0)
(1.79155 -0.711896 0)
(1.95856 -0.803096 0)
(1.78277 -0.351161 0)
(1.18004 0.316114 0)
(0.454852 0.751195 0)
(-0.258712 1.0138 0)
(-1.05884 1.20848 0)
(-1.66823 1.19231 0)
(-2.18438 1.01342 0)
(-2.66243 1.0361 0)
(-2.71867 0.633444 0)
(-3.52561 0.633876 0)
(-3.04073 -0.564729 0)
(-3.07695 -0.0426698 0)
(-2.35335 -0.880066 0)
(-1.98222 -0.72518 0)
(-0.998535 -1.29196 0)
(-0.10737 -1.10719 0)
(0.92827 -1.16527 0)
(1.83485 -1.32631 0)
(2.94422 -1.44759 0)
(4.30168 -1.4449 0)
(5.4468 -1.19799 0)
(6.59295 -0.703447 0)
(7.36286 -0.022237 0)
(7.70349 0.577693 0)
(7.32969 0.85438 0)
(6.31474 0.798415 0)
(5.20089 0.550892 0)
(4.35931 0.208046 0)
(3.98568 0.0106674 0)
(3.78705 0.0549126 0)
(3.429 0.23676 0)
(2.73164 0.49137 0)
(2.03182 0.706836 0)
(1.44091 0.769179 0)
(1.09792 0.638877 0)
(0.795914 0.400384 0)
(0.331794 0.422247 0)
(0.231663 0.548511 0)
(-0.00310714 -0.542666 0)
(0.466593 -0.754698 0)
(1.09952 -1.45273 0)
(1.61065 -0.0281793 0)
(1.74631 1.87123 0)
(0.276099 1.74252 0)
(-0.688105 1.0972 0)
(-1.21843 0.386134 0)
(-1.57415 0.0911978 0)
(-2.2283 0.0128363 0)
(-2.5903 -0.240224 0)
(-3.25806 -0.248589 0)
(-3.8183 -0.703581 0)
(-3.50195 -0.830186 0)
(-2.82527 -0.606234 0)
(-3.48999 -1.30155 0)
(-0.765149 -0.490698 0)
(0.233812 -0.0519227 0)
(1.20654 -0.485338 0)
(2.17823 -1.09149 0)
(3.51523 -1.52212 0)
(4.21428 -1.49299 0)
(4.31405 -0.830897 0)
(4.34703 0.153695 0)
(3.19256 1.3085 0)
(0.251571 2.85255 0)
(-3.0602 4.21844 0)
(-4.65174 3.92041 0)
(-3.67729 2.39302 0)
(-3.58641 1.2604 0)
(-3.40711 0.592491 0)
(-3.15925 -0.0716959 0)
(-2.65076 -0.685113 0)
(-2.02457 -1.52276 0)
(-0.349065 -2.49361 0)
(1.13611 -2.8333 0)
(2.97039 -2.90452 0)
(4.74881 -2.95608 0)
(6.19838 -2.91355 0)
(7.71781 -2.30823 0)
(9.01098 -1.60694 0)
(9.76654 -1.11239 0)
(10.3156 -0.600556 0)
(10.5768 -0.0926381 0)
(10.5442 0.35648 0)
(10.1627 0.720906 0)
(9.55147 1.02638 0)
(8.84723 1.23537 0)
(8.07116 1.33687 0)
(7.33992 1.39698 0)
(6.63828 1.35474 0)
(5.82661 1.21383 0)
(5.17032 1.05618 0)
(4.60901 0.909299 0)
(4.02015 0.710689 0)
(3.43686 0.410783 0)
(2.74304 0.0589886 0)
(2.33766 -0.167685 0)
(1.95314 -0.210222 0)
(1.86518 -0.398127 0)
(1.9154 -0.786849 0)
(1.87975 -0.750532 0)
(1.42348 -0.106267 0)
(0.504319 0.611631 0)
(-0.1738 1.01496 0)
(-0.89787 1.30556 0)
(-1.72976 1.48853 0)
(-2.32146 1.40057 0)
(-2.7765 1.18142 0)
(-3.2603 1.1204 0)
(-2.9143 0.6986 0)
(-3.76472 0.764318 0)
(-2.2118 -0.870647 0)
(-3.13324 -0.0560524 0)
(-1.49163 -1.2435 0)
(-1.67446 -0.923883 0)
(-0.470109 -1.74694 0)
(0.158034 -1.50363 0)
(1.3394 -1.57013 0)
(2.23124 -1.74202 0)
(3.29172 -2.01005 0)
(4.6865 -2.00123 0)
(6.03171 -1.63053 0)
(6.99731 -1.08325 0)
(7.79123 -0.290746 0)
(8.30543 0.513363 0)
(8.33552 1.06939 0)
(7.64314 1.26826 0)
(6.38207 1.05539 0)
(5.15143 0.574743 0)
(4.36473 0.182157 0)
(3.93053 0.156754 0)
(3.61401 0.421345 0)
(3.06171 0.784835 0)
(2.52431 0.994866 0)
(1.94528 0.997115 0)
(1.57438 0.814662 0)
(1.13808 0.601744 0)
(0.431731 0.572317 0)
(0.222016 0.677592 0)
(-0.0167491 -0.618473 0)
(0.326344 -0.994845 0)
(0.894104 -1.67842 0)
(1.26993 -0.168891 0)
(1.68332 2.18068 0)
(0.405498 2.12604 0)
(-0.558252 1.41399 0)
(-1.11104 0.619678 0)
(-1.758 0.337754 0)
(-2.56043 0.239389 0)
(-3.13618 0.0399733 0)
(-4.00941 -0.0610993 0)
(-4.82756 -0.603839 0)
(-4.96823 -0.77828 0)
(-4.38439 -0.879661 0)
(-4.34812 -1.67113 0)
(-3.11437 -1.03036 0)
(-1.74608 -0.480496 0)
(-0.357661 -0.985332 0)
(1.33257 -1.78152 0)
(2.96241 -1.98479 0)
(3.57901 -1.71795 0)
(3.55909 -0.796098 0)
(3.2544 0.511826 0)
(1.77623 2.18769 0)
(-1.0426 4.00114 0)
(-3.81595 4.95813 0)
(-3.83106 3.82091 0)
(-2.86139 2.11549 0)
(-2.43035 1.07743 0)
(-2.29823 0.565491 0)
(-2.10215 -0.101046 0)
(-1.58078 -0.915254 0)
(-0.883742 -2.03624 0)
(0.954961 -3.19274 0)
(2.5398 -3.61339 0)
(4.3288 -3.64186 0)
(6.23375 -3.64766 0)
(7.71094 -3.52552 0)
(8.91349 -2.9223 0)
(10.2427 -2.07178 0)
(11.1778 -1.39261 0)
(11.7661 -0.742561 0)
(12.0012 -0.141621 0)
(11.979 0.413853 0)
(11.7639 0.940036 0)
(11.0633 1.33354 0)
(10.297 1.5722 0)
(9.36744 1.68591 0)
(8.4229 1.70555 0)
(7.65486 1.65779 0)
(6.87294 1.5258 0)
(6.19349 1.28931 0)
(5.5962 1.1198 0)
(5.13778 0.947906 0)
(4.65222 0.702816 0)
(3.86954 0.361524 0)
(3.18179 0.00701545 0)
(2.6289 -0.100893 0)
(2.37593 -0.277648 0)
(2.19022 -0.693629 0)
(1.97049 -0.637644 0)
(1.3565 0.182164 0)
(0.525856 0.979121 0)
(0.0432674 1.35191 0)
(-0.822455 1.67234 0)
(-1.77801 1.83272 0)
(-2.40478 1.65254 0)
(-2.84879 1.3523 0)
(-3.31232 1.19499 0)
(-2.86529 0.656389 0)
(-3.58567 0.688573 0)
(-1.51673 -1.09251 0)
(-2.85822 -0.105396 0)
(-0.713496 -1.61573 0)
(-0.900736 -1.05388 0)
(0.195176 -2.12533 0)
(0.567622 -1.86878 0)
(1.68659 -2.01284 0)
(2.62951 -2.15955 0)
(3.66498 -2.49693 0)
(4.79582 -2.64923 0)
(6.40118 -2.14835 0)
(7.53451 -1.41153 0)
(8.27719 -0.536061 0)
(8.81927 0.360212 0)
(8.99968 1.11674 0)
(8.53895 1.63089 0)
(7.54975 1.64165 0)
(6.08811 1.0701 0)
(4.9204 0.515544 0)
(4.236 0.355422 0)
(3.80488 0.580877 0)
(3.35551 0.955515 0)
(2.96792 1.21097 0)
(2.60477 1.22608 0)
(2.18027 1.04165 0)
(1.5404 0.871919 0)
(0.64757 0.811417 0)
(0.208898 0.831516 0)
(-0.0837556 -0.642373 0)
(0.117053 -1.17384 0)
(0.580067 -1.85841 0)
(0.828281 -0.351811 0)
(1.53291 2.37845 0)
(0.380194 2.53615 0)
(-0.480536 1.78131 0)
(-1.03856 0.905669 0)
(-1.81187 0.664827 0)
(-2.80611 0.569123 0)
(-3.64199 0.440581 0)
(-4.93013 0.316215 0)
(-5.83576 -0.308554 0)
(-5.86333 -0.741743 0)
(-5.54696 -1.17978 0)
(-5.56126 -1.63418 0)
(-4.7631 -1.2701 0)
(-3.31401 -1.13363 0)
(-1.42154 -1.82005 0)
(0.529432 -2.6942 0)
(2.22113 -2.40539 0)
(2.67822 -1.81848 0)
(2.57308 -0.630946 0)
(2.07645 1.00284 0)
(0.294988 3.02452 0)
(-1.97688 4.9855 0)
(-3.98829 5.43062 0)
(-2.50024 3.63969 0)
(-2.04463 1.95622 0)
(-1.48088 0.89606 0)
(-1.36893 0.455001 0)
(-1.24099 -0.23061 0)
(-0.533343 -1.22854 0)
(0.478511 -2.51812 0)
(2.23136 -3.85314 0)
(3.84737 -4.39926 0)
(5.5696 -4.38351 0)
(7.29921 -4.40996 0)
(8.85312 -4.14039 0)
(10.0541 -3.39828 0)
(11.1714 -2.55368 0)
(12.1483 -1.78559 0)
(12.8802 -0.946158 0)
(13.2803 -0.180045 0)
(13.2605 0.461718 0)
(13.1422 1.12777 0)
(12.5818 1.63508 0)
(11.6758 1.94524 0)
(10.702 2.1168 0)
(9.63878 2.09596 0)
(8.62894 1.99812 0)
(7.86401 1.8224 0)
(7.1508 1.57074 0)
(6.46976 1.33858 0)
(6.06007 1.12496 0)
(5.60768 0.968946 0)
(4.93343 0.684441 0)
(4.12186 0.313056 0)
(3.32898 0.101841 0)
(2.93676 -0.151955 0)
(2.60162 -0.574532 0)
(2.19097 -0.466055 0)
(1.46377 0.462851 0)
(0.820586 1.23403 0)
(0.359614 1.59464 0)
(-0.568836 2.04971 0)
(-1.57374 2.2428 0)
(-2.30964 1.96146 0)
(-2.7388 1.54399 0)
(-3.05844 1.30603 0)
(-2.59141 0.580915 0)
(-3.25134 0.541404 0)
(-1.31522 -1.32082 0)
(-2.63334 -0.183373 0)
(-0.507667 -2.09304 0)
(-0.313176 -1.23332 0)
(0.950422 -2.37329 0)
(1.11155 -2.07664 0)
(1.85023 -2.46591 0)
(3.06256 -2.58288 0)
(4.06902 -2.95385 0)
(5.04934 -3.24178 0)
(6.36021 -2.81179 0)
(7.72113 -1.90499 0)
(8.68988 -0.846284 0)
(9.33903 0.273071 0)
(9.46632 1.18992 0)
(9.29728 1.85536 0)
(8.46371 2.08558 0)
(7.01131 1.69191 0)
(5.42088 0.930572 0)
(4.6278 0.589501 0)
(4.07028 0.774958 0)
(3.54605 1.14417 0)
(3.00278 1.29151 0)
(2.70546 1.3088 0)
(2.41328 1.22284 0)
(1.80101 1.18447 0)
(0.874617 1.10839 0)
(0.251396 1.0512 0)
(-0.123693 -0.610703 0)
(-0.12054 -1.27469 0)
(0.167531 -1.95112 0)
(0.271053 -0.538752 0)
(1.24483 2.51494 0)
(0.24801 2.87429 0)
(-0.219259 2.04435 0)
(-1.02879 1.13531 0)
(-1.78649 1.01226 0)
(-2.80613 1.00961 0)
(-3.94055 0.896424 0)
(-5.34244 0.652937 0)
(-5.96055 -0.151266 0)
(-6.281 -0.744494 0)
(-6.2533 -1.41944 0)
(-6.35434 -1.75574 0)
(-5.26503 -1.75017 0)
(-4.26817 -1.93123 0)
(-2.29448 -2.80095 0)
(-0.627501 -3.49637 0)
(1.25663 -2.78491 0)
(1.71055 -1.90341 0)
(1.59217 -0.45299 0)
(1.01671 1.56625 0)
(-0.879232 3.86404 0)
(-2.55982 5.74535 0)
(-3.34034 5.50181 0)
(-1.39118 3.33149 0)
(-1.07537 1.79194 0)
(-0.631521 0.720801 0)
(-0.466335 0.398608 0)
(-0.375232 -0.382947 0)
(0.53605 -1.66737 0)
(1.81779 -3.13878 0)
(3.62623 -4.53044 0)
(4.83006 -5.18259 0)
(6.63059 -5.11023 0)
(8.26528 -5.12336 0)
(9.67579 -4.81543 0)
(10.8124 -3.89831 0)
(12.0046 -2.97523 0)
(12.8133 -2.15213 0)
(13.5824 -1.22236 0)
(14.0424 -0.312045 0)
(14.228 0.446732 0)
(14.2455 1.22299 0)
(13.8583 1.94038 0)
(13.0005 2.3505 0)
(12.0058 2.53858 0)
(10.9127 2.56736 0)
(9.7611 2.38385 0)
(8.77139 2.12319 0)
(8.01666 1.86265 0)
(7.3302 1.56357 0)
(6.78807 1.31184 0)
(6.40465 1.18885 0)
(5.92369 0.979189 0)
(5.07867 0.655645 0)
(4.11432 0.384588 0)
(3.47969 0.0857057 0)
(3.04392 -0.359837 0)
(2.48358 -0.237237 0)
(1.65211 0.73551 0)
(1.1408 1.45374 0)
(0.451025 1.84225 0)
(-0.636888 2.35025 0)
(-1.67671 2.47366 0)
(-2.4307 2.08156 0)
(-2.77087 1.50725 0)
(-2.99212 1.24729 0)
(-2.20806 0.480792 0)
(-2.97345 0.402588 0)
(-0.874732 -1.59112 0)
(-2.48582 -0.345369 0)
(-0.104422 -2.73863 0)
(-0.137225 -1.53791 0)
(1.52714 -2.80439 0)
(1.9903 -2.13299 0)
(2.2516 -2.89752 0)
(3.31026 -3.1153 0)
(4.59455 -3.35831 0)
(5.48678 -3.64684 0)
(6.67905 -3.27806 0)
(7.67765 -2.36221 0)
(8.73894 -1.18895 0)
(9.6603 0.020225 0)
(10.1039 1.16508 0)
(9.60222 2.03549 0)
(9.11769 2.55329 0)
(7.92858 2.31387 0)
(6.22156 1.5467 0)
(4.91579 0.899262 0)
(4.40736 0.980764 0)
(3.76933 1.37212 0)
(3.17874 1.57373 0)
(2.52275 1.48033 0)
(2.43369 1.43444 0)
(1.86107 1.47409 0)
(1.07382 1.45016 0)
(0.35479 1.31963 0)
(-0.206919 -0.51052 0)
(-0.383921 -1.30337 0)
(-0.276867 -2.04231 0)
(-0.334347 -0.792324 0)
(1.0037 2.54798 0)
(0.198246 3.0361 0)
(-0.149152 2.3093 0)
(-0.660545 1.53094 0)
(-1.63303 1.37717 0)
(-2.58615 1.44396 0)
(-3.69536 1.396 0)
(-5.03461 1.03841 0)
(-5.57204 0.154967 0)
(-6.09993 -0.662365 0)
(-6.00354 -1.52196 0)
(-6.68694 -1.9011 0)
(-5.50675 -2.19871 0)
(-4.95915 -2.55955 0)
(-3.24497 -3.58405 0)
(-1.78895 -4.2148 0)
(0.39635 -3.25212 0)
(0.934663 -1.97895 0)
(0.755149 -0.2657 0)
(-0.0176307 2.06598 0)
(-1.32155 4.54517 0)
(-2.79222 6.06633 0)
(-2.18464 4.92999 0)
(-0.731962 2.82028 0)
(-0.146664 1.55919 0)
(0.248855 0.596286 0)
(0.430914 0.297307 0)
(0.46206 -0.607146 0)
(1.88824 -2.14655 0)
(2.99773 -3.72547 0)
(4.87333 -5.09386 0)
(5.95421 -5.85957 0)
(7.60974 -5.75918 0)
(9.20215 -5.76126 0)
(10.5291 -5.37926 0)
(11.4387 -4.34661 0)
(12.5304 -3.39485 0)
(13.3225 -2.51049 0)
(14.0965 -1.43675 0)
(14.5667 -0.472588 0)
(14.8246 0.377496 0)
(14.9091 1.27784 0)
(14.7412 2.11707 0)
(14.1451 2.70236 0)
(13.2102 2.97836 0)
(12.0926 3.03896 0)
(10.8863 2.88708 0)
(9.75168 2.52851 0)
(8.89674 2.13933 0)
(8.11154 1.82098 0)
(7.47782 1.51477 0)
(7.12733 1.34897 0)
(6.66596 1.23324 0)
(5.94421 1.03577 0)
(5.01711 0.738338 0)
(4.06963 0.375163 0)
(3.39494 -0.0949927 0)
(2.79824 0.00170465 0)
(1.94403 0.970704 0)
(1.53181 1.74124 0)
(0.631198 2.2374 0)
(-0.473976 2.79215 0)
(-1.35699 2.91182 0)
(-1.85722 2.45464 0)
(-1.97753 1.61703 0)
(-2.43203 1.19356 0)
(-1.23585 0.313983 0)
(-2.1852 0.122026 0)
(0.0150137 -1.69633 0)
(-1.62774 -0.575315 0)
(0.766848 -3.22538 0)
(0.218744 -1.87493 0)
(1.90517 -3.48013 0)
(2.75343 -2.28232 0)
(3.14722 -3.12924 0)
(3.6726 -3.57609 0)
(4.81356 -3.88693 0)
(5.58129 -4.22191 0)
(6.85717 -3.73657 0)
(7.82852 -2.78281 0)
(8.7614 -1.64638 0)
(9.72109 -0.204638 0)
(10.1763 1.16526 0)
(10.3031 2.25851 0)
(9.58974 2.82936 0)
(8.46992 2.87871 0)
(6.74829 2.17273 0)
(5.41757 1.35861 0)
(4.66581 1.25718 0)
(4.09941 1.71405 0)
(3.23371 1.82927 0)
(2.5766 1.63069 0)
(2.28593 1.52305 0)
(1.98583 1.75292 0)
(1.11727 1.74321 0)
(0.448868 1.66404 0)
(-0.268476 -0.343886 0)
(-0.640873 -1.24579 0)
(-0.738821 -2.04184 0)
(-0.926433 -1.00918 0)
(0.686247 2.44381 0)
(0.137126 3.24397 0)
(-0.0810514 2.51073 0)
(-0.574528 1.7294 0)
(-1.17238 1.76598 0)
(-2.1258 1.86933 0)
(-3.0443 1.78178 0)
(-4.09401 1.37945 0)
(-4.37942 0.420579 0)
(-4.80926 -0.528047 0)
(-4.88196 -1.38157 0)
(-5.78746 -1.91943 0)
(-5.04398 -2.54624 0)
(-4.91742 -3.09263 0)
(-3.4809 -4.17942 0)
(-2.37507 -5.03468 0)
(-0.184878 -3.81184 0)
(0.402291 -2.01983 0)
(0.0436908 -0.000747755 0)
(-0.794757 2.49011 0)
(-1.46247 4.89453 0)
(-2.53257 6.08787 0)
(-0.891205 4.41125 0)
(-0.00463737 2.5101 0)
(0.817326 1.32202 0)
(1.2208 0.443249 0)
(1.52047 0.222751 0)
(1.33362 -0.827854 0)
(3.33054 -2.72258 0)
(4.05796 -4.3236 0)
(5.87141 -5.70272 0)
(7.05151 -6.60189 0)
(8.50466 -6.44129 0)
(10.0515 -6.30719 0)
(11.1036 -5.92441 0)
(12.052 -4.75026 0)
(12.9117 -3.72658 0)
(13.6361 -2.80693 0)
(14.3448 -1.67282 0)
(14.8942 -0.632422 0)
(15.1655 0.293454 0)
(15.3329 1.28784 0)
(15.2732 2.22852 0)
(14.9634 2.96163 0)
(14.2012 3.39026 0)
(13.108 3.51305 0)
(11.9367 3.36838 0)
(10.7799 2.96632 0)
(9.68704 2.52873 0)
(8.84555 2.12446 0)
(8.15351 1.70498 0)
(7.72498 1.52763 0)
(7.34429 1.44646 0)
(6.69486 1.33062 0)
(5.80469 1.13982 0)
(4.74438 0.788048 0)
(3.87301 0.242056 0)
(3.15269 0.272951 0)
(2.30798 1.1937 0)
(2.04302 2.01179 0)
(1.08301 2.6535 0)
(0.0786799 3.19169 0)
(-0.663131 3.15097 0)
(-1.02634 2.55147 0)
(-0.773222 1.61652 0)
(-1.2219 1.1527 0)
(0.174494 0.241149 0)
(-0.311618 0.0369981 0)
(1.04672 -1.75288 0)
(0.0843905 -0.74362 0)
(1.72121 -3.40499 0)
(1.13097 -2.10696 0)
(2.20395 -4.02812 0)
(3.40801 -2.50539 0)
(3.62094 -3.3818 0)
(4.11443 -3.89961 0)
(5.20578 -4.15552 0)
(5.80195 -4.51755 0)
(6.8593 -4.23206 0)
(7.80263 -3.13828 0)
(8.54077 -1.98822 0)
(9.59346 -0.570993 0)
(10.5878 0.994332 0)
(10.4125 2.24464 0)
(10.0918 3.21176 0)
(9.0182 3.45269 0)
(7.43014 2.8225 0)
(5.56335 1.73923 0)
(4.73952 1.49809 0)
(4.08647 1.91667 0)
(3.81217 2.20594 0)
(3.00612 1.91744 0)
(2.29936 1.72395 0)
(1.89147 1.96746 0)
(1.20631 2.07241 0)
(0.412122 1.97621 0)
(-0.317965 -0.105504 0)
(-0.848306 -1.10561 0)
(-1.14356 -2.03077 0)
(-1.49608 -1.19765 0)
(0.145844 2.26617 0)
(-0.148598 3.29739 0)
(0.101032 2.61921 0)
(-0.359944 1.96424 0)
(-0.867257 2.00535 0)
(-1.46109 2.19217 0)
(-2.00585 2.08984 0)
(-2.71911 1.60922 0)
(-2.65292 0.608187 0)
(-2.91078 -0.378551 0)
(-2.89474 -1.15414 0)
(-3.68738 -1.75586 0)
(-3.34584 -2.54924 0)
(-3.75037 -3.32764 0)
(-2.74183 -4.64216 0)
(-2.36544 -5.77469 0)
(-0.636179 -4.35567 0)
(0.0480785 -1.99631 0)
(-0.522703 0.24797 0)
(-0.80348 2.84532 0)
(-1.5041 5.06831 0)
(-1.89166 6.02659 0)
(0.426585 3.955 0)
(0.989899 2.25575 0)
(1.8867 1.11829 0)
(2.1218 0.25907 0)
(2.64246 0.140833 0)
(2.40264 -1.09236 0)
(4.69352 -3.30042 0)
(5.10143 -4.88249 0)
(6.92235 -6.27962 0)
(8.142 -7.26073 0)
(9.39427 -7.08852 0)
(10.6404 -6.7234 0)
(11.4657 -6.34926 0)
(12.2487 -5.1471 0)
(12.8988 -4.06196 0)
(13.7092 -3.12794 0)
(14.3498 -1.91659 0)
(15.051 -0.828581 0)
(15.3232 0.224119 0)
(15.4676 1.3123 0)
(15.4968 2.22718 0)
(15.3761 3.11578 0)
(14.8861 3.73762 0)
(13.9558 3.95904 0)
(12.8139 3.8749 0)
(11.701 3.45289 0)
(10.4858 2.94458 0)
(9.64771 2.44634 0)
(8.8335 1.95349 0)
(8.2787 1.69816 0)
(7.86769 1.63949 0)
(7.29355 1.63065 0)
(6.63373 1.49194 0)
(5.44978 1.22333 0)
(4.43826 0.64758 0)
(3.57196 0.557029 0)
(2.7051 1.44086 0)
(2.53649 2.3122 0)
(1.67206 3.03824 0)
(0.895163 3.49562 0)
(0.322774 3.3307 0)
(0.128292 2.64883 0)
(0.5873 1.67576 0)
(0.125483 0.974866 0)
(0.950241 -0.165779 0)
(1.43947 -0.142768 0)
(2.04106 -1.80705 0)
(1.86792 -0.893896 0)
(2.73151 -3.44184 0)
(2.41885 -2.17724 0)
(2.39602 -4.58111 0)
(4.21474 -2.72564 0)
(4.32006 -3.45483 0)
(4.42775 -4.22931 0)
(5.32432 -4.6862 0)
(6.12569 -4.91626 0)
(6.78932 -4.54218 0)
(7.71716 -3.52246 0)
(8.47904 -2.37192 0)
(9.37259 -0.957762 0)
(10.3206 0.755209 0)
(10.5849 2.41749 0)
(10.333 3.48749 0)
(9.43849 3.9414 0)
(7.82453 3.51831 0)
(6.66765 2.48137 0)
(5.12296 1.931 0)
(4.47416 2.23629 0)
(3.6101 2.32526 0)
(3.13851 2.20464 0)
(2.34524 1.94737 0)
(2.12518 2.21895 0)
(1.24466 2.36858 0)
(0.496913 2.37833 0)
(-0.370849 0.147358 0)
(-0.998596 -0.904609 0)
(-1.4494 -1.94245 0)
(-1.97883 -1.35925 0)
(-0.324326 1.87671 0)
(-0.171914 3.28466 0)
(-0.0529767 2.66412 0)
(0.0897469 2.13362 0)
(-0.260514 2.22509 0)
(-0.62935 2.39469 0)
(-0.811296 2.23952 0)
(-1.22118 1.71546 0)
(-0.979018 0.687098 0)
(-1.22988 -0.318869 0)
(-1.26536 -0.999645 0)
(-1.7667 -1.52927 0)
(-1.57941 -2.30557 0)
(-1.71408 -3.30853 0)
(-1.44279 -4.65453 0)
(-1.64269 -5.97063 0)
(-1.01207 -4.80246 0)
(-0.0707164 -1.97965 0)
(-0.524831 0.38851 0)
(-0.600124 2.98501 0)
(-1.00043 5.10944 0)
(-0.76102 5.67409 0)
(1.79596 3.33533 0)
(1.94286 1.90894 0)
(3.08929 0.897184 0)
(2.95096 0.0671728 0)
(3.54528 -0.0250319 0)
(3.71356 -1.44713 0)
(5.85358 -3.72018 0)
(6.07519 -5.40151 0)
(8.02554 -6.87009 0)
(9.05283 -7.87317 0)
(10.0416 -7.67708 0)
(10.8844 -7.06125 0)
(11.4875 -6.63325 0)
(12.0904 -5.46344 0)
(12.5067 -4.32362 0)
(13.2384 -3.38826 0)
(13.9028 -2.23348 0)
(14.6913 -1.08608 0)
(15.1651 0.0958939 0)
(15.4965 1.29074 0)
(15.6043 2.24024 0)
(15.5595 3.20965 0)
(15.1994 4.00968 0)
(14.4692 4.32175 0)
(13.5097 4.29686 0)
(12.4587 3.9591 0)
(11.2188 3.39223 0)
(10.3599 2.80664 0)
(9.42248 2.27678 0)
(8.7553 1.92097 0)
(8.32785 1.80986 0)
(7.75456 1.84842 0)
(7.33565 1.82661 0)
(6.07757 1.71059 0)
(5.12777 1.13211 0)
(4.11279 0.838702 0)
(3.27392 1.59772 0)
(3.11082 2.49807 0)
(2.33748 3.30051 0)
(1.84658 3.73053 0)
(1.44377 3.51624 0)
(1.28724 2.61278 0)
(1.73135 1.56166 0)
(1.64564 1.02454 0)
(1.7786 -0.33605 0)
(2.93954 -0.391756 0)
(2.73602 -1.94542 0)
(3.57382 -1.05858 0)
(3.6887 -3.36756 0)
(3.89232 -2.11148 0)
(3.20262 -4.95654 0)
(4.6492 -3.21357 0)
(5.1861 -3.55353 0)
(5.29831 -4.26883 0)
(5.9168 -4.98935 0)
(6.42247 -5.12895 0)
(6.84628 -4.93718 0)
(7.61372 -3.7861 0)
(8.14715 -2.68692 0)
(9.03328 -1.29175 0)
(10.0099 0.54122 0)
(10.7236 2.2391 0)
(10.5847 3.61644 0)
(9.69149 4.50074 0)
(8.45583 4.10454 0)
(6.69969 2.87365 0)
(5.26903 2.29907 0)
(4.44102 2.47422 0)
(4.17014 2.71235 0)
(3.24048 2.42137 0)
(2.46117 2.19335 0)
(1.97979 2.42618 0)
(1.34812 2.73814 0)
(0.433692 2.72169 0)
(-0.345518 0.463354 0)
(-1.02251 -0.636308 0)
(-1.60432 -1.81462 0)
(-2.32715 -1.51621 0)
(-0.524137 1.46548 0)
(-0.382724 3.1319 0)
(0.201188 2.59442 0)
(0.301217 2.12902 0)
(0.325387 2.31078 0)
(0.2611 2.47252 0)
(0.431881 2.29586 0)
(0.24106 1.73988 0)
(0.560855 0.726833 0)
(0.242115 -0.242836 0)
(0.0313114 -0.927167 0)
(-0.507838 -1.50181 0)
(-0.44015 -2.37224 0)
(-0.323397 -3.34878 0)
(-0.128236 -4.42135 0)
(-0.0913729 -5.76729 0)
(-0.964153 -5.10529 0)
(0.263207 -2.12724 0)
(0.047801 0.513146 0)
(-0.432568 3.03348 0)
(-0.12058 4.86049 0)
(0.597295 4.96488 0)
(3.16808 2.80199 0)
(2.77505 1.6198 0)
(4.27432 0.675263 0)
(3.83517 -0.0390814 0)
(4.38864 -0.265419 0)
(5.00191 -1.92896 0)
(6.83047 -4.14535 0)
(7.16043 -5.94272 0)
(9.07292 -7.44361 0)
(9.63259 -8.25518 0)
(10.3759 -8.11152 0)
(10.8234 -7.30818 0)
(11.2708 -6.7857 0)
(11.563 -5.68265 0)
(11.8818 -4.54242 0)
(12.5215 -3.64553 0)
(13.165 -2.51993 0)
(13.9428 -1.37557 0)
(14.4925 -0.0831893 0)
(15.127 1.164 0)
(15.4001 2.18662 0)
(15.4821 3.27535 0)
(15.2811 4.20361 0)
(14.7083 4.62715 0)
(13.9613 4.68555 0)
(12.986 4.39616 0)
(11.7909 3.81892 0)
(10.922 3.19529 0)
(9.99694 2.60852 0)
(9.18422 2.1974 0)
(8.71118 2.02241 0)
(8.07773 2.04238 0)
(7.86089 2.09786 0)
(6.63885 2.14949 0)
(5.81545 1.61629 0)
(4.55957 1.22873 0)
(3.83499 1.82715 0)
(3.70176 2.6723 0)
(3.10467 3.52235 0)
(2.83419 3.91104 0)
(2.5823 3.63466 0)
(2.54762 2.64333 0)
(2.63852 1.43403 0)
(3.03706 0.947322 0)
(2.46217 -0.633438 0)
(4.27899 -0.631466 0)
(3.27697 -2.15229 0)
(5.12828 -1.28848 0)
(4.38002 -3.42438 0)
(5.14319 -2.05682 0)
(4.38536 -4.97759 0)
(5.26044 -3.50664 0)
(5.69221 -3.83463 0)
(6.1118 -4.30198 0)
(6.35484 -5.34875 0)
(7.11779 -5.2676 0)
(6.94275 -4.96664 0)
(7.45736 -4.06885 0)
(7.9908 -2.9513 0)
(8.6949 -1.64582 0)
(9.77249 0.0941695 0)
(10.5604 2.05061 0)
(10.6916 3.82214 0)
(10.0509 4.8246 0)
(8.74127 4.59992 0)
(7.11623 3.60529 0)
(5.59518 2.87822 0)
(4.64852 2.78289 0)
(4.21163 2.87746 0)
(3.97186 2.87116 0)
(2.55561 2.42344 0)
(2.21502 2.69043 0)
(1.29282 3.00054 0)
(0.597211 3.1735 0)
(-0.355645 0.687971 0)
(-0.961199 -0.363496 0)
(-1.58959 -1.59465 0)
(-2.50939 -1.60095 0)
(-0.819463 0.952237 0)
(-0.395323 2.83898 0)
(0.26486 2.39615 0)
(0.528942 2.0762 0)
(0.750978 2.2505 0)
(0.962345 2.39978 0)
(1.52557 2.23203 0)
(1.53205 1.68746 0)
(1.97915 0.7558 0)
(1.71957 -0.122743 0)
(1.40757 -0.790276 0)
(0.920149 -1.41004 0)
(0.955659 -2.39198 0)
(0.592986 -3.54072 0)
(0.783459 -4.60409 0)
(1.6435 -5.62205 0)
(-0.190533 -5.23216 0)
(0.933355 -2.33907 0)
(0.570566 0.568862 0)
(0.280116 3.0966 0)
(1.00819 4.53397 0)
(1.70438 4.27805 0)
(4.48669 2.48038 0)
(3.72421 1.44555 0)
(5.2985 0.443654 0)
(4.81024 -0.120505 0)
(5.41201 -0.473528 0)
(6.27634 -2.29943 0)
(7.76343 -4.51403 0)
(8.24705 -6.47174 0)
(9.93012 -7.85703 0)
(9.8894 -8.46975 0)
(10.6225 -8.32963 0)
(10.623 -7.43652 0)
(10.9141 -6.7764 0)
(10.9402 -5.78477 0)
(11.1698 -4.66249 0)
(11.6883 -3.84457 0)
(12.2991 -2.79743 0)
(13.0023 -1.62611 0)
(13.5702 -0.334129 0)
(14.3032 0.933004 0)
(14.8669 2.0572 0)
(15.1802 3.3091 0)
(15.0959 4.33387 0)
(14.6981 4.81168 0)
(14.0877 5.03888 0)
(13.2373 4.85031 0)
(12.2087 4.21112 0)
(11.3484 3.54428 0)
(10.4924 2.99674 0)
(9.56505 2.51432 0)
(9.0206 2.22335 0)
(8.21881 2.2372 0)
(8.17553 2.34734 0)
(7.17793 2.55618 0)
(6.55222 2.09117 0)
(5.10524 1.57793 0)
(4.41347 1.98081 0)
(4.26278 2.7986 0)
(3.91042 3.64876 0)
(3.77751 4.00061 0)
(3.71872 3.68228 0)
(3.895 2.75858 0)
(3.44894 1.3217 0)
(4.4671 0.906246 0)
(3.4618 -0.672349 0)
(5.48605 -0.78897 0)
(3.8858 -2.32382 0)
(6.33586 -1.49979 0)
(5.18616 -3.28841 0)
(6.30507 -2.06135 0)
(5.14637 -5.05544 0)
(5.81163 -3.78918 0)
(6.15639 -4.02091 0)
(6.72276 -4.2457 0)
(6.57496 -5.57073 0)
(7.17112 -5.37184 0)
(7.07832 -5.06002 0)
(7.31063 -4.20103 0)
(7.81748 -3.16966 0)
(8.39336 -1.96577 0)
(9.43234 -0.198029 0)
(10.1033 1.90867 0)
(10.5965 3.87112 0)
(10.1784 5.2012 0)
(8.7671 5.31635 0)
(7.41027 4.26913 0)
(5.95231 3.34245 0)
(5.06309 3.10538 0)
(4.35236 3.04123 0)
(3.89977 3.04753 0)
(3.53193 2.9435 0)
(2.28018 2.90281 0)
(1.67049 3.46138 0)
(0.408402 3.53757 0)
(-0.234098 0.972457 0)
(-0.73482 -0.0334396 0)
(-1.37921 -1.32281 0)
(-2.49704 -1.51993 0)
(-1.51187 0.466684 0)
(-0.329613 2.6601 0)
(0.253619 2.26651 0)
(0.916915 1.98198 0)
(1.36012 2.15362 0)
(1.61798 2.21178 0)
(2.48385 2.0254 0)
(2.68975 1.56625 0)
(3.21301 0.776446 0)
(3.11286 -0.00633785 0)
(2.77372 -0.665254 0)
(2.33764 -1.31798 0)
(2.77525 -2.17148 0)
(2.51075 -3.42226 0)
(1.61752 -4.78128 0)
(2.88813 -5.53035 0)
(0.898702 -5.07162 0)
(1.27007 -2.43759 0)
(1.12718 0.622725 0)
(1.35147 2.8666 0)
(2.50852 4.21757 0)
(2.82819 3.6719 0)
(5.55366 2.11117 0)
(4.86984 1.2607 0)
(6.23626 0.233585 0)
(5.78102 -0.23839 0)
(6.46475 -0.779927 0)
(7.4284 -2.72383 0)
(8.6248 -4.86519 0)
(9.26359 -6.92717 0)
(10.4239 -8.14327 0)
(10.0818 -8.60737 0)
(10.7534 -8.46936 0)
(10.3034 -7.49789 0)
(10.4148 -6.74479 0)
(10.1797 -5.80461 0)
(10.4502 -4.77653 0)
(10.8549 -4.05173 0)
(11.4086 -3.06765 0)
(12.0442 -1.81911 0)
(12.554 -0.559542 0)
(13.1857 0.61074 0)
(13.9176 1.84858 0)
(14.599 3.23585 0)
(14.7137 4.39697 0)
(14.4055 4.9871 0)
(14.0097 5.29074 0)
(13.3466 5.17392 0)
(12.3581 4.59937 0)
(11.5563 3.86878 0)
(10.8023 3.32348 0)
(9.89773 2.86357 0)
(9.27122 2.52853 0)
(8.39427 2.43994 0)
(8.43716 2.45484 0)
(7.63331 2.82757 0)
(7.12178 2.5863 0)
(5.64372 2.04754 0)
(4.96791 2.1459 0)
(4.77028 2.86278 0)
(4.70006 3.69855 0)
(4.69664 4.02838 0)
(4.70001 3.59952 0)
(5.1986 2.89763 0)
(4.31799 1.28646 0)
(5.72279 0.755977 0)
(4.25343 -0.839689 0)
(6.56157 -0.961294 0)
(4.54354 -2.51838 0)
(7.21716 -1.6995 0)
(5.45782 -3.32643 0)
(7.43879 -2.05476 0)
(6.11299 -4.72811 0)
(6.59453 -3.84861 0)
(6.23871 -4.36451 0)
(7.31132 -4.2009 0)
(6.64338 -5.79403 0)
(7.20165 -5.43494 0)
(7.12881 -4.97275 0)
(7.20294 -4.34547 0)
(7.6688 -3.40358 0)
(8.2824 -2.24291 0)
(9.08356 -0.505446 0)
(9.805 1.62937 0)
(10.3695 3.73039 0)
(10.3275 5.44897 0)
(9.13197 5.71803 0)
(7.60156 4.73971 0)
(6.28675 3.834 0)
(5.27399 3.43426 0)
(4.79179 3.32949 0)
(4.27878 3.23278 0)
(3.4212 2.99861 0)
(3.19173 3.38263 0)
(1.52821 3.65018 0)
(0.813751 4.15233 0)
(-0.134022 1.06957 0)
(-0.45385 0.155915 0)
(-0.912794 -0.973964 0)
(-2.12794 -1.35743 0)
(-1.94103 -0.0145976 0)
(-0.421429 2.23935 0)
(0.654021 1.86409 0)
(1.09042 1.66939 0)
(1.8878 1.90262 0)
(2.28314 1.97621 0)
(3.38383 1.73114 0)
(3.67693 1.35974 0)
(4.19448 0.72008 0)
(4.29746 0.065188 0)
(4.07419 -0.552066 0)
(3.42686 -1.33542 0)
(3.77026 -2.19271 0)
(4.43693 -3.12115 0)
(2.88781 -4.46529 0)
(4.0204 -5.17601 0)
(2.08068 -4.66474 0)
(1.48395 -2.45423 0)
(2.03272 0.623035 0)
(2.48028 2.38847 0)
(3.9203 3.83052 0)
(4.42108 3.09636 0)
(6.29415 1.7569 0)
(6.02378 1.05063 0)
(7.14563 0.0635261 0)
(6.80502 -0.338875 0)
(7.42785 -1.06852 0)
(8.43007 -3.06257 0)
(9.46326 -5.23653 0)
(10.0506 -7.25725 0)
(10.7373 -8.33935 0)
(10.2149 -8.67742 0)
(10.7283 -8.4162 0)
(9.74484 -7.40531 0)
(9.71105 -6.61564 0)
(9.23334 -5.79802 0)
(9.53517 -4.86756 0)
(9.79241 -4.26186 0)
(10.2829 -3.29805 0)
(11.0091 -2.0096 0)
(11.5964 -0.777761 0)
(12.0335 0.302625 0)
(12.8335 1.56535 0)
(13.7219 3.07416 0)
(14.0844 4.35446 0)
(14.0097 5.07101 0)
(13.6553 5.52466 0)
(13.1921 5.49138 0)
(12.3398 4.94699 0)
(11.5633 4.20721 0)
(10.8506 3.65012 0)
(10.1949 3.16277 0)
(9.46943 2.81297 0)
(8.49765 2.68336 0)
(8.42532 2.61679 0)
(7.85989 3.06583 0)
(7.64532 2.99617 0)
(6.29513 2.44784 0)
(5.519 2.28196 0)
(5.23054 2.85458 0)
(5.40169 3.63567 0)
(5.59658 4.01635 0)
(5.53945 3.49256 0)
(6.41012 3.03733 0)
(5.24519 1.27612 0)
(6.89307 0.618029 0)
(5.23527 -0.880279 0)
(7.62035 -0.989523 0)
(5.41319 -2.60056 0)
(8.11253 -1.84892 0)
(5.92354 -3.41156 0)
(8.206 -2.37287 0)
(6.50911 -4.75903 0)
(7.41717 -3.82849 0)
(6.51601 -4.48429 0)
(7.79986 -4.07957 0)
(6.91644 -5.68238 0)
(7.06985 -5.54435 0)
(7.36771 -4.99368 0)
(7.21239 -4.38925 0)
(7.65058 -3.59824 0)
(8.24395 -2.48593 0)
(8.81213 -0.817878 0)
(9.64266 1.28194 0)
(10.1849 3.61468 0)
(10.1725 5.81965 0)
(9.27025 6.38635 0)
(7.80566 5.35733 0)
(6.42773 4.32858 0)
(5.32987 3.81746 0)
(4.75606 3.51857 0)
(4.72561 3.55572 0)
(3.87129 3.3783 0)
(2.83296 3.59654 0)
(2.34728 4.42444 0)
(-0.0153837 4.48495 0)
(0.0563694 1.20003 0)
(-0.00697207 0.366007 0)
(-0.261216 -0.640825 0)
(-1.39111 -1.0511 0)
(-1.64828 -0.42444 0)
(-0.118299 1.51852 0)
(0.99592 1.55379 0)
(1.34084 1.45974 0)
(2.14728 1.54547 0)
(2.66727 1.56211 0)
(4.06499 1.34827 0)
(4.45194 1.14336 0)
(4.88345 0.640148 0)
(5.18576 0.0565598 0)
(5.29506 -0.391533 0)
(4.67307 -1.20683 0)
(4.42765 -2.39609 0)
(5.46631 -3.23878 0)
(4.30239 -4.32438 0)
(5.2456 -4.91208 0)
(3.78513 -4.18762 0)
(2.36113 -2.40327 0)
(3.0089 0.402935 0)
(3.91183 1.92621 0)
(4.77691 3.41036 0)
(6.20389 2.66281 0)
(6.91973 1.62252 0)
(7.15098 0.869976 0)
(7.91387 -0.0886986 0)
(7.68587 -0.448962 0)
(8.40085 -1.33729 0)
(9.34592 -3.37571 0)
(10.2126 -5.57471 0)
(10.6024 -7.47546 0)
(10.9049 -8.39871 0)
(10.2442 -8.62585 0)
(10.3806 -8.15793 0)
(8.91401 -7.15326 0)
(8.91241 -6.41211 0)
(8.09371 -5.7001 0)
(8.44357 -4.95181 0)
(8.44484 -4.43498 0)
(8.94939 -3.51594 0)
(9.75548 -2.25441 0)
(10.5545 -1.04492 0)
(10.9606 0.017852 0)
(11.7585 1.29649 0)
(12.7601 2.83115 0)
(13.2394 4.18954 0)
(13.429 5.09476 0)
(13.2543 5.66168 0)
(12.882 5.6771 0)
(12.1288 5.25352 0)
(11.5571 4.48118 0)
(10.789 3.89951 0)
(10.2173 3.49573 0)
(9.44121 3.13737 0)
(8.63637 2.89785 0)
(8.39172 2.68156 0)
(7.98009 3.1761 0)
(7.95794 3.33707 0)
(6.77881 2.92224 0)
(5.93713 2.51979 0)
(5.6012 2.86258 0)
(5.8828 3.47942 0)
(6.38885 3.9806 0)
(6.2295 3.34237 0)
(7.40784 3.07312 0)
(6.2519 1.32936 0)
(7.89038 0.506217 0)
(6.36599 -0.950858 0)
(8.54416 -1.05032 0)
(6.33275 -2.72767 0)
(8.90832 -2.04277 0)
(6.67913 -3.24463 0)
(9.33169 -2.29549 0)
(7.10754 -4.44346 0)
(8.14138 -3.68206 0)
(6.734 -4.72133 0)
(7.96069 -4.04231 0)
(7.24376 -5.68954 0)
(7.07467 -5.48799 0)
(7.62194 -5.10191 0)
(7.49691 -4.44494 0)
(7.62368 -3.77449 0)
(8.09763 -2.66425 0)
(8.76334 -1.01238 0)
(9.25428 1.17193 0)
(9.86012 3.53219 0)
(10.0204 5.68574 0)
(9.46365 6.57585 0)
(8.13344 5.85536 0)
(6.63424 4.81214 0)
(5.58905 4.14182 0)
(4.8657 3.57314 0)
(4.79164 3.65072 0)
(4.59396 3.74396 0)
(3.24137 4.03575 0)
(2.01896 4.77369 0)
(1.28998 5.44917 0)
(0.241355 1.0727 0)
(0.337183 0.330118 0)
(0.444723 -0.417798 0)
(-0.442556 -0.738526 0)
(-0.757369 -0.590026 0)
(-0.143871 0.890991 0)
(1.23772 1.32967 0)
(1.81801 1.27715 0)
(2.67345 1.32199 0)
(3.0222 1.10672 0)
(4.37615 0.906136 0)
(4.89041 0.923071 0)
(5.26452 0.536037 0)
(5.55967 -0.0753937 0)
(5.98307 -0.392573 0)
(6.0662 -0.976145 0)
(5.68071 -2.36694 0)
(6.66181 -3.33806 0)
(5.94691 -4.23778 0)
(6.17986 -4.95437 0)
(5.79602 -3.87032 0)
(3.79782 -2.2455 0)
(4.06743 0.00823402 0)
(5.50667 1.54094 0)
(5.59517 2.97897 0)
(7.62078 2.29294 0)
(7.57625 1.50521 0)
(8.20884 0.66974 0)
(8.6968 -0.198605 0)
(8.40179 -0.53345 0)
(9.20345 -1.62678 0)
(10.1784 -3.69525 0)
(10.7784 -5.81171 0)
(11.0331 -7.52458 0)
(10.9365 -8.3663 0)
(10.1297 -8.44531 0)
(9.76697 -7.77491 0)
(8.0324 -6.8463 0)
(8.10306 -6.15628 0)
(6.87601 -5.54637 0)
(7.30922 -4.97565 0)
(7.07149 -4.52284 0)
(7.61945 -3.70422 0)
(8.4501 -2.59925 0)
(9.39686 -1.38251 0)
(9.89096 -0.2592 0)
(10.7603 1.01585 0)
(11.7155 2.53812 0)
(12.2792 3.9605 0)
(12.692 5.08681 0)
(12.5696 5.82462 0)
(12.3504 5.83174 0)
(11.7595 5.49838 0)
(11.2803 4.77426 0)
(10.5085 4.20167 0)
(10.2075 3.75756 0)
(9.38141 3.41936 0)
(8.67593 3.18777 0)
(8.33152 2.85983 0)
(8.0132 3.20906 0)
(8.20602 3.55076 0)
(7.31347 3.29256 0)
(6.38625 2.70147 0)
(6.05057 2.83884 0)
(6.19902 3.22262 0)
(7.08067 3.88172 0)
(6.83047 3.15613 0)
(8.11369 3.04939 0)
(7.09497 1.34419 0)
(8.63672 0.357949 0)
(7.41061 -1.04633 0)
(9.31004 -1.01913 0)
(7.37288 -2.72096 0)
(9.83753 -2.0862 0)
(7.23136 -3.30586 0)
(9.88062 -2.5404 0)
(7.34921 -4.40755 0)
(8.79119 -3.52874 0)
(7.17551 -4.60092 0)
(7.98076 -3.99777 0)
(7.61915 -5.62686 0)
(7.37922 -5.48271 0)
(7.92111 -5.24471 0)
(7.85834 -4.396 0)
(7.57463 -3.90467 0)
(8.15163 -2.90706 0)
(8.77529 -1.21693 0)
(8.95563 0.854251 0)
(9.52405 3.41658 0)
(9.61926 5.96081 0)
(9.14491 7.08143 0)
(8.03485 6.51805 0)
(6.89825 5.41345 0)
(6.18767 4.56569 0)
(5.46819 3.89341 0)
(5.07193 3.74414 0)
(4.65633 4.00052 0)
(4.03717 4.50195 0)
(2.58144 5.29044 0)
(0.274866 5.83996 0)
(0.418822 0.982188 0)
(0.721418 0.305974 0)
(1.12615 -0.270803 0)
(0.50995 -0.488303 0)
(0.500081 -0.495676 0)
(-0.0612285 0.521655 0)
(1.66422 0.838954 0)
(2.06172 0.873161 0)
(3.28516 1.04852 0)
(3.54622 0.811817 0)
(4.445 0.532151 0)
(5.04833 0.663229 0)
(5.62132 0.411429 0)
(5.92109 -0.221033 0)
(6.12688 -0.656029 0)
(6.90218 -1.06843 0)
(7.13656 -2.3912 0)
(7.78292 -3.42669 0)
(7.79183 -3.95357 0)
(7.28081 -4.83856 0)
(7.34223 -3.61737 0)
(5.28402 -1.92807 0)
(5.56092 -0.379747 0)
(6.70675 1.2294 0)
(6.84571 2.54586 0)
(8.62623 1.9738 0)
(8.37956 1.34769 0)
(9.02874 0.458867 0)
(9.2161 -0.275122 0)
(9.07699 -0.610708 0)
(10.058 -1.92455 0)
(10.8616 -3.95716 0)
(11.2172 -5.97259 0)
(11.2223 -7.52646 0)
(10.8268 -8.20577 0)
(9.83699 -8.07849 0)
(8.98242 -7.2268 0)
(7.27491 -6.45395 0)
(7.25645 -5.80753 0)
(5.67533 -5.35365 0)
(6.44041 -4.98664 0)
(5.88026 -4.60621 0)
(6.52058 -3.91888 0)
(7.12473 -2.97602 0)
(8.07342 -1.77929 0)
(8.70954 -0.573207 0)
(9.70223 0.755736 0)
(10.6493 2.21165 0)
(11.2011 3.66456 0)
(11.8601 5.00556 0)
(11.864 5.8514 0)
(11.6848 5.91732 0)
(11.239 5.69586 0)
(11.0622 4.97797 0)
(10.2143 4.38398 0)
(9.92783 4.03532 0)
(9.23068 3.71128 0)
(8.75765 3.38158 0)
(8.4109 2.97292 0)
(8.01498 3.18308 0)
(8.32748 3.71633 0)
(7.82246 3.6703 0)
(6.74019 2.96968 0)
(6.49164 2.91128 0)
(6.3571 2.95431 0)
(7.54277 3.71315 0)
(7.32032 2.99515 0)
(8.63243 2.96316 0)
(7.66379 1.33359 0)
(9.05676 0.172689 0)
(8.22609 -1.12234 0)
(9.72513 -1.0179 0)
(8.16667 -2.84735 0)
(10.3226 -2.17682 0)
(8.15019 -3.08746 0)
(10.4956 -2.37242 0)
(7.69324 -4.07512 0)
(9.21491 -3.49371 0)
(7.38819 -4.452 0)
(7.75908 -3.98353 0)
(7.85733 -5.72663 0)
(7.60209 -5.37126 0)
(8.11742 -5.5108 0)
(8.33264 -4.28598 0)
(7.84332 -3.94884 0)
(8.26003 -3.1102 0)
(8.56685 -1.34008 0)
(8.78872 0.834981 0)
(9.2404 3.16927 0)
(9.62496 5.71506 0)
(9.14198 7.09399 0)
(8.13995 6.82916 0)
(7.33679 5.79676 0)
(6.58724 4.83682 0)
(5.71245 4.05012 0)
(5.54204 4.02009 0)
(5.04872 4.22101 0)
(4.37359 4.85367 0)
(3.32488 5.8957 0)
(1.84085 7.03792 0)
(0.876932 0.49597 0)
(1.26678 0.0832239 0)
(1.92027 -0.305711 0)
(1.5942 -0.419381 0)
(1.90755 -0.37123 0)
(1.0763 0.323424 0)
(2.50756 0.46874 0)
(2.54664 0.555087 0)
(3.81427 0.677001 0)
(4.20006 0.611252 0)
(4.81047 0.249807 0)
(5.25706 0.28644 0)
(5.99213 0.19906 0)
(6.82172 -0.297247 0)
(6.96964 -0.847404 0)
(7.69973 -1.45339 0)
(8.71014 -2.59038 0)
(8.78411 -3.66148 0)
(9.1536 -4.00173 0)
(8.82453 -4.66975 0)
(8.25508 -3.42534 0)
(6.83865 -1.6126 0)
(7.24991 -0.636076 0)
(7.43641 0.970743 0)
(8.24742 2.17613 0)
(9.4918 1.78009 0)
(9.18945 1.20366 0)
(9.81318 0.304231 0)
(9.76563 -0.297671 0)
(9.77847 -0.81026 0)
(10.8399 -2.26131 0)
(11.4129 -4.1562 0)
(11.5334 -5.99175 0)
(11.2736 -7.35181 0)
(10.6065 -7.89735 0)
(9.34171 -7.57598 0)
(8.12455 -6.70787 0)
(6.5668 -6.04669 0)
(6.29707 -5.43019 0)
(4.6631 -5.19736 0)
(5.80637 -4.96823 0)
(4.76616 -4.65736 0)
(5.65654 -4.12015 0)
(5.94749 -3.28342 0)
(6.63432 -2.14221 0)
(7.41641 -0.920942 0)
(8.56008 0.45452 0)
(9.45879 1.9059 0)
(10.0041 3.35813 0)
(10.9428 4.88646 0)
(11.0177 5.85254 0)
(11.0871 5.92952 0)
(10.7571 5.7782 0)
(10.5394 5.20721 0)
(9.72967 4.64053 0)
(9.69833 4.20731 0)
(9.0951 3.86304 0)
(8.61889 3.60722 0)
(8.27986 3.16723 0)
(7.97405 3.18596 0)
(8.28972 3.75733 0)
(8.26447 3.96545 0)
(7.13216 3.25354 0)
(6.96234 2.98981 0)
(6.46618 2.69921 0)
(7.79267 3.46507 0)
(7.59258 2.80325 0)
(8.94434 2.82766 0)
(8.09683 1.34759 0)
(9.14908 -0.0240595 0)
(8.60567 -1.28021 0)
(9.88159 -1.01269 0)
(8.76049 -2.83154 0)
(10.5252 -2.23041 0)
(8.47752 -3.07236 0)
(10.5239 -2.40319 0)
(7.80983 -3.90911 0)
(9.63367 -3.2679 0)
(7.49235 -4.21722 0)
(7.62665 -3.80242 0)
(7.56298 -5.92706 0)
(7.78809 -5.37755 0)
(7.93165 -5.84795 0)
(8.80144 -4.17485 0)
(8.25658 -3.9392 0)
(8.13078 -3.11523 0)
(8.44647 -1.4161 0)
(8.64838 0.691439 0)
(8.84063 3.21711 0)
(9.14805 6.04478 0)
(8.83634 7.57763 0)
(7.84896 7.1171 0)
(7.18173 6.0198 0)
(6.78994 5.15878 0)
(5.66627 4.22047 0)
(5.21291 4.04363 0)
(5.67677 4.46499 0)
(4.71781 5.26317 0)
(4.22976 6.24418 0)
(1.43182 7.6939 0)
(4.19732 0.473225 0)
(-0.490279 0.00711592 0)
(1.39575 -0.0336182 0)
(1.38063 -0.00303013 0)
(1.54288 -0.00558336 0)
(1.58327 0.000247144 0)
(1.53948 0.00317204 0)
(1.53051 -0.000699513 0)
(1.50716 -0.000174151 0)
(1.51007 0.000932027 0)
(7.7295 0.396423 0)
(1.73874 0.158766 0)
(3.61153 -0.135852 0)
(3.80075 -0.035901 0)
(4.07565 -0.0260213 0)
(4.11718 0.00394448 0)
(4.07246 0.0105386 0)
(4.10407 -0.000675351 0)
(4.0105 0.00242936 0)
(4.02655 0.00185048 0)
(9.77688 0.692603 0)
(4.04578 0.278094 0)
(5.39477 -0.187148 0)
(5.72232 -0.0846799 0)
(6.09142 -0.0529829 0)
(6.16134 0.00625716 0)
(6.15763 0.0129231 0)
(6.26204 -0.000326703 0)
(6.10515 0.00941252 0)
(6.13528 0.00223223 0)
(10.9598 0.856549 0)
(6.02986 0.383383 0)
(6.8186 -0.202525 0)
(7.22298 -0.14007 0)
(7.72271 -0.0891456 0)
(7.88098 0.00257805 0)
(7.9454 0.00657621 0)
(8.16165 -0.0025737 0)
(7.98186 0.0187438 0)
(8.0398 0.00194743 0)
(11.5744 0.897843 0)
(7.42997 0.431611 0)
(7.69834 -0.208026 0)
(8.1562 -0.21699 0)
(8.87479 -0.144799 0)
(9.21314 -0.010953 0)
(9.37148 -0.0114303 0)
(9.73532 -0.0137045 0)
(9.60202 0.02545 0)
(9.73554 -0.00122219 0)
(12.1985 1.04596 0)
(8.49168 0.526604 0)
(8.34054 -0.177601 0)
(8.71725 -0.315883 0)
(9.54466 -0.239642 0)
(10.0942 -0.0486201 0)
(10.3449 -0.0480379 0)
(10.8864 -0.0394156 0)
(10.8679 0.0220247 0)
(11.1674 -0.0105848 0)
(12.7104 1.1788 0)
(9.42011 0.600132 0)
(9.33457 -0.129815 0)
(9.73328 -0.388809 0)
(10.2966 -0.33551 0)
(10.7914 -0.0973441 0)
(10.9465 -0.105381 0)
(11.5572 -0.0926567 0)
(11.6624 -0.00691711 0)
(12.2527 -0.0333607 0)
(12.9688 1.21167 0)
(10.3136 0.638331 0)
(10.3986 -0.110093 0)
(11.0161 -0.43999 0)
(11.3286 -0.392582 0)
(11.695 -0.118374 0)
(11.7336 -0.141367 0)
(12.158 -0.143365 0)
(12.0905 -0.0658375 0)
(12.958 -0.0819969 0)
(13.2542 1.28352 0)
(11.3401 0.661533 0)
(11.468 -0.130783 0)
(12.2541 -0.502261 0)
(12.3806 -0.43737 0)
(12.6501 -0.136816 0)
(12.8299 -0.157168 0)
(13.1543 -0.148478 0)
(12.7487 -0.10866 0)
(13.5018 -0.140952 0)
(13.5762 1.27413 0)
(12.3726 0.671239 0)
(12.5298 -0.163948 0)
(13.3774 -0.55787 0)
(13.4264 -0.460897 0)
(13.5861 -0.161536 0)
(13.9149 -0.188849 0)
(14.235 -0.138627 0)
(13.8092 -0.112195 0)
(14.1312 -0.177235 0)
(13.6794 1.16453 0)
(13.1792 0.629726 0)
(13.5121 -0.22489 0)
(14.2989 -0.618368 0)
(14.3727 -0.479709 0)
(14.519 -0.1886 0)
(14.8865 -0.226724 0)
(15.1375 -0.138067 0)
(14.9554 -0.0952191 0)
(14.7963 -0.180071 0)
(13.5302 1.01215 0)
(13.6843 0.560574 0)
(14.3774 -0.300635 0)
(15.0344 -0.680689 0)
(15.1205 -0.509482 0)
(15.319 -0.226701 0)
(15.5904 -0.261928 0)
(15.7042 -0.153202 0)
(15.7882 -0.0735263 0)
(15.222 -0.154826 0)
(13.2023 0.84405 0)
(13.9859 0.420718 0)
(15.0954 -0.409761 0)
(15.5988 -0.736698 0)
(15.6199 -0.534888 0)
(15.7203 -0.255126 0)
(15.7584 -0.272099 0)
(15.683 -0.164751 0)
(15.7989 -0.0439347 0)
(15.0197 -0.109732 0)
(12.8834 0.638926 0)
(14.2386 0.255014 0)
(15.6273 -0.515794 0)
(15.8304 -0.76821 0)
(15.5582 -0.53409 0)
(15.3192 -0.252591 0)
(15.1542 -0.252887 0)
(14.854 -0.150966 0)
(14.8391 -0.00191764 0)
(14.1364 -0.0612297 0)
(12.3782 0.474628 0)
(14.492 0.0516936 0)
(15.8313 -0.620793 0)
(15.4264 -0.745432 0)
(14.6628 -0.474163 0)
(14.1218 -0.212152 0)
(13.8588 -0.208302 0)
(13.353 -0.111888 0)
(13.3385 0.0354126 0)
(12.8577 -0.0266536 0)
(12.0991 0.244565 0)
(14.8269 -0.188323 0)
(15.3424 -0.644838 0)
(14.1543 -0.634833 0)
(13.0051 -0.366119 0)
(12.349 -0.154532 0)
(12.0318 -0.150648 0)
(11.4487 -0.0683127 0)
(11.5585 0.0509483 0)
(11.2681 -0.00814777 0)
(12.4371 -0.012446 0)
(14.4602 -0.326592 0)
(13.7515 -0.547864 0)
(12.0235 -0.458546 0)
(10.7616 -0.24127 0)
(10.1497 -0.0945338 0)
(9.83285 -0.0924617 0)
(9.31666 -0.0357261 0)
(9.54336 0.0457011 0)
(9.3757 0.0013518 0)
(11.9783 -0.234241 0)
(12.4959 -0.320595 0)
(11.0253 -0.36446 0)
(9.23437 -0.265359 0)
(8.12618 -0.127762 0)
(7.65647 -0.0450387 0)
(7.39597 -0.0458946 0)
(7.02241 -0.0178632 0)
(7.28399 0.0303731 0)
(7.19394 0.00556091 0)
(9.40902 -0.248503 0)
(8.91568 -0.183007 0)
(7.39533 -0.161912 0)
(6.00295 -0.103529 0)
(5.23099 -0.045595 0)
(4.94575 -0.012631 0)
(4.77968 -0.0156563 0)
(4.55896 -0.00938807 0)
(4.75496 0.014438 0)
(4.72652 0.00582758 0)
(4.10714 -0.133708 0)
(3.56976 -0.0217888 0)
(2.79623 -0.0037031 0)
(2.20747 -0.00100133 0)
(1.90862 -0.000778125 0)
(1.81598 0.00173589 0)
(1.76579 -0.000747827 0)
(1.67779 -0.00393501 0)
(1.73936 0.00225709 0)
(1.75836 0.00264421 0)
)
;

boundaryField
{
    inlet
    {
        type            fixedValue;
        value           uniform (10 0 0);
    }
    outlet
    {
        type            zeroGradient;
    }
    walls
    {
        type            fixedValue;
        value           uniform (0 0 0);
    }
    frontAndBack
    {
        type            empty;
    }
}


// ************************************************************************* //
