/*--------------------------------*- C++ -*----------------------------------*\
| =========                 |                                                 |
| \\      /  F ield         | OpenFOAM: The Open Source CFD Toolbox           |
|  \\    /   O peration     | Version:  2.4.0                                 |
|   \\  /    A nd           | Web:      www.OpenFOAM.org                      |
|    \\/     M anipulation  |                                                 |
\*---------------------------------------------------------------------------*/
FoamFile
{
    version     2.0;
    format      ascii;
    class       volVectorField;
    location    "0.105";
    object      UMean;
}
// * * * * * * * * * * * * * * * * * * * * * * * * * * * * * * * * * * * * * //

dimensions      [0 1 -1 0 0 0 0];

internalField   nonuniform List<vector> 
4400
(
(5.44813 0.312225 0)
(3.44922 0.0616652 0)
(2.72563 0.00159712 0)
(2.39613 -0.00232838 0)
(2.25594 -0.0014794 0)
(2.19828 -0.000767839 0)
(2.15378 -0.000174498 0)
(2.1513 -0.000466888 0)
(2.1444 9.40244e-05 0)
(2.01804 -0.0472548 0)
(8.6665 0.839014 0)
(7.66029 0.336918 0)
(6.76574 0.11217 0)
(6.09802 0.0503733 0)
(5.72373 0.0224803 0)
(5.54678 0.0122633 0)
(5.40686 0.006716 0)
(5.3928 0.00224224 0)
(5.28027 0.0107572 0)
(5.43056 -0.139425 0)
(9.82225 0.912477 0)
(10.0563 0.462909 0)
(9.55935 0.203733 0)
(8.88445 0.119432 0)
(8.40661 0.0648112 0)
(8.14835 0.0370869 0)
(7.94766 0.0197945 0)
(7.89665 0.0133659 0)
(7.76372 -0.00104804 0)
(7.882 -0.136562 0)
(10.0316 0.783069 0)
(11.1343 0.479853 0)
(11.2534 0.252248 0)
(10.8656 0.181465 0)
(10.4689 0.113732 0)
(10.2012 0.07075 0)
(10.0086 0.0390137 0)
(9.89866 0.0269588 0)
(9.83358 -0.0011176 0)
(9.77278 -0.135493 0)
(9.95688 0.628025 0)
(11.3326 0.41986 0)
(11.9159 0.233214 0)
(11.9219 0.19918 0)
(11.7975 0.146168 0)
(11.6167 0.0974712 0)
(11.5445 0.0629829 0)
(11.3904 0.0351819 0)
(11.4154 0.0128636 0)
(11.2847 -0.155869 0)
(9.92469 0.499515 0)
(11.2547 0.347014 0)
(11.9743 0.17836 0)
(12.1903 0.169866 0)
(12.3252 0.139827 0)
(12.3288 0.103187 0)
(12.4086 0.0686433 0)
(12.3578 0.0456418 0)
(12.419 0.00554655 0)
(12.3555 -0.129679 0)
(9.92211 0.385051 0)
(11.1888 0.277225 0)
(11.9126 0.130901 0)
(12.1738 0.126439 0)
(12.3691 0.112111 0)
(12.4967 0.0823914 0)
(12.6584 0.0595776 0)
(12.7509 0.0352323 0)
(12.8593 -0.00459713 0)
(12.9014 -0.0882189 0)
(9.92071 0.26822 0)
(11.1484 0.207543 0)
(11.8603 0.0858371 0)
(12.1414 0.0934395 0)
(12.3235 0.0749459 0)
(12.4822 0.0637191 0)
(12.6518 0.0317521 0)
(12.7944 0.0273345 0)
(12.9261 -0.0342842 0)
(13.0083 -0.0889991 0)
(9.91805 0.162414 0)
(11.1231 0.122961 0)
(11.8256 0.0526621 0)
(12.1242 0.0526011 0)
(12.2917 0.0476057 0)
(12.4605 0.0330307 0)
(12.6189 0.0187137 0)
(12.7734 0.000254428 0)
(12.8957 -0.044026 0)
(12.9699 -0.13525 0)
(9.9212 0.0515762 0)
(11.1051 0.0440129 0)
(11.8138 0.0138728 0)
(12.1116 0.0204388 0)
(12.2821 0.0107195 0)
(12.4427 0.0129262 0)
(12.6074 -0.00643515 0)
(12.7545 -0.0137105 0)
(12.878 -0.0677559 0)
(12.9313 -0.155462 0)
(9.9219 -0.0537786 0)
(11.1051 -0.0409498 0)
(11.8137 -0.0177924 0)
(12.1126 -0.0185597 0)
(12.2816 -0.0189483 0)
(12.4434 -0.0157142 0)
(12.606 -0.0242719 0)
(12.7521 -0.0349497 0)
(12.8695 -0.0862561 0)
(12.9156 -0.171566 0)
(9.92673 -0.163573 0)
(11.117 -0.121395 0)
(11.831 -0.0546956 0)
(12.1209 -0.0530929 0)
(12.2958 -0.0530384 0)
(12.4529 -0.0393568 0)
(12.6181 -0.0450587 0)
(12.7584 -0.0539381 0)
(12.8745 -0.104182 0)
(12.9122 -0.186522 0)
(9.94455 -0.272145 0)
(11.1317 -0.202836 0)
(11.8731 -0.0911036 0)
(12.1292 -0.089927 0)
(12.3315 -0.0849463 0)
(12.4664 -0.0642152 0)
(12.6504 -0.0654485 0)
(12.7666 -0.0718617 0)
(12.8862 -0.120703 0)
(12.8953 -0.202463 0)
(9.9589 -0.386479 0)
(11.1542 -0.275634 0)
(11.9382 -0.132794 0)
(12.1442 -0.12632 0)
(12.3891 -0.118179 0)
(12.4654 -0.0879114 0)
(12.6674 -0.085443 0)
(12.6947 -0.0876394 0)
(12.8028 -0.133472 0)
(12.6914 -0.211322 0)
(9.95099 -0.503053 0)
(11.2218 -0.343166 0)
(11.9983 -0.182105 0)
(12.162 -0.167085 0)
(12.3435 -0.148357 0)
(12.2978 -0.10546 0)
(12.4071 -0.096738 0)
(12.2821 -0.0915694 0)
(12.312 -0.131797 0)
(12.0336 -0.19996 0)
(9.97381 -0.629745 0)
(11.3068 -0.417337 0)
(11.9376 -0.235981 0)
(11.8943 -0.197199 0)
(11.8168 -0.153775 0)
(11.5776 -0.0999704 0)
(11.5373 -0.0863056 0)
(11.2868 -0.0767024 0)
(11.251 -0.115748 0)
(10.8533 -0.159544 0)
(10.0394 -0.784488 0)
(11.1164 -0.478313 0)
(11.2712 -0.254368 0)
(10.8377 -0.17988 0)
(10.4944 -0.120413 0)
(10.1416 -0.0713431 0)
(10.0225 -0.0606531 0)
(9.73261 -0.0538057 0)
(9.67644 -0.0899716 0)
(9.20545 -0.106911 0)
(9.82455 -0.912987 0)
(10.0461 -0.462043 0)
(9.57081 -0.204922 0)
(8.86374 -0.118768 0)
(8.42515 -0.0687948 0)
(8.09008 -0.0384029 0)
(7.96144 -0.0338328 0)
(7.70136 -0.0321002 0)
(7.6423 -0.0589174 0)
(7.14552 -0.0595589 0)
(8.66703 -0.839241 0)
(7.65532 -0.336645 0)
(6.77121 -0.112675 0)
(6.08556 -0.0502427 0)
(5.73227 -0.0242917 0)
(5.50308 -0.0132316 0)
(5.40709 -0.013056 0)
(5.22277 -0.0145163 0)
(5.16053 -0.0279635 0)
(4.73316 -0.0251316 0)
(5.44788 -0.312248 0)
(3.44789 -0.0616199 0)
(2.72658 -0.00166786 0)
(2.39171 0.00235546 0)
(2.25657 0.00132644 0)
(2.17905 0.000490283 0)
(2.14198 -0.000309263 0)
(2.06813 -0.0012245 0)
(2.01924 -0.00270114 0)
(1.81156 0.00991505 0)
(3.17555 -0.356442 0)
(3.68638 -0.200532 0)
(4.23784 -0.239532 0)
(4.79756 -0.311709 0)
(5.22523 -0.419825 0)
(5.6211 -0.595886 0)
(5.94787 -0.63514 0)
(6.20995 -0.731544 0)
(6.68429 -0.841197 0)
(6.90816 -0.849043 0)
(7.32211 -0.938615 0)
(7.63602 -0.992188 0)
(8.03954 -1.17257 0)
(8.35874 -1.35444 0)
(8.64738 -1.52491 0)
(8.95532 -1.73127 0)
(9.24389 -1.94873 0)
(9.48339 -2.13134 0)
(9.67885 -2.28624 0)
(9.81982 -2.39717 0)
(9.89142 -2.47333 0)
(9.93825 -2.50359 0)
(9.96471 -2.50517 0)
(10.0278 -2.48717 0)
(10.0698 -2.46419 0)
(10.0235 -2.37395 0)
(9.86245 -2.24254 0)
(9.66418 -2.05588 0)
(9.38556 -1.85073 0)
(9.15194 -1.61227 0)
(8.89276 -1.39882 0)
(8.71814 -1.17512 0)
(8.49813 -0.97247 0)
(8.35923 -0.747626 0)
(8.1455 -0.550868 0)
(8.04007 -0.320567 0)
(7.82325 -0.169889 0)
(7.75976 0.02707 0)
(7.55681 0.101245 0)
(7.52893 0.242619 0)
(7.31848 0.247309 0)
(7.33741 0.333491 0)
(7.10052 0.301514 0)
(7.15827 0.360916 0)
(6.97865 0.234281 0)
(7.0058 0.320969 0)
(6.8643 0.191682 0)
(6.79769 0.340224 0)
(6.72003 0.148493 0)
(6.66453 0.347724 0)
(6.56854 0.0903897 0)
(6.54919 0.40607 0)
(6.41977 0.0779771 0)
(6.413 0.504059 0)
(6.34181 0.0831721 0)
(6.29524 0.62375 0)
(6.37415 0.0857585 0)
(6.169 0.713332 0)
(6.43145 0.0783566 0)
(6.09244 0.756521 0)
(6.43974 0.075923 0)
(5.99914 0.72125 0)
(6.40925 -0.00192795 0)
(5.90352 0.748514 0)
(6.33805 0.0363112 0)
(5.74669 0.865037 0)
(6.23235 0.0725371 0)
(5.61247 0.936885 0)
(6.16922 0.0415129 0)
(5.50993 0.925273 0)
(6.12381 -0.062183 0)
(5.43489 0.822254 0)
(6.09075 -0.232273 0)
(5.41015 0.675201 0)
(6.07605 -0.368575 0)
(5.43818 0.572778 0)
(6.07181 -0.428961 0)
(5.50027 0.50233 0)
(6.06484 -0.439653 0)
(5.57405 0.449454 0)
(6.03831 -0.384987 0)
(5.63486 0.447211 0)
(5.97947 -0.245071 0)
(5.65957 0.502914 0)
(5.88784 -0.0305057 0)
(5.64397 0.614547 0)
(5.78652 0.235843 0)
(5.5951 0.779797 0)
(5.69733 0.538505 0)
(5.55311 1.01779 0)
(5.659 0.891733 0)
(5.58289 1.39754 0)
(5.68811 1.34717 0)
(5.63322 2.03775 0)
(5.71207 1.95822 0)
(5.46632 2.98432 0)
(6.09788 2.8892 0)
(5.49684 4.77302 0)
(6.4452 5.2108 0)
(3.73926 9.40994 0)
(5.605 -0.381344 0)
(5.81893 -0.319279 0)
(6.06214 -0.375355 0)
(6.3244 -0.480716 0)
(6.62091 -0.584309 0)
(6.8965 -0.728731 0)
(7.18559 -0.786595 0)
(7.38719 -0.865194 0)
(7.72301 -0.97544 0)
(7.89128 -0.998728 0)
(8.17014 -1.08648 0)
(8.43948 -1.1519 0)
(8.8167 -1.30787 0)
(9.13377 -1.48732 0)
(9.41642 -1.6601 0)
(9.69339 -1.84857 0)
(9.92396 -2.04258 0)
(10.0827 -2.20653 0)
(10.211 -2.34484 0)
(10.2842 -2.4388 0)
(10.3006 -2.48407 0)
(10.3211 -2.50595 0)
(10.3311 -2.51009 0)
(10.3403 -2.48762 0)
(10.2682 -2.43551 0)
(10.1 -2.31013 0)
(9.85467 -2.15176 0)
(9.59612 -1.95048 0)
(9.28975 -1.73921 0)
(9.0397 -1.50912 0)
(8.77144 -1.30905 0)
(8.57278 -1.09271 0)
(8.33553 -0.889317 0)
(8.17171 -0.668763 0)
(7.95023 -0.474876 0)
(7.83864 -0.256932 0)
(7.62879 -0.112988 0)
(7.57988 0.0735138 0)
(7.39348 0.143749 0)
(7.37445 0.289448 0)
(7.18644 0.285321 0)
(7.18354 0.383591 0)
(6.97204 0.337807 0)
(7.01271 0.39147 0)
(6.86442 0.25646 0)
(6.85605 0.359832 0)
(6.75668 0.226796 0)
(6.65598 0.377903 0)
(6.62611 0.16595 0)
(6.56275 0.389029 0)
(6.49419 0.106318 0)
(6.42128 0.451701 0)
(6.37475 0.0950238 0)
(6.30993 0.558118 0)
(6.253 0.0795305 0)
(6.22798 0.664029 0)
(6.25846 0.0660697 0)
(6.1227 0.750919 0)
(6.34393 0.0402582 0)
(6.03393 0.810599 0)
(6.41403 0.0322354 0)
(5.95472 0.797136 0)
(6.41489 -0.0460758 0)
(5.86879 0.834934 0)
(6.35181 -0.00300976 0)
(5.7182 0.966065 0)
(6.2702 0.0185246 0)
(5.57833 1.04126 0)
(6.22641 -0.0307885 0)
(5.47914 1.03531 0)
(6.20592 -0.153765 0)
(5.40694 0.940531 0)
(6.20557 -0.346278 0)
(5.3812 0.801263 0)
(6.2278 -0.506238 0)
(5.40174 0.706664 0)
(6.26685 -0.588121 0)
(5.46206 0.645651 0)
(6.30885 -0.615257 0)
(5.55008 0.606042 0)
(6.32743 -0.570943 0)
(5.65394 0.620785 0)
(6.30476 -0.433745 0)
(5.75316 0.695936 0)
(6.2249 -0.217978 0)
(5.81555 0.824434 0)
(6.08014 0.051445 0)
(5.81102 1.00691 0)
(5.87516 0.347971 0)
(5.73569 1.25142 0)
(5.6952 0.669979 0)
(5.68373 1.62351 0)
(5.75099 1.09648 0)
(5.75758 2.27202 0)
(6.07467 1.8277 0)
(5.61695 3.36981 0)
(6.00889 2.72845 0)
(4.93861 5.00194 0)
(8.31935 4.46146 0)
(6.00858 9.85543 0)
(7.92454 -0.371036 0)
(7.95179 -0.381534 0)
(8.10204 -0.444687 0)
(8.23898 -0.551888 0)
(8.40579 -0.659704 0)
(8.55142 -0.782794 0)
(8.71542 -0.863052 0)
(8.8257 -0.936325 0)
(9.00521 -1.04447 0)
(9.10795 -1.08448 0)
(9.28295 -1.1705 0)
(9.47374 -1.26831 0)
(9.76878 -1.42328 0)
(10.038 -1.59637 0)
(10.255 -1.76321 0)
(10.4437 -1.93139 0)
(10.5793 -2.0974 0)
(10.6472 -2.23849 0)
(10.7055 -2.36075 0)
(10.6932 -2.43523 0)
(10.6557 -2.4688 0)
(10.6293 -2.49507 0)
(10.5774 -2.49738 0)
(10.484 -2.45736 0)
(10.2888 -2.36779 0)
(10.0313 -2.21491 0)
(9.73044 -2.03836 0)
(9.42909 -1.82829 0)
(9.10177 -1.61707 0)
(8.83393 -1.40021 0)
(8.54869 -1.20611 0)
(8.3319 -0.995218 0)
(8.07353 -0.79647 0)
(7.90799 -0.588942 0)
(7.68828 -0.398678 0)
(7.58728 -0.198521 0)
(7.38444 -0.0545937 0)
(7.35179 0.119886 0)
(7.16888 0.188184 0)
(7.16543 0.331742 0)
(6.99155 0.320092 0)
(6.97757 0.429706 0)
(6.79736 0.368665 0)
(6.83354 0.420455 0)
(6.69278 0.2807 0)
(6.67872 0.395142 0)
(6.57395 0.259713 0)
(6.5031 0.40698 0)
(6.46026 0.17764 0)
(6.44399 0.422605 0)
(6.36275 0.136087 0)
(6.27249 0.481294 0)
(6.25519 0.100693 0)
(6.17573 0.593059 0)
(6.16296 0.0707263 0)
(6.11255 0.692859 0)
(6.14907 0.0467498 0)
(6.05997 0.77622 0)
(6.2137 0.0114769 0)
(5.98977 0.840332 0)
(6.33229 -0.00525996 0)
(5.93656 0.84057 0)
(6.37663 -0.080276 0)
(5.86411 0.899017 0)
(6.32361 -0.0282435 0)
(5.72211 1.03724 0)
(6.25816 -0.0182682 0)
(5.60044 1.11039 0)
(6.22541 -0.0855186 0)
(5.51556 1.11017 0)
(6.22661 -0.224364 0)
(5.45666 1.02471 0)
(6.24705 -0.433934 0)
(5.43145 0.89164 0)
(6.29224 -0.616282 0)
(5.44644 0.804664 0)
(6.36263 -0.721827 0)
(5.49387 0.754073 0)
(6.45496 -0.774647 0)
(5.57101 0.728392 0)
(6.55385 -0.757351 0)
(5.68292 0.757146 0)
(6.65673 -0.641543 0)
(5.83432 0.853712 0)
(6.74635 -0.431802 0)
(5.99652 1.00446 0)
(6.7861 -0.139702 0)
(6.09881 1.21019 0)
(6.70677 0.204507 0)
(6.03488 1.46086 0)
(6.46333 0.549972 0)
(5.78635 1.7876 0)
(6.25134 0.890199 0)
(5.64797 2.30662 0)
(6.75518 1.40154 0)
(5.9481 3.43985 0)
(8.1421 2.53151 0)
(5.16393 5.37992 0)
(9.01831 3.79408 0)
(6.91225 9.93927 0)
(9.87479 -0.396645 0)
(9.81241 -0.448384 0)
(9.88452 -0.508751 0)
(9.9744 -0.598633 0)
(10.0699 -0.696782 0)
(10.1424 -0.806203 0)
(10.2048 -0.899576 0)
(10.2432 -0.976067 0)
(10.3081 -1.07136 0)
(10.3596 -1.13262 0)
(10.4751 -1.22086 0)
(10.6012 -1.33382 0)
(10.7704 -1.49381 0)
(10.9262 -1.66579 0)
(11.0297 -1.82382 0)
(11.1043 -1.97686 0)
(11.1354 -2.11626 0)
(11.1152 -2.23454 0)
(11.0819 -2.33722 0)
(10.985 -2.40024 0)
(10.8992 -2.44005 0)
(10.8124 -2.46758 0)
(10.6745 -2.4527 0)
(10.4714 -2.38139 0)
(10.1814 -2.25781 0)
(9.8595 -2.08559 0)
(9.51167 -1.89964 0)
(9.16842 -1.689 0)
(8.82251 -1.48682 0)
(8.53017 -1.28051 0)
(8.22881 -1.09555 0)
(7.99043 -0.89297 0)
(7.73118 -0.705291 0)
(7.56762 -0.508764 0)
(7.37166 -0.32821 0)
(7.27852 -0.142999 0)
(7.09417 -0.0030313 0)
(7.06941 0.159086 0)
(6.89124 0.223254 0)
(6.90288 0.36768 0)
(6.74339 0.350423 0)
(6.72778 0.47681 0)
(6.58707 0.393375 0)
(6.60752 0.454029 0)
(6.48959 0.303414 0)
(6.45275 0.437854 0)
(6.36438 0.276343 0)
(6.32922 0.443106 0)
(6.26876 0.178217 0)
(6.26222 0.452675 0)
(6.2075 0.152842 0)
(6.12421 0.530279 0)
(6.11086 0.115313 0)
(5.99991 0.638595 0)
(6.06289 0.0678009 0)
(5.92411 0.739765 0)
(6.04886 0.0116801 0)
(5.8988 0.817713 0)
(6.10609 -0.0380803 0)
(5.88224 0.871258 0)
(6.24346 -0.0649761 0)
(5.87364 0.888848 0)
(6.339 -0.128033 0)
(5.80002 0.98125 0)
(6.3089 -0.0715448 0)
(5.67338 1.12799 0)
(6.26011 -0.0735857 0)
(5.56912 1.20317 0)
(6.24961 -0.158109 0)
(5.48874 1.2075 0)
(6.26282 -0.316783 0)
(5.42876 1.12746 0)
(6.29847 -0.545677 0)
(5.39684 1.00547 0)
(6.35821 -0.747589 0)
(5.39419 0.930909 0)
(6.4454 -0.871778 0)
(5.40634 0.896766 0)
(6.56034 -0.948547 0)
(5.43703 0.891896 0)
(6.70874 -0.963731 0)
(5.49657 0.940951 0)
(6.90773 -0.892258 0)
(5.62207 1.0511 0)
(7.16864 -0.730063 0)
(5.83874 1.21101 0)
(7.46448 -0.467814 0)
(6.12968 1.44248 0)
(7.70333 -0.0957201 0)
(6.37435 1.77049 0)
(7.70524 0.345842 0)
(6.31373 2.19866 0)
(7.27229 0.765334 0)
(5.69593 2.78775 0)
(6.85708 1.01382 0)
(5.01197 3.61289 0)
(8.68442 1.83471 0)
(5.72333 5.37752 0)
(11.151 2.58134 0)
(8.43175 9.24547 0)
(11.3758 -0.349722 0)
(11.3356 -0.411076 0)
(11.3319 -0.503999 0)
(11.3536 -0.605496 0)
(11.3901 -0.707631 0)
(11.4117 -0.811248 0)
(11.4131 -0.907767 0)
(11.4015 -0.987107 0)
(11.407 -1.07611 0)
(11.4223 -1.15859 0)
(11.4829 -1.25806 0)
(11.5341 -1.37069 0)
(11.5872 -1.52061 0)
(11.6247 -1.6828 0)
(11.6166 -1.83147 0)
(11.5856 -1.97493 0)
(11.5174 -2.10026 0)
(11.4179 -2.20708 0)
(11.2985 -2.29611 0)
(11.1559 -2.35992 0)
(11.037 -2.40263 0)
(10.876 -2.41426 0)
(10.6399 -2.36552 0)
(10.3399 -2.26421 0)
(9.9702 -2.11555 0)
(9.59502 -1.93487 0)
(9.2013 -1.74579 0)
(8.82923 -1.5411 0)
(8.46116 -1.34636 0)
(8.14567 -1.15348 0)
(7.82613 -0.978221 0)
(7.58158 -0.789346 0)
(7.32958 -0.618019 0)
(7.1843 -0.43839 0)
(7.00175 -0.264605 0)
(6.91882 -0.0919535 0)
(6.74969 0.045465 0)
(6.73451 0.192704 0)
(6.56235 0.259705 0)
(6.59276 0.397147 0)
(6.43684 0.378229 0)
(6.44525 0.514984 0)
(6.32732 0.40923 0)
(6.34602 0.482083 0)
(6.25258 0.327416 0)
(6.19856 0.475969 0)
(6.11784 0.289963 0)
(6.12815 0.467019 0)
(6.05051 0.182437 0)
(6.09325 0.485198 0)
(5.97769 0.15722 0)
(5.98078 0.556902 0)
(5.90467 0.119082 0)
(5.8711 0.654832 0)
(5.87654 0.0587049 0)
(5.79839 0.762465 0)
(5.89155 -0.00696653 0)
(5.76418 0.844595 0)
(5.97047 -0.0796273 0)
(5.78875 0.888182 0)
(6.13503 -0.119977 0)
(5.83446 0.914752 0)
(6.24674 -0.163687 0)
(5.76679 1.03751 0)
(6.24137 -0.104252 0)
(5.66987 1.188 0)
(6.21683 -0.115344 0)
(5.58373 1.26068 0)
(6.22026 -0.212924 0)
(5.5252 1.26813 0)
(6.2421 -0.386252 0)
(5.48074 1.19375 0)
(6.28559 -0.631386 0)
(5.46143 1.07844 0)
(6.34546 -0.848233 0)
(5.45444 1.01052 0)
(6.42235 -0.989052 0)
(5.45448 0.987997 0)
(6.51594 -1.08643 0)
(5.45347 0.999921 0)
(6.64684 -1.13098 0)
(5.45649 1.0718 0)
(6.85115 -1.10643 0)
(5.49576 1.20647 0)
(7.18751 -1.01889 0)
(5.62759 1.38521 0)
(7.72189 -0.862182 0)
(5.91544 1.61826 0)
(8.51162 -0.587966 0)
(6.35779 1.92499 0)
(9.52492 -0.154593 0)
(6.77142 2.35769 0)
(10.5322 0.485267 0)
(6.62149 3.02481 0)
(10.9689 1.26279 0)
(5.28019 3.91385 0)
(10.417 1.67427 0)
(4.94421 5.89594 0)
(10.0073 1.46048 0)
(8.98266 8.58143 0)
(12.4075 -0.351496 0)
(12.3744 -0.45454 0)
(12.348 -0.549853 0)
(12.3341 -0.634507 0)
(12.3311 -0.719156 0)
(12.3101 -0.804697 0)
(12.2657 -0.893076 0)
(12.2184 -0.977241 0)
(12.1866 -1.06924 0)
(12.1564 -1.16204 0)
(12.1477 -1.26824 0)
(12.1193 -1.37458 0)
(12.088 -1.5081 0)
(12.0414 -1.65621 0)
(11.9559 -1.79653 0)
(11.8491 -1.9345 0)
(11.7137 -2.05694 0)
(11.5616 -2.15758 0)
(11.4024 -2.24063 0)
(11.2425 -2.30371 0)
(11.0728 -2.33763 0)
(10.8109 -2.31824 0)
(10.4811 -2.23592 0)
(10.0932 -2.10998 0)
(9.6657 -1.9468 0)
(9.2485 -1.76211 0)
(8.8264 -1.57418 0)
(8.42604 -1.37611 0)
(8.03836 -1.19505 0)
(7.69605 -1.01798 0)
(7.37352 -0.857159 0)
(7.12049 -0.68447 0)
(6.88819 -0.535995 0)
(6.75512 -0.371378 0)
(6.59002 -0.211641 0)
(6.51499 -0.0469265 0)
(6.3697 0.086505 0)
(6.3606 0.225184 0)
(6.20565 0.29107 0)
(6.2475 0.421662 0)
(6.09346 0.40093 0)
(6.13016 0.543902 0)
(6.02996 0.414742 0)
(6.05532 0.509325 0)
(5.97558 0.342909 0)
(5.9137 0.515172 0)
(5.86756 0.278424 0)
(5.89775 0.505022 0)
(5.82044 0.153423 0)
(5.8727 0.523028 0)
(5.78844 0.15535 0)
(5.80349 0.607534 0)
(5.70666 0.124021 0)
(5.73426 0.696547 0)
(5.66742 0.0543222 0)
(5.66948 0.781647 0)
(5.71625 -0.0350409 0)
(5.64377 0.860424 0)
(5.84015 -0.131461 0)
(5.66426 0.904237 0)
(6.05808 -0.186777 0)
(5.73097 0.951917 0)
(6.16081 -0.207642 0)
(5.68128 1.10198 0)
(6.19639 -0.153396 0)
(5.60916 1.26229 0)
(6.20256 -0.169797 0)
(5.54808 1.33656 0)
(6.22162 -0.280394 0)
(5.50092 1.34813 0)
(6.26342 -0.469 0)
(5.46594 1.28052 0)
(6.31965 -0.730481 0)
(5.44591 1.17347 0)
(6.38783 -0.961957 0)
(5.43104 1.11642 0)
(6.46187 -1.11854 0)
(5.4186 1.10848 0)
(6.54853 -1.23091 0)
(5.3881 1.13917 0)
(6.66342 -1.29464 0)
(5.33811 1.23195 0)
(6.83921 -1.28915 0)
(5.27389 1.39351 0)
(7.12688 -1.22134 0)
(5.20793 1.61089 0)
(7.61383 -1.10326 0)
(5.15768 1.8815 0)
(8.44288 -0.917975 0)
(5.18399 2.19122 0)
(9.78012 -0.628665 0)
(5.46537 2.58669 0)
(11.635 -0.153167 0)
(6.14313 3.1653 0)
(13.4396 0.503613 0)
(7.04549 4.18309 0)
(13.6499 0.978443 0)
(7.85246 6.03367 0)
(11.0216 1.36588 0)
(8.96378 7.75945 0)
(12.909 -0.369044 0)
(12.8894 -0.495665 0)
(12.8779 -0.56515 0)
(12.8594 -0.617857 0)
(12.8225 -0.684405 0)
(12.7686 -0.765987 0)
(12.695 -0.856682 0)
(12.6285 -0.954421 0)
(12.5636 -1.0527 0)
(12.4912 -1.14742 0)
(12.4272 -1.25347 0)
(12.3469 -1.35606 0)
(12.2674 -1.47792 0)
(12.1751 -1.61667 0)
(12.0542 -1.75232 0)
(11.9168 -1.88594 0)
(11.7646 -2.00457 0)
(11.6005 -2.10045 0)
(11.4256 -2.17891 0)
(11.2269 -2.23268 0)
(10.9669 -2.24028 0)
(10.6058 -2.1833 0)
(10.1959 -2.06936 0)
(9.74505 -1.9268 0)
(9.27742 -1.75614 0)
(8.83701 -1.57575 0)
(8.38359 -1.39421 0)
(7.96249 -1.21022 0)
(7.55804 -1.04409 0)
(7.21107 -0.885532 0)
(6.89384 -0.739625 0)
(6.6441 -0.58852 0)
(6.42545 -0.459601 0)
(6.29548 -0.308864 0)
(6.14373 -0.159875 0)
(6.07283 -0.00571904 0)
(5.94696 0.122376 0)
(5.94534 0.248606 0)
(5.8117 0.316345 0)
(5.87302 0.44044 0)
(5.71641 0.420426 0)
(5.79062 0.563283 0)
(5.70034 0.418149 0)
(5.73367 0.530164 0)
(5.68087 0.366795 0)
(5.6077 0.546272 0)
(5.5939 0.263705 0)
(5.65823 0.528134 0)
(5.60232 0.156597 0)
(5.64352 0.547696 0)
(5.54591 0.131902 0)
(5.62445 0.629866 0)
(5.48216 0.105624 0)
(5.61363 0.710819 0)
(5.46659 0.04773 0)
(5.58155 0.797681 0)
(5.50425 -0.0535461 0)
(5.57332 0.856742 0)
(5.65815 -0.171112 0)
(5.59409 0.879542 0)
(5.91953 -0.244793 0)
(5.65976 0.964825 0)
(6.03157 -0.241326 0)
(5.64504 1.13395 0)
(6.10611 -0.18673 0)
(5.59943 1.30176 0)
(6.12716 -0.209442 0)
(5.56469 1.37569 0)
(6.16273 -0.324327 0)
(5.53783 1.38758 0)
(6.21674 -0.521986 0)
(5.52526 1.32303 0)
(6.27768 -0.794788 0)
(5.51772 1.22181 0)
(6.34037 -1.03898 0)
(5.51471 1.17451 0)
(6.39673 -1.21 0)
(5.50518 1.17912 0)
(6.45809 -1.33835 0)
(5.47404 1.22175 0)
(6.53376 -1.42172 0)
(5.42504 1.31881 0)
(6.64315 -1.4413 0)
(5.36531 1.47307 0)
(6.8011 -1.3998 0)
(5.29381 1.67285 0)
(7.02318 -1.30304 0)
(5.19152 1.93639 0)
(7.32558 -1.15233 0)
(5.04139 2.30402 0)
(7.75755 -0.957393 0)
(4.93845 2.84128 0)
(8.49104 -0.685844 0)
(5.31614 3.56838 0)
(9.77085 -0.29144 0)
(6.77589 4.65889 0)
(11.5046 0.257527 0)
(8.79796 6.17783 0)
(12.6579 1.78972 0)
(9.8157 6.92188 0)
(12.9712 -0.342983 0)
(12.9673 -0.478588 0)
(12.979 -0.560194 0)
(12.9568 -0.612747 0)
(12.9055 -0.675144 0)
(12.8437 -0.756769 0)
(12.7652 -0.845447 0)
(12.6892 -0.943106 0)
(12.602 -1.03652 0)
(12.5079 -1.12538 0)
(12.4188 -1.22619 0)
(12.321 -1.32688 0)
(12.2269 -1.44251 0)
(12.1268 -1.5743 0)
(12.0094 -1.70638 0)
(11.8792 -1.83288 0)
(11.7315 -1.94545 0)
(11.5574 -2.03647 0)
(11.3441 -2.1009 0)
(11.068 -2.12393 0)
(10.7122 -2.09162 0)
(10.2663 -1.99764 0)
(9.79825 -1.86676 0)
(9.29366 -1.7213 0)
(8.80258 -1.556 0)
(8.33419 -1.38272 0)
(7.85966 -1.21124 0)
(7.43084 -1.04063 0)
(7.03304 -0.889444 0)
(6.69099 -0.745512 0)
(6.38453 -0.615431 0)
(6.14127 -0.492145 0)
(5.94601 -0.389087 0)
(5.8174 -0.25328 0)
(5.68555 -0.114695 0)
(5.61378 0.0320686 0)
(5.50566 0.150224 0)
(5.50932 0.269064 0)
(5.40341 0.330473 0)
(5.47879 0.449741 0)
(5.3327 0.428702 0)
(5.43752 0.56558 0)
(5.34841 0.409471 0)
(5.40394 0.539262 0)
(5.34418 0.372302 0)
(5.31343 0.562555 0)
(5.3177 0.226532 0)
(5.40016 0.545192 0)
(5.34505 0.0987692 0)
(5.40079 0.591345 0)
(5.34768 0.107566 0)
(5.41232 0.677119 0)
(5.31008 0.0872923 0)
(5.42858 0.74822 0)
(5.28669 0.0226944 0)
(5.44479 0.819066 0)
(5.35052 -0.091329 0)
(5.47864 0.866465 0)
(5.52561 -0.216043 0)
(5.52257 0.874954 0)
(5.78032 -0.295673 0)
(5.56101 0.983388 0)
(5.91875 -0.280696 0)
(5.57258 1.1645 0)
(6.03036 -0.225887 0)
(5.55225 1.35048 0)
(6.08218 -0.255258 0)
(5.53703 1.42741 0)
(6.14257 -0.377192 0)
(5.52822 1.44066 0)
(6.2119 -0.585179 0)
(5.53131 1.37832 0)
(6.292 -0.86569 0)
(5.53493 1.28699 0)
(6.35732 -1.11911 0)
(5.53298 1.25217 0)
(6.41139 -1.30338 0)
(5.51286 1.27279 0)
(6.46978 -1.45161 0)
(5.46572 1.33465 0)
(6.54323 -1.55975 0)
(5.39764 1.45261 0)
(6.64852 -1.60973 0)
(5.32261 1.62533 0)
(6.79914 -1.60605 0)
(5.25711 1.83132 0)
(7.00471 -1.55073 0)
(5.22047 2.08017 0)
(7.24896 -1.44421 0)
(5.25957 2.40834 0)
(7.46424 -1.3026 0)
(5.44311 2.89079 0)
(7.54567 -1.16674 0)
(5.86632 3.6818 0)
(7.65453 -1.066 0)
(6.7012 4.93349 0)
(8.92176 -0.474917 0)
(8.05817 6.06083 0)
(11.662 1.64952 0)
(10.5184 6.31426 0)
(12.9177 -0.333479 0)
(12.9203 -0.435847 0)
(12.9466 -0.510573 0)
(12.9355 -0.56788 0)
(12.8903 -0.630926 0)
(12.8237 -0.711197 0)
(12.7337 -0.797945 0)
(12.6431 -0.893637 0)
(12.5414 -0.987629 0)
(12.445 -1.08 0)
(12.3529 -1.18231 0)
(12.2639 -1.28848 0)
(12.1737 -1.40223 0)
(12.0826 -1.52889 0)
(11.9687 -1.65493 0)
(11.8333 -1.77329 0)
(11.6578 -1.8751 0)
(11.4375 -1.95208 0)
(11.143 -1.98376 0)
(10.7717 -1.96575 0)
(10.3133 -1.89565 0)
(9.79787 -1.78192 0)
(9.27543 -1.64992 0)
(8.7329 -1.5127 0)
(8.2241 -1.35205 0)
(7.73482 -1.1854 0)
(7.25508 -1.02424 0)
(6.8371 -0.869377 0)
(6.44798 -0.733975 0)
(6.11176 -0.610527 0)
(5.80655 -0.502429 0)
(5.57889 -0.405705 0)
(5.4095 -0.319062 0)
(5.2938 -0.199721 0)
(5.18557 -0.0719308 0)
(5.12751 0.064918 0)
(5.03973 0.175392 0)
(5.05454 0.282563 0)
(4.97759 0.340565 0)
(5.06985 0.455834 0)
(4.94704 0.438516 0)
(5.08292 0.566175 0)
(4.99099 0.40834 0)
(5.07392 0.55078 0)
(5.01197 0.386742 0)
(5.0227 0.569534 0)
(5.02993 0.188427 0)
(5.16712 0.568838 0)
(5.10763 0.101533 0)
(5.16267 0.59429 0)
(5.10279 0.0659422 0)
(5.21109 0.676786 0)
(5.10987 0.048574 0)
(5.27947 0.760195 0)
(5.12214 0.00653968 0)
(5.30795 0.825414 0)
(5.19319 -0.117491 0)
(5.387 0.854734 0)
(5.36163 -0.250641 0)
(5.46712 0.851652 0)
(5.57841 -0.326326 0)
(5.49387 0.96692 0)
(5.75091 -0.298043 0)
(5.52047 1.15473 0)
(5.89014 -0.23955 0)
(5.52755 1.35654 0)
(5.97411 -0.272316 0)
(5.54716 1.4342 0)
(6.05056 -0.394778 0)
(5.57549 1.44436 0)
(6.14083 -0.602413 0)
(5.60521 1.38206 0)
(6.22563 -0.88771 0)
(5.6319 1.29864 0)
(6.2791 -1.15028 0)
(5.64018 1.27713 0)
(6.31502 -1.348 0)
(5.62482 1.31497 0)
(6.35112 -1.51117 0)
(5.57937 1.39407 0)
(6.39476 -1.63966 0)
(5.51174 1.52559 0)
(6.45672 -1.71968 0)
(5.43626 1.71399 0)
(6.54419 -1.75809 0)
(5.3683 1.94787 0)
(6.65915 -1.75474 0)
(5.32531 2.24653 0)
(6.79646 -1.71063 0)
(5.35492 2.63658 0)
(6.96183 -1.65002 0)
(5.55185 3.15793 0)
(7.17854 -1.59382 0)
(6.05589 3.90445 0)
(7.50104 -1.40964 0)
(6.87958 4.86438 0)
(8.16548 -0.698269 0)
(7.81244 5.63422 0)
(9.67289 1.15966 0)
(10.4759 5.6142 0)
(12.8704 -0.3069 0)
(12.8718 -0.383156 0)
(12.9005 -0.456841 0)
(12.8877 -0.528789 0)
(12.8375 -0.603101 0)
(12.7537 -0.686022 0)
(12.6545 -0.772669 0)
(12.5581 -0.865381 0)
(12.4686 -0.961729 0)
(12.3849 -1.05608 0)
(12.3071 -1.15724 0)
(12.2249 -1.26174 0)
(12.1334 -1.3696 0)
(12.0237 -1.48396 0)
(11.8825 -1.5978 0)
(11.6956 -1.69811 0)
(11.4559 -1.77928 0)
(11.1465 -1.82462 0)
(10.7508 -1.8197 0)
(10.2712 -1.76647 0)
(9.72855 -1.67106 0)
(9.16801 -1.54785 0)
(8.61844 -1.42212 0)
(8.06325 -1.29092 0)
(7.55095 -1.13469 0)
(7.05341 -0.980431 0)
(6.58045 -0.837541 0)
(6.17077 -0.69842 0)
(5.79226 -0.582019 0)
(5.47147 -0.481685 0)
(5.18933 -0.400449 0)
(4.98573 -0.332359 0)
(4.84126 -0.263588 0)
(4.73893 -0.15774 0)
(4.65226 -0.0402909 0)
(4.60658 0.0884437 0)
(4.54699 0.186745 0)
(4.5678 0.280696 0)
(4.52372 0.333962 0)
(4.62339 0.442725 0)
(4.52899 0.430249 0)
(4.69643 0.544838 0)
(4.59954 0.392399 0)
(4.72235 0.543825 0)
(4.63086 0.374844 0)
(4.74751 0.553253 0)
(4.69952 0.139773 0)
(4.90108 0.559077 0)
(4.76864 0.0274823 0)
(4.94562 0.628619 0)
(4.85067 0.0400863 0)
(4.99317 0.708822 0)
(4.90861 0.0244521 0)
(5.06184 0.770659 0)
(4.93956 -0.0341061 0)
(5.13929 0.826776 0)
(5.00578 -0.16938 0)
(5.25777 0.842444 0)
(5.1802 -0.295456 0)
(5.36515 0.838035 0)
(5.37322 -0.360619 0)
(5.40226 0.95438 0)
(5.58076 -0.324857 0)
(5.44297 1.14689 0)
(5.75167 -0.259934 0)
(5.49228 1.36087 0)
(5.89088 -0.294214 0)
(5.54514 1.44481 0)
(5.99895 -0.411667 0)
(5.59387 1.45106 0)
(6.11218 -0.614245 0)
(5.6485 1.38801 0)
(6.2082 -0.891155 0)
(5.68991 1.31254 0)
(6.26423 -1.14973 0)
(5.70408 1.30211 0)
(6.30073 -1.35673 0)
(5.6867 1.35399 0)
(6.33776 -1.54313 0)
(5.63658 1.45306 0)
(6.38337 -1.71159 0)
(5.56441 1.61251 0)
(6.44491 -1.83306 0)
(5.4938 1.83218 0)
(6.52805 -1.91469 0)
(5.45292 2.09214 0)
(6.63017 -1.96197 0)
(5.47383 2.41007 0)
(6.73577 -1.97956 0)
(5.6046 2.81196 0)
(6.83088 -1.97385 0)
(5.89649 3.33149 0)
(6.92548 -1.89424 0)
(6.39271 3.97674 0)
(7.12149 -1.56477 0)
(7.06631 4.72702 0)
(7.61882 -0.660415 0)
(7.95 5.10546 0)
(8.51807 0.968142 0)
(9.96593 4.78309 0)
(12.8459 -0.285 0)
(12.848 -0.343933 0)
(12.8776 -0.41528 0)
(12.87 -0.494386 0)
(12.8197 -0.574341 0)
(12.7391 -0.659148 0)
(12.6455 -0.744285 0)
(12.5558 -0.832251 0)
(12.4692 -0.924071 0)
(12.3787 -1.01505 0)
(12.2812 -1.10852 0)
(12.1718 -1.20651 0)
(12.0407 -1.30398 0)
(11.8797 -1.40478 0)
(11.6734 -1.50026 0)
(11.4076 -1.57859 0)
(11.0718 -1.62938 0)
(10.654 -1.64208 0)
(10.1464 -1.60739 0)
(9.57985 -1.53272 0)
(8.98888 -1.42714 0)
(8.41089 -1.30841 0)
(7.85127 -1.1967 0)
(7.29801 -1.07414 0)
(6.80202 -0.923905 0)
(6.31812 -0.780882 0)
(5.85453 -0.654966 0)
(5.46274 -0.535425 0)
(5.10355 -0.438709 0)
(4.8139 -0.355097 0)
(4.56377 -0.296489 0)
(4.39771 -0.258002 0)
(4.28013 -0.203571 0)
(4.1978 -0.112501 0)
(4.13535 -0.000558227 0)
(4.10582 0.115386 0)
(4.08161 0.204484 0)
(4.11108 0.28077 0)
(4.09647 0.332089 0)
(4.20727 0.427188 0)
(4.14036 0.422681 0)
(4.33072 0.525335 0)
(4.23014 0.388602 0)
(4.39376 0.538285 0)
(4.26672 0.366925 0)
(4.49994 0.531363 0)
(4.35411 0.0993012 0)
(4.70601 0.58188 0)
(4.4444 0.0258728 0)
(4.72274 0.612643 0)
(4.54145 -0.0126001 0)
(4.81056 0.681929 0)
(4.65441 -0.0282449 0)
(4.93153 0.771629 0)
(4.70511 -0.04849 0)
(5.01552 0.814727 0)
(4.77368 -0.187707 0)
(5.12609 0.795313 0)
(4.92221 -0.327762 0)
(5.277 0.795214 0)
(5.10283 -0.37457 0)
(5.34227 0.902308 0)
(5.33547 -0.325747 0)
(5.38905 1.09634 0)
(5.54363 -0.256978 0)
(5.47746 1.31232 0)
(5.7373 -0.295421 0)
(5.56812 1.40327 0)
(5.87646 -0.407195 0)
(5.66089 1.40511 0)
(6.00423 -0.597474 0)
(5.74827 1.33819 0)
(6.10688 -0.858508 0)
(5.81354 1.26687 0)
(6.15251 -1.10269 0)
(5.84311 1.26885 0)
(6.17381 -1.30192 0)
(5.83246 1.33955 0)
(6.18957 -1.48393 0)
(5.78468 1.4617 0)
(6.21115 -1.66121 0)
(5.71321 1.63518 0)
(6.24664 -1.81545 0)
(5.64499 1.87079 0)
(6.30428 -1.95141 0)
(5.60831 2.16012 0)
(6.38539 -2.06523 0)
(5.62978 2.52323 0)
(6.48507 -2.13191 0)
(5.75725 2.9539 0)
(6.62259 -2.13626 0)
(6.05153 3.43673 0)
(6.82567 -1.9971 0)
(6.55344 3.99032 0)
(7.15668 -1.54555 0)
(7.23364 4.44902 0)
(7.71915 -0.571275 0)
(8.13686 4.45449 0)
(8.69525 1.05023 0)
(9.64165 3.88362 0)
(12.8402 -0.268389 0)
(12.8366 -0.307143 0)
(12.8578 -0.367069 0)
(12.8413 -0.444102 0)
(12.7843 -0.529131 0)
(12.6985 -0.618707 0)
(12.5999 -0.70856 0)
(12.4942 -0.79448 0)
(12.3848 -0.883258 0)
(12.2607 -0.969117 0)
(12.1237 -1.05571 0)
(11.9641 -1.14267 0)
(11.7726 -1.2273 0)
(11.5354 -1.30838 0)
(11.2427 -1.38063 0)
(10.8751 -1.42967 0)
(10.4299 -1.44664 0)
(9.90147 -1.42505 0)
(9.31199 -1.36699 0)
(8.69806 -1.28193 0)
(8.08029 -1.17725 0)
(7.48856 -1.07 0)
(6.91426 -0.973477 0)
(6.37075 -0.862623 0)
(5.91192 -0.722528 0)
(5.45566 -0.589728 0)
(5.01919 -0.486442 0)
(4.66699 -0.389645 0)
(4.34278 -0.317844 0)
(4.08622 -0.259505 0)
(3.87519 -0.229194 0)
(3.74971 -0.211386 0)
(3.65487 -0.171035 0)
(3.59773 -0.0914721 0)
(3.56361 0.0144671 0)
(3.55763 0.1194 0)
(3.56649 0.201275 0)
(3.60628 0.26931 0)
(3.62435 0.320485 0)
(3.73925 0.400548 0)
(3.72342 0.404722 0)
(3.92895 0.491245 0)
(3.84396 0.372811 0)
(4.05841 0.514287 0)
(3.87809 0.339122 0)
(4.24904 0.487147 0)
(3.97663 0.0707159 0)
(4.45527 0.551374 0)
(4.03599 -0.0310795 0)
(4.54764 0.626313 0)
(4.20736 -0.0196219 0)
(4.63273 0.684406 0)
(4.36293 -0.0385922 0)
(4.74845 0.751124 0)
(4.41866 -0.0830178 0)
(4.87795 0.79163 0)
(4.49915 -0.217665 0)
(5.01356 0.769099 0)
(4.64778 -0.350407 0)
(5.16312 0.75445 0)
(4.83681 -0.388217 0)
(5.24863 0.852506 0)
(5.075 -0.338769 0)
(5.31946 1.04045 0)
(5.32777 -0.270583 0)
(5.46114 1.25045 0)
(5.58338 -0.296613 0)
(5.58437 1.3515 0)
(5.76985 -0.399008 0)
(5.71384 1.34347 0)
(5.92639 -0.574183 0)
(5.83079 1.2701 0)
(6.04649 -0.814651 0)
(5.91809 1.20576 0)
(6.09836 -1.04456 0)
(5.95826 1.21832 0)
(6.1237 -1.24353 0)
(5.95116 1.30103 0)
(6.14253 -1.43159 0)
(5.90489 1.43478 0)
(6.16606 -1.61173 0)
(5.835 1.63136 0)
(6.20209 -1.76634 0)
(5.7733 1.89685 0)
(6.26275 -1.90891 0)
(5.75328 2.20905 0)
(6.34565 -2.04269 0)
(5.79555 2.57095 0)
(6.44036 -2.13473 0)
(5.94431 2.985 0)
(6.56779 -2.13185 0)
(6.2395 3.44229 0)
(6.7787 -1.94063 0)
(6.68834 3.85677 0)
(7.1893 -1.42742 0)
(7.27816 4.01812 0)
(7.92325 -0.378093 0)
(8.16119 3.7814 0)
(9.0362 1.11922 0)
(9.63595 3.13511 0)
(12.8057 -0.24957 0)
(12.7902 -0.268465 0)
(12.7932 -0.321376 0)
(12.7607 -0.402533 0)
(12.6866 -0.494669 0)
(12.5825 -0.588199 0)
(12.4579 -0.675771 0)
(12.3209 -0.754961 0)
(12.1725 -0.832482 0)
(12.0043 -0.907139 0)
(11.811 -0.978789 0)
(11.5821 -1.05022 0)
(11.3052 -1.11711 0)
(10.9718 -1.17523 0)
(10.5733 -1.21913 0)
(10.0991 -1.23709 0)
(9.55485 -1.22299 0)
(8.95465 -1.17829 0)
(8.33406 -1.11292 0)
(7.71058 -1.02914 0)
(7.09894 -0.927658 0)
(6.51852 -0.828121 0)
(5.94123 -0.745545 0)
(5.42128 -0.657626 0)
(5.00292 -0.532481 0)
(4.59361 -0.412502 0)
(4.20603 -0.328071 0)
(3.90053 -0.249376 0)
(3.6182 -0.198563 0)
(3.40175 -0.165707 0)
(3.23613 -0.161021 0)
(3.14105 -0.167242 0)
(3.06884 -0.141798 0)
(3.03741 -0.075024 0)
(3.02652 0.0218339 0)
(3.04359 0.114499 0)
(3.07373 0.193068 0)
(3.12268 0.252966 0)
(3.17173 0.301583 0)
(3.28267 0.363031 0)
(3.31646 0.382525 0)
(3.51977 0.451088 0)
(3.46315 0.363039 0)
(3.7134 0.484639 0)
(3.50173 0.330562 0)
(3.97215 0.453491 0)
(3.52942 0.0707315 0)
(4.27114 0.553289 0)
(3.61943 -0.019004 0)
(4.34785 0.572332 0)
(3.80714 -0.0765537 0)
(4.46816 0.629786 0)
(3.97498 -0.0903008 0)
(4.64537 0.740627 0)
(4.06872 -0.0820186 0)
(4.79676 0.759942 0)
(4.15675 -0.208617 0)
(4.92439 0.704024 0)
(4.3191 -0.353021 0)
(5.06929 0.694088 0)
(4.49608 -0.384899 0)
(5.18668 0.782243 0)
(4.74452 -0.320844 0)
(5.27975 0.951254 0)
(5.03942 -0.259299 0)
(5.45509 1.14419 0)
(5.33094 -0.280816 0)
(5.62266 1.24836 0)
(5.57962 -0.374982 0)
(5.80244 1.23433 0)
(5.76558 -0.524495 0)
(5.95745 1.15091 0)
(5.89627 -0.734599 0)
(6.0677 1.08256 0)
(5.94056 -0.940285 0)
(6.12371 1.09577 0)
(5.95286 -1.12369 0)
(6.12394 1.18614 0)
(5.95817 -1.30283 0)
(6.08135 1.3379 0)
(5.96813 -1.48749 0)
(6.01273 1.55667 0)
(5.9941 -1.66158 0)
(5.95256 1.83759 0)
(6.05525 -1.82922 0)
(5.92508 2.16476 0)
(6.14343 -1.97129 0)
(5.93737 2.54857 0)
(6.26611 -2.06242 0)
(6.04547 2.95523 0)
(6.46778 -2.05502 0)
(6.29889 3.31209 0)
(6.79762 -1.82963 0)
(6.69905 3.51265 0)
(7.32179 -1.24012 0)
(7.24465 3.46464 0)
(8.08572 -0.194327 0)
(8.16824 3.09984 0)
(9.1495 1.07076 0)
(9.73052 2.55394 0)
(12.5636 -0.221181 0)
(12.5256 -0.2216 0)
(12.4998 -0.268358 0)
(12.438 -0.350108 0)
(12.3341 -0.443428 0)
(12.1942 -0.533349 0)
(12.0278 -0.614321 0)
(11.8397 -0.684451 0)
(11.6309 -0.750151 0)
(11.3921 -0.812511 0)
(11.1192 -0.870677 0)
(10.8001 -0.926116 0)
(10.4289 -0.973003 0)
(9.99845 -1.00471 0)
(9.50898 -1.0185 0)
(8.95672 -1.00793 0)
(8.36195 -0.972474 0)
(7.74899 -0.921909 0)
(7.1408 -0.861047 0)
(6.5436 -0.783142 0)
(5.97869 -0.690076 0)
(5.43949 -0.599311 0)
(4.90198 -0.536861 0)
(4.42691 -0.476667 0)
(4.05375 -0.372112 0)
(3.71632 -0.266494 0)
(3.39289 -0.201521 0)
(3.14723 -0.142546 0)
(2.91862 -0.10876 0)
(2.74882 -0.096381 0)
(2.62925 -0.113813 0)
(2.56389 -0.134788 0)
(2.51381 -0.120245 0)
(2.50078 -0.0652938 0)
(2.50904 0.0209196 0)
(2.54614 0.104337 0)
(2.59723 0.178149 0)
(2.66575 0.230117 0)
(2.73824 0.270655 0)
(2.84784 0.317276 0)
(2.92817 0.348083 0)
(3.11639 0.400922 0)
(3.10528 0.339314 0)
(3.35501 0.441444 0)
(3.13275 0.305093 0)
(3.62422 0.411726 0)
(3.16104 0.0371026 0)
(4.05555 0.495174 0)
(3.1806 -0.0423572 0)
(4.18201 0.553303 0)
(3.26517 -0.0414332 0)
(4.30283 0.602737 0)
(3.46463 -0.0837214 0)
(4.49033 0.681348 0)
(3.66124 -0.104076 0)
(4.69816 0.704514 0)
(3.81308 -0.205602 0)
(4.85758 0.651072 0)
(3.98481 -0.339911 0)
(4.98669 0.627984 0)
(4.15222 -0.366693 0)
(5.09104 0.694412 0)
(4.41205 -0.317723 0)
(5.22508 0.84976 0)
(4.73767 -0.262462 0)
(5.44651 1.0365 0)
(5.06127 -0.262845 0)
(5.67223 1.14093 0)
(5.3804 -0.345487 0)
(5.89122 1.12018 0)
(5.6259 -0.475283 0)
(6.08164 1.02483 0)
(5.78392 -0.655142 0)
(6.22199 0.954862 0)
(5.83336 -0.837546 0)
(6.29594 0.963882 0)
(5.85394 -1.00339 0)
(6.30166 1.04576 0)
(5.86733 -1.1667 0)
(6.25957 1.18685 0)
(5.8824 -1.33499 0)
(6.18617 1.39702 0)
(5.91155 -1.49726 0)
(6.11216 1.67613 0)
(5.97329 -1.6608 0)
(6.05293 2.01358 0)
(6.05777 -1.80601 0)
(6.02918 2.38963 0)
(6.19287 -1.89918 0)
(6.10772 2.73688 0)
(6.43012 -1.87226 0)
(6.3227 2.98253 0)
(6.81434 -1.60999 0)
(6.66483 3.04481 0)
(7.37287 -1.00045 0)
(7.19411 2.87047 0)
(8.12148 -0.0172058 0)
(8.21812 2.49734 0)
(9.15228 0.988225 0)
(9.79353 2.07877 0)
(11.8639 -0.177475 0)
(11.8017 -0.167046 0)
(11.7423 -0.211973 0)
(11.6481 -0.294096 0)
(11.5124 -0.384477 0)
(11.3378 -0.467525 0)
(11.1293 -0.539179 0)
(10.8917 -0.598559 0)
(10.6252 -0.65108 0)
(10.3235 -0.698656 0)
(9.98385 -0.73971 0)
(9.59851 -0.774136 0)
(9.16431 -0.79714 0)
(8.67846 -0.803654 0)
(8.14699 -0.793628 0)
(7.57752 -0.767205 0)
(6.99737 -0.72789 0)
(6.41665 -0.68027 0)
(5.84802 -0.622686 0)
(5.30445 -0.552136 0)
(4.80128 -0.466711 0)
(4.33177 -0.382697 0)
(3.87635 -0.33542 0)
(3.46517 -0.303005 0)
(3.14961 -0.226324 0)
(2.89256 -0.139781 0)
(2.64367 -0.0932047 0)
(2.46766 -0.0531541 0)
(2.30566 -0.036642 0)
(2.19167 -0.0451891 0)
(2.11543 -0.0796439 0)
(2.06928 -0.111141 0)
(2.02956 -0.107143 0)
(2.02323 -0.063491 0)
(2.04264 0.0114717 0)
(2.09812 0.0842225 0)
(2.1622 0.151584 0)
(2.24453 0.195626 0)
(2.33463 0.231833 0)
(2.44245 0.270284 0)
(2.56115 0.307769 0)
(2.73634 0.340901 0)
(2.79427 0.315877 0)
(3.0362 0.401788 0)
(2.84651 0.294634 0)
(3.41034 0.362081 0)
(2.90633 0.00279365 0)
(3.81706 0.476586 0)
(2.73311 0.00706478 0)
(3.88218 0.501901 0)
(2.78183 -0.0663963 0)
(4.17024 0.529692 0)
(2.97061 -0.112105 0)
(4.4322 0.64149 0)
(3.22325 -0.112965 0)
(4.64884 0.642811 0)
(3.46897 -0.201405 0)
(4.83097 0.566559 0)
(3.65944 -0.328289 0)
(4.94163 0.558631 0)
(3.79793 -0.3419 0)
(5.05767 0.612278 0)
(4.00563 -0.277992 0)
(5.22732 0.736064 0)
(4.32824 -0.231141 0)
(5.46309 0.89582 0)
(4.70246 -0.245799 0)
(5.7564 0.984443 0)
(5.09597 -0.317433 0)
(6.01575 0.96183 0)
(5.40886 -0.406954 0)
(6.23803 0.863714 0)
(5.57109 -0.549782 0)
(6.39713 0.793335 0)
(5.62014 -0.704955 0)
(6.47156 0.799035 0)
(5.64289 -0.845438 0)
(6.46746 0.873387 0)
(5.64923 -0.988485 0)
(6.41149 1.00362 0)
(5.64581 -1.14185 0)
(6.31883 1.19716 0)
(5.65013 -1.29653 0)
(6.21505 1.45215 0)
(5.68864 -1.45138 0)
(6.11054 1.76513 0)
(5.77581 -1.58324 0)
(6.04523 2.10539 0)
(5.97111 -1.6686 0)
(6.08395 2.39297 0)
(6.31058 -1.63777 0)
(6.25406 2.54917 0)
(6.78493 -1.36964 0)
(6.57276 2.51398 0)
(7.36856 -0.773864 0)
(7.1671 2.28768 0)
(8.10136 0.0987754 0)
(8.30176 1.95844 0)
(9.14463 0.875314 0)
(9.81803 1.64644 0)
(10.6674 -0.129445 0)
(10.5869 -0.123641 0)
(10.5014 -0.165256 0)
(10.3869 -0.23791 0)
(10.233 -0.315384 0)
(10.0363 -0.384712 0)
(9.79983 -0.442466 0)
(9.52842 -0.487787 0)
(9.22406 -0.524478 0)
(8.88357 -0.554661 0)
(8.50622 -0.577198 0)
(8.0871 -0.592058 0)
(7.62601 -0.595925 0)
(7.12751 -0.586115 0)
(6.60366 -0.565649 0)
(6.06713 -0.535679 0)
(5.53441 -0.497638 0)
(5.00843 -0.45228 0)
(4.50992 -0.402658 0)
(4.0445 -0.34918 0)
(3.62834 -0.280831 0)
(3.25904 -0.211738 0)
(2.90134 -0.182503 0)
(2.58301 -0.171692 0)
(2.34389 -0.11998 0)
(2.16667 -0.0547624 0)
(2.00295 -0.0205262 0)
(1.89817 0.00629182 0)
(1.80678 0.0119011 0)
(1.74918 -0.0107542 0)
(1.70983 -0.0552067 0)
(1.67956 -0.0928596 0)
(1.64493 -0.0971509 0)
(1.63374 -0.0650895 0)
(1.6531 -0.0049386 0)
(1.71277 0.0591843 0)
(1.77827 0.119955 0)
(1.87383 0.158449 0)
(1.97014 0.190478 0)
(2.08302 0.218375 0)
(2.23821 0.25014 0)
(2.39514 0.27559 0)
(2.49378 0.276434 0)
(2.75078 0.344232 0)
(2.60712 0.256938 0)
(3.22946 0.301185 0)
(2.67983 -0.018151 0)
(3.54522 0.418184 0)
(2.55865 0.0130777 0)
(3.87403 0.429772 0)
(2.83103 -0.0825613 0)
(4.1872 0.448812 0)
(2.91209 -0.114881 0)
(4.42642 0.531373 0)
(3.05427 -0.126802 0)
(4.6624 0.541572 0)
(3.33321 -0.206847 0)
(4.88625 0.477851 0)
(3.54847 -0.287737 0)
(4.95361 0.45511 0)
(3.64208 -0.305366 0)
(5.02893 0.488433 0)
(3.74983 -0.270893 0)
(5.25985 0.593042 0)
(4.01407 -0.22633 0)
(5.54464 0.743557 0)
(4.41531 -0.238242 0)
(5.88034 0.825604 0)
(4.82953 -0.282959 0)
(6.17382 0.793345 0)
(5.16741 -0.341551 0)
(6.40885 0.688626 0)
(5.34864 -0.455072 0)
(6.57757 0.628999 0)
(5.4362 -0.575402 0)
(6.63291 0.630384 0)
(5.48 -0.687287 0)
(6.59668 0.694004 0)
(5.48618 -0.804596 0)
(6.5025 0.809024 0)
(5.4678 -0.929315 0)
(6.36486 0.981147 0)
(5.45085 -1.05595 0)
(6.21031 1.20786 0)
(5.46741 -1.18331 0)
(6.05643 1.48408 0)
(5.56171 -1.29822 0)
(5.96237 1.76512 0)
(5.79697 -1.37886 0)
(5.97833 1.98236 0)
(6.17903 -1.34686 0)
(6.13216 2.07513 0)
(6.68 -1.09314 0)
(6.48737 1.99749 0)
(7.28523 -0.551932 0)
(7.2007 1.76765 0)
(8.05933 0.19097 0)
(8.40833 1.48502 0)
(9.16336 0.73771 0)
(9.84182 1.25781 0)
(9.0379 -0.0827863 0)
(8.95117 -0.094534 0)
(8.85395 -0.13015 0)
(8.73352 -0.18398 0)
(8.57614 -0.242227 0)
(8.37214 -0.294768 0)
(8.12359 -0.33724 0)
(7.83555 -0.367825 0)
(7.51288 -0.389003 0)
(7.1556 -0.403284 0)
(6.76518 -0.409996 0)
(6.34117 -0.409244 0)
(5.88975 -0.39901 0)
(5.42205 -0.37986 0)
(4.94968 -0.35493 0)
(4.4816 -0.323752 0)
(4.03137 -0.289321 0)
(3.60464 -0.254963 0)
(3.21391 -0.220387 0)
(2.85588 -0.182664 0)
(2.54667 -0.130509 0)
(2.2912 -0.0769645 0)
(2.05202 -0.0622853 0)
(1.84187 -0.0660768 0)
(1.68689 -0.0378064 0)
(1.59582 0.00526005 0)
(1.5198 0.0268052 0)
(1.48371 0.0393155 0)
(1.45885 0.0332799 0)
(1.45009 0.00265612 0)
(1.43742 -0.0420958 0)
(1.41027 -0.077077 0)
(1.36428 -0.08363 0)
(1.33594 -0.0626829 0)
(1.34089 -0.0184846 0)
(1.39118 0.0344682 0)
(1.45826 0.084267 0)
(1.5609 0.114883 0)
(1.65826 0.142457 0)
(1.78375 0.157316 0)
(1.9497 0.184527 0)
(2.09818 0.20897 0)
(2.25763 0.217263 0)
(2.52212 0.260089 0)
(2.42631 0.184569 0)
(3.02115 0.232452 0)
(2.3925 0.00613856 0)
(3.32779 0.373982 0)
(2.46863 -0.00225068 0)
(3.83389 0.31109 0)
(2.70187 -0.0567825 0)
(4.09947 0.34393 0)
(2.64497 -0.0918799 0)
(4.39668 0.417771 0)
(2.90514 -0.108104 0)
(4.6955 0.414905 0)
(3.18663 -0.176507 0)
(4.94399 0.349957 0)
(3.34581 -0.212186 0)
(5.06149 0.34333 0)
(3.4236 -0.219584 0)
(5.16771 0.371173 0)
(3.52276 -0.208827 0)
(5.40011 0.444543 0)
(3.72493 -0.173543 0)
(5.69911 0.557649 0)
(4.07351 -0.187713 0)
(6.00576 0.621004 0)
(4.46897 -0.217088 0)
(6.28241 0.583313 0)
(4.8112 -0.246687 0)
(6.49178 0.503782 0)
(5.0185 -0.323472 0)
(6.61797 0.455055 0)
(5.10653 -0.406978 0)
(6.62007 0.453909 0)
(5.11394 -0.491056 0)
(6.5372 0.512389 0)
(5.07194 -0.582779 0)
(6.4092 0.613788 0)
(5.00713 -0.68257 0)
(6.25049 0.758403 0)
(4.96127 -0.787296 0)
(6.08707 0.942913 0)
(4.9822 -0.892627 0)
(5.94618 1.1571 0)
(5.14087 -0.992985 0)
(5.87217 1.36102 0)
(5.46848 -1.06371 0)
(5.88135 1.51046 0)
(5.93329 -1.03788 0)
(6.02042 1.56194 0)
(6.49807 -0.830288 0)
(6.41084 1.4789 0)
(7.16122 -0.382548 0)
(7.21785 1.28375 0)
(8.01401 0.208059 0)
(8.45772 1.05821 0)
(9.18025 0.548312 0)
(9.83928 0.902432 0)
(7.05016 -0.0298698 0)
(6.97108 -0.058476 0)
(6.87715 -0.0883877 0)
(6.76234 -0.123118 0)
(6.60928 -0.161697 0)
(6.40599 -0.196858 0)
(6.15531 -0.222887 0)
(5.86437 -0.238076 0)
(5.54242 -0.244389 0)
(5.19417 -0.244963 0)
(4.82549 -0.239924 0)
(4.4421 -0.230111 0)
(4.05463 -0.215599 0)
(3.67025 -0.196666 0)
(3.29885 -0.174964 0)
(2.94737 -0.151381 0)
(2.62272 -0.129 0)
(2.32099 -0.109457 0)
(2.05238 -0.0900669 0)
(1.82072 -0.0692225 0)
(1.63666 -0.0374748 0)
(1.50273 -0.00333236 0)
(1.38229 -0.000149635 0)
(1.27725 -0.0134729 0)
(1.20562 -0.00269081 0)
(1.18622 0.0220733 0)
(1.17908 0.0338969 0)
(1.19876 0.0384747 0)
(1.22422 0.0286021 0)
(1.24548 -0.000940381 0)
(1.24095 -0.0383915 0)
(1.20086 -0.0663279 0)
(1.13218 -0.0735359 0)
(1.07685 -0.0633308 0)
(1.05644 -0.0365017 0)
(1.09023 0.0016623 0)
(1.15906 0.0386016 0)
(1.25526 0.0624005 0)
(1.35104 0.0823285 0)
(1.47374 0.0894679 0)
(1.5942 0.113423 0)
(1.73854 0.126164 0)
(1.91455 0.132027 0)
(2.14885 0.174196 0)
(2.0866 0.140532 0)
(2.66679 0.188841 0)
(2.08097 -0.00324745 0)
(3.05979 0.253082 0)
(2.20667 -0.0693286 0)
(3.66709 0.157076 0)
(2.21573 -0.000469524 0)
(3.92412 0.270609 0)
(2.27294 -0.0922479 0)
(4.27886 0.276439 0)
(2.55883 -0.0919142 0)
(4.5492 0.247828 0)
(2.81258 -0.153337 0)
(4.74996 0.215594 0)
(2.90229 -0.155117 0)
(4.87772 0.208665 0)
(2.90194 -0.139918 0)
(5.02924 0.219593 0)
(2.9563 -0.145303 0)
(5.29477 0.266154 0)
(3.11068 -0.1313 0)
(5.64223 0.348974 0)
(3.43523 -0.141701 0)
(5.96569 0.404216 0)
(3.84256 -0.153819 0)
(6.25086 0.378393 0)
(4.18906 -0.164085 0)
(6.47928 0.320499 0)
(4.40075 -0.210304 0)
(6.61545 0.279462 0)
(4.4836 -0.256422 0)
(6.62366 0.290262 0)
(4.49814 -0.302979 0)
(6.53898 0.344451 0)
(4.48008 -0.356675 0)
(6.39366 0.427856 0)
(4.45286 -0.415708 0)
(6.20604 0.538231 0)
(4.45583 -0.481056 0)
(6.00829 0.674897 0)
(4.53932 -0.554242 0)
(5.84396 0.821623 0)
(4.7517 -0.637873 0)
(5.73449 0.957908 0)
(5.08439 -0.706181 0)
(5.70653 1.06021 0)
(5.52137 -0.706873 0)
(5.85154 1.0986 0)
(6.06701 -0.568373 0)
(6.32289 1.0322 0)
(6.76691 -0.239961 0)
(7.2339 0.846187 0)
(7.7206 0.172402 0)
(8.49246 0.661503 0)
(8.96426 0.346358 0)
(9.83552 0.558867 0)
(4.75111 -0.0113346 0)
(4.67731 -0.0435841 0)
(4.58881 -0.0569218 0)
(4.47844 -0.0712255 0)
(4.32936 -0.0896432 0)
(4.13444 -0.105704 0)
(3.89997 -0.114606 0)
(3.63704 -0.115705 0)
(3.3592 -0.110661 0)
(3.07367 -0.103124 0)
(2.78773 -0.0937955 0)
(2.50743 -0.08315 0)
(2.23502 -0.071862 0)
(1.97672 -0.0594481 0)
(1.74416 -0.0483252 0)
(1.53825 -0.0383067 0)
(1.36511 -0.0266317 0)
(1.21921 -0.016869 0)
(1.09854 -0.00965403 0)
(1.00121 -0.00206162 0)
(0.938348 0.0116716 0)
(0.916965 0.0279651 0)
(0.907153 0.0259584 0)
(0.890643 0.0119469 0)
(0.875198 0.0108327 0)
(0.892392 0.0192502 0)
(0.918961 0.021896 0)
(0.955494 0.0203599 0)
(0.991309 0.0112384 0)
(1.00543 -0.00886788 0)
(0.981283 -0.02895 0)
(0.917616 -0.0408324 0)
(0.824626 -0.0443184 0)
(0.736946 -0.0443013 0)
(0.678242 -0.0363538 0)
(0.668687 -0.0170102 0)
(0.708393 0.0073856 0)
(0.778908 0.0255983 0)
(0.861321 0.0375929 0)
(0.957426 0.0435107 0)
(1.04847 0.0584631 0)
(1.17447 0.0614009 0)
(1.32223 0.0739641 0)
(1.49995 0.096414 0)
(1.47691 0.0645088 0)
(2.08145 0.118362 0)
(1.58244 -0.0279405 0)
(2.597 0.157811 0)
(1.65888 -0.0791946 0)
(2.80842 0.106225 0)
(1.60755 -0.0372064 0)
(3.32884 0.168036 0)
(1.91129 -0.0545713 0)
(3.38335 0.132248 0)
(2.1006 -0.0642442 0)
(3.57982 0.122187 0)
(2.2767 -0.0778933 0)
(3.63262 0.109752 0)
(2.33446 -0.0768338 0)
(3.75239 0.116802 0)
(2.34685 -0.0837674 0)
(3.97603 0.114762 0)
(2.32227 -0.0901091 0)
(4.23124 0.131867 0)
(2.36987 -0.0723554 0)
(4.49277 0.168937 0)
(2.59685 -0.0708048 0)
(4.72939 0.190834 0)
(2.88809 -0.0791005 0)
(4.98326 0.16704 0)
(3.09683 -0.079135 0)
(5.25186 0.12296 0)
(3.16025 -0.0997829 0)
(5.47294 0.10022 0)
(3.11633 -0.117178 0)
(5.61199 0.108144 0)
(3.04523 -0.134908 0)
(5.70721 0.136805 0)
(2.98799 -0.156484 0)
(5.78109 0.181803 0)
(2.9857 -0.181777 0)
(5.84229 0.242561 0)
(3.08333 -0.215279 0)
(5.90361 0.314337 0)
(3.31973 -0.260097 0)
(5.95443 0.394996 0)
(3.68671 -0.308736 0)
(5.97867 0.477167 0)
(4.1618 -0.347757 0)
(6.00552 0.542609 0)
(4.72333 -0.349432 0)
(6.13257 0.569525 0)
(5.37314 -0.273781 0)
(6.5127 0.527337 0)
(6.13368 -0.0977837 0)
(7.25559 0.390667 0)
(7.03785 0.112571 0)
(8.28518 0.267737 0)
(8.07785 0.16602 0)
(9.36948 0.204162 0)
(1.8738 0.0270246 0)
(1.82297 -0.00546946 0)
(1.7565 -0.00843025 0)
(1.67297 -0.0109919 0)
(1.56768 -0.0138769 0)
(1.43995 -0.0142673 0)
(1.29736 -0.0125654 0)
(1.1507 -0.0101007 0)
(1.00915 -0.007774 0)
(0.876838 -0.00600401 0)
(0.758869 -0.00314508 0)
(0.658066 0.0013286 0)
(0.573418 0.00529926 0)
(0.507628 0.00825064 0)
(0.457353 0.00919515 0)
(0.417034 0.00852225 0)
(0.387201 0.00759362 0)
(0.365988 0.00617069 0)
(0.350808 0.00404028 0)
(0.336676 0.000286988 0)
(0.331394 -0.00152639 0)
(0.348837 0.000904481 0)
(0.378146 -0.0011007 0)
(0.385302 -0.0101543 0)
(0.370495 -0.0173482 0)
(0.364451 -0.0190662 0)
(0.366291 -0.0199891 0)
(0.368926 -0.0217706 0)
(0.367696 -0.023017 0)
(0.346975 -0.0251864 0)
(0.2976 -0.0253392 0)
(0.232135 -0.0229214 0)
(0.158982 -0.0208812 0)
(0.0875585 -0.0216398 0)
(0.0146924 -0.0229727 0)
(-0.0427634 -0.0195569 0)
(-0.0627027 -0.013103 0)
(-0.0449772 -0.00674023 0)
(-0.00657049 -0.00100092 0)
(0.0522461 0.00325663 0)
(0.129303 0.00575262 0)
(0.201346 0.000138389 0)
(0.308303 0.00608784 0)
(0.456602 0.0213774 0)
(0.448388 -0.00177137 0)
(0.865894 0.0192894 0)
(0.521241 -0.0574792 0)
(0.97773 0.0490127 0)
(0.704995 -0.0249397 0)
(1.04584 0.0431775 0)
(0.748103 -0.0547396 0)
(1.16494 0.0126026 0)
(0.816547 -0.00569317 0)
(1.36716 0.0343868 0)
(0.95369 -0.0341408 0)
(1.43482 0.0250042 0)
(1.02472 -0.0326709 0)
(1.4853 0.031277 0)
(1.07502 -0.0376178 0)
(1.54669 0.0299821 0)
(1.09933 -0.0458397 0)
(1.60875 0.0227647 0)
(1.08081 -0.0540134 0)
(1.66482 0.017913 0)
(1.07851 -0.0454406 0)
(1.79051 0.0177976 0)
(1.16679 -0.0415442 0)
(1.93647 0.0288594 0)
(1.34136 -0.0442189 0)
(2.04808 0.029307 0)
(1.45953 -0.0396139 0)
(2.16285 0.0240242 0)
(1.45275 -0.0396364 0)
(2.25104 0.023791 0)
(1.37543 -0.0392937 0)
(2.3039 0.0268506 0)
(1.30045 -0.040058 0)
(2.3584 0.0318241 0)
(1.24354 -0.0424452 0)
(2.43969 0.0366943 0)
(1.2216 -0.0470489 0)
(2.55468 0.0406096 0)
(1.25074 -0.0555174 0)
(2.69629 0.0464554 0)
(1.3468 -0.0663585 0)
(2.85175 0.0593518 0)
(1.54181 -0.0824017 0)
(3.00644 0.0795595 0)
(1.86408 -0.103243 0)
(3.14795 0.103496 0)
(2.31744 -0.120052 0)
(3.30226 0.121911 0)
(2.87874 -0.11701 0)
(3.55959 0.11898 0)
(3.48982 -0.0805105 0)
(4.01907 0.0735592 0)
(4.05419 -0.0193608 0)
(4.63152 0.00200222 0)
(4.5258 0.0139369 0)
(5.26585 -0.0844562 0)
(0.196315 -0.0853582 0)
(0.621291 -0.0934154 0)
(1.18743 -0.0700296 0)
(1.53701 0.0228232 0)
(1.49697 0.0598277 0)
(1.34222 0.0614106 0)
(1.06477 0.075865 0)
(0.668535 0.0675227 0)
(0.19445 0.0469465 0)
(-0.172537 0.0250193 0)
(-0.30608 0.0285135 0)
(-0.388955 0.0270185 0)
(-0.396561 0.00140911 0)
(-0.416784 0.00215623 0)
(-0.428043 0.0216203 0)
(-0.443775 0.0334227 0)
(-0.436175 0.0310735 0)
(-0.456778 0.0369441 0)
(-0.542193 0.0600536 0)
(-0.742419 0.0787397 0)
(-1.04746 0.0490833 0)
(-1.14537 0.010648 0)
(-1.12163 0.0098572 0)
(-1.06757 0.0124074 0)
(-0.904172 0.0110881 0)
(-0.670695 0.00538296 0)
(-0.44655 -0.0028877 0)
(-0.28822 0.00632362 0)
(-0.167265 0.0020925 0)
(-0.0326147 0.00388549 0)
(0.122212 -0.00876591 0)
(0.319873 -0.0147768 0)
(0.585715 -0.0231996 0)
(0.82283 -0.0115279 0)
(1.0706 -0.00863073 0)
(1.21764 0.0131138 0)
(1.34824 0.0157402 0)
(1.38507 0.0286649 0)
(1.41849 0.0261186 0)
(1.3542 0.0355513 0)
(1.35273 0.0211669 0)
(1.28096 0.0292899 0)
(1.24839 0.0178747 0)
(1.15655 0.0255946 0)
(1.07738 0.0179257 0)
(1.01587 0.0155893 0)
(0.987409 0.000995289 0)
(1.00138 0.000978599 0)
(1.00272 -0.00548394 0)
(1.01997 -0.00203084 0)
(1.01259 -0.00524587 0)
(1.01829 -0.00528741 0)
(1.01794 -0.00552501 0)
(1.01812 -0.00484856 0)
(1.02272 -0.00448833 0)
(1.02721 -0.00284631 0)
(1.03218 -0.0018897 0)
(1.03408 -0.00121801 0)
(1.03695 -0.000949357 0)
(1.03818 -0.000859929 0)
(1.04518 -0.00162801 0)
(1.04928 -0.000866322 0)
(1.05443 -0.00117888 0)
(1.05395 -0.000427315 0)
(1.05202 0.000160973 0)
(1.04153 0.0011307 0)
(1.03193 0.00123212 0)
(1.01495 0.00247585 0)
(0.998553 0.00234443 0)
(0.977201 0.0037652 0)
(0.957089 0.00351241 0)
(0.932701 0.00479228 0)
(0.907016 0.00461788 0)
(0.877624 0.00562971 0)
(0.847245 0.00525702 0)
(0.814304 0.00612848 0)
(0.77772 0.00575749 0)
(0.739324 0.00629347 0)
(0.696384 0.0059674 0)
(0.651673 0.00634416 0)
(0.600928 0.00620283 0)
(0.546928 0.00662495 0)
(0.48531 0.00649416 0)
(0.419279 0.00694063 0)
(0.34576 0.00566671 0)
(0.272149 0.00409217 0)
(0.199581 -0.000138801 0)
(0.136732 -0.00226313 0)
(0.0805749 -0.00465937 0)
(0.0350459 -0.00218632 0)
(-0.00772647 -0.0036188 0)
(-0.0381998 -0.00611887 0)
(-0.0334528 -0.0189468 0)
(0.0188599 -0.0202268 0)
(0.0114878 -0.00281667 0)
(-0.155351 0.0377285 0)
(-0.573362 0.0768213 0)
(-1.01053 0.0778368 0)
(-0.98192 -0.0354086 0)
(-0.360772 -0.152718 0)
(0.154076 -0.255214 0)
(0.594569 -0.333563 0)
(1.19232 -0.335346 0)
(1.59162 -0.12135 0)
(1.8207 0.0187052 0)
(1.70264 0.121489 0)
(1.40411 0.230211 0)
(0.94429 0.273852 0)
(0.465432 0.28449 0)
(-0.0642638 0.185471 0)
(-0.416066 0.0660607 0)
(-0.631335 0.0310989 0)
(-0.814155 0.00927887 0)
(-1.0286 0.0139905 0)
(-1.14523 0.00789375 0)
(-1.16881 -0.00326079 0)
(-1.21853 0.000419382 0)
(-1.26285 0.0262485 0)
(-1.34818 0.0798088 0)
(-1.27361 0.149073 0)
(-1.4016 0.128282 0)
(-1.44259 0.0157121 0)
(-1.37364 -0.0381131 0)
(-1.20083 -0.108842 0)
(-0.958604 -0.165544 0)
(-0.571409 -0.181382 0)
(-0.277678 -0.163162 0)
(0.0331144 -0.118405 0)
(0.306266 -0.109792 0)
(0.562802 -0.105742 0)
(0.895815 -0.135266 0)
(1.18572 -0.163594 0)
(1.59179 -0.195967 0)
(1.89238 -0.169569 0)
(2.28932 -0.170002 0)
(2.48755 -0.0999332 0)
(2.77581 -0.0936965 0)
(2.87528 -0.0328742 0)
(3.02355 -0.0206483 0)
(3.00822 0.0210737 0)
(3.09293 -0.00176599 0)
(3.03085 0.0434701 0)
(3.06087 0.0233824 0)
(2.92443 0.0727985 0)
(2.91138 0.0347913 0)
(2.81473 0.0499514 0)
(2.82042 -0.00455003 0)
(2.79167 0.0147649 0)
(2.81059 -0.0088363 0)
(2.79411 0.0124016 0)
(2.77646 0.00611529 0)
(2.75817 0.00771897 0)
(2.73555 0.0065322 0)
(2.70657 0.00455602 0)
(2.68503 0.000703728 0)
(2.65827 -3.98714e-05 0)
(2.64018 -4.50115e-05 0)
(2.61992 0.000856068 0)
(2.60743 0.000827123 0)
(2.59656 0.000646376 0)
(2.59897 -0.00148714 0)
(2.59246 0.000177274 0)
(2.59846 0.000686794 0)
(2.58589 0.00350007 0)
(2.57756 0.00574435 0)
(2.55319 0.00940763 0)
(2.53105 0.0095567 0)
(2.49939 0.0138234 0)
(2.47511 0.0127181 0)
(2.44221 0.0162933 0)
(2.42161 0.014271 0)
(2.39135 0.0184141 0)
(2.36669 0.0175104 0)
(2.33335 0.0213512 0)
(2.3026 0.0205268 0)
(2.26518 0.0246222 0)
(2.22426 0.0254241 0)
(2.17652 0.0290676 0)
(2.12179 0.0312147 0)
(2.05943 0.0349353 0)
(1.986 0.0390812 0)
(1.90194 0.0432473 0)
(1.80316 0.0490042 0)
(1.68902 0.0533506 0)
(1.55706 0.0590042 0)
(1.40581 0.0599938 0)
(1.23626 0.0607948 0)
(1.04698 0.054766 0)
(0.851064 0.0506952 0)
(0.659245 0.0412278 0)
(0.487325 0.0382249 0)
(0.331065 0.0178305 0)
(0.209673 -0.00467157 0)
(0.120925 -0.00670734 0)
(4.50886e-05 0.0764617 0)
(-0.290588 0.19395 0)
(-0.762012 0.266669 0)
(-1.08876 0.0994007 0)
(-0.880551 -0.218034 0)
(-0.319945 -0.470816 0)
(0.0887765 -0.389305 0)
(0.544067 -0.563466 0)
(0.957206 -0.528929 0)
(1.26216 -0.235797 0)
(1.56063 -0.0138524 0)
(1.35878 0.209293 0)
(1.16867 0.403993 0)
(0.703521 0.428993 0)
(0.426138 0.461039 0)
(-0.0596851 0.392101 0)
(-0.565136 0.26069 0)
(-0.973183 0.195255 0)
(-1.37037 0.140692 0)
(-1.65409 0.0927447 0)
(-1.79987 0.0475684 0)
(-1.82063 0.028059 0)
(-1.96235 0.0292252 0)
(-1.97119 0.0172476 0)
(-1.96037 0.0265239 0)
(-1.66733 0.0759536 0)
(-1.49366 0.112575 0)
(-1.41599 -0.0203585 0)
(-1.2749 -0.105304 0)
(-1.03366 -0.197169 0)
(-0.811443 -0.284803 0)
(-0.457834 -0.322678 0)
(-0.0997101 -0.31712 0)
(0.222679 -0.274702 0)
(0.655914 -0.256783 0)
(0.974348 -0.253327 0)
(1.4144 -0.299876 0)
(1.74295 -0.321442 0)
(2.20014 -0.364395 0)
(2.50143 -0.319266 0)
(2.91464 -0.310793 0)
(3.1547 -0.200069 0)
(3.4402 -0.184776 0)
(3.62338 -0.0872953 0)
(3.76653 -0.0601374 0)
(3.85741 0.00165172 0)
(3.94455 -0.0215344 0)
(3.98032 0.0406545 0)
(4.01146 0.0295804 0)
(3.94429 0.0937329 0)
(3.98018 0.0371991 0)
(3.90601 0.0714645 0)
(3.95411 -0.0153155 0)
(3.88924 0.0190923 0)
(3.95813 -0.0253126 0)
(3.91079 0.0204222 0)
(3.91667 0.00546735 0)
(3.89273 0.0144453 0)
(3.88117 0.0167047 0)
(3.85505 0.0190854 0)
(3.83443 0.0161743 0)
(3.79603 0.0177041 0)
(3.75769 0.0148812 0)
(3.71708 0.0142923 0)
(3.68536 0.00959101 0)
(3.65843 0.00458387 0)
(3.66115 -0.000451336 0)
(3.64403 0.000983462 0)
(3.655 0.00138249 0)
(3.64254 0.0101274 0)
(3.63412 0.0143992 0)
(3.61007 0.0233922 0)
(3.58018 0.0233972 0)
(3.53841 0.0286851 0)
(3.51004 0.0252229 0)
(3.47298 0.029177 0)
(3.45664 0.023464 0)
(3.43162 0.0300859 0)
(3.41589 0.0277081 0)
(3.39084 0.0350212 0)
(3.36801 0.0330366 0)
(3.33949 0.0413567 0)
(3.30659 0.0425309 0)
(3.26782 0.051378 0)
(3.21834 0.0548559 0)
(3.16406 0.0651727 0)
(3.09014 0.071928 0)
(3.01128 0.0850157 0)
(2.90254 0.0947961 0)
(2.78685 0.111532 0)
(2.63023 0.122443 0)
(2.46533 0.140102 0)
(2.25104 0.146538 0)
(2.02963 0.159432 0)
(1.75408 0.153305 0)
(1.48263 0.153269 0)
(1.17042 0.131918 0)
(0.903014 0.115292 0)
(0.624955 0.0609198 0)
(0.41387 0.0700862 0)
(0.180082 0.17138 0)
(-0.100197 0.36219 0)
(-0.529319 0.39849 0)
(-0.75695 0.152925 0)
(-0.592922 -0.353351 0)
(-0.239229 -0.703858 0)
(0.0802556 -0.524977 0)
(0.450048 -0.723431 0)
(0.634503 -0.666536 0)
(0.899113 -0.336441 0)
(1.05404 -0.0263376 0)
(0.821234 0.282415 0)
(0.702263 0.527403 0)
(0.301924 0.554949 0)
(0.0708077 0.604723 0)
(-0.360451 0.602776 0)
(-0.90936 0.482138 0)
(-1.41983 0.390996 0)
(-1.89792 0.290656 0)
(-2.14818 0.170271 0)
(-2.29057 0.0868754 0)
(-2.3131 0.0618923 0)
(-2.43522 0.0440749 0)
(-2.36145 -0.0252319 0)
(-2.20405 -0.0562808 0)
(-1.82945 -0.0411399 0)
(-1.49732 0.0255139 0)
(-1.24891 -0.0998589 0)
(-1.07385 -0.209761 0)
(-0.833132 -0.299495 0)
(-0.581495 -0.400622 0)
(-0.305436 -0.472779 0)
(0.153469 -0.480929 0)
(0.468293 -0.449359 0)
(0.938112 -0.443101 0)
(1.30033 -0.426105 0)
(1.76402 -0.475539 0)
(2.10776 -0.489082 0)
(2.55188 -0.530989 0)
(2.88684 -0.463378 0)
(3.24958 -0.452688 0)
(3.52845 -0.307959 0)
(3.78484 -0.281042 0)
(3.98895 -0.161744 0)
(4.13862 -0.118384 0)
(4.25583 -0.041124 0)
(4.34256 -0.0603077 0)
(4.42606 0.0195671 0)
(4.47925 0.0224326 0)
(4.44927 0.0882404 0)
(4.53017 0.0259672 0)
(4.46861 0.0738102 0)
(4.57602 -0.0248038 0)
(4.4795 0.0174065 0)
(4.58603 -0.037461 0)
(4.51414 0.0333587 0)
(4.54625 0.00654289 0)
(4.50502 0.0213366 0)
(4.5005 0.0201928 0)
(4.47655 0.0258701 0)
(4.45884 0.0261549 0)
(4.42612 0.0353266 0)
(4.38262 0.0357077 0)
(4.3406 0.0338481 0)
(4.31288 0.0276426 0)
(4.28001 0.0143708 0)
(4.28695 0.0043688 0)
(4.26362 0.00449246 0)
(4.27117 0.0007998 0)
(4.25503 0.0129488 0)
(4.24686 0.019812 0)
(4.22735 0.0341697 0)
(4.20019 0.0393888 0)
(4.15607 0.04539 0)
(4.12307 0.0396848 0)
(4.0842 0.0407526 0)
(4.07108 0.0313663 0)
(4.04743 0.036943 0)
(4.04565 0.0342016 0)
(4.02405 0.0423414 0)
(4.02253 0.0417947 0)
(3.99525 0.0504914 0)
(3.99478 0.055418 0)
(3.95538 0.0651227 0)
(3.94973 0.075008 0)
(3.89223 0.0863333 0)
(3.8724 0.103551 0)
(3.78637 0.117976 0)
(3.738 0.143522 0)
(3.60763 0.161815 0)
(3.51128 0.194846 0)
(3.31793 0.212838 0)
(3.15522 0.247941 0)
(2.88432 0.257761 0)
(2.64321 0.286958 0)
(2.29002 0.276438 0)
(1.97761 0.288605 0)
(1.57006 0.240238 0)
(1.23449 0.214043 0)
(0.831896 0.162493 0)
(0.578129 0.309765 0)
(0.234348 0.470191 0)
(-0.102337 0.558611 0)
(-0.352271 0.160007 0)
(-0.295758 -0.406877 0)
(-0.163162 -0.862311 0)
(0.0720571 -0.609149 0)
(0.235585 -0.832006 0)
(0.288304 -0.734164 0)
(0.42658 -0.362935 0)
(0.422815 0.00272114 0)
(0.198514 0.36004 0)
(0.088072 0.639354 0)
(-0.243757 0.681166 0)
(-0.497001 0.738464 0)
(-0.841307 0.80639 0)
(-1.40147 0.70203 0)
(-1.87506 0.590509 0)
(-2.31868 0.417774 0)
(-2.41654 0.228414 0)
(-2.5592 0.134365 0)
(-2.55543 0.0829103 0)
(-2.57528 0.025378 0)
(-2.38926 -0.110686 0)
(-2.10947 -0.18696 0)
(-1.72583 -0.196643 0)
(-1.33885 -0.143634 0)
(-0.980162 -0.222578 0)
(-0.761485 -0.314109 0)
(-0.542433 -0.398541 0)
(-0.228937 -0.501944 0)
(0.035581 -0.61661 0)
(0.525688 -0.644592 0)
(0.891067 -0.600688 0)
(1.34152 -0.598719 0)
(1.70286 -0.575917 0)
(2.15702 -0.632063 0)
(2.51834 -0.637041 0)
(2.9078 -0.68081 0)
(3.25434 -0.604485 0)
(3.55859 -0.573488 0)
(3.81852 -0.408365 0)
(4.03387 -0.360266 0)
(4.21844 -0.225329 0)
(4.35504 -0.167128 0)
(4.47111 -0.0617768 0)
(4.54247 -0.0875102 0)
(4.61116 -0.00930009 0)
(4.68584 0.00310773 0)
(4.71166 0.0902596 0)
(4.7955 0.0204191 0)
(4.74838 0.0683728 0)
(4.87684 -0.0315629 0)
(4.79637 0.0178092 0)
(4.89868 -0.0423987 0)
(4.81722 0.0404251 0)
(4.8673 0.00774185 0)
(4.81901 0.033908 0)
(4.81065 0.0242399 0)
(4.78715 0.0323398 0)
(4.76002 0.0310841 0)
(4.74221 0.0493413 0)
(4.68548 0.0480845 0)
(4.64923 0.0441054 0)
(4.59952 0.0316293 0)
(4.58226 0.0172551 0)
(4.56568 0.00229942 0)
(4.5572 0.00870292 0)
(4.54943 0.000804875 0)
(4.53748 0.0200756 0)
(4.51523 0.0215758 0)
(4.50365 0.0437193 0)
(4.46311 0.0481488 0)
(4.44363 0.0621892 0)
(4.37563 0.0499834 0)
(4.36909 0.0516069 0)
(4.31266 0.0330572 0)
(4.33845 0.0412331 0)
(4.29086 0.031816 0)
(4.33694 0.0454214 0)
(4.28023 0.0400294 0)
(4.33704 0.0539446 0)
(4.27327 0.0549075 0)
(4.33559 0.0711844 0)
(4.26395 0.0773613 0)
(4.3244 0.0980494 0)
(4.24051 0.112132 0)
(4.28773 0.14129 0)
(4.18074 0.164204 0)
(4.19625 0.20612 0)
(4.04706 0.236298 0)
(4.00284 0.289822 0)
(3.78511 0.318628 0)
(3.6509 0.376168 0)
(3.34042 0.390675 0)
(3.09741 0.440076 0)
(2.68292 0.421591 0)
(2.34226 0.441072 0)
(1.84111 0.355385 0)
(1.44632 0.358902 0)
(0.965691 0.394609 0)
(0.776365 0.654095 0)
(0.280523 0.625548 0)
(0.214327 0.279925 0)
(-0.0837175 -0.438223 0)
(0.070086 -0.915142 0)
(0.0145426 -0.653383 0)
(-0.0257711 -0.838407 0)
(-0.13092 -0.743794 0)
(-0.128972 -0.34149 0)
(-0.2442 0.0640372 0)
(-0.474308 0.438742 0)
(-0.556552 0.726608 0)
(-0.818309 0.785492 0)
(-1.05448 0.847426 0)
(-1.33215 0.965573 0)
(-1.89941 0.895805 0)
(-2.18972 0.744413 0)
(-2.53544 0.488607 0)
(-2.47107 0.248523 0)
(-2.59597 0.156778 0)
(-2.54308 0.0652179 0)
(-2.42191 -0.0402798 0)
(-2.15175 -0.218182 0)
(-1.80421 -0.323101 0)
(-1.44593 -0.342007 0)
(-1.02367 -0.308906 0)
(-0.641356 -0.351217 0)
(-0.348705 -0.41753 0)
(-0.149445 -0.505382 0)
(0.215001 -0.621454 0)
(0.538185 -0.760795 0)
(1.0143 -0.8153 0)
(1.40813 -0.76654 0)
(1.82444 -0.764647 0)
(2.20943 -0.739234 0)
(2.62611 -0.800468 0)
(3.00264 -0.79616 0)
(3.35056 -0.833136 0)
(3.67314 -0.744767 0)
(3.91464 -0.691679 0)
(4.13955 -0.5167 0)
(4.3144 -0.441758 0)
(4.45885 -0.305065 0)
(4.57663 -0.231304 0)
(4.66032 -0.111681 0)
(4.73744 -0.126821 0)
(4.77842 -0.0437187 0)
(4.84998 -0.0204328 0)
(4.88721 0.0761164 0)
(4.96941 0.00860526 0)
(4.93793 0.0639397 0)
(5.05704 -0.0445644 0)
(4.99614 0.0184088 0)
(5.11892 -0.0463992 0)
(5.00844 0.0441397 0)
(5.08123 0.00528698 0)
(5.00301 0.0439053 0)
(5.01845 0.0354422 0)
(4.9602 0.0470573 0)
(4.96383 0.0466281 0)
(4.91101 0.0690364 0)
(4.89683 0.0758337 0)
(4.82088 0.0719066 0)
(4.78817 0.056179 0)
(4.73484 0.0296702 0)
(4.72731 0.0137031 0)
(4.68253 0.00886298 0)
(4.70047 0.00815932 0)
(4.64955 0.0246152 0)
(4.6716 0.0327213 0)
(4.59547 0.0546899 0)
(4.63682 0.0629846 0)
(4.52626 0.082088 0)
(4.55548 0.0692692 0)
(4.42744 0.0674151 0)
(4.48683 0.0439811 0)
(4.37128 0.0479476 0)
(4.46688 0.0342298 0)
(4.35449 0.0488076 0)
(4.466 0.0401568 0)
(4.35152 0.055461 0)
(4.47827 0.053639 0)
(4.3598 0.0711903 0)
(4.49825 0.0768503 0)
(4.37342 0.0979502 0)
(4.51465 0.115855 0)
(4.3816 0.143473 0)
(4.5119 0.177846 0)
(4.36418 0.216375 0)
(4.46053 0.270524 0)
(4.28179 0.318475 0)
(4.3104 0.389944 0)
(4.0733 0.436357 0)
(3.9885 0.515945 0)
(3.65796 0.540781 0)
(3.41934 0.610036 0)
(2.97358 0.582238 0)
(2.57603 0.607953 0)
(2.0002 0.498842 0)
(1.53745 0.614645 0)
(1.17128 0.705586 0)
(0.912304 0.839309 0)
(0.537933 0.323985 0)
(0.38571 -0.288248 0)
(-0.00938921 -0.897289 0)
(-0.0785038 -0.592823 0)
(-0.271917 -0.782802 0)
(-0.562218 -0.67659 0)
(-0.707535 -0.260385 0)
(-0.895806 0.136106 0)
(-1.11945 0.512824 0)
(-1.17787 0.791872 0)
(-1.35045 0.854373 0)
(-1.55992 0.935397 0)
(-1.80506 1.10237 0)
(-2.2421 1.03821 0)
(-2.30143 0.83194 0)
(-2.46987 0.516477 0)
(-2.34547 0.250313 0)
(-2.38956 0.151047 0)
(-2.31055 0.0162488 0)
(-2.05756 -0.137901 0)
(-1.75072 -0.342388 0)
(-1.40453 -0.461216 0)
(-1.05824 -0.490275 0)
(-0.608514 -0.474083 0)
(-0.200491 -0.488707 0)
(0.169308 -0.529394 0)
(0.373675 -0.613198 0)
(0.75358 -0.762485 0)
(1.14264 -0.92768 0)
(1.59453 -0.991147 0)
(1.98318 -0.936988 0)
(2.38224 -0.932469 0)
(2.78831 -0.899887 0)
(3.19294 -0.95641 0)
(3.56475 -0.939612 0)
(3.86976 -0.958089 0)
(4.17468 -0.850404 0)
(4.35925 -0.770856 0)
(4.54201 -0.586482 0)
(4.67732 -0.484775 0)
(4.78562 -0.343602 0)
(4.8638 -0.25968 0)
(4.92762 -0.127423 0)
(4.99169 -0.130057 0)
(5.00345 -0.0583605 0)
(5.01504 -0.0471325 0)
(5.03054 0.04412 0)
(5.11028 -0.013281 0)
(5.0939 0.0470156 0)
(5.21579 -0.0656345 0)
(5.15121 0.0030551 0)
(5.29252 -0.0596214 0)
(5.20402 0.0553777 0)
(5.26767 0.00744676 0)
(5.20337 0.0577165 0)
(5.18041 0.0432143 0)
(5.14089 0.0562084 0)
(5.09805 0.0534658 0)
(5.07016 0.0806897 0)
(5.02058 0.0849262 0)
(4.98669 0.0943715 0)
(4.91178 0.0651514 0)
(4.90431 0.0494886 0)
(4.82839 0.0187572 0)
(4.84146 0.0234636 0)
(4.76048 0.00877352 0)
(4.80536 0.0365335 0)
(4.67849 0.0407304 0)
(4.75778 0.0652086 0)
(4.623 0.07177 0)
(4.69206 0.101349 0)
(4.52207 0.0875085 0)
(4.6032 0.0844921 0)
(4.42835 0.055521 0)
(4.54362 0.0528049 0)
(4.37246 0.03759 0)
(4.52391 0.0476337 0)
(4.35114 0.0414119 0)
(4.53232 0.0501938 0)
(4.35317 0.0545681 0)
(4.55707 0.0624365 0)
(4.37197 0.0775205 0)
(4.59012 0.0882957 0)
(4.40068 0.117077 0)
(4.62454 0.136138 0)
(4.43042 0.181588 0)
(4.64449 0.218002 0)
(4.43795 0.281479 0)
(4.61878 0.340312 0)
(4.38768 0.415391 0)
(4.50255 0.496139 0)
(4.22346 0.568676 0)
(4.21698 0.663681 0)
(3.84712 0.706505 0)
(3.64607 0.791734 0)
(3.15159 0.760202 0)
(2.69589 0.799284 0)
(2.05031 0.707422 0)
(1.71621 0.945133 0)
(1.30739 0.861358 0)
(1.14671 0.568128 0)
(0.528788 -0.236524 0)
(0.356138 -0.71311 0)
(-0.152984 -0.490047 0)
(-0.533172 -0.636786 0)
(-0.987008 -0.554433 0)
(-1.21297 -0.159725 0)
(-1.47745 0.217688 0)
(-1.70008 0.57922 0)
(-1.68403 0.834944 0)
(-1.8055 0.908672 0)
(-1.97334 1.03407 0)
(-2.15402 1.21808 0)
(-2.31161 1.10804 0)
(-2.26003 0.861064 0)
(-2.17239 0.499658 0)
(-2.07691 0.236378 0)
(-1.98016 0.128834 0)
(-1.89021 -0.0537484 0)
(-1.56312 -0.265226 0)
(-1.24601 -0.477804 0)
(-0.906946 -0.598278 0)
(-0.574356 -0.641439 0)
(-0.118419 -0.654016 0)
(0.310717 -0.653655 0)
(0.754467 -0.665136 0)
(1.01288 -0.727411 0)
(1.42295 -0.903791 0)
(1.85199 -1.09531 0)
(2.27288 -1.1585 0)
(2.63658 -1.10062 0)
(3.03464 -1.09973 0)
(3.42172 -1.07146 0)
(3.8202 -1.11967 0)
(4.17109 -1.08175 0)
(4.42726 -1.08103 0)
(4.69183 -0.954092 0)
(4.83354 -0.843871 0)
(4.96821 -0.650519 0)
(5.06107 -0.528083 0)
(5.13703 -0.37834 0)
(5.18067 -0.288372 0)
(5.21713 -0.151481 0)
(5.25606 -0.150238 0)
(5.26292 -0.059795 0)
(5.26994 -0.0451635 0)
(5.24708 0.0299582 0)
(5.30495 -0.0334398 0)
(5.27521 0.0152846 0)
(5.41013 -0.0795452 0)
(5.31599 -0.0148233 0)
(5.45646 -0.0778681 0)
(5.36532 0.0559254 0)
(5.45549 0.00230078 0)
(5.39238 0.0793225 0)
(5.39858 0.058051 0)
(5.33997 0.0761581 0)
(5.29185 0.0699374 0)
(5.22564 0.0939966 0)
(5.19357 0.100768 0)
(5.11575 0.109768 0)
(5.0918 0.0817707 0)
(5.00808 0.0633243 0)
(5.01176 0.035569 0)
(4.91191 0.0360275 0)
(4.9673 0.0213588 0)
(4.81041 0.0593382 0)
(4.89193 0.0496625 0)
(4.75125 0.0844948 0)
(4.80099 0.0882108 0)
(4.63806 0.131188 0)
(4.70147 0.103174 0)
(4.53496 0.111943 0)
(4.61177 0.0645226 0)
(4.44067 0.0734716 0)
(4.55477 0.0387943 0)
(4.38792 0.0611932 0)
(4.54286 0.0341609 0)
(4.3703 0.0588257 0)
(4.55615 0.0401805 0)
(4.37535 0.0678579 0)
(4.58789 0.058226 0)
(4.39625 0.0923875 0)
(4.63443 0.0949335 0)
(4.43189 0.140648 0)
(4.68776 0.160811 0)
(4.4691 0.227148 0)
(4.72369 0.268906 0)
(4.48308 0.358671 0)
(4.71176 0.421097 0)
(4.44354 0.527844 0)
(4.61326 0.611763 0)
(4.30114 0.717727 0)
(4.35445 0.822174 0)
(3.94604 0.888141 0)
(3.78349 0.992181 0)
(3.22358 0.958146 0)
(2.69344 1.02621 0)
(2.15067 0.978947 0)
(1.78649 1.13748 0)
(1.45602 0.635607 0)
(0.896976 0.117602 0)
(0.0772341 -0.597708 0)
(-0.247251 -0.284208 0)
(-0.760476 -0.444053 0)
(-1.35509 -0.395048 0)
(-1.62918 -0.0276898 0)
(-1.96471 0.314119 0)
(-2.15158 0.613067 0)
(-2.04063 0.843612 0)
(-2.12846 0.949571 0)
(-2.20379 1.10762 0)
(-2.2747 1.25728 0)
(-2.16997 1.09354 0)
(-2.10424 0.823393 0)
(-1.77808 0.428743 0)
(-1.69639 0.183761 0)
(-1.46751 0.0695654 0)
(-1.30853 -0.140739 0)
(-0.925976 -0.397325 0)
(-0.638591 -0.608792 0)
(-0.299413 -0.728611 0)
(0.0305474 -0.780098 0)
(0.4705 -0.821073 0)
(0.89869 -0.828682 0)
(1.3909 -0.822388 0)
(1.70938 -0.866692 0)
(2.18142 -1.07177 0)
(2.62242 -1.26674 0)
(3.00613 -1.31831 0)
(3.35412 -1.2555 0)
(3.7268 -1.25393 0)
(4.09618 -1.22682 0)
(4.47578 -1.26823 0)
(4.78293 -1.20333 0)
(5.00891 -1.17769 0)
(5.22457 -1.02463 0)
(5.32378 -0.884473 0)
(5.41449 -0.680767 0)
(5.45617 -0.54466 0)
(5.51216 -0.385187 0)
(5.51536 -0.291992 0)
(5.53676 -0.155948 0)
(5.55052 -0.146349 0)
(5.54739 -0.0654882 0)
(5.51907 -0.0539681 0)
(5.51766 0.0303538 0)
(5.57065 -0.0269413 0)
(5.52707 0.00863034 0)
(5.63245 -0.0840758 0)
(5.52692 -0.0186973 0)
(5.6304 -0.0834789 0)
(5.51612 0.0563464 0)
(5.61965 -0.00535971 0)
(5.55998 0.091434 0)
(5.59812 0.0631283 0)
(5.54844 0.101308 0)
(5.49602 0.0944829 0)
(5.42854 0.122783 0)
(5.3706 0.125729 0)
(5.31141 0.140054 0)
(5.23259 0.105064 0)
(5.19959 0.0898898 0)
(5.0899 0.0529479 0)
(5.11143 0.0482496 0)
(4.9747 0.0448499 0)
(5.0023 0.0705774 0)
(4.91476 0.0570277 0)
(4.92638 0.104785 0)
(4.78401 0.113248 0)
(4.81002 0.147814 0)
(4.66985 0.123493 0)
(4.69882 0.126527 0)
(4.53468 0.0877512 0)
(4.59447 0.0808589 0)
(4.44818 0.0519551 0)
(4.55922 0.0575119 0)
(4.41578 0.0397075 0)
(4.55605 0.0495973 0)
(4.40587 0.0425538 0)
(4.57321 0.0541558 0)
(4.41311 0.0603774 0)
(4.61195 0.0737135 0)
(4.43992 0.096842 0)
(4.67439 0.117319 0)
(4.47886 0.16573 0)
(4.74096 0.202586 0)
(4.51042 0.282008 0)
(4.78496 0.338347 0)
(4.51681 0.447603 0)
(4.77599 0.520707 0)
(4.47357 0.655148 0)
(4.67878 0.74336 0)
(4.33675 0.887474 0)
(4.42671 0.99435 0)
(3.97712 1.09565 0)
(3.85288 1.21948 0)
(3.14607 1.16678 0)
(2.71962 1.29885 0)
(2.14646 1.1427 0)
(1.86641 0.990103 0)
(1.15836 0.244859 0)
(0.674627 -0.237822 0)
(-0.293011 -0.0615442 0)
(-0.959539 -0.198551 0)
(-1.63924 -0.1987 0)
(-1.92639 0.10009 0)
(-2.28103 0.392369 0)
(-2.40601 0.615568 0)
(-2.26677 0.829977 0)
(-2.24736 0.959809 0)
(-2.23156 1.12556 0)
(-2.15841 1.21028 0)
(-1.87073 1.01727 0)
(-1.75008 0.742886 0)
(-1.26086 0.32881 0)
(-1.15574 0.0979791 0)
(-0.865615 -0.0325804 0)
(-0.634393 -0.262702 0)
(-0.202028 -0.531975 0)
(0.0553765 -0.730423 0)
(0.402976 -0.869292 0)
(0.701182 -0.934181 0)
(1.13968 -1.00567 0)
(1.5535 -1.02658 0)
(2.08138 -1.00562 0)
(2.45626 -1.03875 0)
(2.97883 -1.26182 0)
(3.41832 -1.43704 0)
(3.77966 -1.47523 0)
(4.077 -1.40986 0)
(4.426 -1.41343 0)
(4.76834 -1.38434 0)
(5.10424 -1.40769 0)
(5.37918 -1.31285 0)
(5.57965 -1.26516 0)
(5.73398 -1.08208 0)
(5.79146 -0.91892 0)
(5.85298 -0.697012 0)
(5.84212 -0.558866 0)
(5.89706 -0.388289 0)
(5.85809 -0.29713 0)
(5.86878 -0.156948 0)
(5.83943 -0.14975 0)
(5.86373 -0.0519845 0)
(5.80556 -0.0389112 0)
(5.77663 0.0275739 0)
(5.78694 -0.0473607 0)
(5.76742 -0.00898317 0)
(5.828 -0.0932992 0)
(5.74502 -0.0103209 0)
(5.79717 -0.0788079 0)
(5.68278 0.0588733 0)
(5.77965 -0.0215861 0)
(5.72641 0.0961806 0)
(5.76994 0.0552575 0)
(5.71988 0.120194 0)
(5.68784 0.113527 0)
(5.60875 0.154382 0)
(5.56385 0.147546 0)
(5.47182 0.176666 0)
(5.43499 0.130767 0)
(5.31579 0.130471 0)
(5.29473 0.068544 0)
(5.17421 0.089461 0)
(5.15507 0.0589825 0)
(5.0696 0.0939189 0)
(5.06493 0.0726797 0)
(4.94303 0.145225 0)
(4.94621 0.126935 0)
(4.83301 0.179728 0)
(4.82052 0.139717 0)
(4.69288 0.169441 0)
(4.6668 0.104347 0)
(4.56676 0.111241 0)
(4.58294 0.0525599 0)
(4.51156 0.0732359 0)
(4.55186 0.03525 0)
(4.48378 0.058702 0)
(4.54768 0.0362159 0)
(4.4747 0.0586237 0)
(4.57111 0.0495706 0)
(4.49005 0.0728595 0)
(4.62979 0.0796523 0)
(4.52477 0.113692 0)
(4.70939 0.145076 0)
(4.55675 0.202482 0)
(4.78483 0.260786 0)
(4.56945 0.348628 0)
(4.83344 0.429205 0)
(4.55178 0.549031 0)
(4.82511 0.644574 0)
(4.49181 0.795508 0)
(4.71747 0.901399 0)
(4.35652 1.07811 0)
(4.42989 1.19227 0)
(4.00281 1.34504 0)
(3.78007 1.45577 0)
(3.05721 1.40029 0)
(2.6223 1.51133 0)
(2.06133 1.07141 0)
(1.30039 0.739039 0)
(0.273397 -0.0103976 0)
(-0.363284 0.248572 0)
(-1.1053 0.073925 0)
(-1.79412 0.00940033 0)
(-2.10746 0.234388 0)
(-2.40228 0.469451 0)
(-2.45885 0.604198 0)
(-2.26471 0.786371 0)
(-2.13842 0.915288 0)
(-2.00564 1.0716 0)
(-1.79963 1.09675 0)
(-1.41562 0.900888 0)
(-1.19062 0.621226 0)
(-0.62476 0.204608 0)
(-0.471859 0.00463353 0)
(-0.139277 -0.134588 0)
(0.1369 -0.395372 0)
(0.570807 -0.681197 0)
(0.817975 -0.864167 0)
(1.18188 -1.0147 0)
(1.44009 -1.08551 0)
(1.89233 -1.18364 0)
(2.28373 -1.22114 0)
(2.80538 -1.20193 0)
(3.25746 -1.2302 0)
(3.81687 -1.44629 0)
(4.23532 -1.59393 0)
(4.5571 -1.61254 0)
(4.80559 -1.53675 0)
(5.13052 -1.55031 0)
(5.42533 -1.51872 0)
(5.72716 -1.53049 0)
(5.96002 -1.4169 0)
(6.12954 -1.33154 0)
(6.2259 -1.11625 0)
(6.23782 -0.933753 0)
(6.27902 -0.697001 0)
(6.21838 -0.558031 0)
(6.26993 -0.381245 0)
(6.20088 -0.28853 0)
(6.20106 -0.147378 0)
(6.14607 -0.142826 0)
(6.14113 -0.0500791 0)
(6.05862 -0.0329824 0)
(6.04978 0.0349746 0)
(6.03784 -0.0338152 0)
(6.00376 -0.00668171 0)
(6.01356 -0.0907265 0)
(5.93248 0.000275359 0)
(5.95688 -0.0733108 0)
(5.86865 0.06615 0)
(5.95356 -0.0363163 0)
(5.88641 0.0969308 0)
(5.92833 0.0433663 0)
(5.87206 0.140139 0)
(5.85073 0.126301 0)
(5.77561 0.180479 0)
(5.71383 0.165157 0)
(5.63765 0.202328 0)
(5.56976 0.156328 0)
(5.47164 0.155445 0)
(5.39683 0.0957829 0)
(5.31009 0.111487 0)
(5.26576 0.0742298 0)
(5.20411 0.114319 0)
(5.13657 0.095858 0)
(5.06852 0.166626 0)
(5.02151 0.145666 0)
(4.93267 0.206913 0)
(4.87938 0.168735 0)
(4.77178 0.199997 0)
(4.73205 0.127615 0)
(4.63674 0.124182 0)
(4.62992 0.0621774 0)
(4.56742 0.0771905 0)
(4.58134 0.0400127 0)
(4.54403 0.0599666 0)
(4.55956 0.0361989 0)
(4.55044 0.0554598 0)
(4.5666 0.042977 0)
(4.59103 0.0624793 0)
(4.60213 0.0677552 0)
(4.66046 0.0987931 0)
(4.64174 0.134298 0)
(4.74147 0.187249 0)
(4.66033 0.256679 0)
(4.81596 0.334695 0)
(4.64517 0.436918 0)
(4.86822 0.537923 0)
(4.58935 0.671338 0)
(4.87147 0.790843 0)
(4.48439 0.955796 0)
(4.76953 1.09615 0)
(4.30523 1.28702 0)
(4.4514 1.44177 0)
(3.9289 1.60115 0)
(3.68229 1.71136 0)
(2.88376 1.57673 0)
(2.50938 1.56107 0)
(1.77763 0.865338 0)
(0.83005 0.595684 0)
(-0.36039 0.541223 0)
(-1.1513 0.359684 0)
(-1.80763 0.222927 0)
(-2.12991 0.355378 0)
(-2.26066 0.515142 0)
(-2.24014 0.563914 0)
(-1.97883 0.718024 0)
(-1.77913 0.839673 0)
(-1.5167 0.976754 0)
(-1.22569 0.961193 0)
(-0.790035 0.766186 0)
(-0.485749 0.47548 0)
(0.10658 0.0558967 0)
(0.266418 -0.127136 0)
(0.659673 -0.268735 0)
(0.971225 -0.541046 0)
(1.41497 -0.822071 0)
(1.65988 -0.985888 0)
(2.04234 -1.13902 0)
(2.25419 -1.23046 0)
(2.71274 -1.36752 0)
(3.06972 -1.41036 0)
(3.56607 -1.41286 0)
(4.07576 -1.45112 0)
(4.64638 -1.6436 0)
(5.03088 -1.74215 0)
(5.30036 -1.73794 0)
(5.51593 -1.66213 0)
(5.82654 -1.68329 0)
(6.07427 -1.65125 0)
(6.35603 -1.64553 0)
(6.53478 -1.49929 0)
(6.65421 -1.37025 0)
(6.69501 -1.12426 0)
(6.66145 -0.932435 0)
(6.68559 -0.683542 0)
(6.58845 -0.544878 0)
(6.63384 -0.367701 0)
(6.5339 -0.276523 0)
(6.53336 -0.13257 0)
(6.44681 -0.124031 0)
(6.43983 -0.0180989 0)
(6.31872 -0.0106303 0)
(6.32266 0.0461137 0)
(6.26519 -0.0298547 0)
(6.23821 0.00731683 0)
(6.1975 -0.0746162 0)
(6.12815 0.0247863 0)
(6.12546 -0.0677466 0)
(6.05554 0.0714281 0)
(6.11582 -0.048166 0)
(6.0349 0.110414 0)
(6.07558 0.0328297 0)
(6.00063 0.167448 0)
(6.00538 0.126745 0)
(5.90802 0.218302 0)
(5.8806 0.174586 0)
(5.772 0.248201 0)
(5.74155 0.178951 0)
(5.61012 0.217742 0)
(5.54697 0.1195 0)
(5.44027 0.160448 0)
(5.3906 0.0861896 0)
(5.31695 0.160129 0)
(5.26022 0.110084 0)
(5.18759 0.207238 0)
(5.11773 0.168813 0)
(5.03766 0.253249 0)
(4.95381 0.19308 0)
(4.88661 0.243283 0)
(4.79407 0.145466 0)
(4.75057 0.162236 0)
(4.66744 0.0686541 0)
(4.66762 0.10363 0)
(4.60869 0.0355169 0)
(4.63612 0.0759561 0)
(4.58916 0.0268377 0)
(4.63668 0.0598025 0)
(4.60413 0.0292683 0)
(4.66651 0.0561513 0)
(4.65256 0.0524229 0)
(4.71452 0.0890043 0)
(4.71668 0.120505 0)
(4.75558 0.179947 0)
(4.77872 0.246244 0)
(4.76782 0.333871 0)
(4.83258 0.429326 0)
(4.73982 0.548478 0)
(4.87235 0.664703 0)
(4.66573 0.821741 0)
(4.86974 0.953983 0)
(4.52473 1.15864 0)
(4.75548 1.31152 0)
(4.28115 1.5475 0)
(4.39314 1.72515 0)
(3.78946 1.88453 0)
(3.40781 1.97493 0)
(2.49581 1.66411 0)
(1.65762 1.58004 0)
(0.351187 0.755833 0)
(-0.336839 0.864099 0)
(-1.06588 0.622549 0)
(-1.61529 0.402876 0)
(-1.91212 0.429114 0)
(-1.86761 0.525899 0)
(-1.79298 0.505901 0)
(-1.46914 0.628503 0)
(-1.22622 0.735371 0)
(-0.824572 0.841649 0)
(-0.494001 0.815378 0)
(-0.0164442 0.596643 0)
(0.345699 0.303921 0)
(0.941332 -0.0928211 0)
(1.11169 -0.264441 0)
(1.52566 -0.407555 0)
(1.871 -0.688929 0)
(2.29485 -0.963897 0)
(2.52994 -1.11963 0)
(2.91799 -1.26922 0)
(3.13 -1.37429 0)
(3.58723 -1.53234 0)
(3.90881 -1.58059 0)
(4.37551 -1.63049 0)
(4.88711 -1.69102 0)
(5.43431 -1.8431 0)
(5.75399 -1.87361 0)
(5.99581 -1.84645 0)
(6.20981 -1.77149 0)
(6.52148 -1.79379 0)
(6.73951 -1.75399 0)
(6.97524 -1.72406 0)
(7.0756 -1.54568 0)
(7.1297 -1.38171 0)
(7.11735 -1.1146 0)
(7.04531 -0.919417 0)
(7.05584 -0.665338 0)
(6.93472 -0.524398 0)
(6.97176 -0.348276 0)
(6.83977 -0.256645 0)
(6.84357 -0.109819 0)
(6.71837 -0.100952 0)
(6.69974 0.00560376 0)
(6.55605 0.005002 0)
(6.58258 0.0639729 0)
(6.471 -0.00933283 0)
(6.45876 0.0357404 0)
(6.3512 -0.0554038 0)
(6.31675 0.0445325 0)
(6.28547 -0.0606971 0)
(6.22682 0.0808789 0)
(6.24608 -0.0512121 0)
(6.16435 0.128126 0)
(6.19858 0.0261293 0)
(6.11564 0.192435 0)
(6.12507 0.133334 0)
(6.02579 0.256429 0)
(6.01145 0.19139 0)
(5.87626 0.286239 0)
(5.88585 0.200074 0)
(5.71139 0.26374 0)
(5.71132 0.141304 0)
(5.5197 0.2002 0)
(5.55577 0.0969602 0)
(5.38442 0.194164 0)
(5.42407 0.12272 0)
(5.23672 0.249052 0)
(5.26447 0.184461 0)
(5.07359 0.294161 0)
(5.10581 0.2092 0)
(4.91367 0.281749 0)
(4.95105 0.165489 0)
(4.76168 0.190945 0)
(4.82599 0.0825433 0)
(4.66311 0.113492 0)
(4.77026 0.0411151 0)
(4.62604 0.0758708 0)
(4.75483 0.0269264 0)
(4.62455 0.0541277 0)
(4.76885 0.0236485 0)
(4.65774 0.0467785 0)
(4.80661 0.0430471 0)
(4.71642 0.0781717 0)
(4.84493 0.110252 0)
(4.77678 0.171691 0)
(4.86329 0.238036 0)
(4.82951 0.330341 0)
(4.84976 0.425599 0)
(4.87625 0.549323 0)
(4.79723 0.670577 0)
(4.91283 0.824694 0)
(4.69292 0.985394 0)
(4.90007 1.16182 0)
(4.52042 1.38445 0)
(4.75659 1.56794 0)
(4.23888 1.84381 0)
(4.33032 2.03622 0)
(3.5802 2.15376 0)
(3.15158 2.21855 0)
(1.99259 1.64963 0)
(0.998702 1.66476 0)
(-0.238531 1.10799 0)
(-0.819964 0.860487 0)
(-1.27004 0.569049 0)
(-1.49164 0.460452 0)
(-1.28618 0.490619 0)
(-1.18109 0.420071 0)
(-0.793975 0.50725 0)
(-0.529632 0.603637 0)
(-0.00819586 0.674744 0)
(0.357909 0.645249 0)
(0.891617 0.41827 0)
(1.26901 0.134561 0)
(1.85111 -0.239341 0)
(2.03894 -0.405989 0)
(2.42872 -0.560548 0)
(2.80673 -0.841096 0)
(3.20008 -1.10042 0)
(3.43134 -1.24704 0)
(3.81059 -1.39566 0)
(4.05622 -1.50827 0)
(4.49142 -1.67409 0)
(4.79697 -1.74033 0)
(5.23724 -1.83273 0)
(5.72297 -1.91348 0)
(6.18142 -2.01256 0)
(6.4345 -1.98551 0)
(6.66858 -1.9485 0)
(6.8901 -1.87917 0)
(7.19287 -1.90198 0)
(7.37878 -1.84389 0)
(7.53253 -1.77774 0)
(7.54631 -1.56554 0)
(7.52978 -1.37201 0)
(7.48855 -1.08838 0)
(7.38153 -0.895904 0)
(7.38713 -0.641807 0)
(7.24763 -0.500701 0)
(7.27816 -0.320816 0)
(7.10948 -0.229991 0)
(7.11924 -0.0804487 0)
(6.97126 -0.0640227 0)
(6.94701 0.0522746 0)
(6.77994 0.0325981 0)
(6.80961 0.0928078 0)
(6.65732 0.0146393 0)
(6.66064 0.0761903 0)
(6.50846 -0.0256009 0)
(6.50309 0.0756045 0)
(6.42261 -0.0553696 0)
(6.37082 0.0981817 0)
(6.37068 -0.0496697 0)
(6.27068 0.159431 0)
(6.31851 0.0149605 0)
(6.21195 0.236399 0)
(6.23954 0.128846 0)
(6.1298 0.310329 0)
(6.12621 0.203703 0)
(5.99813 0.343375 0)
(5.98793 0.214311 0)
(5.85202 0.327836 0)
(5.81212 0.155083 0)
(5.67728 0.258811 0)
(5.64973 0.0999661 0)
(5.54081 0.251351 0)
(5.51402 0.13008 0)
(5.38398 0.309382 0)
(5.35578 0.197864 0)
(5.20674 0.355702 0)
(5.1893 0.224134 0)
(5.04701 0.341853 0)
(5.02802 0.178756 0)
(4.90321 0.244283 0)
(4.88528 0.0834572 0)
(4.81096 0.152601 0)
(4.80935 0.0285113 0)
(4.7834 0.104451 0)
(4.7769 0.00840487 0)
(4.79278 0.0735438 0)
(4.77702 0.000915698 0)
(4.83814 0.0562983 0)
(4.79738 0.0183498 0)
(4.90473 0.0817178 0)
(4.82445 0.0900612 0)
(4.9585 0.174436 0)
(4.84656 0.225079 0)
(4.9813 0.333186 0)
(4.8632 0.420434 0)
(4.96914 0.550785 0)
(4.88944 0.67598 0)
(4.89989 0.830085 0)
(4.91985 1.00254 0)
(4.74182 1.19223 0)
(4.90241 1.40645 0)
(4.48422 1.66162 0)
(4.6856 1.88696 0)
(4.113 2.22064 0)
(4.01083 2.41485 0)
(3.11786 2.47977 0)
(2.21691 2.63829 0)
(0.278891 1.72087 0)
(-0.155575 1.31023 0)
(-0.42528 1.01025 0)
(-0.721751 0.672176 0)
(-0.853071 0.440817 0)
(-0.531391 0.40871 0)
(-0.437202 0.329575 0)
(-0.0247365 0.35731 0)
(0.289463 0.444299 0)
(0.886873 0.474116 0)
(1.30901 0.449983 0)
(1.89098 0.228488 0)
(2.24174 -0.0376493 0)
(2.80069 -0.393208 0)
(2.99911 -0.558247 0)
(3.36707 -0.71392 0)
(3.75504 -0.987579 0)
(4.11826 -1.22525 0)
(4.33983 -1.37488 0)
(4.69516 -1.53259 0)
(4.98331 -1.6537 0)
(5.38228 -1.81945 0)
(5.70628 -1.89915 0)
(6.12941 -2.01334 0)
(6.56439 -2.09022 0)
(6.89781 -2.1425 0)
(7.09622 -2.08158 0)
(7.33031 -2.04614 0)
(7.55212 -1.98796 0)
(7.81226 -1.9982 0)
(7.94678 -1.90354 0)
(7.99883 -1.78772 0)
(7.94984 -1.54518 0)
(7.85651 -1.33834 0)
(7.8003 -1.05261 0)
(7.66204 -0.866776 0)
(7.6632 -0.617869 0)
(7.50899 -0.477337 0)
(7.53605 -0.287995 0)
(7.32847 -0.19616 0)
(7.35132 -0.0529811 0)
(7.16172 -0.0224704 0)
(7.15356 0.0929657 0)
(6.96314 0.0639111 0)
(7.00267 0.127029 0)
(6.80794 0.0498257 0)
(6.83004 0.11848 0)
(6.63542 -0.0004091 0)
(6.67081 0.0974661 0)
(6.53539 -0.0395968 0)
(6.51057 0.124365 0)
(6.46663 -0.0354209 0)
(6.36516 0.191541 0)
(6.41751 0.0125995 0)
(6.28067 0.279274 0)
(6.33663 0.118264 0)
(6.18495 0.355038 0)
(6.24327 0.202822 0)
(6.04532 0.390792 0)
(6.13374 0.219491 0)
(5.90011 0.384119 0)
(5.98978 0.168412 0)
(5.72388 0.314868 0)
(5.82842 0.106762 0)
(5.57424 0.303047 0)
(5.68668 0.136223 0)
(5.42027 0.365373 0)
(5.51079 0.208253 0)
(5.2471 0.412515 0)
(5.33656 0.229639 0)
(5.08883 0.391195 0)
(5.17996 0.183606 0)
(4.94383 0.286479 0)
(5.04355 0.0872136 0)
(4.84442 0.176334 0)
(4.97578 0.0278989 0)
(4.81031 0.111207 0)
(4.94957 0.00757852 0)
(4.81475 0.0667598 0)
(4.95303 -0.00140513 0)
(4.85284 0.0398518 0)
(4.9795 0.0168136 0)
(4.90237 0.0612602 0)
(5.01535 0.0940638 0)
(4.93209 0.154712 0)
(5.04512 0.235504 0)
(4.93599 0.317175 0)
(5.06154 0.432399 0)
(4.93018 0.539329 0)
(5.05988 0.686368 0)
(4.93099 0.829598 0)
(5.00212 1.01238 0)
(4.95239 1.2098 0)
(4.82306 1.43255 0)
(4.9572 1.69007 0)
(4.46311 1.98237 0)
(4.71335 2.26521 0)
(3.96193 2.64526 0)
(3.71206 2.84299 0)
(2.53686 2.70541 0)
(1.64617 2.95343 0)
(-0.066262 1.37155 0)
(-0.0537909 1.10665 0)
(-0.134999 0.751159 0)
(-0.117635 0.452889 0)
(0.175389 0.33118 0)
(0.443593 0.235317 0)
(0.834955 0.192165 0)
(1.23285 0.268546 0)
(1.85568 0.256622 0)
(2.32607 0.24176 0)
(2.92726 0.0419857 0)
(3.247 -0.201026 0)
(3.76563 -0.540229 0)
(3.98196 -0.698624 0)
(4.31563 -0.855202 0)
(4.69792 -1.12328 0)
(5.02155 -1.34482 0)
(5.23804 -1.49927 0)
(5.58759 -1.665 0)
(5.89234 -1.79901 0)
(6.27687 -1.96402 0)
(6.61532 -2.06048 0)
(7.00315 -2.18602 0)
(7.35768 -2.2382 0)
(7.57306 -2.2404 0)
(7.74079 -2.16267 0)
(7.96012 -2.137 0)
(8.1695 -2.08341 0)
(8.35454 -2.06447 0)
(8.42193 -1.92707 0)
(8.37016 -1.76902 0)
(8.28133 -1.50708 0)
(8.12058 -1.29145 0)
(8.05305 -1.01261 0)
(7.89263 -0.835029 0)
(7.88059 -0.588795 0)
(7.71468 -0.450367 0)
(7.72623 -0.246966 0)
(7.50538 -0.154605 0)
(7.52306 -0.0123684 0)
(7.30423 0.0263683 0)
(7.31317 0.138389 0)
(7.10991 0.0995602 0)
(7.14894 0.170659 0)
(6.91597 0.0868505 0)
(6.9767 0.161171 0)
(6.75245 0.0289261 0)
(6.82255 0.137374 0)
(6.62427 -0.0146539 0)
(6.62913 0.156756 0)
(6.53924 -0.0223327 0)
(6.45733 0.228738 0)
(6.49335 0.0073874 0)
(6.33981 0.329257 0)
(6.40692 0.102367 0)
(6.26622 0.411741 0)
(6.30964 0.195677 0)
(6.14439 0.450812 0)
(6.20336 0.215821 0)
(6.02231 0.447043 0)
(6.06686 0.167131 0)
(5.85936 0.386272 0)
(5.91229 0.0968139 0)
(5.71428 0.376287 0)
(5.77128 0.12363 0)
(5.55234 0.451114 0)
(5.61073 0.198201 0)
(5.37435 0.500372 0)
(5.45241 0.21499 0)
(5.20809 0.478738 0)
(5.30491 0.169193 0)
(5.06217 0.372924 0)
(5.17383 0.0631831 0)
(4.96599 0.245341 0)
(5.09725 -0.0083135 0)
(4.93817 0.165562 0)
(5.05835 -0.0319958 0)
(4.95328 0.109747 0)
(5.0431 -0.0411214 0)
(5.00206 0.0732834 0)
(5.04416 -0.0201631 0)
(5.05959 0.0880075 0)
(5.04448 0.062087 0)
(5.10127 0.179161 0)
(5.03654 0.209216 0)
(5.12392 0.340327 0)
(5.01802 0.411788 0)
(5.13386 0.561787 0)
(4.98773 0.67278 0)
(5.1281 0.851897 0)
(4.9507 1.01245 0)
(5.06967 1.23456 0)
(4.921 1.46133 0)
(4.85878 1.74004 0)
(4.87556 2.04769 0)
(4.35017 2.42528 0)
(4.4927 2.78488 0)
(3.59442 3.26577 0)
(2.64737 3.67609 0)
(0.64159 3.15323 0)
(0.0592318 1.40681 0)
(0.413036 1.05029 0)
(0.592062 0.714957 0)
(0.701692 0.373162 0)
(0.946016 0.175829 0)
(1.4655 0.0873876 0)
(1.77242 0.0134815 0)
(2.17651 0.0555566 0)
(2.87164 0.0117652 0)
(3.32077 0.00332256 0)
(3.96093 -0.149241 0)
(4.25527 -0.363776 0)
(4.73063 -0.677126 0)
(4.94863 -0.841189 0)
(5.24663 -0.998455 0)
(5.60129 -1.25662 0)
(5.89228 -1.46286 0)
(6.13216 -1.62309 0)
(6.47672 -1.80477 0)
(6.80139 -1.95083 0)
(7.17715 -2.11432 0)
(7.51551 -2.22054 0)
(7.82974 -2.32503 0)
(8.06497 -2.33599 0)
(8.19368 -2.30472 0)
(8.34308 -2.23804 0)
(8.53277 -2.22146 0)
(8.71138 -2.15694 0)
(8.79896 -2.09458 0)
(8.78903 -1.91689 0)
(8.65077 -1.72111 0)
(8.53271 -1.44451 0)
(8.33307 -1.22525 0)
(8.261 -0.965106 0)
(8.08572 -0.792815 0)
(8.05086 -0.552503 0)
(7.86315 -0.417345 0)
(7.84811 -0.207351 0)
(7.62016 -0.111931 0)
(7.63112 0.03059 0)
(7.38545 0.0741544 0)
(7.41973 0.175464 0)
(7.20223 0.138957 0)
(7.24079 0.217547 0)
(6.99042 0.125401 0)
(7.08678 0.192545 0)
(6.84123 0.0582194 0)
(6.92888 0.168812 0)
(6.69095 0.0161348 0)
(6.71754 0.18971 0)
(6.59269 0.00279692 0)
(6.52892 0.262296 0)
(6.55088 0.0173027 0)
(6.35883 0.375095 0)
(6.4837 0.0883528 0)
(6.25866 0.458428 0)
(6.40947 0.176013 0)
(6.1676 0.495632 0)
(6.32274 0.203084 0)
(6.06521 0.503899 0)
(6.21869 0.170277 0)
(5.90242 0.446541 0)
(6.08276 0.0984379 0)
(5.74868 0.438635 0)
(5.95133 0.125852 0)
(5.57461 0.51486 0)
(5.80031 0.198509 0)
(5.40487 0.567301 0)
(5.63028 0.212122 0)
(5.24916 0.541088 0)
(5.47712 0.158294 0)
(5.11553 0.428466 0)
(5.34889 0.0445293 0)
(5.03205 0.287049 0)
(5.26904 -0.0318875 0)
(5.01059 0.193033 0)
(5.22423 -0.0532044 0)
(5.02797 0.123745 0)
(5.19993 -0.05566 0)
(5.07043 0.0722668 0)
(5.18959 -0.0251255 0)
(5.11455 0.0764276 0)
(5.18669 0.0695092 0)
(5.1433 0.161342 0)
(5.19268 0.226044 0)
(5.15081 0.318809 0)
(5.20471 0.432439 0)
(5.14155 0.540659 0)
(5.22028 0.692986 0)
(5.11835 0.834358 0)
(5.22837 1.03196 0)
(5.08171 1.22851 0)
(5.17463 1.48395 0)
(5.03713 1.76446 0)
(4.91832 2.09939 0)
(4.97126 2.47935 0)
(4.23707 2.9995 0)
(4.37179 3.40598 0)
(3.16191 3.80759 0)
(1.85847 4.69615 0)
(0.388002 1.17572 0)
(0.929443 0.960153 0)
(1.36403 0.650506 0)
(1.65557 0.305596 0)
(1.91489 0.0339829 0)
(2.34879 -0.112082 0)
(2.81565 -0.135309 0)
(3.09349 -0.170141 0)
(3.86788 -0.240863 0)
(4.22729 -0.226776 0)
(4.972 -0.322513 0)
(5.23202 -0.509566 0)
(5.67077 -0.792564 0)
(5.88655 -0.970688 0)
(6.15852 -1.13175 0)
(6.46435 -1.37681 0)
(6.74132 -1.58213 0)
(7.03303 -1.75321 0)
(7.37424 -1.94801 0)
(7.70082 -2.09634 0)
(8.04088 -2.25331 0)
(8.33839 -2.34871 0)
(8.54482 -2.41148 0)
(8.66355 -2.38928 0)
(8.7514 -2.35803 0)
(8.90083 -2.31101 0)
(9.0431 -2.28616 0)
(9.15129 -2.19537 0)
(9.12313 -2.08518 0)
(9.03521 -1.86967 0)
(8.83375 -1.64709 0)
(8.69384 -1.37498 0)
(8.48758 -1.16283 0)
(8.41114 -0.915685 0)
(8.22867 -0.742767 0)
(8.16717 -0.504 0)
(7.96389 -0.368903 0)
(7.91055 -0.154142 0)
(7.68587 -0.0662646 0)
(7.67833 0.083019 0)
(7.4307 0.120055 0)
(7.47398 0.212915 0)
(7.24819 0.178483 0)
(7.2815 0.264784 0)
(7.04955 0.157151 0)
(7.14979 0.225518 0)
(6.90328 0.0883602 0)
(6.98504 0.212446 0)
(6.73105 0.0525132 0)
(6.77569 0.232206 0)
(6.6204 0.0273663 0)
(6.60154 0.295825 0)
(6.54009 0.0243816 0)
(6.42364 0.419074 0)
(6.50072 0.0786174 0)
(6.27931 0.52333 0)
(6.46366 0.147904 0)
(6.19492 0.566668 0)
(6.39482 0.173645 0)
(6.11063 0.574978 0)
(6.31235 0.149993 0)
(5.9641 0.52474 0)
(6.186 0.0726865 0)
(5.82473 0.524624 0)
(6.05713 0.0992833 0)
(5.66548 0.610675 0)
(5.9017 0.167076 0)
(5.5108 0.674432 0)
(5.74794 0.17287 0)
(5.36829 0.6527 0)
(5.61088 0.108921 0)
(5.247 0.541126 0)
(5.49532 -0.0169873 0)
(5.17142 0.395037 0)
(5.4156 -0.107891 0)
(5.15205 0.294847 0)
(5.36133 -0.139137 0)
(5.17018 0.21948 0)
(5.31995 -0.143782 0)
(5.20497 0.160972 0)
(5.28627 -0.104599 0)
(5.23412 0.156454 0)
(5.25309 0.00261687 0)
(5.24624 0.227771 0)
(5.22472 0.172168 0)
(5.24933 0.372323 0)
(5.2016 0.390605 0)
(5.25252 0.583093 0)
(5.17827 0.661693 0)
(5.2662 0.869821 0)
(5.14342 1.01178 0)
(5.28932 1.26391 0)
(5.0799 1.48725 0)
(5.24578 1.80943 0)
(4.98501 2.16658 0)
(4.89147 2.58471 0)
(4.8733 3.11933 0)
(4.00079 4.0026 0)
(3.47665 4.55773 0)
(1.18031 5.07288 0)
(0.622695 0.881118 0)
(1.5123 0.622594 0)
(2.26343 0.424624 0)
(2.74527 0.162179 0)
(3.03823 -0.0808065 0)
(3.42875 -0.293795 0)
(3.86603 -0.307076 0)
(4.09349 -0.384501 0)
(4.82862 -0.476561 0)
(5.04487 -0.484566 0)
(5.86737 -0.540141 0)
(6.13291 -0.653825 0)
(6.53614 -0.907248 0)
(6.78946 -1.09442 0)
(7.04996 -1.25958 0)
(7.32735 -1.49026 0)
(7.60765 -1.70928 0)
(7.92873 -1.89701 0)
(8.25785 -2.08588 0)
(8.54341 -2.22723 0)
(8.80804 -2.36658 0)
(9.00988 -2.43864 0)
(9.10557 -2.4619 0)
(9.16464 -2.42704 0)
(9.25938 -2.40794 0)
(9.39284 -2.36575 0)
(9.45287 -2.31393 0)
(9.45343 -2.19169 0)
(9.31628 -2.03494 0)
(9.15833 -1.79604 0)
(8.91862 -1.56787 0)
(8.77003 -1.31158 0)
(8.57224 -1.09965 0)
(8.48223 -0.862514 0)
(8.29458 -0.683601 0)
(8.21289 -0.444378 0)
(7.99782 -0.301655 0)
(7.92285 -0.0940811 0)
(7.69751 -0.0129222 0)
(7.67647 0.1345 0)
(7.43341 0.165385 0)
(7.48233 0.248631 0)
(7.23662 0.221884 0)
(7.29237 0.302081 0)
(7.07299 0.188645 0)
(7.1595 0.256188 0)
(6.93622 0.121815 0)
(6.97551 0.255164 0)
(6.75935 0.0900277 0)
(6.77564 0.267095 0)
(6.63463 0.0513236 0)
(6.63749 0.328802 0)
(6.5103 0.0445587 0)
(6.46164 0.443328 0)
(6.49255 0.0794019 0)
(6.2903 0.558857 0)
(6.50189 0.123775 0)
(6.20248 0.615466 0)
(6.47347 0.14807 0)
(6.1312 0.625277 0)
(6.41274 0.137195 0)
(6.00206 0.584931 0)
(6.32851 0.0623272 0)
(5.87711 0.590188 0)
(6.22262 0.0889354 0)
(5.71792 0.684798 0)
(6.09437 0.151941 0)
(5.55843 0.751222 0)
(5.973 0.149816 0)
(5.42588 0.726135 0)
(5.8589 0.076806 0)
(5.32235 0.614107 0)
(5.76057 -0.0598877 0)
(5.2623 0.463584 0)
(5.69021 -0.161962 0)
(5.2534 0.356579 0)
(5.643 -0.19772 0)
(5.28027 0.273385 0)
(5.60147 -0.197228 0)
(5.31834 0.20448 0)
(5.55478 -0.144113 0)
(5.34302 0.190243 0)
(5.49732 -0.0157062 0)
(5.34814 0.251443 0)
(5.4413 0.172775 0)
(5.34714 0.381171 0)
(5.39871 0.403813 0)
(5.34629 0.577667 0)
(5.37332 0.678331 0)
(5.34829 0.857389 0)
(5.37713 1.02392 0)
(5.34193 1.25303 0)
(5.41011 1.49965 0)
(5.27951 1.81937 0)
(5.39667 2.17712 0)
(5.1613 2.69879 0)
(4.84402 3.10006 0)
(5.05361 4.02292 0)
(4.20412 4.82245 0)
(2.4169 7.02011 0)
(1.38829 0.179208 0)
(2.1535 0.218101 0)
(3.09895 0.117817 0)
(3.78523 -0.0188793 0)
(4.17067 -0.203679 0)
(4.59405 -0.430095 0)
(4.91616 -0.462268 0)
(5.17537 -0.556972 0)
(5.80322 -0.65342 0)
(5.98418 -0.677567 0)
(6.58818 -0.767405 0)
(6.9124 -0.82318 0)
(7.32213 -1.03023 0)
(7.62408 -1.21133 0)
(7.89225 -1.37758 0)
(8.18424 -1.59644 0)
(8.47978 -1.82522 0)
(8.77739 -2.02097 0)
(9.05068 -2.19635 0)
(9.26482 -2.3251 0)
(9.42545 -2.43489 0)
(9.52446 -2.48226 0)
(9.55541 -2.48585 0)
(9.61651 -2.45927 0)
(9.71199 -2.44938 0)
(9.77955 -2.39192 0)
(9.72923 -2.30183 0)
(9.62001 -2.14219 0)
(9.39682 -1.95187 0)
(9.18924 -1.70875 0)
(8.93605 -1.48607 0)
(8.78084 -1.24399 0)
(8.57852 -1.03879 0)
(8.46365 -0.810576 0)
(8.26777 -0.622969 0)
(8.16628 -0.382498 0)
(7.95112 -0.236427 0)
(7.87094 -0.0307598 0)
(7.65579 0.0440089 0)
(7.62487 0.190182 0)
(7.39835 0.204079 0)
(7.43324 0.288175 0)
(7.19088 0.25974 0)
(7.24904 0.335242 0)
(7.05636 0.212215 0)
(7.10546 0.291201 0)
(6.92964 0.154386 0)
(6.90426 0.301576 0)
(6.77174 0.119906 0)
(6.7312 0.311294 0)
(6.61801 0.0680013 0)
(6.61808 0.369844 0)
(6.47623 0.0609701 0)
(6.45969 0.480458 0)
(6.44348 0.0813992 0)
(6.28664 0.60838 0)
(6.47091 0.100215 0)
(6.17542 0.680739 0)
(6.48377 0.104956 0)
(6.10743 0.703553 0)
(6.4508 0.098691 0)
(5.99784 0.662259 0)
(6.39337 0.0228424 0)
(5.88758 0.682766 0)
(6.29874 0.0528649 0)
(5.72199 0.787666 0)
(6.17695 0.101107 0)
(5.57397 0.858849 0)
(6.07358 0.0864505 0)
(5.45694 0.843341 0)
(5.98696 -0.00258844 0)
(5.36962 0.735709 0)
(5.91061 -0.156047 0)
(5.32876 0.585877 0)
(5.85527 -0.273659 0)
(5.34216 0.481819 0)
(5.81203 -0.321448 0)
(5.39052 0.405763 0)
(5.76191 -0.328256 0)
(5.44741 0.343604 0)
(5.69483 -0.277477 0)
(5.48482 0.33329 0)
(5.60322 -0.147696 0)
(5.49262 0.39491 0)
(5.50533 0.047539 0)
(5.48106 0.518906 0)
(5.42588 0.289107 0)
(5.45873 0.703243 0)
(5.38139 0.574868 0)
(5.44237 0.963311 0)
(5.3838 0.935177 0)
(5.45255 1.34565 0)
(5.39051 1.4291 0)
(5.48277 1.935 0)
(5.31047 2.10385 0)
(5.53707 2.90742 0)
(5.23367 3.21406 0)
(4.49062 4.61858 0)
(5.13232 4.92404 0)
(2.2241 7.58572 0)
(5.03025 0.503249 0)
(-1.99075 -0.014692 0)
(1.73284 -0.05574 0)
(1.05131 -0.00691641 0)
(1.67707 -0.0049845 0)
(1.75177 -0.000130776 0)
(1.82619 -0.000130634 0)
(1.87518 0.000207062 0)
(1.89107 0.000271346 0)
(1.91112 -9.49804e-06 0)
(9.88621 0.674516 0)
(-0.682047 0.246235 0)
(4.26167 -0.279348 0)
(3.25029 -0.0290524 0)
(4.12651 -0.0595899 0)
(4.38123 -0.0228301 0)
(4.5468 -0.0138172 0)
(4.67403 -0.00728319 0)
(4.72097 -0.00401563 0)
(4.78263 -0.00274852 0)
(12.8055 1.1389 0)
(2.16614 0.469509 0)
(6.26919 -0.443178 0)
(5.35901 -0.0659174 0)
(6.14659 -0.115518 0)
(6.49628 -0.0601399 0)
(6.70305 -0.0357802 0)
(6.8812 -0.0203256 0)
(6.94808 -0.0122621 0)
(7.04445 -0.00791543 0)
(14.9283 1.44469 0)
(5.38445 0.714114 0)
(8.27585 -0.520896 0)
(7.48427 -0.106861 0)
(8.03604 -0.162915 0)
(8.37351 -0.101973 0)
(8.56814 -0.0627332 0)
(8.76152 -0.0372429 0)
(8.83228 -0.0237903 0)
(8.95023 -0.0151801 0)
(16.1405 1.62164 0)
(8.43324 0.964799 0)
(10.2436 -0.501467 0)
(9.54921 -0.132188 0)
(9.82432 -0.186014 0)
(10.0706 -0.133876 0)
(10.2062 -0.0867093 0)
(10.3725 -0.0534912 0)
(10.4278 -0.035992 0)
(10.5447 -0.0233683 0)
(16.1336 1.44558 0)
(10.7468 1.09262 0)
(11.871 -0.448727 0)
(11.3537 -0.151626 0)
(11.4307 -0.188521 0)
(11.5708 -0.150667 0)
(11.6309 -0.102092 0)
(11.7397 -0.064403 0)
(11.7645 -0.045201 0)
(11.8532 -0.0306126 0)
(15.5836 1.25108 0)
(12.2646 1.1 0)
(12.9889 -0.392878 0)
(12.6927 -0.17972 0)
(12.6913 -0.184137 0)
(12.7694 -0.15644 0)
(12.7868 -0.109304 0)
(12.8422 -0.0688822 0)
(12.8439 -0.0486201 0)
(12.8893 -0.0343782 0)
(14.8988 1.21048 0)
(13.1896 1.07524 0)
(13.661 -0.317813 0)
(13.507 -0.206233 0)
(13.472 -0.180224 0)
(13.5239 -0.157211 0)
(13.5318 -0.113894 0)
(13.5733 -0.0718667 0)
(13.5751 -0.0503094 0)
(13.6072 -0.0362573 0)
(13.9381 1.0836 0)
(13.5256 0.973098 0)
(13.8676 -0.254593 0)
(13.7865 -0.227882 0)
(13.7141 -0.179742 0)
(13.7597 -0.155103 0)
(13.7523 -0.116437 0)
(13.8171 -0.074653 0)
(13.8206 -0.0527226 0)
(13.8877 -0.0389096 0)
(12.7969 0.87603 0)
(13.2718 0.79627 0)
(13.619 -0.214906 0)
(13.6129 -0.243902 0)
(13.5305 -0.184052 0)
(13.5965 -0.153899 0)
(13.5829 -0.118987 0)
(13.6827 -0.0788989 0)
(13.6857 -0.0574121 0)
(13.7941 -0.0441578 0)
(11.9456 0.676934 0)
(12.7638 0.599286 0)
(13.192 -0.19526 0)
(13.2787 -0.257773 0)
(13.2219 -0.195204 0)
(13.3189 -0.156684 0)
(13.319 -0.123974 0)
(13.4488 -0.0856106 0)
(13.4562 -0.0648853 0)
(13.5926 -0.0516956 0)
(11.58 0.548429 0)
(12.3726 0.436101 0)
(12.8737 -0.182534 0)
(13.0311 -0.269408 0)
(13.0186 -0.211161 0)
(13.1263 -0.163197 0)
(13.1494 -0.131022 0)
(13.2878 -0.0939296 0)
(13.3033 -0.0743744 0)
(13.4462 -0.0604838 0)
(11.5195 0.432899 0)
(12.2324 0.29073 0)
(12.783 -0.185887 0)
(12.9558 -0.286205 0)
(13.0066 -0.233906 0)
(13.0791 -0.175668 0)
(13.142 -0.141815 0)
(13.2366 -0.10406 0)
(13.2727 -0.0860717 0)
(13.365 -0.0694767 0)
(11.5011 0.309934 0)
(12.2433 0.155187 0)
(12.8297 -0.196854 0)
(12.9963 -0.302125 0)
(13.0998 -0.255788 0)
(13.0914 -0.188523 0)
(13.1652 -0.150812 0)
(13.1298 -0.110241 0)
(13.161 -0.0928655 0)
(13.1002 -0.0716627 0)
(11.4328 0.164373 0)
(12.284 0.0206996 0)
(12.8807 -0.222901 0)
(13.0471 -0.322824 0)
(13.0537 -0.27236 0)
(12.8824 -0.193418 0)
(12.8089 -0.146182 0)
(12.6017 -0.102925 0)
(12.5519 -0.0838736 0)
(12.3488 -0.0616535 0)
(11.3701 0.0137313 0)
(12.3262 -0.102249 0)
(12.8705 -0.258475 0)
(12.7837 -0.325786 0)
(12.4364 -0.255114 0)
(12.0116 -0.165967 0)
(11.7602 -0.115509 0)
(11.4556 -0.077467 0)
(11.3518 -0.0613011 0)
(11.1054 -0.04483 0)
(11.3307 -0.161271 0)
(12.1623 -0.21496 0)
(12.1931 -0.268611 0)
(11.5868 -0.275535 0)
(10.9247 -0.191363 0)
(10.3808 -0.112117 0)
(10.0762 -0.0735009 0)
(9.77805 -0.0483304 0)
(9.67047 -0.0382621 0)
(9.44243 -0.0286383 0)
(10.8652 -0.299313 0)
(10.8367 -0.229514 0)
(10.2467 -0.197961 0)
(9.38385 -0.174372 0)
(8.66058 -0.10911 0)
(8.16219 -0.0581564 0)
(7.89849 -0.0367668 0)
(7.66484 -0.0243658 0)
(7.57885 -0.0194966 0)
(7.40089 -0.0151607 0)
(8.72242 -0.271434 0)
(7.93996 -0.134933 0)
(7.15837 -0.0940587 0)
(6.38543 -0.0755307 0)
(5.81051 -0.0412869 0)
(5.46514 -0.018918 0)
(5.29658 -0.0115662 0)
(5.15164 -0.00801977 0)
(5.09858 -0.00649262 0)
(4.98523 -0.00556088 0)
(3.87929 -0.132627 0)
(3.29975 -0.014189 0)
(2.84633 -0.00398097 0)
(2.48056 -0.00303734 0)
(2.23184 0.000811601 0)
(2.11139 0.00149303 0)
(2.06277 0.000723551 0)
(2.01831 0.000207109 0)
(2.00198 0.000198623 0)
(1.96325 -0.000203448 0)
)
;

boundaryField
{
    inlet
    {
        type            calculated;
        value           uniform (10 0 0);
    }
    outlet
    {
        type            calculated;
        value           nonuniform List<vector> 
20
(
(1.91112 -9.49804e-06 0)
(4.78263 -0.00274852 0)
(7.04445 -0.00791543 0)
(8.95023 -0.0151801 0)
(10.5447 -0.0233683 0)
(11.8532 -0.0306126 0)
(12.8893 -0.0343782 0)
(13.6072 -0.0362573 0)
(13.8877 -0.0389096 0)
(13.7941 -0.0441578 0)
(13.5926 -0.0516956 0)
(13.4462 -0.0604838 0)
(13.365 -0.0694767 0)
(13.1002 -0.0716627 0)
(12.3488 -0.0616535 0)
(11.1054 -0.04483 0)
(9.44243 -0.0286383 0)
(7.40089 -0.0151607 0)
(4.98523 -0.00556088 0)
(1.96325 -0.000203448 0)
)
;
    }
    walls
    {
        type            calculated;
        value           uniform (0 0 0);
    }
    frontAndBack
    {
        type            empty;
    }
}


// ************************************************************************* //
