/*--------------------------------*- C++ -*----------------------------------*\
| =========                 |                                                 |
| \\      /  F ield         | OpenFOAM: The Open Source CFD Toolbox           |
|  \\    /   O peration     | Version:  2.4.0                                 |
|   \\  /    A nd           | Web:      www.OpenFOAM.org                      |
|    \\/     M anipulation  |                                                 |
\*---------------------------------------------------------------------------*/
FoamFile
{
    version     2.0;
    format      ascii;
    class       volVectorField;
    location    "0.186";
    object      U;
}
// * * * * * * * * * * * * * * * * * * * * * * * * * * * * * * * * * * * * * //

dimensions      [0 1 -1 0 0 0 0];

internalField   nonuniform List<vector> 
4400
(
(5.405 0.316753 0)
(3.31408 0.0607274 0)
(2.58637 0.00141555 0)
(2.23189 -0.00210343 0)
(2.08401 -0.00139684 0)
(1.99896 -0.000965164 0)
(1.95756 -8.3555e-05 0)
(1.91919 -0.000602808 0)
(1.89958 0.00283055 0)
(1.77749 -0.0638997 0)
(8.68957 0.857352 0)
(7.53402 0.344495 0)
(6.63851 0.116203 0)
(5.90534 0.0550932 0)
(5.52788 0.0266451 0)
(5.27628 0.014392 0)
(5.15301 0.010911 0)
(5.02862 0.00425664 0)
(5.0048 0.0167027 0)
(4.86089 -0.0908872 0)
(9.89992 0.93736 0)
(9.97746 0.476789 0)
(9.50865 0.21295 0)
(8.74258 0.130069 0)
(8.28073 0.0744598 0)
(7.91915 0.0434832 0)
(7.74427 0.031425 0)
(7.54054 0.0138383 0)
(7.53196 0.02706 0)
(7.372 -0.0958908 0)
(10.1397 0.807766 0)
(11.0922 0.497331 0)
(11.2944 0.2653 0)
(10.8123 0.197879 0)
(10.4589 0.128993 0)
(10.0914 0.0812209 0)
(9.92117 0.060125 0)
(9.66608 0.0283125 0)
(9.66549 0.0335629 0)
(9.56866 -0.0998106 0)
(10.0805 0.648146 0)
(11.2886 0.435425 0)
(12.0107 0.244837 0)
(11.948 0.219768 0)
(11.8817 0.162503 0)
(11.6605 0.113456 0)
(11.5824 0.0885714 0)
(11.3476 0.0474812 0)
(11.356 0.0336871 0)
(11.3954 -0.117949 0)
(10.0712 0.517227 0)
(11.1926 0.359122 0)
(12.0738 0.183365 0)
(12.2407 0.190022 0)
(12.4414 0.152582 0)
(12.467 0.11763 0)
(12.5624 0.102148 0)
(12.4441 0.0581544 0)
(12.5448 0.0275425 0)
(12.6896 -0.118848 0)
(10.0749 0.398489 0)
(11.1278 0.292486 0)
(12.025 0.129066 0)
(12.2337 0.148704 0)
(12.4671 0.113379 0)
(12.6451 0.0935768 0)
(12.8424 0.0897465 0)
(12.8775 0.0531935 0)
(13.1817 -0.0126915 0)
(13.2248 -0.0182522 0)
(10.0356 0.278029 0)
(11.1194 0.218606 0)
(11.982 0.0789391 0)
(12.2047 0.121027 0)
(12.4212 0.0716659 0)
(12.6034 0.0696089 0)
(12.7935 0.0628851 0)
(12.996 0.0257601 0)
(13.2827 -0.043759 0)
(13.134 0.0176128 0)
(10.0015 0.170058 0)
(11.1445 0.125339 0)
(11.8644 0.04614 0)
(12.1775 0.0818947 0)
(12.4444 0.0399099 0)
(12.5887 0.0370664 0)
(12.788 0.0373709 0)
(13.0163 -0.0107535 0)
(13.1104 -0.038177 0)
(13.0971 -0.0495155 0)
(10.0166 0.0531536 0)
(11.1107 0.0474244 0)
(11.798 0.00911587 0)
(12.2176 0.0390388 0)
(12.4405 -0.00272233 0)
(12.5874 0.014029 0)
(12.7603 0.00873465 0)
(12.9723 -0.0220021 0)
(13.0973 -0.0706518 0)
(13.1552 -0.0689421 0)
(10.0027 -0.0537677 0)
(11.1067 -0.0382362 0)
(11.8438 -0.028751 0)
(12.2067 -0.00701526 0)
(12.408 -0.0305515 0)
(12.5732 -0.0151636 0)
(12.7673 -0.0156855 0)
(12.9915 -0.0537936 0)
(13.1409 -0.0876599 0)
(13.1811 -0.110184 0)
(10.0019 -0.167471 0)
(11.1422 -0.125562 0)
(11.8637 -0.0625107 0)
(12.1738 -0.0427308 0)
(12.4341 -0.0684017 0)
(12.614 -0.047758 0)
(12.8029 -0.0428345 0)
(13.0055 -0.0774793 0)
(13.1443 -0.108372 0)
(13.1581 -0.135668 0)
(10.0278 -0.279796 0)
(11.1401 -0.208793 0)
(11.9008 -0.0967627 0)
(12.2081 -0.0887847 0)
(12.5061 -0.106906 0)
(12.6222 -0.0752921 0)
(12.832 -0.0678827 0)
(13.0009 -0.100629 0)
(13.1473 -0.125274 0)
(13.0805 -0.139519 0)
(10.0355 -0.396654 0)
(11.1525 -0.285102 0)
(11.9932 -0.142341 0)
(12.2475 -0.131561 0)
(12.5529 -0.140278 0)
(12.5989 -0.102168 0)
(12.8636 -0.0946821 0)
(12.9015 -0.118632 0)
(13.0203 -0.13331 0)
(12.8474 -0.168884 0)
(10.0157 -0.515824 0)
(11.24 -0.356018 0)
(12.0579 -0.194881 0)
(12.265 -0.178141 0)
(12.4797 -0.171339 0)
(12.4095 -0.124714 0)
(12.5675 -0.109364 0)
(12.401 -0.121161 0)
(12.4308 -0.128275 0)
(12.1092 -0.175897 0)
(10.0435 -0.64631 0)
(11.3365 -0.434626 0)
(11.9819 -0.251857 0)
(11.9687 -0.211704 0)
(11.8864 -0.176284 0)
(11.6104 -0.118831 0)
(11.5765 -0.0990275 0)
(11.2635 -0.098041 0)
(11.2075 -0.1131 0)
(10.8137 -0.141543 0)
(10.1182 -0.806762 0)
(11.1261 -0.497186 0)
(11.2652 -0.269553 0)
(10.8309 -0.193318 0)
(10.4508 -0.13793 0)
(10.0474 -0.0860115 0)
(9.90816 -0.0691122 0)
(9.55625 -0.067808 0)
(9.47693 -0.0875384 0)
(9.03691 -0.0958643 0)
(9.88884 -0.937047 0)
(9.9992 -0.476742 0)
(9.48473 -0.215323 0)
(8.75624 -0.127673 0)
(8.26917 -0.0795079 0)
(7.88186 -0.0471826 0)
(7.72609 -0.0377979 0)
(7.4165 -0.0401323 0)
(7.33865 -0.0554031 0)
(6.87197 -0.0594205 0)
(8.68433 -0.857283 0)
(7.54548 -0.344366 0)
(6.62357 -0.11727 0)
(5.91271 -0.0541278 0)
(5.51794 -0.0287095 0)
(5.2476 -0.0168023 0)
(5.13092 -0.0139019 0)
(4.91511 -0.0176526 0)
(4.83916 -0.0258032 0)
(4.44386 -0.0257583 0)
(5.40383 -0.316823 0)
(3.3171 -0.0606652 0)
(2.58177 -0.00160798 0)
(2.23298 0.0022632 0)
(2.07942 0.00125176 0)
(1.98393 0.000357898 0)
(1.94015 0.000210844 0)
(1.85647 -0.00151897 0)
(1.80323 -0.00235306 0)
(1.61587 0.00804263 0)
(2.70169 0.0228405 0)
(2.78564 0.00974935 0)
(3.70828 -0.128031 0)
(3.08165 -0.322474 0)
(4.08508 -0.480553 0)
(2.89491 0.0866125 0)
(3.85899 -0.0246726 0)
(4.12892 -0.0369364 0)
(4.4383 0.162293 0)
(5.03131 0.320827 0)
(5.63054 0.282273 0)
(6.18563 0.513198 0)
(7.48865 -0.0273205 0)
(7.30368 -0.476065 0)
(7.60545 -0.541051 0)
(8.83962 -1.25439 0)
(8.76418 -1.78304 0)
(9.17964 -2.0165 0)
(10.5988 -2.61756 0)
(11.1174 -3.1205 0)
(11.3266 -3.5133 0)
(11.859 -4.29747 0)
(11.1489 -3.9393 0)
(9.47485 -2.36186 0)
(9.86447 -1.68047 0)
(9.17244 -0.266947 0)
(8.61185 1.73603 0)
(10.0088 2.26127 0)
(10.8147 2.1552 0)
(11.0985 1.74086 0)
(11.6485 0.581741 0)
(11.3737 -0.60343 0)
(11.1555 -1.7142 0)
(10.9673 -2.60973 0)
(10.3749 -3.22407 0)
(10.0726 -4.24337 0)
(9.34164 -5.30884 0)
(8.12558 -5.50745 0)
(6.39393 -4.95964 0)
(4.88749 -4.43435 0)
(3.46979 -4.64136 0)
(2.96611 -6.01694 0)
(2.69604 -7.64737 0)
(3.97253 -7.36028 0)
(4.93078 -6.15983 0)
(5.69549 -4.28576 0)
(6.39586 -2.08363 0)
(6.44861 -1.23574 0)
(6.92003 -0.941874 0)
(7.12276 -0.249842 0)
(8.00998 0.873523 0)
(8.46785 2.51134 0)
(9.48369 4.3472 0)
(10.1865 6.22066 0)
(11.0436 7.56237 0)
(11.2772 8.15213 0)
(11.2805 7.85015 0)
(10.8981 6.74479 0)
(10.382 5.33315 0)
(10.1811 4.18762 0)
(9.54553 3.03317 0)
(8.8158 2.1235 0)
(7.90285 1.37636 0)
(8.59065 2.14765 0)
(7.62991 1.9722 0)
(8.08985 2.75511 0)
(6.77356 1.81297 0)
(8.02309 3.5487 0)
(7.10825 2.39165 0)
(9.27786 2.93121 0)
(8.39398 1.59644 0)
(10.1782 1.39706 0)
(9.37534 -0.0851003 0)
(9.85691 -1.22185 0)
(8.32839 -1.81704 0)
(8.79446 -1.93658 0)
(7.40217 -3.72797 0)
(8.27713 -3.17132 0)
(6.82505 -4.58878 0)
(8.38978 -3.67725 0)
(7.17812 -3.59311 0)
(8.08228 -3.95212 0)
(7.65534 -3.5696 0)
(8.06072 -1.51683 0)
(6.77539 -4.05999 0)
(7.38904 -5.84747 0)
(8.72903 -4.60988 0)
(8.56324 -3.41523 0)
(8.2123 -2.66823 0)
(8.84021 -0.547816 0)
(8.9497 0.992128 0)
(8.7422 2.00881 0)
(8.55181 4.17355 0)
(8.66849 6.82119 0)
(7.81974 7.97133 0)
(7.11509 7.87244 0)
(6.57627 7.68038 0)
(5.61364 7.97287 0)
(5.75091 7.68713 0)
(3.27686 11.1504 0)
(5.32611 -0.0187798 0)
(5.11285 -0.0355121 0)
(5.88961 -0.16698 0)
(5.37145 -0.303964 0)
(6.15902 -0.482727 0)
(5.48181 -0.0219161 0)
(5.94997 -0.0775546 0)
(6.36139 -0.156801 0)
(6.1937 0.068642 0)
(7.02318 0.123043 0)
(7.12991 0.0797131 0)
(7.3499 0.205712 0)
(8.85076 -0.277344 0)
(8.72157 -0.562547 0)
(8.99003 -0.867079 0)
(10.305 -1.5767 0)
(10.6099 -1.90376 0)
(10.8721 -2.28674 0)
(12.0321 -2.88758 0)
(12.2674 -3.27957 0)
(12.3641 -3.61715 0)
(12.7428 -4.06728 0)
(11.7078 -3.56521 0)
(10.3125 -2.03468 0)
(10.4683 -1.47501 0)
(10.0002 -0.270034 0)
(9.60158 1.53444 0)
(10.6353 2.00808 0)
(11.2795 1.97554 0)
(11.6021 1.59939 0)
(12.0365 0.567745 0)
(11.7241 -0.526749 0)
(11.49 -1.63425 0)
(11.0995 -2.43352 0)
(10.4362 -3.01603 0)
(10.0135 -4.00211 0)
(9.25822 -4.89827 0)
(7.84427 -4.86564 0)
(5.99576 -4.24845 0)
(4.3862 -3.75276 0)
(2.76325 -4.19106 0)
(2.17356 -5.93796 0)
(1.74391 -7.87798 0)
(2.5977 -7.91971 0)
(4.0095 -6.48149 0)
(4.39774 -4.57254 0)
(5.31192 -2.31316 0)
(5.54429 -1.44608 0)
(5.97843 -1.1874 0)
(6.38006 -0.47875 0)
(7.33678 0.662868 0)
(7.69195 2.29297 0)
(8.52089 4.03721 0)
(9.13938 5.87135 0)
(10.101 7.30639 0)
(10.5631 8.03691 0)
(10.6717 7.88972 0)
(10.4074 6.89168 0)
(10.1338 5.45417 0)
(10.1602 4.34003 0)
(9.59132 3.23852 0)
(9.10158 2.48284 0)
(7.76671 1.41909 0)
(8.77233 2.17282 0)
(7.88174 2.04947 0)
(8.5679 2.88406 0)
(7.10764 1.848 0)
(8.46968 3.46693 0)
(7.11546 2.21134 0)
(9.47267 2.5287 0)
(8.77733 1.43326 0)
(10.1515 1.22537 0)
(10.0187 -0.00678311 0)
(9.73021 -1.04993 0)
(8.83677 -1.51565 0)
(8.64157 -1.89813 0)
(7.85718 -3.58432 0)
(8.44098 -3.0492 0)
(7.36613 -4.52878 0)
(8.44612 -3.68483 0)
(7.31492 -3.73333 0)
(8.21364 -4.07426 0)
(6.94893 -3.63125 0)
(8.23371 -1.27335 0)
(6.73464 -4.04233 0)
(7.35314 -6.02813 0)
(8.43038 -4.76643 0)
(8.24128 -3.35966 0)
(7.94074 -2.60231 0)
(8.52132 -0.692319 0)
(8.6165 0.996752 0)
(8.64609 2.09217 0)
(8.33459 4.06704 0)
(8.71502 6.76546 0)
(7.84175 8.13196 0)
(7.19867 8.222 0)
(6.57278 7.82349 0)
(5.77399 8.38363 0)
(7.14382 7.60177 0)
(4.85888 11.8701 0)
(7.74006 -0.14657 0)
(7.38562 -0.108598 0)
(8.01099 -0.2147 0)
(7.60388 -0.289711 0)
(8.19928 -0.493357 0)
(7.83314 -0.166041 0)
(8.0607 -0.160581 0)
(8.66106 -0.223007 0)
(8.12624 -0.010528 0)
(9.11962 -0.0969338 0)
(9.14074 -0.00705154 0)
(9.16975 0.0284276 0)
(10.4141 -0.580797 0)
(10.4131 -0.70544 0)
(10.8577 -1.00331 0)
(11.816 -1.83661 0)
(11.9861 -2.12326 0)
(12.3935 -2.51599 0)
(13.0676 -3.07498 0)
(13.1282 -3.31512 0)
(13.1105 -3.65738 0)
(13.1377 -3.84003 0)
(11.8005 -3.20449 0)
(10.6769 -1.87217 0)
(10.9557 -1.30535 0)
(10.6001 -0.241914 0)
(10.272 1.35799 0)
(11.0981 1.8213 0)
(11.6009 1.84105 0)
(11.8891 1.4595 0)
(12.2093 0.556022 0)
(11.8447 -0.422199 0)
(11.6804 -1.49326 0)
(11.1863 -2.19141 0)
(10.4183 -2.74131 0)
(9.91808 -3.7064 0)
(9.05653 -4.45107 0)
(7.50636 -4.2282 0)
(5.66103 -3.49533 0)
(3.86927 -3.02576 0)
(2.24318 -3.68436 0)
(1.34365 -5.75244 0)
(0.732346 -7.91127 0)
(1.1582 -8.38364 0)
(2.88969 -6.75166 0)
(2.97187 -4.77499 0)
(4.07244 -2.5567 0)
(4.58036 -1.66085 0)
(4.72505 -1.43124 0)
(5.45665 -0.747278 0)
(6.40586 0.455096 0)
(6.84115 2.13052 0)
(7.56164 3.73119 0)
(8.05901 5.51156 0)
(9.10024 6.98747 0)
(9.51738 7.86449 0)
(9.96831 7.82682 0)
(10.0284 6.8871 0)
(9.73656 5.48327 0)
(9.92857 4.51052 0)
(9.36887 3.42519 0)
(9.25258 2.86804 0)
(7.70828 1.55144 0)
(8.79206 2.09284 0)
(8.05014 2.10901 0)
(8.99375 3.01909 0)
(7.47101 1.88933 0)
(9.01669 3.34322 0)
(7.16233 2.11775 0)
(9.4427 2.06495 0)
(9.03087 1.30348 0)
(10.0198 0.995518 0)
(10.1738 0.0648757 0)
(9.63493 -0.908549 0)
(9.03402 -1.27372 0)
(9.08254 -1.65709 0)
(7.9935 -3.44035 0)
(8.6548 -3.12243 0)
(7.70913 -4.51636 0)
(8.46388 -3.61693 0)
(7.59933 -3.69789 0)
(8.45782 -3.67875 0)
(6.25582 -3.56515 0)
(8.40808 -1.29032 0)
(6.54854 -3.9258 0)
(7.21151 -6.24856 0)
(8.08879 -4.97994 0)
(8.01553 -3.31757 0)
(7.7227 -2.60411 0)
(8.04944 -0.848192 0)
(8.3898 0.934476 0)
(8.38681 2.21708 0)
(8.08771 4.28677 0)
(8.35733 6.99329 0)
(7.73786 8.45848 0)
(7.16413 8.59253 0)
(7.16496 7.87825 0)
(5.65922 8.71743 0)
(8.20673 6.99795 0)
(6.19285 11.8852 0)
(9.83848 -0.176818 0)
(9.4592 -0.093876 0)
(9.87486 -0.221876 0)
(9.5055 -0.282604 0)
(9.98426 -0.497213 0)
(9.73129 -0.280499 0)
(9.89561 -0.286342 0)
(10.5265 -0.297686 0)
(10.0432 -0.0220446 0)
(10.9795 -0.266116 0)
(10.9326 -0.149726 0)
(10.9674 -0.11629 0)
(12.0459 -0.748696 0)
(11.9297 -0.8845 0)
(12.371 -1.20208 0)
(13.1687 -1.97646 0)
(13.0828 -2.27439 0)
(13.4624 -2.65485 0)
(13.7574 -3.09814 0)
(13.589 -3.29188 0)
(13.5488 -3.62488 0)
(13.22 -3.49516 0)
(11.9622 -2.67595 0)
(11.1764 -1.72467 0)
(11.3631 -1.2482 0)
(10.8998 -0.187283 0)
(10.5515 1.25409 0)
(11.2405 1.66797 0)
(11.5477 1.70729 0)
(11.9327 1.33484 0)
(12.1057 0.598805 0)
(11.7654 -0.32273 0)
(11.6915 -1.33982 0)
(11.1014 -1.89972 0)
(10.1958 -2.45908 0)
(9.70147 -3.43818 0)
(8.82187 -3.9702 0)
(7.17416 -3.53698 0)
(5.29 -2.71097 0)
(3.4048 -2.29981 0)
(1.77085 -3.13364 0)
(0.615857 -5.40217 0)
(-0.0884792 -7.8696 0)
(0.0235909 -8.84535 0)
(1.88503 -6.97545 0)
(1.86704 -4.91268 0)
(3.06906 -2.82756 0)
(3.56158 -1.82969 0)
(3.50151 -1.64337 0)
(4.36361 -1.05276 0)
(5.29155 0.224587 0)
(5.86884 1.94986 0)
(6.52456 3.47934 0)
(6.9326 5.25092 0)
(7.93685 6.72583 0)
(8.51833 7.53047 0)
(9.25655 7.58676 0)
(9.35487 6.94172 0)
(9.06446 5.48849 0)
(9.68651 4.59226 0)
(9.14142 3.51433 0)
(9.25326 3.12819 0)
(7.69007 1.71557 0)
(8.71556 1.9689 0)
(8.0944 2.0517 0)
(9.34476 3.02231 0)
(7.74437 1.95971 0)
(9.58447 3.32873 0)
(7.35121 2.23111 0)
(9.29702 1.59625 0)
(9.02645 1.17463 0)
(9.93154 0.824571 0)
(10.0457 0.10417 0)
(9.77862 -0.695906 0)
(8.90711 -1.06893 0)
(9.61728 -1.63667 0)
(7.95177 -3.30238 0)
(9.34106 -3.09538 0)
(8.19201 -4.23883 0)
(8.62109 -3.54907 0)
(7.68202 -3.78685 0)
(8.42622 -3.45896 0)
(5.53546 -3.49858 0)
(8.39965 -1.47643 0)
(6.19635 -3.87999 0)
(6.83013 -6.23519 0)
(7.73195 -5.25376 0)
(7.45167 -3.33946 0)
(7.21417 -2.51314 0)
(7.54758 -0.932607 0)
(8.04243 0.788977 0)
(7.86192 2.17141 0)
(8.09511 4.20209 0)
(7.76265 6.90813 0)
(7.7671 8.45058 0)
(6.95622 8.86483 0)
(7.98622 7.73825 0)
(5.77288 9.11587 0)
(9.08342 6.33842 0)
(7.15734 11.5395 0)
(11.45 -0.149416 0)
(11.1879 -0.0411521 0)
(11.4214 -0.200336 0)
(11.1224 -0.281248 0)
(11.5352 -0.467705 0)
(11.2241 -0.357768 0)
(11.4761 -0.415783 0)
(11.8768 -0.373459 0)
(11.5489 -0.116474 0)
(12.3568 -0.401164 0)
(12.3661 -0.240851 0)
(12.4728 -0.240281 0)
(13.241 -0.862532 0)
(13.1339 -1.03321 0)
(13.5261 -1.35912 0)
(13.9547 -2.02463 0)
(13.827 -2.36044 0)
(13.9723 -2.73446 0)
(13.9783 -3.09289 0)
(13.8185 -3.26238 0)
(13.6867 -3.45806 0)
(12.9115 -3.13825 0)
(11.9425 -2.39526 0)
(11.8557 -1.69364 0)
(11.79 -1.0816 0)
(10.9977 0.0361561 0)
(10.7416 1.17838 0)
(11.1383 1.55721 0)
(11.2212 1.62888 0)
(11.7111 1.22513 0)
(11.6424 0.620125 0)
(11.5559 -0.267237 0)
(11.4958 -1.20989 0)
(10.6553 -1.63806 0)
(9.85679 -2.21134 0)
(9.51248 -3.14159 0)
(8.58764 -3.4581 0)
(6.88397 -2.82661 0)
(4.95051 -1.90883 0)
(3.05631 -1.54353 0)
(1.27103 -2.54338 0)
(0.207362 -5.02609 0)
(-0.772675 -7.76574 0)
(-1.03655 -9.24382 0)
(0.662558 -7.37492 0)
(1.14325 -5.13729 0)
(2.23017 -3.16062 0)
(2.67911 -1.99832 0)
(2.61768 -1.87059 0)
(3.3792 -1.36853 0)
(4.094 -0.000427995 0)
(4.75728 1.70519 0)
(5.38735 3.24796 0)
(5.81425 5.00943 0)
(6.84828 6.38074 0)
(7.37032 7.19241 0)
(8.08661 7.42954 0)
(8.68988 6.89246 0)
(8.41192 5.39746 0)
(9.26507 4.62053 0)
(8.74759 3.61031 0)
(9.08888 3.35763 0)
(7.64885 1.92837 0)
(8.49259 1.84002 0)
(7.96605 1.93159 0)
(9.58831 3.00359 0)
(7.83881 1.90586 0)
(10.1154 3.22816 0)
(7.90009 2.4782 0)
(9.20276 1.26833 0)
(9.10491 0.926868 0)
(9.85939 0.724941 0)
(9.7988 0.138986 0)
(9.959 -0.603943 0)
(8.74861 -0.928586 0)
(10.1326 -1.40492 0)
(8.02542 -3.19644 0)
(9.78768 -3.36788 0)
(8.4146 -4.06281 0)
(9.04384 -3.50128 0)
(8.06781 -3.57168 0)
(8.45058 -2.85883 0)
(5.28945 -3.27532 0)
(7.93436 -1.6982 0)
(5.82037 -3.80312 0)
(6.33485 -6.37532 0)
(7.06939 -5.19345 0)
(6.78186 -3.30142 0)
(6.52578 -2.60674 0)
(6.95697 -0.940101 0)
(7.15021 0.799974 0)
(7.40181 2.33829 0)
(7.51958 4.39087 0)
(7.22237 7.01644 0)
(7.35378 8.37133 0)
(6.75918 9.07294 0)
(8.02141 7.42745 0)
(5.8896 9.46063 0)
(9.87683 5.42124 0)
(8.00023 10.925 0)
(12.4758 -0.15116 0)
(12.4066 -0.0275116 0)
(12.5039 -0.161171 0)
(12.3973 -0.308532 0)
(12.6881 -0.443723 0)
(12.4045 -0.394914 0)
(12.7285 -0.515173 0)
(12.8312 -0.431237 0)
(12.6972 -0.222478 0)
(13.2564 -0.466399 0)
(13.2148 -0.360836 0)
(13.4754 -0.398165 0)
(13.9131 -0.86754 0)
(13.826 -1.14901 0)
(14.1591 -1.47119 0)
(14.1861 -1.9821 0)
(14.0859 -2.41862 0)
(14.1387 -2.72871 0)
(13.9021 -2.99799 0)
(13.7624 -3.21172 0)
(13.5703 -3.25912 0)
(12.7824 -2.74766 0)
(12.2251 -2.222 0)
(12.3803 -1.76636 0)
(11.8909 -0.905185 0)
(11.0716 0.268078 0)
(10.9618 1.15769 0)
(10.9505 1.56431 0)
(11.0564 1.54619 0)
(11.376 1.15166 0)
(11.181 0.653662 0)
(11.3823 -0.261793 0)
(11.067 -1.04553 0)
(10.1471 -1.34876 0)
(9.65137 -1.98828 0)
(9.39649 -2.8675 0)
(8.31213 -2.94057 0)
(6.54493 -2.10098 0)
(4.63509 -1.12455 0)
(2.7979 -0.795945 0)
(0.984021 -1.9532 0)
(-0.124477 -4.61299 0)
(-1.33809 -7.4995 0)
(-2.05177 -9.32989 0)
(-0.844479 -7.93679 0)
(0.314196 -5.51419 0)
(1.26875 -3.51459 0)
(1.80813 -2.22717 0)
(1.90969 -2.11372 0)
(2.42421 -1.62919 0)
(2.92167 -0.209312 0)
(3.63313 1.43332 0)
(4.24735 3.01341 0)
(4.67504 4.79269 0)
(5.6011 6.08778 0)
(6.303 6.80716 0)
(7.01513 7.05637 0)
(7.93158 6.7452 0)
(7.67835 5.26395 0)
(8.84359 4.53243 0)
(8.21515 3.62416 0)
(8.82213 3.44302 0)
(7.5816 2.15402 0)
(8.35216 1.7313 0)
(7.5417 1.69174 0)
(9.7909 2.93009 0)
(7.86164 1.86759 0)
(10.3681 3.11335 0)
(8.54805 2.76911 0)
(9.16708 1.14128 0)
(9.31783 0.739781 0)
(9.80472 0.656457 0)
(9.66994 0.0742455 0)
(10.1617 -0.39839 0)
(8.52876 -0.95673 0)
(10.3385 -1.43899 0)
(8.38738 -3.06134 0)
(10.1948 -3.43434 0)
(8.71927 -3.77555 0)
(9.20613 -3.4269 0)
(8.12637 -3.47926 0)
(8.23209 -2.42908 0)
(5.58795 -2.92693 0)
(7.12237 -1.72997 0)
(5.80893 -3.64719 0)
(5.66337 -6.47172 0)
(6.49155 -5.25687 0)
(6.24832 -3.15786 0)
(5.58816 -2.76039 0)
(6.47246 -1.05415 0)
(6.66003 0.544113 0)
(7.14401 2.22634 0)
(6.70239 4.35918 0)
(6.9882 7.10404 0)
(6.89802 8.17946 0)
(6.44561 9.33376 0)
(8.1896 7.09585 0)
(5.57146 9.79655 0)
(10.2021 4.43075 0)
(8.69193 10.317 0)
(12.9484 -0.175191 0)
(13.0345 -0.132274 0)
(13.0587 -0.217966 0)
(13.2377 -0.392777 0)
(13.3686 -0.446913 0)
(13.1948 -0.460815 0)
(13.4408 -0.58325 0)
(13.3479 -0.440496 0)
(13.3392 -0.352568 0)
(13.6035 -0.503935 0)
(13.5794 -0.430638 0)
(13.8514 -0.540927 0)
(13.9823 -0.852649 0)
(14.0275 -1.23573 0)
(14.1654 -1.54962 0)
(14.0468 -1.91833 0)
(14.0256 -2.44345 0)
(13.9672 -2.71401 0)
(13.7633 -2.94366 0)
(13.6623 -3.12964 0)
(13.302 -3.03179 0)
(12.7706 -2.60125 0)
(12.7704 -2.24774 0)
(12.7764 -1.67693 0)
(11.8893 -0.576159 0)
(11.2905 0.441921 0)
(11.2222 1.19239 0)
(11.0319 1.60277 0)
(11.1543 1.48306 0)
(11.1212 1.17499 0)
(10.9974 0.637786 0)
(11.1646 -0.233874 0)
(10.5672 -0.73549 0)
(9.81645 -1.07861 0)
(9.56268 -1.85836 0)
(9.27878 -2.54631 0)
(8.0253 -2.33549 0)
(6.197 -1.36177 0)
(4.36642 -0.36584 0)
(2.63539 -0.0747649 0)
(0.967637 -1.35085 0)
(-0.297429 -4.11261 0)
(-1.61026 -7.14187 0)
(-2.7028 -9.21755 0)
(-2.22841 -8.45223 0)
(-0.557453 -6.0026 0)
(0.0707734 -3.80799 0)
(0.762072 -2.43237 0)
(1.0283 -2.29128 0)
(1.30565 -1.76074 0)
(1.76614 -0.370749 0)
(2.36748 1.18155 0)
(3.00249 2.90701 0)
(3.43363 4.53911 0)
(4.55427 5.67531 0)
(5.08877 6.46592 0)
(5.79861 6.74949 0)
(7.13356 6.4804 0)
(6.97362 5.07204 0)
(8.18996 4.46945 0)
(7.72766 3.71032 0)
(8.5088 3.43849 0)
(7.32302 2.30499 0)
(8.34839 1.77253 0)
(6.89994 1.42485 0)
(9.68684 2.7587 0)
(8.0878 1.79689 0)
(10.2193 2.88366 0)
(9.19921 3.00741 0)
(9.48623 1.13236 0)
(9.48003 0.502716 0)
(9.87472 0.696141 0)
(9.72299 0.002546 0)
(10.2558 -0.303524 0)
(8.67822 -0.777871 0)
(10.3259 -1.51126 0)
(8.90388 -3.0494 0)
(10.105 -3.59644 0)
(8.93212 -3.59098 0)
(9.26347 -3.32169 0)
(8.21433 -3.10607 0)
(7.89018 -2.05033 0)
(5.8255 -2.50408 0)
(5.97369 -1.63354 0)
(5.94428 -3.73536 0)
(4.84404 -6.47395 0)
(5.81042 -5.28532 0)
(5.65566 -3.01453 0)
(4.81674 -2.99227 0)
(5.90221 -1.14773 0)
(6.09783 0.33772 0)
(6.22789 2.44871 0)
(6.08606 4.39466 0)
(6.36674 7.21827 0)
(7.15384 7.91001 0)
(5.73953 9.65458 0)
(8.76245 6.68877 0)
(5.5999 9.85991 0)
(9.76937 3.37893 0)
(9.18215 9.52339 0)
(13.1017 -0.191534 0)
(13.1883 -0.176278 0)
(13.2861 -0.245927 0)
(13.5995 -0.421557 0)
(13.6384 -0.441558 0)
(13.5304 -0.482238 0)
(13.5455 -0.537259 0)
(13.3753 -0.43794 0)
(13.4044 -0.429623 0)
(13.3852 -0.455482 0)
(13.5041 -0.49156 0)
(13.6565 -0.644495 0)
(13.6723 -0.83421 0)
(13.9595 -1.28491 0)
(13.8954 -1.58005 0)
(13.7994 -1.88372 0)
(13.9419 -2.47441 0)
(13.8326 -2.67174 0)
(13.6714 -2.82895 0)
(13.5677 -3.03656 0)
(13.301 -2.86519 0)
(12.9885 -2.56633 0)
(12.9771 -2.28416 0)
(12.6195 -1.51996 0)
(11.7892 -0.32388 0)
(11.6119 0.523313 0)
(11.5 1.21864 0)
(11.2816 1.63722 0)
(11.3281 1.50672 0)
(11.0794 1.21935 0)
(10.951 0.669914 0)
(10.7862 -0.0448837 0)
(10.1324 -0.459279 0)
(9.70576 -0.92897 0)
(9.4946 -1.72536 0)
(9.01163 -2.20847 0)
(7.63011 -1.73302 0)
(5.82487 -0.64553 0)
(4.11943 0.33403 0)
(2.55451 0.567646 0)
(1.09836 -0.776115 0)
(-0.00932217 -3.56795 0)
(-1.59659 -6.68629 0)
(-3.06569 -8.98766 0)
(-3.27792 -8.8477 0)
(-1.35006 -6.35486 0)
(-0.976201 -4.06473 0)
(-0.256797 -2.65134 0)
(0.0829399 -2.40038 0)
(0.074597 -1.88161 0)
(0.668279 -0.529234 0)
(1.05208 0.905825 0)
(1.7142 2.74338 0)
(2.32588 4.21762 0)
(3.20743 5.33976 0)
(4.04173 6.13867 0)
(4.79951 6.2629 0)
(6.2054 6.15746 0)
(6.21113 4.87858 0)
(7.70955 4.27539 0)
(7.21477 3.59873 0)
(8.16554 3.41016 0)
(6.98036 2.40023 0)
(8.36004 1.82234 0)
(6.51389 1.17829 0)
(9.21211 2.42611 0)
(8.48643 1.73724 0)
(9.81421 2.71187 0)
(9.40695 3.04385 0)
(10.0201 1.2861 0)
(9.63907 0.460263 0)
(9.78005 0.656548 0)
(9.92349 -0.0248708 0)
(10.0798 -0.151298 0)
(9.08697 -0.746644 0)
(10.177 -1.62254 0)
(9.52699 -2.94803 0)
(9.99255 -3.50579 0)
(9.09472 -3.29774 0)
(8.96126 -3.21717 0)
(8.11864 -2.84152 0)
(7.56572 -1.60613 0)
(5.94706 -1.96389 0)
(4.97825 -1.66431 0)
(6.05317 -3.79687 0)
(3.97252 -6.27961 0)
(5.17138 -5.15196 0)
(5.08781 -2.86762 0)
(4.01187 -3.08037 0)
(5.03857 -1.15383 0)
(4.94472 0.227473 0)
(5.40813 2.54435 0)
(5.62813 4.25613 0)
(5.44284 7.10926 0)
(7.27103 7.54801 0)
(5.1631 9.76671 0)
(9.31279 6.03064 0)
(6.26358 9.83145 0)
(9.0771 3.02471 0)
(9.37666 8.7344 0)
(13.1597 -0.185348 0)
(13.285 -0.180693 0)
(13.4614 -0.260275 0)
(13.7361 -0.420699 0)
(13.724 -0.447486 0)
(13.4065 -0.44786 0)
(13.2987 -0.457526 0)
(13.2341 -0.412317 0)
(13.1213 -0.454023 0)
(13.0849 -0.461922 0)
(13.4206 -0.532219 0)
(13.4245 -0.720081 0)
(13.5479 -0.896572 0)
(13.8886 -1.31093 0)
(13.7114 -1.59557 0)
(13.7684 -1.88104 0)
(13.8844 -2.44144 0)
(13.6607 -2.62403 0)
(13.6002 -2.75618 0)
(13.4499 -2.98015 0)
(13.156 -2.83224 0)
(13.0093 -2.5583 0)
(12.8339 -2.14005 0)
(12.1613 -1.23105 0)
(11.6517 -0.19769 0)
(11.7626 0.539307 0)
(11.4031 1.31141 0)
(11.232 1.6952 0)
(11.296 1.5541 0)
(10.8287 1.29659 0)
(10.5988 0.763625 0)
(10.3666 0.17818 0)
(9.88125 -0.260936 0)
(9.58391 -0.885866 0)
(9.32014 -1.58893 0)
(8.66961 -1.77364 0)
(7.16269 -1.08039 0)
(5.45965 0.0426714 0)
(3.93506 0.952167 0)
(2.60626 1.12497 0)
(1.4328 -0.258993 0)
(0.514134 -2.98695 0)
(-1.25956 -6.06767 0)
(-3.12389 -8.59021 0)
(-4.09081 -9.18542 0)
(-2.25495 -6.60947 0)
(-1.70825 -4.22612 0)
(-0.995828 -2.88215 0)
(-0.757728 -2.5028 0)
(-1.09835 -2.0032 0)
(-0.45758 -0.699009 0)
(-0.314895 0.714019 0)
(0.355821 2.5473 0)
(1.07365 3.86841 0)
(2.01887 4.97179 0)
(3.131 5.73899 0)
(3.5727 5.85437 0)
(5.54693 5.72346 0)
(5.45874 4.51177 0)
(7.17561 4.08527 0)
(6.46425 3.57778 0)
(7.62051 3.30717 0)
(6.62572 2.40792 0)
(8.14728 1.93045 0)
(6.36245 1.05336 0)
(8.49395 1.93432 0)
(8.84835 1.61203 0)
(9.34069 2.60542 0)
(9.259 2.79729 0)
(10.2721 1.23522 0)
(9.82437 0.542423 0)
(9.71084 0.570187 0)
(10.0377 -0.130776 0)
(9.86049 -0.0250953 0)
(9.4848 -0.687438 0)
(10.1958 -1.75731 0)
(9.87347 -2.91734 0)
(9.65776 -3.4604 0)
(9.24469 -3.11064 0)
(8.87334 -2.89431 0)
(7.97156 -2.53817 0)
(7.17145 -1.16985 0)
(5.7249 -1.45341 0)
(4.58826 -1.73986 0)
(5.86458 -3.74471 0)
(3.27512 -6.13836 0)
(4.60764 -5.04781 0)
(4.70474 -2.76725 0)
(3.41723 -3.19011 0)
(4.18043 -1.07243 0)
(4.0993 -0.136319 0)
(4.66355 2.53789 0)
(4.88544 4.02814 0)
(4.37577 7.13258 0)
(6.63758 7.00183 0)
(4.88495 9.8979 0)
(9.5224 5.15331 0)
(7.19804 10.0806 0)
(9.19044 3.17029 0)
(9.36322 7.74868 0)
(13.229 -0.17348 0)
(13.4244 -0.221702 0)
(13.4207 -0.257683 0)
(13.5546 -0.384752 0)
(13.4355 -0.380521 0)
(13.1123 -0.344373 0)
(13.1721 -0.421443 0)
(13.2646 -0.429104 0)
(13.189 -0.467312 0)
(13.2531 -0.517356 0)
(13.5288 -0.596397 0)
(13.4879 -0.792599 0)
(13.5611 -0.948113 0)
(13.674 -1.27296 0)
(13.5381 -1.60589 0)
(13.6657 -1.89964 0)
(13.6712 -2.35729 0)
(13.4419 -2.56383 0)
(13.3609 -2.73067 0)
(13.1559 -2.89123 0)
(12.7861 -2.7319 0)
(12.4802 -2.47544 0)
(12.0917 -1.93552 0)
(11.4686 -1.00779 0)
(11.2832 -0.175233 0)
(11.2749 0.619832 0)
(10.782 1.48738 0)
(10.8026 1.74616 0)
(10.6795 1.64165 0)
(10.1671 1.46138 0)
(10.123 0.909089 0)
(9.88588 0.310105 0)
(9.58283 -0.183014 0)
(9.39071 -0.782952 0)
(9.00073 -1.32268 0)
(8.16652 -1.28444 0)
(6.64932 -0.430745 0)
(5.14024 0.648536 0)
(3.83955 1.46458 0)
(2.81553 1.58014 0)
(1.96594 0.184439 0)
(1.12931 -2.4069 0)
(-0.516755 -5.32182 0)
(-2.79217 -7.94634 0)
(-4.50121 -9.22082 0)
(-3.47035 -7.07939 0)
(-2.12711 -4.43439 0)
(-1.73156 -3.09144 0)
(-1.63202 -2.48496 0)
(-2.16261 -1.96112 0)
(-1.64399 -0.787396 0)
(-1.60308 0.588388 0)
(-0.881822 2.28804 0)
(-0.20848 3.45284 0)
(0.781079 4.63087 0)
(1.97829 5.32756 0)
(2.7066 5.29446 0)
(4.61618 5.26871 0)
(4.41482 4.24301 0)
(6.56832 3.90763 0)
(5.58948 3.46258 0)
(7.09711 3.14905 0)
(6.23623 2.33108 0)
(7.86733 1.88574 0)
(6.42892 1.0142 0)
(7.81989 1.35793 0)
(8.9274 1.39787 0)
(8.86987 2.56581 0)
(9.0558 2.50182 0)
(10.2577 1.12567 0)
(9.69576 0.662304 0)
(9.82932 0.56436 0)
(10.0607 -0.109272 0)
(9.69093 0.014475 0)
(9.67763 -0.689917 0)
(10.3696 -1.90421 0)
(9.9696 -2.74444 0)
(9.63762 -3.26155 0)
(9.08525 -2.94175 0)
(8.74708 -2.63062 0)
(7.84408 -2.17684 0)
(6.78029 -0.735518 0)
(5.50845 -0.9351 0)
(4.85283 -1.67355 0)
(5.25999 -3.36455 0)
(3.09925 -6.12592 0)
(3.79654 -5.14662 0)
(4.29364 -2.67226 0)
(2.48581 -3.1423 0)
(3.41356 -1.0822 0)
(2.95462 -0.448454 0)
(3.56705 2.72649 0)
(3.93874 3.77292 0)
(3.47817 7.19862 0)
(6.02128 6.22299 0)
(4.67256 9.96333 0)
(8.97491 3.8271 0)
(7.99079 10 0)
(9.56872 3.33688 0)
(9.42477 6.66546 0)
(13.2252 -0.186061 0)
(13.2187 -0.214041 0)
(13.1588 -0.191017 0)
(13.3119 -0.265797 0)
(13.2931 -0.348103 0)
(13.2295 -0.373184 0)
(13.4125 -0.463101 0)
(13.4817 -0.495843 0)
(13.4084 -0.539502 0)
(13.3539 -0.545464 0)
(13.4107 -0.588953 0)
(13.3224 -0.803419 0)
(13.2806 -0.9207 0)
(13.3471 -1.21719 0)
(13.397 -1.63488 0)
(13.4965 -1.8943 0)
(13.3415 -2.26631 0)
(13.1302 -2.51147 0)
(12.8751 -2.65038 0)
(12.4009 -2.75388 0)
(11.9824 -2.57743 0)
(11.504 -2.27171 0)
(10.919 -1.67979 0)
(10.4327 -0.836631 0)
(10.3406 -0.119564 0)
(10.1177 0.755209 0)
(9.81955 1.57678 0)
(10.0506 1.76825 0)
(9.76293 1.77519 0)
(9.51706 1.52658 0)
(9.70004 0.955483 0)
(9.44793 0.444897 0)
(9.26579 -0.0914561 0)
(9.05831 -0.675846 0)
(8.49108 -1.02972 0)
(7.4686 -0.756294 0)
(6.05978 0.154663 0)
(4.7833 1.15907 0)
(3.7785 1.85774 0)
(3.1209 1.88662 0)
(2.61945 0.537684 0)
(2.00506 -1.87058 0)
(0.501026 -4.4606 0)
(-2.03546 -7.02985 0)
(-4.42386 -8.71413 0)
(-4.65917 -7.63439 0)
(-2.50735 -4.88765 0)
(-2.44603 -3.23608 0)
(-2.35019 -2.42735 0)
(-2.96485 -1.89295 0)
(-2.69485 -0.904699 0)
(-2.64718 0.381334 0)
(-1.83639 1.98948 0)
(-1.26268 3.11303 0)
(-0.477471 4.23185 0)
(1.06489 4.77815 0)
(1.56273 4.867 0)
(3.65677 4.84438 0)
(4.03907 3.7506 0)
(5.81687 3.70929 0)
(5.14823 3.32072 0)
(6.72766 2.85872 0)
(5.89728 2.25247 0)
(7.32579 1.80428 0)
(6.37074 0.99858 0)
(7.4345 0.850976 0)
(8.56754 1.24481 0)
(8.44062 2.48543 0)
(8.70853 2.11637 0)
(10.1363 1.0321 0)
(9.32546 0.758828 0)
(9.92455 0.43235 0)
(10.0016 -0.0416048 0)
(9.60363 0.033782 0)
(9.74515 -0.812622 0)
(10.5376 -1.98878 0)
(9.71669 -2.64299 0)
(9.71728 -3.05806 0)
(8.73202 -2.73352 0)
(8.61101 -2.39514 0)
(7.44051 -1.70693 0)
(6.31033 -0.324097 0)
(5.26879 -0.472509 0)
(4.90206 -1.50224 0)
(4.51266 -3.00693 0)
(3.05595 -5.86072 0)
(2.20478 -5.24365 0)
(3.45592 -2.58707 0)
(1.19843 -2.77394 0)
(2.45932 -0.876984 0)
(1.97688 -0.697487 0)
(2.45617 2.73977 0)
(3.24636 3.38553 0)
(2.72005 7.20134 0)
(5.44851 5.40987 0)
(4.27926 9.75104 0)
(7.62568 2.59891 0)
(7.97915 9.71386 0)
(9.68928 3.44703 0)
(9.7464 5.73786 0)
(13.0537 -0.112058 0)
(13.0778 -0.167706 0)
(13.1254 -0.168359 0)
(13.3344 -0.240843 0)
(13.4957 -0.438907 0)
(13.4597 -0.458645 0)
(13.5191 -0.464317 0)
(13.4782 -0.498576 0)
(13.2582 -0.491716 0)
(13.1003 -0.458484 0)
(13.1358 -0.55206 0)
(13.0715 -0.782944 0)
(13.0734 -0.912408 0)
(13.2603 -1.21709 0)
(13.246 -1.63758 0)
(13.0823 -1.85544 0)
(12.7631 -2.13305 0)
(12.3705 -2.37756 0)
(11.8598 -2.47431 0)
(11.2138 -2.51309 0)
(10.6569 -2.3493 0)
(9.93367 -1.9863 0)
(9.30582 -1.40099 0)
(9.03326 -0.728186 0)
(8.8751 -0.0359128 0)
(8.60321 0.864245 0)
(8.75703 1.51473 0)
(9.07145 1.74982 0)
(8.78902 1.82654 0)
(8.92309 1.4765 0)
(9.06316 0.991867 0)
(8.81388 0.540682 0)
(8.79418 -0.0341966 0)
(8.47549 -0.50627 0)
(7.69923 -0.626006 0)
(6.60049 -0.219588 0)
(5.43227 0.644129 0)
(4.42363 1.55241 0)
(3.80882 2.10059 0)
(3.42754 2.04569 0)
(3.31698 0.739301 0)
(3.08843 -1.38546 0)
(1.72492 -3.55602 0)
(-0.844633 -5.97914 0)
(-3.81598 -7.94673 0)
(-5.3116 -7.86606 0)
(-3.28762 -5.29896 0)
(-3.13764 -3.35201 0)
(-2.97409 -2.40766 0)
(-3.45679 -1.75739 0)
(-3.51211 -0.903187 0)
(-3.62453 0.277048 0)
(-2.7531 1.73586 0)
(-2.10229 2.81932 0)
(-1.42445 3.73149 0)
(0.199152 4.28959 0)
(0.602855 4.33361 0)
(3.32902 4.10137 0)
(3.11981 3.4767 0)
(5.0777 3.52926 0)
(4.98156 3.03239 0)
(5.96717 2.7363 0)
(5.47959 2.17527 0)
(7.01323 1.63603 0)
(6.1557 0.909593 0)
(7.4557 0.441509 0)
(7.90248 1.10727 0)
(8.04375 2.32507 0)
(8.47061 1.78256 0)
(9.74837 0.922276 0)
(9.05352 0.768632 0)
(9.95356 0.309117 0)
(9.6503 0.00688083 0)
(9.50565 0.0539214 0)
(9.73385 -0.978467 0)
(10.5842 -1.95423 0)
(9.4594 -2.49638 0)
(9.65588 -2.77171 0)
(8.23328 -2.51459 0)
(8.36442 -2.07905 0)
(6.83957 -1.18331 0)
(5.7663 0.127077 0)
(4.71125 -0.204297 0)
(4.46229 -1.2918 0)
(3.81759 -2.84138 0)
(2.33476 -5.26072 0)
(0.491669 -4.87756 0)
(2.23986 -2.72794 0)
(0.633733 -2.78819 0)
(1.78862 -1.06672 0)
(0.581077 -0.848067 0)
(1.51188 2.69674 0)
(1.81585 2.96729 0)
(1.73497 7.18238 0)
(4.75968 4.50206 0)
(4.24184 9.66213 0)
(6.40623 1.96721 0)
(7.61088 9.20581 0)
(9.81656 3.44774 0)
(10.183 5.00675 0)
(13.046 -0.0965519 0)
(13.1797 -0.194713 0)
(13.2167 -0.207331 0)
(13.4188 -0.255816 0)
(13.4777 -0.472989 0)
(13.2965 -0.454074 0)
(13.2656 -0.397807 0)
(13.1455 -0.444729 0)
(12.9288 -0.438241 0)
(12.8299 -0.43602 0)
(12.8815 -0.54281 0)
(12.826 -0.76039 0)
(12.8202 -0.953566 0)
(12.8666 -1.21422 0)
(12.5916 -1.52605 0)
(12.1742 -1.72872 0)
(11.6778 -1.96633 0)
(11.1112 -2.15208 0)
(10.4377 -2.21865 0)
(9.61697 -2.22442 0)
(8.83874 -2.01344 0)
(8.07497 -1.66703 0)
(7.59405 -1.20329 0)
(7.3517 -0.599917 0)
(7.08774 0.0918181 0)
(7.05677 0.830599 0)
(7.50439 1.37733 0)
(7.66507 1.7477 0)
(7.68802 1.76566 0)
(8.09106 1.38798 0)
(8.05156 1.04107 0)
(8.00174 0.569875 0)
(8.09499 0.0276162 0)
(7.55583 -0.23874 0)
(6.64878 -0.186194 0)
(5.71212 0.224765 0)
(4.8493 1.01678 0)
(4.14557 1.8062 0)
(3.89031 2.21896 0)
(3.83081 2.0718 0)
(4.01183 0.800366 0)
(4.16829 -1.03007 0)
(3.10428 -2.76932 0)
(0.664135 -4.83771 0)
(-2.74899 -6.94239 0)
(-5.35574 -7.61327 0)
(-4.47032 -5.42827 0)
(-3.73475 -3.43223 0)
(-3.51307 -2.41533 0)
(-3.74408 -1.64349 0)
(-3.98191 -0.859333 0)
(-4.33577 0.14668 0)
(-3.6331 1.43075 0)
(-2.85006 2.55761 0)
(-2.34112 3.29349 0)
(-0.549383 3.74836 0)
(0.0850636 3.67492 0)
(2.40285 3.57473 0)
(2.34378 3.12176 0)
(4.74052 3.0121 0)
(4.14736 2.88999 0)
(5.34011 2.56198 0)
(5.35816 1.94864 0)
(6.40494 1.52518 0)
(6.04328 0.79265 0)
(7.66663 0.200981 0)
(7.08281 1.07779 0)
(7.59825 2.09737 0)
(8.31169 1.4715 0)
(9.14681 0.861839 0)
(8.80193 0.636849 0)
(9.86895 0.22509 0)
(9.06336 0.0908817 0)
(9.4544 -0.0516439 0)
(9.72747 -1.14338 0)
(10.3623 -1.91808 0)
(9.27591 -2.35617 0)
(9.40756 -2.46079 0)
(7.81443 -2.20827 0)
(7.89285 -1.74489 0)
(6.18935 -0.634421 0)
(5.15555 0.54066 0)
(4.39704 0.0298861 0)
(3.93007 -1.00591 0)
(3.43576 -2.50081 0)
(1.26127 -4.37569 0)
(-0.444784 -4.64482 0)
(1.11713 -2.55224 0)
(0.187491 -2.67492 0)
(0.801372 -0.859611 0)
(-0.804328 -0.758793 0)
(0.444834 2.83467 0)
(0.465085 2.6301 0)
(1.126 7.02881 0)
(4.21248 3.31314 0)
(4.56284 9.52824 0)
(5.75223 1.64708 0)
(7.07817 8.09659 0)
(9.82507 3.08239 0)
(10.5626 4.35024 0)
(12.9026 -0.111015 0)
(12.9891 -0.183371 0)
(12.9495 -0.19148 0)
(13.0429 -0.225936 0)
(12.9504 -0.422852 0)
(12.7449 -0.412437 0)
(12.6457 -0.348269 0)
(12.5074 -0.400424 0)
(12.3402 -0.406709 0)
(12.2574 -0.403831 0)
(12.2734 -0.526245 0)
(12.1793 -0.752474 0)
(12.0534 -0.922864 0)
(11.7972 -1.11099 0)
(11.3245 -1.36084 0)
(10.8303 -1.52474 0)
(10.1939 -1.70773 0)
(9.44698 -1.87749 0)
(8.57156 -1.88705 0)
(7.62388 -1.82319 0)
(6.83913 -1.66917 0)
(6.1742 -1.40553 0)
(5.76543 -1.00619 0)
(5.50034 -0.478338 0)
(5.33635 0.11266 0)
(5.52131 0.724963 0)
(5.86251 1.28604 0)
(6.08115 1.64189 0)
(6.53401 1.55981 0)
(6.86499 1.31804 0)
(6.84722 1.04476 0)
(7.08286 0.517287 0)
(7.06388 0.145014 0)
(6.31226 0.0914937 0)
(5.46958 0.18699 0)
(4.85201 0.553957 0)
(4.3187 1.26133 0)
(3.9849 1.92486 0)
(4.02257 2.19524 0)
(4.29065 1.96196 0)
(4.66003 0.743035 0)
(5.08878 -0.83816 0)
(4.48324 -2.10574 0)
(2.31797 -3.60045 0)
(-1.29197 -5.61687 0)
(-4.85934 -6.93383 0)
(-5.47431 -5.69481 0)
(-4.13447 -3.67632 0)
(-4.16619 -2.49461 0)
(-4.25126 -1.54914 0)
(-4.35056 -0.693004 0)
(-4.7263 0.116391 0)
(-4.33942 1.09057 0)
(-3.47849 2.24509 0)
(-3.10541 2.77581 0)
(-1.06187 3.22216 0)
(-0.721676 3.15182 0)
(1.60672 2.99012 0)
(2.01811 2.64641 0)
(3.80377 2.78272 0)
(3.21465 2.70329 0)
(4.90797 2.20313 0)
(4.72103 1.80294 0)
(6.13053 1.30841 0)
(6.4161 0.358014 0)
(7.44725 0.129437 0)
(6.32231 1.21052 0)
(7.32459 1.71997 0)
(8.02959 1.16523 0)
(8.65681 0.733049 0)
(8.69244 0.454326 0)
(9.4791 0.226641 0)
(8.63295 0.158476 0)
(9.48274 -0.274959 0)
(9.67081 -1.26563 0)
(9.97826 -1.81768 0)
(9.08385 -2.1565 0)
(8.82276 -2.13562 0)
(7.31542 -1.85019 0)
(7.13939 -1.39571 0)
(5.65862 -0.0804744 0)
(4.2535 0.906535 0)
(4.45195 0.20469 0)
(3.39965 -0.731054 0)
(3.10631 -1.95304 0)
(0.876028 -3.72565 0)
(-0.483449 -4.69489 0)
(1.06944 -3.03274 0)
(-0.235005 -2.5668 0)
(-0.486449 -0.520906 0)
(-2.57607 -0.730249 0)
(-0.338549 2.65639 0)
(-0.432551 2.30183 0)
(0.434785 6.33074 0)
(3.07365 1.92692 0)
(4.53684 9.23408 0)
(5.62132 1.53221 0)
(6.62582 6.51978 0)
(9.56729 2.49174 0)
(10.5908 3.77786 0)
(12.1516 -0.101807 0)
(12.1577 -0.151694 0)
(12.0424 -0.144557 0)
(12.0429 -0.176348 0)
(11.8897 -0.351172 0)
(11.6683 -0.3367 0)
(11.5662 -0.286256 0)
(11.4484 -0.343979 0)
(11.2834 -0.356835 0)
(11.2083 -0.391227 0)
(11.1482 -0.510408 0)
(10.9175 -0.678835 0)
(10.6102 -0.800573 0)
(10.2238 -0.934553 0)
(9.71107 -1.14557 0)
(9.12008 -1.29731 0)
(8.35894 -1.41858 0)
(7.46741 -1.49178 0)
(6.49921 -1.48122 0)
(5.59018 -1.47178 0)
(4.8736 -1.38239 0)
(4.26851 -1.18347 0)
(3.9108 -0.860461 0)
(3.69281 -0.409583 0)
(3.62213 0.101791 0)
(3.7926 0.654574 0)
(4.09921 1.14322 0)
(4.6012 1.3867 0)
(5.09017 1.36373 0)
(5.32321 1.25316 0)
(5.64832 0.932834 0)
(5.99564 0.473318 0)
(5.69051 0.339135 0)
(4.88266 0.403493 0)
(4.32755 0.454412 0)
(4.08931 0.748047 0)
(3.89113 1.36107 0)
(3.90965 1.92077 0)
(4.28025 2.05141 0)
(4.77305 1.74528 0)
(5.38868 0.602875 0)
(5.88907 -0.805642 0)
(5.71967 -1.61219 0)
(4.03634 -2.46062 0)
(0.553841 -4.09802 0)
(-3.756 -5.74413 0)
(-5.99067 -5.68473 0)
(-4.88164 -3.8702 0)
(-5.04182 -2.56317 0)
(-4.97656 -1.57576 0)
(-4.83706 -0.604947 0)
(-5.09522 0.17767 0)
(-4.96657 0.962607 0)
(-4.1296 2.03637 0)
(-3.54352 2.26929 0)
(-1.69021 2.7024 0)
(-1.03266 2.51044 0)
(1.02906 2.42586 0)
(1.29811 2.35057 0)
(2.94669 2.52699 0)
(2.9321 2.36054 0)
(4.33277 1.93817 0)
(4.55749 1.46597 0)
(6.18933 0.827376 0)
(6.25719 0.280489 0)
(6.5942 0.304213 0)
(6.19718 1.11593 0)
(7.12676 1.3074 0)
(7.45601 0.956164 0)
(8.4628 0.552817 0)
(8.51419 0.313692 0)
(8.89979 0.303219 0)
(8.43238 0.0485596 0)
(9.5134 -0.486748 0)
(9.32961 -1.31177 0)
(9.5904 -1.69453 0)
(8.55432 -1.88309 0)
(7.87456 -1.7025 0)
(6.5425 -1.48935 0)
(6.01544 -0.968461 0)
(4.80469 0.430308 0)
(3.78198 1.12785 0)
(4.24583 0.335222 0)
(3.27167 -0.435358 0)
(2.90658 -1.50305 0)
(1.28612 -3.15409 0)
(-0.532332 -4.43906 0)
(-0.547399 -2.98443 0)
(-1.97433 -2.01924 0)
(-1.8232 -0.0699951 0)
(-3.16072 -1.06277 0)
(-1.04093 2.21934 0)
(-1.07993 2.04935 0)
(0.0122574 5.7737 0)
(1.69048 1.10777 0)
(4.38514 8.73458 0)
(5.9591 1.61553 0)
(6.26759 5.16901 0)
(9.07016 1.94676 0)
(10.2932 3.1335 0)
(10.8128 -0.0966309 0)
(10.6958 -0.108017 0)
(10.5252 -0.0979308 0)
(10.5214 -0.143449 0)
(10.364 -0.270879 0)
(10.2088 -0.283278 0)
(10.1392 -0.262462 0)
(9.98088 -0.299607 0)
(9.80138 -0.320296 0)
(9.6666 -0.349935 0)
(9.47944 -0.424522 0)
(9.1668 -0.541582 0)
(8.83099 -0.653937 0)
(8.42385 -0.769892 0)
(7.83902 -0.912498 0)
(7.14207 -0.998441 0)
(6.29033 -1.04965 0)
(5.34697 -1.0932 0)
(4.42144 -1.11261 0)
(3.59969 -1.14806 0)
(2.94886 -1.12051 0)
(2.41985 -0.985433 0)
(2.09437 -0.728674 0)
(1.89094 -0.348855 0)
(1.83765 0.097031 0)
(2.02993 0.548306 0)
(2.43001 0.924989 0)
(2.97786 1.16847 0)
(3.40479 1.22017 0)
(3.89511 1.07884 0)
(4.43068 0.744922 0)
(4.53542 0.507363 0)
(4.05217 0.607669 0)
(3.54365 0.638943 0)
(3.39172 0.572998 0)
(3.51945 0.798886 0)
(3.61765 1.32298 0)
(3.95827 1.769 0)
(4.65528 1.80007 0)
(5.4717 1.44226 0)
(6.23484 0.43119 0)
(6.69658 -0.874079 0)
(6.70662 -1.36357 0)
(5.63915 -1.53532 0)
(2.6105 -2.59107 0)
(-1.98685 -4.25918 0)
(-5.69112 -4.97333 0)
(-6.05988 -3.82519 0)
(-5.94025 -2.5138 0)
(-5.82086 -1.53356 0)
(-5.62327 -0.566481 0)
(-5.53916 0.135591 0)
(-5.26975 0.741729 0)
(-4.33445 1.62611 0)
(-3.71213 1.65832 0)
(-2.01933 2.1888 0)
(-1.26167 1.95637 0)
(0.487898 2.01463 0)
(0.754949 1.87368 0)
(2.52747 2.08031 0)
(2.65317 2.011 0)
(3.91949 1.56755 0)
(4.47087 1.03732 0)
(5.75632 0.560694 0)
(5.72123 0.218853 0)
(5.96161 0.228678 0)
(5.83304 0.949796 0)
(6.63743 1.06154 0)
(7.20215 0.647748 0)
(8.34899 0.269377 0)
(7.79673 0.333591 0)
(8.38248 0.278329 0)
(8.27543 -0.133678 0)
(9.26401 -0.65856 0)
(8.789 -1.27031 0)
(8.97922 -1.50288 0)
(7.33869 -1.47611 0)
(6.62019 -1.19542 0)
(5.08049 -1.0852 0)
(4.79962 -0.587745 0)
(3.55888 0.834245 0)
(3.65538 1.15831 0)
(3.91171 0.434201 0)
(3.53892 -0.162159 0)
(2.8469 -1.03902 0)
(1.54054 -2.52727 0)
(-1.22425 -3.77577 0)
(-2.26327 -2.6641 0)
(-3.6038 -1.58267 0)
(-2.04641 -0.0754685 0)
(-2.87542 -1.25691 0)
(-2.37735 1.91332 0)
(-1.15001 1.73746 0)
(-0.470092 5.07355 0)
(0.571539 0.373373 0)
(3.74561 7.5186 0)
(6.00991 1.57424 0)
(6.39278 4.06527 0)
(8.75656 1.47123 0)
(9.99593 2.41969 0)
(8.96347 -0.060538 0)
(8.80173 -0.0663412 0)
(8.70547 -0.0884331 0)
(8.72216 -0.138529 0)
(8.57695 -0.221934 0)
(8.43972 -0.238875 0)
(8.30842 -0.211251 0)
(8.09686 -0.220665 0)
(7.91822 -0.243886 0)
(7.75213 -0.27254 0)
(7.52526 -0.323461 0)
(7.2134 -0.411084 0)
(6.8285 -0.492342 0)
(6.34294 -0.551485 0)
(5.72549 -0.624101 0)
(5.00354 -0.665551 0)
(4.16157 -0.684696 0)
(3.30677 -0.722789 0)
(2.51751 -0.787116 0)
(1.81178 -0.87361 0)
(1.19598 -0.889418 0)
(0.670124 -0.80513 0)
(0.317037 -0.599093 0)
(0.114557 -0.288853 0)
(0.111937 0.0597054 0)
(0.3411 0.415607 0)
(0.751301 0.735935 0)
(1.3209 0.936734 0)
(1.87035 0.934469 0)
(2.51181 0.813744 0)
(2.85747 0.669786 0)
(2.75362 0.669258 0)
(2.47481 0.805184 0)
(2.61173 0.68494 0)
(2.79755 0.510681 0)
(3.17445 0.694885 0)
(3.54122 1.16037 0)
(4.18111 1.50268 0)
(5.06586 1.4072 0)
(6.17492 1.03461 0)
(7.1732 0.262533 0)
(7.65003 -0.875177 0)
(7.28635 -1.24206 0)
(6.65802 -0.83692 0)
(4.52268 -1.20783 0)
(0.308253 -2.61504 0)
(-4.21877 -3.82463 0)
(-6.58996 -3.59374 0)
(-6.62357 -2.53921 0)
(-6.77281 -1.58828 0)
(-6.53188 -0.710047 0)
(-6.14992 -0.0389994 0)
(-5.78038 0.584641 0)
(-4.72276 1.3535 0)
(-4.28657 1.23831 0)
(-2.3862 1.63771 0)
(-1.78642 1.35296 0)
(-0.069703 1.67176 0)
(0.0672685 1.45481 0)
(1.93022 1.75212 0)
(2.09836 1.67685 0)
(3.5899 1.17105 0)
(4.19077 0.666108 0)
(5.21827 0.313385 0)
(4.94825 0.237335 0)
(5.26911 0.260953 0)
(5.32656 0.745107 0)
(6.47101 0.668599 0)
(6.62685 0.366104 0)
(7.47211 0.30627 0)
(6.79413 0.354776 0)
(8.12155 0.0771914 0)
(7.89428 -0.344077 0)
(8.80907 -0.732802 0)
(7.86378 -1.11819 0)
(7.6046 -1.11067 0)
(5.46466 -0.945491 0)
(4.97227 -0.692561 0)
(3.57789 -0.670524 0)
(3.23899 -0.166827 0)
(2.26534 0.989805 0)
(3.34579 0.93239 0)
(3.64559 0.387579 0)
(3.41482 0.0436022 0)
(2.9575 -0.609349 0)
(1.13143 -1.51564 0)
(-1.13021 -2.57956 0)
(-2.7242 -2.27549 0)
(-3.94838 -1.66783 0)
(-2.33654 -0.397823 0)
(-3.59742 -1.0265 0)
(-3.8602 1.4084 0)
(-2.07562 1.26486 0)
(-0.219001 4.52291 0)
(0.324386 -0.0519606 0)
(3.09855 5.50476 0)
(5.92314 1.38472 0)
(6.8846 3.1536 0)
(8.71731 1.14593 0)
(9.93333 1.72681 0)
(6.81457 -0.00116826 0)
(6.71389 -0.030975 0)
(6.67937 -0.0783621 0)
(6.63196 -0.0995754 0)
(6.46875 -0.1379 0)
(6.32251 -0.155601 0)
(6.16354 -0.136821 0)
(5.97573 -0.146601 0)
(5.80035 -0.169951 0)
(5.59578 -0.182924 0)
(5.33977 -0.206219 0)
(5.02312 -0.254478 0)
(4.63169 -0.295265 0)
(4.14863 -0.318513 0)
(3.57354 -0.344822 0)
(2.93729 -0.351597 0)
(2.26784 -0.370535 0)
(1.61074 -0.430148 0)
(0.939972 -0.512858 0)
(0.260997 -0.60797 0)
(-0.399077 -0.658062 0)
(-0.966565 -0.622569 0)
(-1.35619 -0.481233 0)
(-1.56918 -0.257318 0)
(-1.57227 -0.000226117 0)
(-1.35231 0.281759 0)
(-0.936912 0.523822 0)
(-0.359588 0.680374 0)
(0.189039 0.696985 0)
(0.75322 0.700326 0)
(1.10285 0.700722 0)
(1.28258 0.710667 0)
(1.6373 0.688185 0)
(2.36643 0.490291 0)
(2.69987 0.357807 0)
(3.08317 0.502845 0)
(3.57116 0.856237 0)
(4.46682 1.10448 0)
(5.69567 0.926826 0)
(6.84853 0.483731 0)
(7.93714 -0.0303276 0)
(8.29506 -0.751989 0)
(7.34668 -1.06575 0)
(6.72098 -0.421991 0)
(5.80349 -0.087434 0)
(2.75672 -1.00378 0)
(-1.62662 -2.31615 0)
(-5.47794 -2.75156 0)
(-6.98814 -2.2022 0)
(-7.63325 -1.46524 0)
(-7.53075 -0.795743 0)
(-7.16912 -0.221509 0)
(-6.64447 0.327081 0)
(-5.51455 0.891888 0)
(-4.84942 0.714012 0)
(-3.02563 1.08996 0)
(-3.07195 1.03733 0)
(-0.926303 1.28418 0)
(-0.648608 0.951944 0)
(1.06762 1.35742 0)
(1.61224 1.15682 0)
(3.16163 0.715799 0)
(3.53357 0.392952 0)
(4.18126 0.242075 0)
(4.00722 0.196918 0)
(4.65365 0.153238 0)
(4.7042 0.451813 0)
(5.77073 0.467847 0)
(5.77416 0.290012 0)
(6.67049 0.184057 0)
(6.55769 0.0986324 0)
(7.74506 -0.164341 0)
(7.20921 -0.415078 0)
(7.6236 -0.683296 0)
(5.89271 -0.755086 0)
(5.40545 -0.498415 0)
(3.40086 -0.470023 0)
(3.59891 -0.392571 0)
(2.45112 -0.363272 0)
(1.97058 0.0945504 0)
(1.80666 0.737381 0)
(3.26638 0.613567 0)
(3.77453 0.356362 0)
(3.39448 0.180308 0)
(3.05327 -0.14421 0)
(1.9686 -1.14097 0)
(0.190319 -2.18055 0)
(-2.26175 -1.74197 0)
(-4.07179 -1.36596 0)
(-3.58913 -0.526146 0)
(-4.71022 -0.478936 0)
(-3.88053 1.2905 0)
(-3.38221 0.515895 0)
(0.105179 3.90446 0)
(0.852365 -0.240674 0)
(2.20458 3.53775 0)
(5.50551 1.00964 0)
(7.28995 2.1119 0)
(8.74524 0.703276 0)
(10.2163 1.01667 0)
(4.47069 0.00185853 0)
(4.40552 -0.0339698 0)
(4.34425 -0.0548937 0)
(4.25384 -0.0557304 0)
(4.11439 -0.0792407 0)
(3.96673 -0.0923953 0)
(3.80399 -0.076911 0)
(3.63482 -0.0774662 0)
(3.46243 -0.0854766 0)
(3.26602 -0.0848245 0)
(3.04293 -0.0903428 0)
(2.7761 -0.107005 0)
(2.45621 -0.114338 0)
(2.09383 -0.109044 0)
(1.70036 -0.108744 0)
(1.28646 -0.110427 0)
(0.843822 -0.127204 0)
(0.354461 -0.177879 0)
(-0.209432 -0.25526 0)
(-0.856892 -0.341582 0)
(-1.56212 -0.40093 0)
(-2.21536 -0.395976 0)
(-2.71264 -0.313888 0)
(-2.99759 -0.176574 0)
(-3.03205 -0.0121562 0)
(-2.81557 0.186847 0)
(-2.37211 0.359793 0)
(-1.74959 0.48117 0)
(-1.06701 0.498365 0)
(-0.419499 0.505588 0)
(0.352065 0.500968 0)
(0.987354 0.482136 0)
(1.76576 0.382474 0)
(2.59064 0.223953 0)
(2.98893 0.18676 0)
(3.3178 0.311864 0)
(3.89592 0.514663 0)
(4.91393 0.574533 0)
(6.24315 0.377745 0)
(7.14664 0.0511313 0)
(7.67749 -0.261195 0)
(7.3874 -0.546878 0)
(6.13977 -0.578224 0)
(5.14289 -0.22405 0)
(5.31921 0.34403 0)
(4.54112 0.308169 0)
(1.79564 -0.683788 0)
(-2.054 -1.59187 0)
(-5.15831 -1.61234 0)
(-6.8588 -1.23475 0)
(-7.69383 -0.793949 0)
(-7.81522 -0.352384 0)
(-7.40605 0.0542 0)
(-6.55319 0.433163 0)
(-5.6628 0.387795 0)
(-4.46202 0.648953 0)
(-4.0747 0.509394 0)
(-1.33745 0.715428 0)
(-1.76216 0.621904 0)
(0.325851 0.8886 0)
(1.13116 0.655481 0)
(2.41735 0.415679 0)
(2.79694 0.258038 0)
(3.34286 0.13995 0)
(3.47441 0.0663519 0)
(3.91491 0.0431724 0)
(4.08253 0.202736 0)
(4.87226 0.194367 0)
(5.12837 0.0444004 0)
(5.76316 -0.0572879 0)
(5.65332 -0.11955 0)
(6.092 -0.232421 0)
(5.14384 -0.256477 0)
(4.82129 -0.236808 0)
(3.22217 -0.215227 0)
(3.41607 -0.177815 0)
(2.17648 -0.254713 0)
(2.26422 -0.201384 0)
(1.32964 0.00592281 0)
(1.46539 0.174957 0)
(1.82398 0.286044 0)
(2.97295 0.175572 0)
(3.39286 0.272025 0)
(3.31249 0.351004 0)
(3.59017 0.122991 0)
(2.9621 -0.399748 0)
(0.69636 -0.937154 0)
(-1.3694 -0.979878 0)
(-3.33536 -0.847441 0)
(-3.07533 -0.465278 0)
(-5.13168 -0.516989 0)
(-2.67902 0.739561 0)
(-4.08693 0.212273 0)
(0.416282 2.17743 0)
(0.826691 -0.0629679 0)
(2.17116 2.02057 0)
(5.16337 0.67264 0)
(7.90769 0.959045 0)
(8.18797 0.365074 0)
(10.3591 0.378265 0)
(1.66127 0.0277102 0)
(1.62521 -0.00180992 0)
(1.57159 -0.00716521 0)
(1.50112 -0.00792252 0)
(1.40875 -0.0146237 0)
(1.29526 -0.0154753 0)
(1.18382 -0.00720467 0)
(1.08748 -0.0045942 0)
(0.992108 -0.00425774 0)
(0.894162 -0.000766084 0)
(0.797534 0.00194244 0)
(0.689935 0.00121583 0)
(0.569906 0.00164249 0)
(0.449316 0.00374896 0)
(0.333396 0.00514493 0)
(0.227557 0.0100217 0)
(0.123518 0.0100048 0)
(-0.0252544 -0.00503133 0)
(-0.276838 -0.0362871 0)
(-0.688124 -0.0792209 0)
(-1.277 -0.11879 0)
(-1.95701 -0.143944 0)
(-2.58072 -0.139643 0)
(-3.04239 -0.110201 0)
(-3.2595 -0.0625506 0)
(-3.18755 0.00421346 0)
(-2.83727 0.0661242 0)
(-2.26148 0.107454 0)
(-1.56904 0.107954 0)
(-0.89912 0.0870665 0)
(-0.16425 0.0694822 0)
(0.477712 0.0461047 0)
(1.0551 0.00460778 0)
(1.41485 0.00692638 0)
(1.66546 0.0537626 0)
(2.06099 0.0804104 0)
(2.67713 0.0576311 0)
(3.40008 -0.0181064 0)
(3.97202 -0.0859986 0)
(4.11676 -0.114341 0)
(3.89499 -0.124944 0)
(3.26603 -0.117238 0)
(2.44492 -0.0422317 0)
(1.89473 0.0646047 0)
(2.16822 0.201801 0)
(3.0265 0.394985 0)
(3.77522 0.3137 0)
(2.55912 -0.148636 0)
(-0.0270713 -0.40667 0)
(-2.27845 -0.416206 0)
(-4.00352 -0.38661 0)
(-5.11655 -0.335342 0)
(-5.59114 -0.225882 0)
(-5.495 -0.0477399 0)
(-4.94773 0.0123407 0)
(-4.1956 0.0949788 0)
(-3.72587 -0.0349471 0)
(-2.52037 0.145321 0)
(-1.93588 0.233088 0)
(-0.325416 0.18056 0)
(0.576985 0.12352 0)
(1.45901 0.0498321 0)
(1.84489 -0.0133173 0)
(2.07026 -0.0487519 0)
(2.11085 -0.0616003 0)
(2.10899 -0.0602563 0)
(2.19906 -0.0346533 0)
(2.45312 -0.0341351 0)
(2.5235 -0.0494137 0)
(2.53032 -0.0404636 0)
(2.32139 -0.0201338 0)
(2.23806 0.028399 0)
(1.8728 0.0650365 0)
(1.87545 0.0114753 0)
(1.3161 -0.0359261 0)
(1.35717 -0.0436116 0)
(0.728436 -0.0217501 0)
(0.620413 -0.015489 0)
(0.273491 -0.0367424 0)
(0.581429 -0.0698525 0)
(0.676607 -0.0297153 0)
(1.07996 0.0422145 0)
(1.38771 0.178644 0)
(2.02467 0.159011 0)
(2.55467 0.071836 0)
(2.6053 -0.0354615 0)
(1.36059 -0.283968 0)
(-0.142017 -0.262024 0)
(-1.7411 -0.368999 0)
(-2.43345 -0.200097 0)
(-3.96597 -0.252303 0)
(-3.03139 -0.0350964 0)
(-3.68577 0.00609317 0)
(-0.252283 0.421581 0)
(0.515485 -0.0968003 0)
(1.03676 0.481355 0)
(4.39467 -0.0763089 0)
(5.28153 0.0171589 0)
(5.47633 -0.062684 0)
(6.59276 -0.18604 0)
(0.216287 -0.0229377 0)
(0.0482299 0.000605999 0)
(0.401404 -0.0454238 0)
(1.14389 0.111315 0)
(0.287784 0.0727805 0)
(0.0734955 -0.121691 0)
(0.420936 -0.029307 0)
(0.123414 0.0304202 0)
(0.417626 -0.0468193 0)
(0.909907 -0.0322535 0)
(0.725339 0.030436 0)
(1.17821 -0.0577185 0)
(0.95596 0.0376547 0)
(0.893951 0.195153 0)
(-0.489264 0.375225 0)
(-2.1002 0.37231 0)
(-4.33283 0.00281302 0)
(-3.73377 -0.182746 0)
(-2.68255 -0.164029 0)
(-1.66154 -0.246183 0)
(-0.276391 -0.15274 0)
(0.628451 -0.116699 0)
(1.62339 -0.0552446 0)
(2.25763 0.0775946 0)
(1.8835 0.15221 0)
(0.969227 0.0852884 0)
(1.02262 -0.113206 0)
(1.79817 -0.305058 0)
(2.73408 -0.315713 0)
(2.44618 0.000348333 0)
(0.359791 0.313099 0)
(-2.10061 0.452352 0)
(-4.26654 0.473128 0)
(-5.65691 0.37522 0)
(-6.23311 0.212602 0)
(-6.13288 0.0492964 0)
(-5.36333 -0.143114 0)
(-4.10253 -0.348052 0)
(-1.62568 -0.382352 0)
(0.076748 -0.275709 0)
(2.02431 -0.228333 0)
(3.53569 -0.101252 0)
(4.59728 0.0259125 0)
(5.08734 0.105495 0)
(5.11608 0.137914 0)
(4.79204 0.140134 0)
(4.20264 0.128958 0)
(3.48951 0.0925569 0)
(2.74717 0.0526657 0)
(2.05612 0.0226373 0)
(1.4766 -0.00520264 0)
(0.993569 0.0192329 0)
(0.539953 0.0707085 0)
(0.0552175 0.0914339 0)
(-0.473923 0.101056 0)
(-0.95938 0.0910157 0)
(-1.28914 0.0585338 0)
(-1.40957 0.0128909 0)
(-1.35044 -0.0171748 0)
(-1.31936 -0.0181084 0)
(-1.10511 -0.0664889 0)
(-0.446344 -0.147706 0)
(0.506696 -0.132573 0)
(1.32207 -0.0614013 0)
(1.81246 -0.0130869 0)
(2.01024 0.00282095 0)
(1.95802 0.0383692 0)
(1.46536 0.0729471 0)
(0.692441 0.0768803 0)
(0.0183834 0.0899555 0)
(-0.736729 0.148386 0)
(-1.66754 0.192628 0)
(-2.43295 0.129829 0)
(-3.30606 0.228194 0)
(-3.52205 0.00887479 0)
(-3.47363 0.123917 0)
(-3.45703 -0.0642261 0)
(-2.88667 0.00853679 0)
(-2.72774 -0.0451807 0)
(-2.15144 -0.0697866 0)
(-1.69272 -0.0504133 0)
(-1.12671 -0.0602803 0)
(-0.541756 -0.0637736 0)
(0.154048 -0.0537003 0)
(0.845922 -0.0421775 0)
(1.44037 -0.0303526 0)
(1.81315 -0.0294293 0)
(1.89993 -0.0189275 0)
(1.76365 0.010918 0)
(1.49678 0.031104 0)
(1.19638 0.0325329 0)
(0.948108 0.0217113 0)
(0.828631 0.00723067 0)
(0.858257 -0.0113423 0)
(0.983163 -0.0261851 0)
(1.10992 -0.0391848 0)
(1.07781 -0.0357492 0)
(0.889722 0.00553901 0)
(0.652492 0.0577433 0)
(0.200226 0.0774232 0)
(0.147255 -0.104777 0)
(0.225586 -0.029953 0)
(0.510761 -0.477938 0)
(1.82014 0.0457149 0)
(1.08329 0.389254 0)
(0.0724264 0.0454981 0)
(-0.223516 0.042486 0)
(-0.301269 -0.0444276 0)
(0.206718 -0.287346 0)
(0.494479 -0.122621 0)
(0.633411 -0.104307 0)
(1.30787 -0.0747158 0)
(0.197244 0.0437415 0)
(0.975638 0.443594 0)
(-0.551387 0.799724 0)
(-0.784899 1.13563 0)
(-3.63376 0.598047 0)
(-3.5113 -0.441756 0)
(-2.42812 -0.759635 0)
(-1.27467 -0.921407 0)
(0.388856 -0.7366 0)
(1.63999 -0.671749 0)
(2.85356 -0.632567 0)
(3.95442 -0.164792 0)
(3.71458 0.375175 0)
(2.87409 0.361375 0)
(3.4036 -0.254924 0)
(3.6421 -0.547247 0)
(2.41507 0.115892 0)
(-0.294462 1.13349 0)
(-3.41414 1.49612 0)
(-5.60765 1.33732 0)
(-6.98709 0.970931 0)
(-7.35848 0.450114 0)
(-7.03091 -0.0341907 0)
(-6.22232 -0.372044 0)
(-4.76902 -0.708252 0)
(-3.32889 -1.25312 0)
(-0.660494 -1.46026 0)
(1.42529 -1.25258 0)
(3.52772 -1.14452 0)
(5.38448 -0.9168 0)
(6.96992 -0.606719 0)
(8.1539 -0.266401 0)
(8.85353 0.0401157 0)
(9.01826 0.289674 0)
(8.6479 0.453146 0)
(7.9238 0.550814 0)
(6.84831 0.587451 0)
(5.55892 0.549188 0)
(4.2633 0.476998 0)
(2.93303 0.409283 0)
(1.75807 0.3647 0)
(0.826463 0.347594 0)
(0.0524195 0.330715 0)
(-0.548264 0.25882 0)
(-0.90173 0.144228 0)
(-1.00559 0.0125245 0)
(-0.948095 -0.0671202 0)
(-0.921047 -0.0875233 0)
(-0.645455 -0.268065 0)
(-0.0203699 -0.570838 0)
(0.900816 -0.665362 0)
(1.88425 -0.501933 0)
(2.62787 -0.270487 0)
(2.96354 -0.0330442 0)
(2.78609 0.242835 0)
(1.88283 0.476902 0)
(0.485472 0.556884 0)
(-0.872514 0.516238 0)
(-2.0032 0.564462 0)
(-2.93867 0.606262 0)
(-3.64362 0.380378 0)
(-4.48689 0.528443 0)
(-4.19023 -0.301555 0)
(-3.94416 0.194002 0)
(-3.52413 -0.457773 0)
(-2.86654 -0.140426 0)
(-2.46337 -0.289339 0)
(-1.75655 -0.385236 0)
(-1.18588 -0.343267 0)
(-0.440616 -0.391416 0)
(0.28117 -0.438008 0)
(1.21841 -0.484714 0)
(2.2469 -0.473925 0)
(3.32518 -0.350891 0)
(4.25588 -0.137255 0)
(4.63609 0.0656754 0)
(4.37733 0.181563 0)
(3.78815 0.213965 0)
(3.22558 0.200423 0)
(2.79852 0.137592 0)
(2.55539 0.0331447 0)
(2.50625 -0.0666811 0)
(2.58812 -0.0960749 0)
(2.56352 -0.00962762 0)
(2.07262 0.135693 0)
(1.28947 0.203165 0)
(0.872862 0.257405 0)
(0.272473 0.286573 0)
(0.0970633 -0.200223 0)
(0.30118 -0.107518 0)
(0.905514 -0.878647 0)
(1.89092 -0.0286221 0)
(1.46503 0.73957 0)
(0.193049 0.378621 0)
(-0.412005 0.150897 0)
(-0.31202 -0.173623 0)
(0.0105103 -0.377442 0)
(0.0724801 -0.256378 0)
(0.392997 -0.291624 0)
(0.370637 0.0744411 0)
(-0.499474 0.162011 0)
(-0.298906 0.582773 0)
(-0.984083 1.04247 0)
(-1.1897 1.66514 0)
(-2.93799 1.14441 0)
(-3.23616 -0.571902 0)
(-2.61261 -0.961008 0)
(-1.97191 -1.42278 0)
(0.14235 -1.30573 0)
(1.59453 -1.21491 0)
(3.04847 -1.19673 0)
(4.36554 -0.355452 0)
(4.37341 0.638652 0)
(4.3238 0.446379 0)
(4.60485 -0.318359 0)
(3.35296 0.0376078 0)
(0.586399 1.28799 0)
(-2.61165 2.24705 0)
(-4.79437 2.33962 0)
(-5.92355 1.89224 0)
(-6.39361 1.29853 0)
(-6.25846 0.504074 0)
(-5.83032 -0.290586 0)
(-5.18275 -0.856146 0)
(-3.78943 -1.37247 0)
(-1.83952 -2.14397 0)
(0.315399 -2.32659 0)
(2.6574 -2.17037 0)
(4.74818 -1.93496 0)
(6.5725 -1.59517 0)
(8.13311 -1.16858 0)
(9.4086 -0.670355 0)
(10.344 -0.191748 0)
(10.8571 0.252706 0)
(10.9072 0.642536 0)
(10.375 0.893395 0)
(9.37136 1.04403 0)
(8.16009 1.10144 0)
(6.67204 1.06238 0)
(5.06634 1.00468 0)
(3.60909 0.916092 0)
(2.27211 0.781628 0)
(1.20699 0.646979 0)
(0.452524 0.493253 0)
(-0.0863675 0.271337 0)
(-0.353776 0.0351069 0)
(-0.450642 -0.0876716 0)
(-0.45661 -0.150094 0)
(-0.176442 -0.410949 0)
(0.285457 -0.822823 0)
(0.939149 -1.02949 0)
(1.62814 -0.837551 0)
(2.22914 -0.475618 0)
(2.53216 -0.0474056 0)
(2.48185 0.470755 0)
(1.75529 0.922863 0)
(0.523741 1.09853 0)
(-0.812483 1.04338 0)
(-2.14736 1.03479 0)
(-3.19352 1.03434 0)
(-3.63969 0.542691 0)
(-4.46854 0.827378 0)
(-3.85598 -0.702189 0)
(-3.87374 0.249271 0)
(-2.98999 -0.811066 0)
(-2.90386 -0.306424 0)
(-1.99886 -0.50614 0)
(-1.50036 -0.665021 0)
(-0.779068 -0.609676 0)
(-0.110309 -0.681546 0)
(0.588348 -0.778158 0)
(1.49121 -0.914742 0)
(2.53214 -0.969428 0)
(3.59823 -0.908233 0)
(4.79974 -0.603679 0)
(5.89613 -0.0656718 0)
(6.24123 0.388308 0)
(5.70224 0.548084 0)
(4.82511 0.477878 0)
(4.10615 0.328832 0)
(3.64901 0.14267 0)
(3.34035 -0.026483 0)
(3.05466 -0.0567835 0)
(2.74465 0.151386 0)
(2.1287 0.454564 0)
(1.26125 0.492819 0)
(0.82297 0.479409 0)
(0.272363 0.524662 0)
(-0.011833 -0.285071 0)
(0.427237 -0.301649 0)
(1.07646 -1.23185 0)
(1.76024 -0.103497 0)
(1.57506 1.10123 0)
(0.278129 0.739024 0)
(-0.374559 0.295648 0)
(-0.364894 -0.254099 0)
(-0.291467 -0.417718 0)
(-0.407134 -0.310187 0)
(-0.637273 -0.184528 0)
(-1.00443 0.277645 0)
(-1.85963 0.335609 0)
(-1.82353 0.706414 0)
(-2.17124 1.32053 0)
(-2.72347 2.04754 0)
(-2.0077 1.50833 0)
(-4.34086 -0.375273 0)
(-3.76163 -1.16539 0)
(-3.36624 -2.09198 0)
(-1.16184 -2.1202 0)
(0.572884 -1.91952 0)
(2.04447 -1.84578 0)
(3.56556 -0.714074 0)
(4.43785 0.476266 0)
(5.05157 0.403243 0)
(4.58282 0.100309 0)
(2.47825 0.98938 0)
(-0.876655 2.48616 0)
(-3.74484 3.19016 0)
(-4.57052 2.78437 0)
(-5.22953 2.02965 0)
(-5.35849 1.25634 0)
(-5.01229 0.409514 0)
(-4.45546 -0.502455 0)
(-3.90521 -1.22508 0)
(-2.56592 -2.06906 0)
(-0.787182 -3.12855 0)
(1.28233 -3.3671 0)
(3.57651 -3.16018 0)
(5.69612 -2.78972 0)
(7.48998 -2.33171 0)
(9.04664 -1.76187 0)
(10.2878 -1.1306 0)
(11.2464 -0.508333 0)
(11.8773 0.0811241 0)
(12.1698 0.656176 0)
(12.0455 1.16199 0)
(11.2638 1.50038 0)
(10.0362 1.64859 0)
(8.56726 1.68339 0)
(6.98877 1.64294 0)
(5.44318 1.51781 0)
(3.98465 1.33349 0)
(2.69803 1.09882 0)
(1.71471 0.808711 0)
(0.971366 0.490129 0)
(0.471266 0.174429 0)
(0.0779891 -0.0404169 0)
(-0.000485218 -0.216856 0)
(0.138384 -0.551667 0)
(0.429166 -1.0239 0)
(0.888311 -1.25224 0)
(1.21328 -1.01544 0)
(1.55163 -0.621027 0)
(1.84023 -0.105421 0)
(1.93695 0.606005 0)
(1.46209 1.24844 0)
(0.486726 1.56697 0)
(-0.778149 1.57828 0)
(-2.24592 1.48736 0)
(-3.26811 1.37879 0)
(-3.1553 0.523361 0)
(-4.1502 1.06141 0)
(-2.87221 -1.00196 0)
(-4.08433 0.214473 0)
(-2.02564 -1.10958 0)
(-3.05764 -0.520591 0)
(-1.40917 -0.809762 0)
(-1.1158 -0.94824 0)
(-0.178154 -0.902619 0)
(0.409729 -0.952324 0)
(1.07986 -1.10442 0)
(1.85251 -1.32541 0)
(2.85454 -1.39009 0)
(3.8953 -1.31113 0)
(4.84616 -1.08549 0)
(5.91856 -0.517375 0)
(6.94987 0.256919 0)
(7.1044 0.805132 0)
(6.3376 0.900876 0)
(5.19059 0.663279 0)
(4.25797 0.369606 0)
(3.67723 0.168415 0)
(3.10657 0.147521 0)
(2.47977 0.386551 0)
(1.82712 0.768784 0)
(1.11049 0.763754 0)
(0.603072 0.677888 0)
(0.25202 0.728658 0)
(-0.0571049 -0.367481 0)
(0.500102 -0.576903 0)
(1.08222 -1.5073 0)
(1.60059 -0.198839 0)
(1.59277 1.42453 0)
(0.293899 1.09405 0)
(-0.335465 0.481124 0)
(-0.553683 -0.235946 0)
(-0.711857 -0.333752 0)
(-1.12513 -0.156332 0)
(-1.72521 0.0639633 0)
(-2.29948 0.49877 0)
(-3.06526 0.509166 0)
(-3.18194 0.837016 0)
(-3.5682 1.3163 0)
(-3.75949 1.80799 0)
(-2.63639 1.70872 0)
(-5.59069 0.0485036 0)
(-4.35795 -1.42647 0)
(-4.34834 -2.69774 0)
(-2.94381 -2.96044 0)
(-0.454817 -2.66372 0)
(0.871213 -2.50235 0)
(2.59529 -1.27057 0)
(4.08028 0.0995247 0)
(4.84292 0.427162 0)
(3.93254 0.686066 0)
(1.53956 2.05371 0)
(-1.71047 3.63132 0)
(-3.80759 3.79893 0)
(-3.71405 2.96596 0)
(-4.05717 2.19183 0)
(-4.10183 1.25717 0)
(-3.66854 0.290488 0)
(-3.02419 -0.782051 0)
(-2.5255 -1.6376 0)
(-1.05083 -2.70354 0)
(0.720253 -3.89884 0)
(2.42426 -4.31186 0)
(4.44679 -4.12412 0)
(6.47144 -3.61599 0)
(8.15654 -3.03705 0)
(9.63798 -2.36087 0)
(10.8792 -1.58246 0)
(11.8569 -0.830716 0)
(12.5607 -0.113591 0)
(12.9743 0.588848 0)
(13.0846 1.29529 0)
(12.7031 1.88227 0)
(11.6463 2.19555 0)
(10.1899 2.3178 0)
(8.65334 2.2879 0)
(7.06499 2.14008 0)
(5.56577 1.92296 0)
(4.21762 1.61573 0)
(3.16016 1.25179 0)
(2.20059 0.817721 0)
(1.47628 0.399914 0)
(0.900123 0.0886919 0)
(0.668705 -0.184642 0)
(0.614426 -0.566076 0)
(0.729885 -1.11785 0)
(0.908934 -1.35521 0)
(0.94328 -1.04503 0)
(0.974379 -0.690722 0)
(1.0898 -0.198034 0)
(1.32046 0.684221 0)
(1.18838 1.53323 0)
(0.429188 1.99492 0)
(-0.795345 2.06991 0)
(-2.13919 1.90588 0)
(-2.96276 1.68705 0)
(-2.3618 0.478404 0)
(-3.92971 1.32157 0)
(-1.67712 -1.16746 0)
(-4.09948 0.189328 0)
(-1.33615 -1.31581 0)
(-2.58973 -0.74106 0)
(-0.883776 -1.17277 0)
(-0.559954 -1.2648 0)
(0.443423 -1.21453 0)
(1.1122 -1.1965 0)
(1.75448 -1.38995 0)
(2.40452 -1.69565 0)
(3.2313 -1.87231 0)
(4.16743 -1.76429 0)
(5.16651 -1.45301 0)
(5.96827 -0.933149 0)
(6.9992 -0.0837664 0)
(7.72184 0.81319 0)
(7.52854 1.27591 0)
(6.39466 1.22751 0)
(5.03419 0.788179 0)
(4.05139 0.433689 0)
(3.37928 0.435307 0)
(2.51034 0.704227 0)
(1.622 1.03386 0)
(1.08549 0.997223 0)
(0.502025 0.838617 0)
(0.242983 0.901982 0)
(-0.0546062 -0.452721 0)
(0.451186 -0.844327 0)
(0.952837 -1.73575 0)
(1.34407 -0.290117 0)
(1.47315 1.70118 0)
(0.220019 1.45601 0)
(-0.281662 0.668557 0)
(-0.758663 -0.134418 0)
(-1.12387 -0.192 0)
(-1.71392 0.0515943 0)
(-2.63849 0.411652 0)
(-3.64101 0.776209 0)
(-4.39221 0.729974 0)
(-4.60996 1.03297 0)
(-5.2232 1.39151 0)
(-5.0095 1.83656 0)
(-3.95392 1.96212 0)
(-5.73811 0.172235 0)
(-4.45765 -1.66987 0)
(-4.79595 -2.95524 0)
(-4.19779 -3.78604 0)
(-1.36912 -3.59088 0)
(-0.217846 -3.20535 0)
(1.70971 -1.97586 0)
(3.40008 -0.394838 0)
(4.17306 0.502129 0)
(3.12351 1.37353 0)
(0.63498 3.11211 0)
(-2.04475 4.62128 0)
(-2.96079 4.13647 0)
(-2.72178 2.97177 0)
(-2.75988 2.2265 0)
(-2.73084 1.16512 0)
(-2.28191 0.128828 0)
(-1.5954 -1.00949 0)
(-1.12029 -2.01379 0)
(0.47307 -3.27261 0)
(1.91905 -4.56281 0)
(3.49537 -5.0874 0)
(5.29358 -5.03424 0)
(7.1437 -4.41048 0)
(8.6539 -3.69822 0)
(9.97736 -2.93837 0)
(11.118 -2.06769 0)
(12.1603 -1.1778 0)
(12.9434 -0.352633 0)
(13.4373 0.450606 0)
(13.7178 1.25787 0)
(13.713 2.08034 0)
(13.0301 2.69325 0)
(11.6669 2.93089 0)
(10.0891 2.93221 0)
(8.52164 2.79754 0)
(7.01369 2.51988 0)
(5.6042 2.13549 0)
(4.48199 1.69779 0)
(3.47103 1.22417 0)
(2.63357 0.730156 0)
(1.88747 0.263036 0)
(1.42195 -0.0991411 0)
(1.21623 -0.494373 0)
(1.21553 -1.10987 0)
(1.09514 -1.3979 0)
(0.994432 -1.02884 0)
(0.921754 -0.643808 0)
(0.648903 -0.212975 0)
(0.562037 0.682469 0)
(0.485035 1.65285 0)
(0.0485098 2.35492 0)
(-0.874775 2.63867 0)
(-1.89457 2.28205 0)
(-2.65889 1.96484 0)
(-1.89337 0.461848 0)
(-3.82169 1.37021 0)
(-1.02584 -1.41336 0)
(-3.71926 0.259125 0)
(-0.988253 -1.49908 0)
(-1.97969 -0.963389 0)
(-0.156336 -1.50659 0)
(0.164548 -1.59009 0)
(1.01803 -1.59876 0)
(1.7636 -1.48534 0)
(2.51874 -1.63031 0)
(3.06717 -1.98359 0)
(3.88021 -2.17237 0)
(4.5536 -2.16499 0)
(5.37029 -1.83049 0)
(6.07108 -1.26418 0)
(6.94343 -0.480101 0)
(7.95536 0.587692 0)
(8.26789 1.46227 0)
(7.35439 1.6701 0)
(6.05519 1.35343 0)
(4.60304 0.856448 0)
(3.73167 0.743634 0)
(2.89155 1.03936 0)
(2.03308 1.41284 0)
(1.39066 1.29171 0)
(0.642154 1.0579 0)
(0.244135 1.05515 0)
(-0.0776321 -0.507061 0)
(0.316178 -1.05995 0)
(0.709058 -1.89426 0)
(0.970181 -0.38848 0)
(1.22835 2.0049 0)
(-0.0225454 1.73376 0)
(-0.316138 0.925313 0)
(-0.917827 0.107826 0)
(-1.60252 0.0637007 0)
(-2.46371 0.455905 0)
(-3.6802 0.901835 0)
(-4.83901 1.12641 0)
(-5.5842 1.02887 0)
(-6.05067 1.24033 0)
(-6.36036 1.30107 0)
(-5.80018 1.70009 0)
(-4.95171 1.98102 0)
(-5.12606 0.141665 0)
(-3.98897 -1.74012 0)
(-4.28371 -3.01817 0)
(-4.18658 -4.39211 0)
(-2.57413 -4.5085 0)
(-1.03461 -3.91844 0)
(0.8103 -2.7453 0)
(2.53793 -0.896053 0)
(3.30966 0.609549 0)
(2.37637 2.07516 0)
(-0.182369 4.03419 0)
(-2.23332 5.24145 0)
(-1.75878 4.2292 0)
(-1.70355 2.87899 0)
(-1.52925 2.18677 0)
(-1.30963 1.07857 0)
(-0.908229 -0.0352872 0)
(-0.0256041 -1.28179 0)
(0.116169 -2.51585 0)
(1.87819 -3.92233 0)
(3.01158 -5.22082 0)
(4.42394 -5.78654 0)
(6.05494 -5.78217 0)
(7.58248 -5.10277 0)
(8.95823 -4.2597 0)
(10.0658 -3.41017 0)
(11.0912 -2.51006 0)
(12.1074 -1.58648 0)
(12.9764 -0.616236 0)
(13.6265 0.275288 0)
(14.0487 1.1685 0)
(14.2305 2.14931 0)
(14.0066 3.00704 0)
(12.9897 3.49793 0)
(11.5204 3.57976 0)
(9.84846 3.44075 0)
(8.28404 3.14195 0)
(6.81312 2.67711 0)
(5.60164 2.16357 0)
(4.60544 1.62881 0)
(3.76064 1.08577 0)
(2.94086 0.550716 0)
(2.27811 0.0769004 0)
(1.89211 -0.399328 0)
(1.73773 -1.0413 0)
(1.35532 -1.35298 0)
(1.14497 -0.999095 0)
(1.16296 -0.549914 0)
(0.810354 -0.0549905 0)
(0.360506 0.808858 0)
(0.107611 1.83439 0)
(-0.34175 2.5888 0)
(-0.992634 2.93613 0)
(-1.57013 2.43126 0)
(-2.542 2.0898 0)
(-1.50144 0.390967 0)
(-3.48985 1.39374 0)
(-0.0705687 -1.52491 0)
(-3.57602 0.224349 0)
(-0.108343 -1.89332 0)
(-1.68469 -1.20294 0)
(0.609383 -1.93798 0)
(1.11846 -1.83869 0)
(1.86145 -1.88338 0)
(2.50868 -1.82288 0)
(3.3258 -1.91591 0)
(3.82001 -2.29562 0)
(4.40195 -2.54263 0)
(5.26629 -2.39365 0)
(5.67394 -2.10263 0)
(6.38625 -1.54855 0)
(6.91376 -0.858071 0)
(7.85488 0.245735 0)
(8.55475 1.49315 0)
(8.20474 2.20444 0)
(6.67968 1.94536 0)
(5.2377 1.36987 0)
(4.15972 1.11273 0)
(3.3682 1.42182 0)
(2.37954 1.70656 0)
(1.92772 1.60535 0)
(0.955159 1.29947 0)
(0.311956 1.30016 0)
(-0.0900358 -0.52648 0)
(0.0983062 -1.20287 0)
(0.362147 -1.9925 0)
(0.478701 -0.482563 0)
(0.985222 2.20422 0)
(-0.0979177 1.98137 0)
(-0.563082 1.12557 0)
(-1.20004 0.339595 0)
(-1.90975 0.452233 0)
(-3.07933 0.861565 0)
(-4.29672 1.37255 0)
(-5.55439 1.51522 0)
(-6.22168 1.30425 0)
(-6.58871 1.29632 0)
(-6.59392 1.14512 0)
(-6.09247 1.50188 0)
(-5.10036 1.52748 0)
(-4.1848 -0.246653 0)
(-3.2189 -1.84841 0)
(-3.27043 -2.98523 0)
(-3.46432 -4.38625 0)
(-3.51383 -5.09843 0)
(-1.47971 -4.6336 0)
(-0.0910784 -3.47653 0)
(1.59602 -1.39739 0)
(2.36682 0.652903 0)
(1.77327 2.74795 0)
(-0.574218 4.85541 0)
(-2.16984 5.45781 0)
(-0.724308 4.07713 0)
(-0.615822 2.76686 0)
(-0.336248 2.09114 0)
(0.154218 0.908613 0)
(0.315958 -0.344853 0)
(1.70169 -1.53629 0)
(1.51518 -2.80652 0)
(3.26627 -4.42393 0)
(4.05611 -5.81328 0)
(5.43023 -6.50817 0)
(6.68512 -6.40792 0)
(7.94097 -5.6747 0)
(9.01418 -4.7234 0)
(9.93581 -3.84029 0)
(10.8658 -2.90312 0)
(11.8293 -1.94424 0)
(12.6185 -0.95326 0)
(13.3972 0.0374814 0)
(14.11 0.992629 0)
(14.4511 2.07405 0)
(14.5703 3.15999 0)
(14.0451 3.91082 0)
(12.779 4.20861 0)
(11.084 4.13553 0)
(9.49475 3.76916 0)
(7.92839 3.26122 0)
(6.64137 2.65111 0)
(5.51702 2.01495 0)
(4.65849 1.4424 0)
(3.93747 0.861524 0)
(3.21059 0.309811 0)
(2.63702 -0.203537 0)
(2.33042 -0.86305 0)
(1.7175 -1.2331 0)
(1.39274 -0.950857 0)
(1.41101 -0.501579 0)
(1.13983 0.0870228 0)
(0.559974 0.948294 0)
(0.160299 1.96164 0)
(-0.311326 2.7802 0)
(-0.808955 3.32933 0)
(-0.936049 2.69392 0)
(-2.21545 2.32041 0)
(-0.762063 0.347259 0)
(-3.49013 1.35702 0)
(1.06694 -1.64372 0)
(-3.02211 0.12921 0)
(1.09492 -2.28998 0)
(-0.974719 -1.42521 0)
(1.07175 -2.58966 0)
(1.75054 -2.25656 0)
(2.66287 -2.15435 0)
(3.42787 -2.09104 0)
(4.15747 -2.13615 0)
(4.70341 -2.44929 0)
(4.95299 -2.8381 0)
(5.69723 -2.72701 0)
(6.24878 -2.28675 0)
(6.54361 -1.74383 0)
(7.05282 -1.08392 0)
(7.68298 -0.0866268 0)
(8.69627 1.37807 0)
(8.63509 2.38189 0)
(7.76464 2.55353 0)
(5.9243 1.94722 0)
(4.32057 1.53675 0)
(3.44763 1.69431 0)
(3.04759 2.03962 0)
(2.34989 1.89686 0)
(1.30637 1.72588 0)
(0.267683 1.56889 0)
(-0.142663 -0.48818 0)
(-0.17203 -1.27185 0)
(-0.0532614 -2.03298 0)
(-0.0884613 -0.621083 0)
(0.7207 2.34238 0)
(-0.321222 2.26235 0)
(-0.536984 1.41491 0)
(-1.41623 0.65168 0)
(-2.15866 0.836712 0)
(-3.34486 1.33903 0)
(-4.65389 1.83324 0)
(-5.77755 1.90827 0)
(-6.22844 1.52191 0)
(-6.28814 1.28024 0)
(-5.88931 0.992028 0)
(-5.33869 1.21236 0)
(-4.09319 0.963451 0)
(-3.11687 -0.63962 0)
(-2.72229 -1.93667 0)
(-2.35996 -2.8884 0)
(-2.74595 -4.04621 0)
(-3.13212 -5.35889 0)
(-1.82069 -5.20715 0)
(-0.85618 -3.93149 0)
(0.613335 -1.80563 0)
(1.53636 0.676452 0)
(1.24487 3.24905 0)
(-0.473442 5.58481 0)
(-1.53101 5.43319 0)
(-0.105961 3.73455 0)
(0.287825 2.57613 0)
(0.618132 1.91787 0)
(1.7508 0.814985 0)
(1.48731 -0.527479 0)
(3.19409 -1.77443 0)
(2.81274 -3.043 0)
(4.54539 -4.79297 0)
(4.97195 -6.27497 0)
(6.35463 -7.06457 0)
(7.05724 -6.89798 0)
(8.12907 -6.08962 0)
(8.86713 -5.09395 0)
(9.68749 -4.17899 0)
(10.3984 -3.27648 0)
(11.405 -2.26376 0)
(12.1463 -1.25428 0)
(12.8747 -0.301553 0)
(13.7419 0.77468 0)
(14.3962 1.94107 0)
(14.7939 3.1167 0)
(14.6294 4.16702 0)
(13.8582 4.74906 0)
(12.3013 4.79462 0)
(10.6232 4.44111 0)
(8.98824 3.86904 0)
(7.59548 3.18566 0)
(6.36394 2.45579 0)
(5.45457 1.76777 0)
(4.72104 1.14246 0)
(4.09165 0.576276 0)
(3.43697 0.0444935 0)
(3.00751 -0.615235 0)
(2.188 -1.06549 0)
(1.74086 -0.854615 0)
(1.62734 -0.404755 0)
(1.39598 0.255563 0)
(0.839707 1.11765 0)
(0.366178 2.11886 0)
(-0.116967 2.91684 0)
(-0.796726 3.39607 0)
(-0.906435 2.6903 0)
(-2.06388 2.45263 0)
(0.520551 0.441502 0)
(-3.28002 1.1159 0)
(1.34767 -2.02185 0)
(-1.91442 0.0492678 0)
(2.17099 -2.52068 0)
(0.797057 -1.47385 0)
(2.15233 -2.89729 0)
(2.31133 -2.70669 0)
(3.31522 -2.59865 0)
(4.3126 -2.42825 0)
(4.87699 -2.37146 0)
(5.26029 -2.59399 0)
(5.54839 -3.01736 0)
(6.04114 -2.93469 0)
(6.6297 -2.46294 0)
(7.01498 -1.87025 0)
(7.2161 -1.28334 0)
(7.59766 -0.456939 0)
(8.54701 1.0157 0)
(9.04231 2.59836 0)
(8.09461 3.04291 0)
(6.87873 2.6553 0)
(5.2249 2.06544 0)
(4.19526 2.03574 0)
(3.31203 2.23166 0)
(2.92852 2.3396 0)
(1.49771 2.06768 0)
(0.617689 2.01545 0)
(-0.190564 -0.377514 0)
(-0.440384 -1.25345 0)
(-0.50206 -2.02982 0)
(-0.702861 -0.743165 0)
(0.335323 2.42138 0)
(-0.627253 2.41954 0)
(-0.548867 1.65343 0)
(-1.26382 0.998555 0)
(-2.15533 1.23094 0)
(-3.26313 1.78767 0)
(-4.44343 2.24897 0)
(-5.22355 2.191 0)
(-5.23753 1.58607 0)
(-4.99696 1.09425 0)
(-4.37059 0.699388 0)
(-3.91242 0.771677 0)
(-2.56473 0.468549 0)
(-1.82364 -0.730237 0)
(-1.87442 -1.94141 0)
(-1.55149 -2.89274 0)
(-1.96508 -3.85519 0)
(-1.99188 -5.52083 0)
(-1.95936 -5.64229 0)
(-1.21796 -4.30028 0)
(-0.0792397 -2.27146 0)
(1.06633 0.604431 0)
(0.805452 3.54768 0)
(-0.314171 6.07971 0)
(-0.355278 5.35077 0)
(0.506658 3.44447 0)
(1.13807 2.35382 0)
(1.05336 1.51426 0)
(3.0631 0.512204 0)
(2.6479 -0.752645 0)
(4.2819 -2.06781 0)
(3.87004 -3.36228 0)
(5.66426 -5.19695 0)
(5.72335 -6.70019 0)
(7.035 -7.53951 0)
(7.38912 -7.25603 0)
(8.10995 -6.33021 0)
(8.55819 -5.3522 0)
(9.23044 -4.47648 0)
(9.86746 -3.60211 0)
(10.7578 -2.61463 0)
(11.6522 -1.53581 0)
(12.2326 -0.599883 0)
(13.1041 0.423055 0)
(14.0446 1.67602 0)
(14.6489 2.99598 0)
(14.9149 4.23005 0)
(14.5549 5.13309 0)
(13.3192 5.43946 0)
(11.7487 5.11762 0)
(10.0156 4.51179 0)
(8.50477 3.76261 0)
(7.17487 2.91699 0)
(6.12334 2.12875 0)
(5.3536 1.42796 0)
(4.8149 0.801316 0)
(4.14507 0.294039 0)
(3.74964 -0.293056 0)
(2.78177 -0.804039 0)
(2.20138 -0.7267 0)
(1.96297 -0.315054 0)
(1.62805 0.406667 0)
(1.12126 1.32788 0)
(0.609499 2.33568 0)
(0.186813 3.1362 0)
(-0.516622 3.64656 0)
(-0.608252 2.8026 0)
(-2.07709 2.22604 0)
(1.36011 0.446301 0)
(-2.0555 1.15673 0)
(1.47285 -2.23763 0)
(-0.725897 -0.250119 0)
(2.52882 -2.98995 0)
(2.38327 -1.75624 0)
(3.804 -2.84826 0)
(3.46729 -2.85925 0)
(3.97538 -3.0411 0)
(5.10042 -2.76231 0)
(5.65869 -2.46597 0)
(5.53693 -2.70347 0)
(5.84755 -3.21655 0)
(6.21209 -3.25646 0)
(7.05762 -2.6435 0)
(7.33585 -1.94555 0)
(7.48442 -1.33103 0)
(7.58674 -0.614766 0)
(8.29285 0.862485 0)
(9.09731 2.60948 0)
(8.75413 3.44131 0)
(7.05286 3.2512 0)
(5.81543 2.75229 0)
(4.19107 2.41845 0)
(3.56301 2.65868 0)
(2.6877 2.63843 0)
(2.03268 2.71663 0)
(0.191719 2.37215 0)
(-0.249651 -0.192433 0)
(-0.681835 -1.15869 0)
(-0.922234 -1.9884 0)
(-1.30893 -0.873938 0)
(0.123401 2.40498 0)
(-0.692489 2.52926 0)
(-0.526568 1.84215 0)
(-1.01613 1.2878 0)
(-1.69105 1.63245 0)
(-2.70175 2.13777 0)
(-3.57446 2.53635 0)
(-3.91996 2.36253 0)
(-3.5024 1.59662 0)
(-3.09746 0.943804 0)
(-2.45012 0.530441 0)
(-2.17307 0.399226 0)
(-1.08235 0.0820666 0)
(-0.473544 -0.769709 0)
(-0.388817 -1.94666 0)
(-0.656414 -2.92761 0)
(-0.911235 -3.81176 0)
(-0.881666 -5.41205 0)
(-1.5443 -5.80671 0)
(-1.22202 -4.60468 0)
(-0.361197 -2.707 0)
(0.740429 0.474728 0)
(0.614817 3.85339 0)
(-0.438474 6.13453 0)
(0.885599 5.07454 0)
(1.04257 3.24975 0)
(2.24523 2.23431 0)
(1.66078 1.14906 0)
(3.81405 0.108145 0)
(3.77848 -1.00692 0)
(5.17607 -2.19059 0)
(5.03346 -3.58988 0)
(6.56278 -5.43947 0)
(6.41777 -6.99573 0)
(7.60133 -7.86495 0)
(7.58298 -7.49395 0)
(7.94312 -6.47549 0)
(8.38583 -5.49762 0)
(8.68356 -4.70058 0)
(9.46389 -3.86814 0)
(10.1024 -2.92575 0)
(10.9589 -1.84404 0)
(11.6555 -0.876307 0)
(12.3446 0.105962 0)
(13.4323 1.34421 0)
(14.2714 2.72817 0)
(14.7401 4.16206 0)
(14.9054 5.35791 0)
(14.1517 5.91392 0)
(12.6797 5.77781 0)
(11.018 5.19595 0)
(9.40524 4.39061 0)
(7.96514 3.44775 0)
(6.82081 2.51948 0)
(5.93102 1.68446 0)
(5.39439 1.01061 0)
(4.77951 0.539691 0)
(4.49092 0.0142381 0)
(3.4836 -0.502582 0)
(2.67406 -0.506166 0)
(2.36611 -0.13202 0)
(1.912 0.604664 0)
(1.40261 1.56965 0)
(0.764704 2.55454 0)
(0.49987 3.29864 0)
(-0.0529165 4.00306 0)
(0.55398 3.05995 0)
(-1.24744 1.94807 0)
(1.58299 0.22974 0)
(-0.496635 1.20221 0)
(2.05118 -2.31602 0)
(0.699469 -0.704777 0)
(3.00746 -3.35438 0)
(3.09859 -2.34263 0)
(4.6496 -3.11275 0)
(4.85979 -2.81859 0)
(4.78568 -3.30555 0)
(5.62349 -3.14539 0)
(6.2675 -2.52763 0)
(6.13069 -2.6313 0)
(6.17557 -3.31825 0)
(6.64905 -3.47863 0)
(7.22487 -2.86846 0)
(7.74063 -2.0425 0)
(7.98059 -1.32466 0)
(7.71189 -0.793645 0)
(8.26296 0.317764 0)
(9.12109 2.38223 0)
(8.99861 3.86129 0)
(7.52588 3.78945 0)
(6.23575 3.09191 0)
(5.05479 2.93014 0)
(3.56047 2.8893 0)
(3.17704 3.10219 0)
(1.5882 2.981 0)
(1.22475 3.04029 0)
(-0.319934 0.0171076 0)
(-0.866361 -0.98427 0)
(-1.27008 -1.88698 0)
(-1.84711 -1.03857 0)
(0.0771415 2.23306 0)
(-0.846379 2.5877 0)
(-0.22719 1.89274 0)
(-0.801716 1.47992 0)
(-1.09941 1.9157 0)
(-1.74441 2.44122 0)
(-2.30102 2.70672 0)
(-2.38047 2.37104 0)
(-1.74533 1.47305 0)
(-1.42311 0.70198 0)
(-0.868365 0.345755 0)
(-0.551693 0.129827 0)
(0.241457 -0.248165 0)
(0.955885 -0.94218 0)
(1.28094 -1.94245 0)
(0.814738 -2.84628 0)
(0.31589 -3.69922 0)
(0.426414 -5.10342 0)
(-0.525581 -5.62629 0)
(-0.967765 -4.72758 0)
(-0.269886 -3.0489 0)
(0.66336 0.218431 0)
(0.775289 4.05604 0)
(-0.497802 5.88667 0)
(1.69767 4.6043 0)
(1.38823 2.92035 0)
(3.00207 1.94017 0)
(2.59896 0.804782 0)
(4.25532 -0.269074 0)
(4.73428 -1.40256 0)
(5.85735 -2.39133 0)
(6.04328 -3.87732 0)
(7.18022 -5.65469 0)
(7.09049 -7.28493 0)
(8.02606 -8.04568 0)
(7.65772 -7.52637 0)
(7.64157 -6.54433 0)
(8.0939 -5.58972 0)
(8.25306 -4.93704 0)
(9.11056 -4.15599 0)
(9.79976 -3.16384 0)
(10.302 -2.13537 0)
(11.0023 -1.16087 0)
(11.7306 -0.223454 0)
(12.6903 0.950736 0)
(13.6446 2.42574 0)
(14.402 3.94858 0)
(14.9222 5.35302 0)
(14.5588 6.31033 0)
(13.4862 6.37947 0)
(11.8907 5.87112 0)
(10.2643 5.03635 0)
(8.82547 3.99336 0)
(7.53034 2.97354 0)
(6.47023 2.02657 0)
(5.94711 1.19575 0)
(5.30249 0.695802 0)
(5.09202 0.326536 0)
(4.26414 -0.143608 0)
(3.3017 -0.262872 0)
(2.88956 0.0418097 0)
(2.33008 0.775277 0)
(1.84303 1.75403 0)
(1.11369 2.8139 0)
(0.837805 3.39315 0)
(0.184845 3.86918 0)
(1.97271 3.21659 0)
(0.383725 2.03258 0)
(1.86736 -0.0616821 0)
(0.827911 1.03818 0)
(2.8704 -2.41184 0)
(2.01189 -1.18241 0)
(4.02548 -3.47953 0)
(3.99538 -2.76943 0)
(5.03777 -3.59545 0)
(5.86538 -2.86343 0)
(5.76673 -3.35627 0)
(6.12281 -3.46002 0)
(6.84829 -2.65832 0)
(6.57044 -2.61187 0)
(6.4905 -3.43352 0)
(6.9758 -3.71551 0)
(7.43879 -3.12073 0)
(8.20453 -2.13132 0)
(8.44221 -1.3179 0)
(8.05039 -0.71198 0)
(8.01685 0.309426 0)
(8.88886 2.23118 0)
(9.17561 3.97657 0)
(8.16224 4.36434 0)
(6.32758 3.83939 0)
(4.98435 3.5524 0)
(3.89713 3.49316 0)
(2.86545 3.41895 0)
(2.15714 3.65349 0)
(-0.0364456 3.39338 0)
(-0.308493 0.316285 0)
(-0.944951 -0.745639 0)
(-1.4951 -1.76783 0)
(-2.28636 -1.23175 0)
(-0.105366 2.01516 0)
(-0.789281 2.57788 0)
(-0.124998 1.94008 0)
(-0.342861 1.67486 0)
(-0.422978 2.06057 0)
(-0.740433 2.57606 0)
(-0.902406 2.74597 0)
(-0.780904 2.26942 0)
(-0.078176 1.31226 0)
(0.159996 0.545401 0)
(0.593477 0.168261 0)
(0.970482 -0.13885 0)
(1.53357 -0.640589 0)
(2.35394 -1.1694 0)
(2.74385 -1.80199 0)
(2.37527 -2.55297 0)
(1.50868 -3.4205 0)
(1.74 -4.87242 0)
(0.908061 -5.30071 0)
(-0.232047 -4.677 0)
(0.214253 -3.32825 0)
(0.968722 -0.0762208 0)
(1.23334 4.19067 0)
(0.399155 5.71717 0)
(2.48129 4.35404 0)
(2.24951 2.71862 0)
(3.42628 1.59752 0)
(3.53013 0.438015 0)
(4.69968 -0.607861 0)
(5.57079 -1.78597 0)
(6.48634 -2.59905 0)
(6.79775 -4.09597 0)
(7.70835 -5.8662 0)
(7.65831 -7.53187 0)
(8.20095 -8.11604 0)
(7.48888 -7.47122 0)
(7.38512 -6.5435 0)
(7.7108 -5.65757 0)
(7.91546 -5.14345 0)
(8.65184 -4.53253 0)
(9.63717 -3.3856 0)
(9.98979 -2.31328 0)
(10.4271 -1.45166 0)
(11.106 -0.543049 0)
(11.9606 0.565372 0)
(12.9658 2.02139 0)
(13.8805 3.65005 0)
(14.6076 5.27161 0)
(14.7312 6.4655 0)
(14.0301 6.81941 0)
(12.6338 6.52914 0)
(11.0913 5.69166 0)
(9.54353 4.60418 0)
(8.27072 3.48227 0)
(7.13722 2.38604 0)
(6.44955 1.4276 0)
(5.77873 0.868769 0)
(5.71954 0.537984 0)
(5.02502 0.181726 0)
(3.93779 0.0475972 0)
(3.41667 0.285501 0)
(2.80624 1.00879 0)
(2.35541 1.96961 0)
(1.7078 3.08983 0)
(1.50909 3.57701 0)
(0.686494 3.59574 0)
(2.62901 2.8206 0)
(1.76327 2.17856 0)
(2.70677 -0.206729 0)
(2.09382 0.692103 0)
(3.87823 -2.38376 0)
(3.22124 -1.72654 0)
(4.78619 -3.72304 0)
(5.46667 -2.88496 0)
(5.39678 -4.04422 0)
(6.5746 -3.06809 0)
(6.531 -3.41441 0)
(6.64237 -3.58403 0)
(7.1491 -2.75422 0)
(7.2235 -2.44723 0)
(6.58587 -3.41636 0)
(6.95215 -3.91981 0)
(7.45648 -3.43617 0)
(8.40431 -2.42184 0)
(8.87875 -1.21201 0)
(8.52077 -0.569596 0)
(7.98846 0.0848531 0)
(8.7127 2.06519 0)
(9.1917 4.14952 0)
(8.47285 4.87328 0)
(6.9226 4.37884 0)
(5.35009 3.93418 0)
(4.3696 3.82196 0)
(3.33883 3.93809 0)
(1.89136 4.00996 0)
(1.26275 4.12785 0)
(-0.332654 0.517532 0)
(-0.937619 -0.47428 0)
(-1.58339 -1.5715 0)
(-2.58243 -1.46868 0)
(-0.123472 1.53901 0)
(-0.639129 2.56571 0)
(0.0618824 1.84635 0)
(0.127601 1.64781 0)
(0.396758 2.09449 0)
(0.420303 2.62742 0)
(0.567907 2.7335 0)
(0.806024 2.13558 0)
(1.51566 1.14858 0)
(1.81795 0.412153 0)
(2.11135 0.0200679 0)
(2.70145 -0.320249 0)
(2.94309 -0.863072 0)
(3.56071 -1.34065 0)
(3.69936 -1.68475 0)
(3.39408 -2.28373 0)
(2.56693 -3.20052 0)
(2.83441 -4.78432 0)
(2.30133 -5.04783 0)
(0.882083 -4.38723 0)
(0.972034 -3.49183 0)
(1.50299 -0.356711 0)
(1.46699 4.2198 0)
(2.0479 5.43044 0)
(3.48198 4.15979 0)
(3.58519 2.60916 0)
(4.15179 1.36336 0)
(4.42168 0.0545279 0)
(5.37691 -0.99389 0)
(6.25907 -2.10597 0)
(7.09729 -2.83822 0)
(7.45664 -4.27908 0)
(8.20234 -6.01466 0)
(8.11259 -7.63674 0)
(8.25807 -7.95299 0)
(7.24908 -7.25632 0)
(7.17225 -6.50174 0)
(7.28113 -5.75784 0)
(7.64439 -5.34128 0)
(8.2113 -4.9154 0)
(9.44667 -3.67182 0)
(10.0047 -2.37083 0)
(10.0315 -1.63251 0)
(10.5301 -0.839556 0)
(11.2154 0.209283 0)
(12.2144 1.62952 0)
(13.2408 3.29737 0)
(14.1437 5.0169 0)
(14.6013 6.47066 0)
(14.3028 7.17754 0)
(13.2149 7.08652 0)
(11.8027 6.30901 0)
(10.2899 5.2066 0)
(9.02192 3.99299 0)
(7.76486 2.82252 0)
(7.00755 1.70001 0)
(6.27379 0.981104 0)
(6.19781 0.720316 0)
(5.64718 0.54269 0)
(4.62659 0.397902 0)
(4.03155 0.503713 0)
(3.43453 1.20556 0)
(3.03858 2.12614 0)
(2.40502 3.24422 0)
(2.64708 3.74961 0)
(1.7558 3.53718 0)
(3.02029 2.34366 0)
(2.94117 2.30668 0)
(3.55108 -0.243686 0)
(3.41648 0.235758 0)
(4.67362 -2.32891 0)
(4.74393 -2.08871 0)
(5.00899 -4.19478 0)
(6.66382 -2.98627 0)
(5.87303 -4.19992 0)
(7.03641 -3.29645 0)
(7.10932 -3.42191 0)
(6.77306 -3.62539 0)
(7.31186 -2.89536 0)
(7.37611 -2.3338 0)
(6.85568 -3.34238 0)
(7.11124 -4.08045 0)
(7.35141 -3.72119 0)
(8.23482 -2.73809 0)
(9.2028 -1.37133 0)
(8.95534 -0.312248 0)
(8.26347 0.156928 0)
(8.61723 1.70515 0)
(9.25842 4.08479 0)
(8.51947 5.30009 0)
(7.40125 5.07589 0)
(5.75011 4.52002 0)
(4.38237 4.31129 0)
(3.46033 4.35508 0)
(2.39945 4.72461 0)
(0.285249 4.54597 0)
(-0.260674 0.811266 0)
(-0.784885 -0.129553 0)
(-1.50577 -1.30834 0)
(-2.72708 -1.51609 0)
(-0.562059 0.97165 0)
(-0.579879 2.38123 0)
(0.39371 1.65051 0)
(0.617481 1.55607 0)
(1.04025 1.95137 0)
(1.41264 2.48758 0)
(1.91828 2.62716 0)
(2.26197 1.98257 0)
(2.89923 1.01541 0)
(3.34317 0.271492 0)
(3.43375 -0.150991 0)
(4.17015 -0.527628 0)
(4.4821 -0.978541 0)
(4.52112 -1.43218 0)
(4.323 -1.81629 0)
(4.18276 -2.33145 0)
(3.74286 -3.11338 0)
(4.13878 -4.69909 0)
(3.55045 -4.84909 0)
(2.03357 -4.02026 0)
(2.10796 -3.49552 0)
(2.31409 -0.531178 0)
(1.65212 3.9572 0)
(3.40557 4.84088 0)
(4.38068 3.86066 0)
(4.85008 2.48289 0)
(5.22516 1.21227 0)
(5.48761 -0.251484 0)
(6.1697 -1.33454 0)
(6.94807 -2.37694 0)
(7.63932 -3.10583 0)
(7.99899 -4.43077 0)
(8.62026 -6.16481 0)
(8.39613 -7.66793 0)
(8.0777 -7.76469 0)
(7.0204 -7.03494 0)
(7.01469 -6.41333 0)
(6.82191 -5.84666 0)
(7.25152 -5.58682 0)
(7.93771 -5.28926 0)
(9.12088 -4.02281 0)
(10.13 -2.40452 0)
(9.89623 -1.66705 0)
(10.0486 -1.02019 0)
(10.5944 -0.0908953 0)
(11.4406 1.23762 0)
(12.4974 2.91225 0)
(13.5366 4.69834 0)
(14.232 6.34869 0)
(14.3105 7.34336 0)
(13.5962 7.52101 0)
(12.3685 6.89014 0)
(10.8764 5.8013 0)
(9.74399 4.52842 0)
(8.47712 3.29294 0)
(7.62757 2.02527 0)
(6.69509 1.14761 0)
(6.59138 0.858361 0)
(6.25896 0.794912 0)
(5.34939 0.716846 0)
(4.62635 0.766105 0)
(4.03208 1.41656 0)
(3.89202 2.30098 0)
(3.04081 3.33957 0)
(3.83174 3.68899 0)
(3.2994 3.70384 0)
(3.70429 2.07002 0)
(4.11716 2.29031 0)
(4.18281 -0.310258 0)
(4.86272 -0.285159 0)
(5.18038 -2.39088 0)
(6.27411 -2.26712 0)
(5.26865 -4.51199 0)
(7.37668 -3.09735 0)
(5.98259 -4.29558 0)
(7.41159 -3.49886 0)
(7.21841 -3.46808 0)
(7.0111 -3.4962 0)
(7.31915 -2.9968 0)
(7.47554 -2.34168 0)
(7.37814 -3.31899 0)
(7.46884 -4.09931 0)
(7.44786 -3.96551 0)
(8.00897 -3.13915 0)
(9.21865 -1.49353 0)
(9.34454 -0.237862 0)
(8.61575 0.292432 0)
(8.52228 1.6205 0)
(9.33834 4.13674 0)
(8.68266 5.56042 0)
(7.39772 5.53326 0)
(6.27582 5.19561 0)
(4.54322 4.77283 0)
(3.68506 4.90584 0)
(2.26842 5.06359 0)
(1.47412 5.45902 0)
(-0.146836 0.924397 0)
(-0.538499 0.124706 0)
(-1.20598 -0.953318 0)
(-2.65051 -1.36017 0)
(-1.70449 0.460353 0)
(-0.334948 2.17613 0)
(0.455213 1.3985 0)
(1.04366 1.39041 0)
(1.67382 1.77959 0)
(2.20415 2.22506 0)
(3.03322 2.37045 0)
(3.49255 1.79126 0)
(4.03266 0.85429 0)
(4.64228 0.11563 0)
(4.54563 -0.296239 0)
(5.00728 -0.851255 0)
(5.54255 -1.10144 0)
(5.65609 -1.23851 0)
(5.52274 -1.67049 0)
(5.22407 -2.24517 0)
(4.98398 -2.94084 0)
(5.71026 -4.47505 0)
(4.8852 -4.61712 0)
(3.30158 -3.72684 0)
(3.86224 -3.34165 0)
(2.93153 -0.581949 0)
(2.50296 3.69031 0)
(4.56403 4.38925 0)
(5.39281 3.60136 0)
(5.9835 2.35768 0)
(6.42951 1.04948 0)
(6.68166 -0.485727 0)
(7.0649 -1.61166 0)
(7.62576 -2.55443 0)
(8.21629 -3.28163 0)
(8.48531 -4.53468 0)
(9.00566 -6.25928 0)
(8.5702 -7.50946 0)
(7.92917 -7.39201 0)
(6.8494 -6.80245 0)
(6.70928 -6.28304 0)
(6.28385 -5.89015 0)
(6.80772 -5.88052 0)
(7.73429 -5.66376 0)
(8.69104 -4.48041 0)
(10.0339 -2.56996 0)
(9.88406 -1.66073 0)
(9.73091 -1.13223 0)
(10.0578 -0.298181 0)
(10.7166 0.906282 0)
(11.7225 2.50518 0)
(12.768 4.32187 0)
(13.6842 6.09503 0)
(14.0623 7.38307 0)
(13.6982 7.85409 0)
(12.6935 7.38942 0)
(11.4205 6.35402 0)
(10.3561 5.0329 0)
(9.06864 3.76942 0)
(8.27941 2.43435 0)
(7.22593 1.36521 0)
(6.98813 0.97301 0)
(6.76847 1.03772 0)
(5.97071 1.07956 0)
(5.26578 1.06121 0)
(4.51223 1.57849 0)
(4.76006 2.40841 0)
(3.83614 3.47813 0)
(4.57367 3.42329 0)
(4.72074 3.80261 0)
(4.70434 2.00659 0)
(5.3805 2.11513 0)
(4.76336 -0.265753 0)
(6.46956 -0.738208 0)
(5.67544 -2.41095 0)
(7.50448 -2.29421 0)
(5.43405 -4.69007 0)
(7.6647 -3.15226 0)
(5.92988 -4.29061 0)
(7.63046 -3.57675 0)
(7.02356 -3.47068 0)
(6.98918 -3.47255 0)
(7.30129 -3.14398 0)
(7.4989 -2.3998 0)
(7.59546 -3.28251 0)
(8.04334 -4.09661 0)
(8.00606 -3.91619 0)
(8.03132 -3.46807 0)
(9.08269 -1.83211 0)
(9.57941 -0.0209975 0)
(8.87821 0.490203 0)
(8.61974 1.47425 0)
(9.25035 4.05833 0)
(8.95346 5.85372 0)
(7.39524 5.97067 0)
(6.43094 5.7188 0)
(5.194 5.39964 0)
(3.79165 5.21857 0)
(2.77483 5.87547 0)
(0.402954 5.98629 0)
(0.000552605 1.07265 0)
(-0.0838041 0.372435 0)
(-0.578681 -0.568222 0)
(-2.02155 -1.08559 0)
(-2.0207 -0.311695 0)
(0.22804 1.78341 0)
(0.832997 1.14777 0)
(1.33553 1.04244 0)
(2.16782 1.39685 0)
(2.78647 1.81799 0)
(3.89714 2.02394 0)
(4.49839 1.63518 0)
(4.95729 0.723395 0)
(5.69013 -0.0154418 0)
(5.59543 -0.263165 0)
(5.7665 -1.04936 0)
(5.73001 -1.38944 0)
(5.9463 -1.25014 0)
(6.47205 -1.55565 0)
(6.16328 -2.09991 0)
(5.93171 -2.89169 0)
(7.04987 -4.37615 0)
(6.19462 -4.43956 0)
(4.7991 -3.46294 0)
(5.62099 -3.03187 0)
(3.6473 -0.587276 0)
(3.86838 3.33933 0)
(5.9095 3.99667 0)
(6.71873 3.28662 0)
(7.22599 2.22609 0)
(7.74071 0.899266 0)
(7.87283 -0.62602 0)
(7.96979 -1.76267 0)
(8.35103 -2.69325 0)
(8.78519 -3.4557 0)
(8.99053 -4.63339 0)
(9.3199 -6.26635 0)
(8.53602 -7.27384 0)
(7.72143 -7.0597 0)
(6.64398 -6.54198 0)
(6.20928 -6.04966 0)
(5.61127 -5.92146 0)
(6.27323 -6.28934 0)
(7.32124 -6.0684 0)
(8.01112 -4.9497 0)
(9.55506 -2.86684 0)
(9.66987 -1.66459 0)
(9.3067 -1.17482 0)
(9.55073 -0.463759 0)
(10.0056 0.660171 0)
(10.895 2.12204 0)
(11.9248 3.90116 0)
(12.9627 5.78972 0)
(13.581 7.30036 0)
(13.5549 8.02269 0)
(12.7843 7.75444 0)
(11.7782 6.79393 0)
(10.766 5.49116 0)
(9.6231 4.21016 0)
(8.93784 2.83618 0)
(7.78493 1.65137 0)
(7.31908 1.08437 0)
(7.27603 1.19364 0)
(6.62982 1.34659 0)
(6.10107 1.30415 0)
(5.14977 1.6839 0)
(5.5346 2.36217 0)
(4.9198 3.58394 0)
(5.21129 3.19918 0)
(5.95483 3.77434 0)
(5.53277 1.94448 0)
(6.83497 2.00205 0)
(5.46033 -0.24803 0)
(7.90837 -1.14493 0)
(6.10512 -2.46088 0)
(8.26979 -2.24093 0)
(5.83495 -4.59747 0)
(7.79803 -3.19798 0)
(5.80763 -4.39038 0)
(7.73424 -3.73456 0)
(6.80214 -3.5576 0)
(7.12153 -3.39966 0)
(7.48385 -3.26271 0)
(7.42385 -2.47641 0)
(7.32105 -3.53897 0)
(8.2587 -4.31148 0)
(8.68172 -3.96346 0)
(8.18799 -3.62951 0)
(8.89967 -2.14398 0)
(9.70961 -0.111506 0)
(9.19317 0.717189 0)
(8.80428 1.49736 0)
(9.02599 3.95551 0)
(9.04624 6.28842 0)
(7.58038 6.59155 0)
(6.5218 6.13844 0)
(5.415 5.92249 0)
(4.25432 5.80709 0)
(2.72579 6.20707 0)
(1.64819 7.15573 0)
(0.228779 0.975401 0)
(0.315437 0.43023 0)
(0.170185 -0.243967 0)
(-1.0383 -0.691677 0)
(-1.10229 -0.732259 0)
(0.109751 0.902501 0)
(1.39037 0.962178 0)
(1.72807 0.828065 0)
(2.71931 1.09067 0)
(3.17934 1.37521 0)
(4.27702 1.5401 0)
(5.097 1.39279 0)
(5.53706 0.509844 0)
(6.26084 -0.207478 0)
(6.2132 -0.223684 0)
(6.59168 -0.972942 0)
(6.04064 -1.39318 0)
(5.90097 -1.37788 0)
(6.7937 -1.79831 0)
(6.9521 -2.27784 0)
(7.01492 -3.09113 0)
(8.32063 -4.454 0)
(7.54157 -4.4276 0)
(6.26037 -3.22315 0)
(7.04431 -2.62054 0)
(4.93965 -0.520324 0)
(5.15891 2.79221 0)
(7.22851 3.51333 0)
(8.17763 2.98124 0)
(8.43847 2.10348 0)
(8.977 0.7764 0)
(9.04642 -0.698483 0)
(8.86427 -1.82118 0)
(9.1432 -2.78084 0)
(9.37076 -3.50717 0)
(9.4661 -4.63454 0)
(9.48717 -6.13864 0)
(8.5243 -6.9138 0)
(7.5179 -6.6355 0)
(6.27922 -6.18429 0)
(5.54038 -5.7194 0)
(5.0344 -5.98032 0)
(5.54442 -6.73354 0)
(6.6376 -6.44809 0)
(7.06064 -5.39026 0)
(8.67327 -3.22357 0)
(9.12511 -1.67678 0)
(8.67925 -1.10942 0)
(8.88499 -0.544828 0)
(9.28794 0.426721 0)
(10.1001 1.758 0)
(11.0059 3.49921 0)
(12.1628 5.42065 0)
(12.8666 7.15273 0)
(13.145 8.09789 0)
(12.7773 7.99175 0)
(11.8898 7.21652 0)
(11.0046 5.9497 0)
(10.1033 4.5862 0)
(9.50221 3.25277 0)
(8.42875 2.00985 0)
(7.66913 1.23813 0)
(7.66798 1.31162 0)
(7.20608 1.62657 0)
(6.6727 1.58702 0)
(5.84545 1.96002 0)
(5.87983 2.21613 0)
(5.99209 3.70418 0)
(5.78804 3.04404 0)
(7.08076 3.67864 0)
(6.33026 1.90545 0)
(8.16706 1.85716 0)
(6.34704 -0.218887 0)
(8.93335 -1.36038 0)
(6.60455 -2.37617 0)
(8.62354 -2.16593 0)
(6.09856 -4.48736 0)
(7.86702 -3.14593 0)
(5.99299 -4.4144 0)
(8.00449 -3.69094 0)
(6.53387 -3.51265 0)
(7.26003 -3.57557 0)
(7.89345 -3.43686 0)
(7.5287 -2.30901 0)
(7.01763 -3.6788 0)
(8.24229 -4.62549 0)
(9.1364 -3.88918 0)
(8.44696 -3.65947 0)
(8.77827 -2.4123 0)
(9.59134 -0.163928 0)
(9.4779 0.819529 0)
(8.84691 1.6045 0)
(8.95465 4.01431 0)
(9.0087 6.41072 0)
(7.98066 6.93334 0)
(6.63601 6.56872 0)
(5.49384 6.34442 0)
(4.23283 6.35944 0)
(3.40135 6.84419 0)
(0.695529 7.75501 0)
(0.381578 0.876475 0)
(0.646049 0.444317 0)
(0.915592 -0.0418939 0)
(-0.055655 -0.400312 0)
(0.325388 -0.68701 0)
(-0.482335 0.376556 0)
(1.80403 0.640223 0)
(1.95459 0.478747 0)
(3.14153 0.779131 0)
(3.62697 1.08472 0)
(4.58758 1.09658 0)
(5.46738 1.09823 0)
(6.03135 0.28327 0)
(6.36669 -0.39347 0)
(6.22346 -0.311136 0)
(6.96445 -0.988067 0)
(6.6568 -1.33342 0)
(6.5562 -1.42177 0)
(7.56204 -2.07761 0)
(8.26819 -2.56876 0)
(8.58038 -3.1574 0)
(9.73986 -4.30108 0)
(9.1492 -4.26101 0)
(7.53727 -2.9685 0)
(8.27927 -2.23996 0)
(6.53799 -0.430778 0)
(6.34804 2.30782 0)
(8.32022 3.0393 0)
(9.35373 2.68962 0)
(9.51447 2.02812 0)
(10.0954 0.703586 0)
(9.99258 -0.722712 0)
(9.7171 -1.82373 0)
(9.93829 -2.80041 0)
(9.86768 -3.48935 0)
(9.84119 -4.59771 0)
(9.51848 -5.93631 0)
(8.40139 -6.52295 0)
(7.2481 -6.16907 0)
(5.81729 -5.65212 0)
(4.85207 -5.3472 0)
(4.45136 -6.06447 0)
(4.62581 -7.08891 0)
(5.84928 -6.69258 0)
(6.12159 -5.69262 0)
(7.6391 -3.59587 0)
(8.29119 -1.73116 0)
(7.96554 -1.05046 0)
(8.21901 -0.635194 0)
(8.52626 0.180508 0)
(9.3218 1.42396 0)
(10.1193 3.12514 0)
(11.2711 5.06063 0)
(12.1005 6.86974 0)
(12.6693 7.96817 0)
(12.4108 8.17367 0)
(11.8311 7.59163 0)
(11.2422 6.25641 0)
(10.4343 4.86209 0)
(9.838 3.60081 0)
(8.95057 2.38356 0)
(8.03424 1.44899 0)
(7.87997 1.33655 0)
(7.77254 1.8253 0)
(7.1084 1.7389 0)
(6.69365 2.21135 0)
(6.11359 1.99424 0)
(6.89229 3.71822 0)
(6.36949 2.83983 0)
(8.04282 3.47379 0)
(7.06556 1.81223 0)
(9.25203 1.71832 0)
(7.36344 -0.212366 0)
(9.5345 -1.43613 0)
(6.9995 -2.30029 0)
(8.88435 -2.14658 0)
(6.55042 -4.17592 0)
(8.00624 -3.15289 0)
(6.16501 -4.52532 0)
(8.14115 -3.7186 0)
(6.57307 -3.51592 0)
(7.56502 -3.68374 0)
(8.11084 -3.51114 0)
(7.73657 -2.09274 0)
(6.74366 -3.90131 0)
(7.82558 -5.09717 0)
(9.02051 -4.08388 0)
(8.62963 -3.45573 0)
(8.66522 -2.54923 0)
(9.36794 -0.336155 0)
(9.41685 0.998319 0)
(8.88273 1.70668 0)
(8.88131 4.02619 0)
(8.72319 6.58646 0)
(8.06579 7.41795 0)
(6.88233 7.21093 0)
(5.79899 6.9506 0)
(4.55165 6.80765 0)
(3.66929 7.20256 0)
(2.18437 9.15215 0)
(0.79432 0.459824 0)
(1.17278 0.268757 0)
(1.96468 -0.0279308 0)
(1.21148 -0.315123 0)
(2.09973 -0.546698 0)
(0.496847 0.18247 0)
(2.38298 0.178294 0)
(2.54545 0.1518 0)
(3.41451 0.388475 0)
(3.98014 0.693574 0)
(4.97432 0.680216 0)
(5.74866 0.837518 0)
(6.6485 0.182507 0)
(6.60965 -0.394802 0)
(6.52765 -0.401683 0)
(7.3951 -1.18997 0)
(7.3632 -1.59254 0)
(7.81267 -1.61066 0)
(8.96685 -2.29373 0)
(9.72096 -2.89582 0)
(9.9647 -3.38677 0)
(10.7973 -4.34951 0)
(10.3397 -4.10719 0)
(8.59038 -2.64673 0)
(9.25085 -1.90883 0)
(8.02817 -0.333829 0)
(7.4936 1.95963 0)
(9.23562 2.61706 0)
(10.2167 2.41252 0)
(10.388 1.89283 0)
(10.99 0.633168 0)
(10.7957 -0.674638 0)
(10.5344 -1.78753 0)
(10.6096 -2.73049 0)
(10.2436 -3.38581 0)
(10.0273 -4.43258 0)
(9.46858 -5.62214 0)
(8.32151 -6.01216 0)
(6.82815 -5.60563 0)
(5.31501 -5.07739 0)
(4.17496 -5.02287 0)
(3.7288 -6.08779 0)
(3.5969 -7.36533 0)
(5.00211 -6.94576 0)
(5.47991 -5.91171 0)
(6.6798 -3.94821 0)
(7.35628 -1.87387 0)
(7.24129 -1.09291 0)
(7.5867 -0.733672 0)
(7.80286 -0.0363976 0)
(8.63766 1.10457 0)
(9.27797 2.78264 0)
(10.4044 4.68767 0)
(11.1731 6.56281 0)
(11.8828 7.8431 0)
(11.9429 8.2384 0)
(11.6664 7.72309 0)
(11.1387 6.51587 0)
(10.4531 5.15064 0)
(10.0883 3.91531 0)
(9.36015 2.72702 0)
(8.42675 1.7653 0)
(7.92917 1.36201 0)
(8.24442 2.01963 0)
(7.39201 1.87656 0)
(7.49688 2.50195 0)
(6.36847 1.86063 0)
(7.54833 3.67769 0)
(6.84216 2.64974 0)
(8.83406 3.24917 0)
(7.77957 1.67873 0)
(9.87329 1.55324 0)
(8.47323 -0.107218 0)
(9.83544 -1.38149 0)
(7.70635 -2.03584 0)
(8.81453 -2.10218 0)
(6.98813 -3.96086 0)
(8.17141 -3.1156 0)
(6.5605 -4.54521 0)
(8.32289 -3.66134 0)
(6.75692 -3.59999 0)
(7.78503 -3.9451 0)
(8.07746 -3.63548 0)
(7.91823 -1.75009 0)
(6.73893 -4.00578 0)
(7.50505 -5.51593 0)
(8.80419 -4.31139 0)
(8.75144 -3.48977 0)
(8.46892 -2.56928 0)
(9.13043 -0.452578 0)
(9.21187 1.01621 0)
(8.834 1.88003 0)
(8.71075 4.01661 0)
(8.73029 6.5861 0)
(8.02934 7.65698 0)
(7.22788 7.53007 0)
(6.27657 7.39989 0)
(5.15157 7.36467 0)
(4.42723 7.4377 0)
(1.56826 9.92434 0)
(4.64619 0.580101 0)
(-2.82815 -0.0158951 0)
(1.65401 -0.0807149 0)
(1.07521 0.00109589 0)
(1.38808 -0.000147437 0)
(1.49015 -0.00296252 0)
(1.53624 -0.000311308 0)
(1.5626 0.000302396 0)
(1.53718 -0.00014687 0)
(1.51609 0.00109966 0)
(8.98454 0.618322 0)
(-1.37711 0.221605 0)
(3.76147 -0.354997 0)
(3.16662 -0.01538 0)
(3.63323 -0.0264736 0)
(3.91609 -0.0247375 0)
(3.99731 -0.00627402 0)
(4.0991 0.000688223 0)
(4.04728 0.00439232 0)
(4.00875 0.0052151 0)
(11.7445 1.13013 0)
(1.45937 0.420771 0)
(5.3753 -0.528703 0)
(4.91623 -0.0602577 0)
(5.40248 -0.0625819 0)
(5.82653 -0.0578028 0)
(5.93855 -0.0187379 0)
(6.14715 -0.00458489 0)
(6.10715 0.00932299 0)
(6.08006 0.00982378 0)
(13.5181 1.4231 0)
(4.42332 0.647448 0)
(6.99181 -0.594562 0)
(6.47007 -0.105929 0)
(6.8487 -0.105162 0)
(7.38434 -0.100034 0)
(7.53131 -0.0401039 0)
(7.87301 -0.0194158 0)
(7.88081 0.0107759 0)
(7.90808 0.0129594 0)
(14.4078 1.53994 0)
(7.03068 0.834675 0)
(8.56415 -0.569916 0)
(7.83662 -0.130954 0)
(7.97508 -0.150953 0)
(8.59438 -0.152944 0)
(8.77619 -0.0710341 0)
(9.26122 -0.0459539 0)
(9.33025 0.00329161 0)
(9.46354 0.0112468 0)
(14.5816 1.5732 0)
(9.07594 0.949939 0)
(9.95102 -0.4827 0)
(9.08627 -0.115063 0)
(8.96699 -0.188834 0)
(9.58102 -0.215383 0)
(9.72415 -0.116577 0)
(10.3371 -0.0896842 0)
(10.4201 -0.0166234 0)
(10.7041 0.00165084 0)
(14.3304 1.56866 0)
(10.6135 1.01446 0)
(11.0547 -0.360162 0)
(10.2781 -0.0752465 0)
(10.1403 -0.206992 0)
(10.7053 -0.26041 0)
(10.6519 -0.15777 0)
(11.3228 -0.136854 0)
(11.2488 -0.0460944 0)
(11.6326 -0.0204132 0)
(13.8494 1.50854 0)
(11.7091 0.97683 0)
(11.8941 -0.251312 0)
(11.2767 -0.0519953 0)
(11.3139 -0.236852 0)
(11.8944 -0.288549 0)
(11.6402 -0.184709 0)
(12.3814 -0.167328 0)
(12.1833 -0.0580277 0)
(12.4531 -0.0429275 0)
(13.3595 1.35405 0)
(12.4371 0.874196 0)
(12.6001 -0.148555 0)
(12.1619 -0.0436554 0)
(12.4446 -0.289051 0)
(13.0309 -0.310836 0)
(12.6701 -0.20555 0)
(13.326 -0.202179 0)
(13.2655 -0.0563032 0)
(13.3857 -0.0511828 0)
(12.9564 1.19867 0)
(12.9029 0.750987 0)
(13.2297 -0.0634521 0)
(12.9841 -0.050961 0)
(13.4818 -0.356902 0)
(13.9914 -0.330138 0)
(13.7594 -0.211145 0)
(14.1531 -0.238595 0)
(14.2765 -0.0634157 0)
(14.3559 -0.0534714 0)
(12.6142 1.04939 0)
(13.1505 0.568318 0)
(13.678 -0.025378 0)
(13.6783 -0.0825886 0)
(14.3581 -0.432161 0)
(14.6674 -0.360754 0)
(14.7619 -0.217271 0)
(14.879 -0.268672 0)
(15.1235 -0.0824928 0)
(15.2223 -0.0573285 0)
(12.4281 0.915383 0)
(13.3181 0.350289 0)
(13.896 -0.0291351 0)
(14.1588 -0.137298 0)
(15.0136 -0.501075 0)
(15.1159 -0.399691 0)
(15.5418 -0.234316 0)
(15.4025 -0.285988 0)
(15.6966 -0.111103 0)
(15.7665 -0.0659415 0)
(12.5418 0.816973 0)
(13.5199 0.174565 0)
(13.9356 -0.0524733 0)
(14.4686 -0.222172 0)
(15.4234 -0.573823 0)
(15.3978 -0.447724 0)
(15.8991 -0.259165 0)
(15.4932 -0.284223 0)
(15.7365 -0.130553 0)
(15.6272 -0.0680963 0)
(12.7937 0.691401 0)
(13.6649 0.0271718 0)
(13.9166 -0.101905 0)
(14.7875 -0.331999 0)
(15.6083 -0.634145 0)
(15.311 -0.471704 0)
(15.5188 -0.258161 0)
(14.8795 -0.256755 0)
(14.9701 -0.125529 0)
(14.6933 -0.0557837 0)
(13.042 0.472725 0)
(13.6977 -0.0731423 0)
(14.1139 -0.176225 0)
(15.1135 -0.44393 0)
(15.2895 -0.642442 0)
(14.4883 -0.438311 0)
(14.3469 -0.219423 0)
(13.5926 -0.205707 0)
(13.5364 -0.100211 0)
(13.2241 -0.0366592 0)
(13.0305 0.22778 0)
(13.8836 -0.169609 0)
(14.5631 -0.28597 0)
(14.8496 -0.482636 0)
(14.0944 -0.55579 0)
(12.891 -0.345781 0)
(12.5514 -0.157413 0)
(11.7997 -0.145541 0)
(11.6646 -0.0697011 0)
(11.406 -0.0198461 0)
(12.994 -0.0895028 0)
(13.9383 -0.306531 0)
(13.9506 -0.325177 0)
(13.2684 -0.400945 0)
(11.9645 -0.39781 0)
(10.6798 -0.231506 0)
(10.3053 -0.0938524 0)
(9.65019 -0.08856 0)
(9.51172 -0.0429762 0)
(9.33313 -0.00857501 0)
(12.5343 -0.357409 0)
(12.3974 -0.323916 0)
(11.6077 -0.243419 0)
(10.528 -0.250306 0)
(9.17414 -0.227843 0)
(8.06473 -0.126457 0)
(7.75747 -0.0425517 0)
(7.26576 -0.0432867 0)
(7.16344 -0.0235549 0)
(7.05396 -0.0026046 0)
(10.1884 -0.382084 0)
(9.01649 -0.19937 0)
(7.9799 -0.115888 0)
(7.00172 -0.104538 0)
(5.96596 -0.0891662 0)
(5.18645 -0.0482702 0)
(4.9923 -0.0100013 0)
(4.7031 -0.0135165 0)
(4.6405 -0.0108744 0)
(4.57761 -0.000529028 0)
(4.66229 -0.20313 0)
(3.67238 -0.0233471 0)
(3.05221 -0.00203997 0)
(2.61987 -0.00141685 0)
(2.19564 -0.00172532 0)
(1.88484 -0.00221467 0)
(1.81874 0.00287419 0)
(1.74335 0.000246963 0)
(1.71511 -0.00243188 0)
(1.68369 0.000197971 0)
)
;

boundaryField
{
    inlet
    {
        type            fixedValue;
        value           uniform (10 0 0);
    }
    outlet
    {
        type            zeroGradient;
    }
    walls
    {
        type            fixedValue;
        value           uniform (0 0 0);
    }
    frontAndBack
    {
        type            empty;
    }
}


// ************************************************************************* //
