/*--------------------------------*- C++ -*----------------------------------*\
| =========                 |                                                 |
| \\      /  F ield         | OpenFOAM: The Open Source CFD Toolbox           |
|  \\    /   O peration     | Version:  2.4.0                                 |
|   \\  /    A nd           | Web:      www.OpenFOAM.org                      |
|    \\/     M anipulation  |                                                 |
\*---------------------------------------------------------------------------*/
FoamFile
{
    version     2.0;
    format      ascii;
    class       volScalarField;
    location    "0.056";
    object      k_0;
}
// * * * * * * * * * * * * * * * * * * * * * * * * * * * * * * * * * * * * * //

dimensions      [0 2 -2 0 0 0 0];

internalField   nonuniform List<scalar> 
4400
(
9.5166
8.51581
6.49277
5.33191
4.60934
4.27489
4.01503
3.90055
3.98141
3.73257
4.38794
6.79128
6.7292
6.32503
5.66826
5.27285
4.93191
4.77325
4.72905
4.47818
1.14207
3.18671
4.20285
4.55171
4.47192
4.29914
4.07332
3.99035
3.89974
3.68474
0.158966
0.950455
1.69717
2.32274
2.67675
2.81228
2.81102
2.84705
2.82405
2.71201
0.0166883
0.152721
0.411647
0.739086
1.10896
1.33051
1.47799
1.64266
1.69285
1.67366
0.00141433
0.0170494
0.054939
0.122152
0.279466
0.37509
0.515974
0.617981
0.746802
0.767065
0.000134194
0.00152321
0.004611
0.0116835
0.0361992
0.056742
0.101188
0.123486
0.195048
0.222692
4.04066e-05
0.000210738
0.000396065
0.00082977
0.00266671
0.00537506
0.00831824
0.0111427
0.0264631
0.0314881
3.38248e-05
0.000109089
0.000168249
0.000205214
0.000363998
0.000582291
0.000598171
0.000744796
0.00150375
0.00190484
3.31402e-05
0.000131333
0.000154199
0.000169433
0.000222906
0.000246641
0.000254777
0.00025016
0.000268809
0.000422857
3.28729e-05
0.000148019
0.000158318
0.000168461
0.00021511
0.000236537
0.000241198
0.000258538
0.00030945
0.000793498
3.38563e-05
0.000163035
0.000178819
0.000206124
0.00027383
0.000407768
0.000621135
0.00109161
0.00218061
0.00803618
4.06001e-05
0.000290287
0.000455283
0.000867656
0.00190378
0.00473701
0.00861556
0.0166508
0.0293407
0.0806076
0.000138945
0.00173473
0.00460163
0.0116118
0.0277992
0.0642334
0.09529
0.15846
0.21576
0.422792
0.00150179
0.0183649
0.0536166
0.121699
0.259524
0.402514
0.522259
0.682727
0.802737
1.16455
0.0176086
0.161914
0.412865
0.730651
1.10926
1.32858
1.53509
1.68563
1.80443
2.11773
0.16653
0.946426
1.71136
2.29829
2.69918
2.7823
2.88598
2.87886
2.91402
3.02986
1.18643
3.15134
4.21695
4.52309
4.48163
4.25544
4.15456
3.92635
3.8846
3.76926
4.42083
6.74801
6.73467
6.28563
5.71128
5.174
4.97054
4.5808
4.45299
4.07234
9.5434
8.47631
6.51523
5.28345
4.62873
4.1644
3.97259
3.60889
3.42245
2.863
2.32029
1.48442
1.21138
1.30485
1.32403
1.23893
1.06604
1.0307
0.934978
1.15133
1.08788
0.6302
0.395642
0.287405
0.242916
0.239141
0.247298
0.271993
0.354028
0.401077
0.383896
0.267476
0.108544
0.0565011
0.0532113
0.0792688
0.233492
0.433144
0.459799
0.407629
0.284273
0.227551
0.20425
0.186865
0.186137
0.192816
0.211472
0.211726
0.195296
0.14774
0.117303
0.10672
0.104092
0.103568
0.101374
0.0988211
0.0913339
0.0784215
0.0573341
0.0460519
0.0343974
0.0275808
0.0199171
0.0146956
0.0106336
0.00666572
0.00586122
0.00357229
0.00336683
0.00230183
0.00234773
0.00179987
0.00181099
0.00158614
0.0015662
0.00153172
0.00152776
0.00155651
0.00166576
0.00168738
0.00183178
0.00189109
0.00202234
0.0020724
0.00232215
0.00229209
0.00256522
0.00259758
0.00284158
0.00282414
0.00311007
0.00324025
0.00366311
0.00397546
0.00499732
0.00544806
0.00729635
0.00761173
0.00738709
0.0064964
0.00468256
0.00180818
0.000862478
0.000549974
0.000698715
0.000704498
0.00156848
0.00335017
0.0349117
0.37411
3.39502
2.64095
2.152
1.82837
1.54214
1.30891
0.995406
0.940846
0.868619
0.911897
1.15797
0.797608
0.480633
0.357157
0.302287
0.302147
0.313325
0.346789
0.431249
0.420407
0.343892
0.143942
0.0647322
0.0465649
0.052896
0.125384
0.386682
0.524019
0.492823
0.358755
0.253605
0.212989
0.198165
0.182242
0.174676
0.176872
0.190231
0.203756
0.198126
0.169506
0.130921
0.11239
0.105232
0.104214
0.101824
0.0992212
0.0898253
0.0760301
0.0550549
0.0454098
0.0329355
0.0270921
0.0192447
0.0141386
0.0112216
0.00711069
0.00600542
0.00411014
0.00293635
0.00235478
0.00155104
0.00153202
0.0013946
0.00137082
0.00136805
0.00138606
0.00142387
0.00148487
0.00165895
0.00169832
0.00183433
0.00190184
0.00206932
0.00213717
0.00242606
0.00249114
0.0027964
0.00287876
0.00335498
0.0034107
0.00408789
0.00399638
0.00462132
0.00451836
0.00525316
0.00562656
0.00703503
0.00776224
0.00974844
0.00931885
0.00983916
0.00644128
0.00529851
0.00194248
0.00184014
0.00119526
0.00363318
0.00398961
0.0339357
0.262431
3.00153
2.52094
2.09041
1.74765
1.48688
1.24922
0.891525
0.685008
0.678997
0.687305
1.02296
1.03253
0.742338
0.57055
0.496985
0.457776
0.464196
0.498735
0.486855
0.418252
0.201739
0.0800013
0.0456515
0.044415
0.0723693
0.24413
0.564301
0.583715
0.498162
0.306375
0.22966
0.204987
0.195309
0.183041
0.172201
0.171675
0.175104
0.191665
0.194434
0.183029
0.146018
0.120217
0.108572
0.106918
0.103447
0.100243
0.0883657
0.0751457
0.0528066
0.0446076
0.031302
0.0261268
0.0185094
0.0138046
0.0101565
0.00718869
0.00438306
0.00369347
0.00208252
0.00183577
0.00130898
0.0013012
0.00109859
0.00113726
0.00101231
0.00109052
0.00104763
0.00119311
0.00117374
0.00141457
0.0014473
0.00167946
0.00167659
0.0019508
0.00200764
0.00231922
0.00240344
0.0026563
0.00301666
0.00328558
0.00405579
0.00423692
0.00544274
0.005488
0.0076158
0.00732128
0.0111386
0.0103398
0.0168347
0.0153107
0.0211854
0.0144617
0.0158019
0.00786471
0.00784662
0.0036719
0.0129665
0.00693148
0.0406995
0.179009
2.31128
1.95216
1.61403
1.26989
1.0511
0.849119
0.62721
0.421316
0.391402
0.408053
0.597353
0.987183
0.932595
0.839138
0.749805
0.674428
0.624763
0.583476
0.497788
0.264442
0.0990881
0.0477936
0.039692
0.0486787
0.124472
0.466066
0.6491
0.605093
0.396653
0.252583
0.210418
0.200616
0.1941
0.187389
0.176576
0.173606
0.174206
0.182168
0.189621
0.18635
0.162157
0.133226
0.116409
0.111707
0.106029
0.102263
0.0877908
0.0730167
0.0500955
0.0426742
0.0295487
0.025226
0.0171949
0.0135738
0.008808
0.00680649
0.00378608
0.00306752
0.00176762
0.00149726
0.000845661
0.000805154
0.000651974
0.000732732
0.000707108
0.000784756
0.000698975
0.000875333
0.000785216
0.00104821
0.00098697
0.00126069
0.00118497
0.00159616
0.00157856
0.00195936
0.00199925
0.00244722
0.00253642
0.00307017
0.00326539
0.00403296
0.00433057
0.00500302
0.00658666
0.00708799
0.0104418
0.0105629
0.0206175
0.0201649
0.0490057
0.04109
0.09834
0.0438666
0.0856666
0.0292254
0.0347397
0.0157664
0.0370971
0.111991
1.4952
1.29829
1.0543
0.757908
0.565538
0.429423
0.303734
0.197545
0.171093
0.1799
0.239089
0.661666
0.856821
0.836654
0.775576
0.693881
0.62257
0.530307
0.293213
0.113924
0.0493679
0.0354794
0.0387228
0.0726966
0.245443
0.658306
0.695024
0.570684
0.318835
0.230857
0.202138
0.197454
0.193932
0.190145
0.185604
0.179144
0.176089
0.177982
0.185578
0.185942
0.174312
0.145913
0.125458
0.118411
0.112123
0.106495
0.0853678
0.0702588
0.0481254
0.0414805
0.0283307
0.0244783
0.0159834
0.0130384
0.0076949
0.00606078
0.00343923
0.00264529
0.00147307
0.00120328
0.000685445
0.000619437
0.00044256
0.000480597
0.000386188
0.000462494
0.000405454
0.000536483
0.00048627
0.000692573
0.000605948
0.000810046
0.000750524
0.00107055
0.00103297
0.0014011
0.00130724
0.00181306
0.00181277
0.00245853
0.0024669
0.00330638
0.00346666
0.00455203
0.00473845
0.00642508
0.00709275
0.00938995
0.0124005
0.0161978
0.0389989
0.0403047
0.144703
0.116413
0.410733
0.247541
0.355187
0.108641
0.0791532
0.098671
0.694694
0.598383
0.435807
0.277865
0.190887
0.135808
0.0938153
0.0637172
0.0589936
0.0634112
0.0834274
0.21946
0.561076
0.590302
0.557998
0.467747
0.388121
0.226774
0.100721
0.0459584
0.030592
0.0327224
0.0521348
0.136382
0.494281
0.757136
0.712204
0.456714
0.282282
0.220712
0.199055
0.194726
0.193372
0.189404
0.190493
0.189222
0.180996
0.178796
0.182446
0.186541
0.181775
0.158946
0.135388
0.128393
0.119028
0.110082
0.0826452
0.0676958
0.0455855
0.0389974
0.025815
0.0223437
0.0140035
0.0116449
0.00670419
0.00525729
0.00302504
0.00229621
0.00133059
0.00106146
0.000602036
0.00052399
0.000361081
0.00036577
0.000307398
0.00032872
0.00029575
0.000363258
0.000360492
0.000474874
0.000434126
0.000570601
0.000544063
0.000757792
0.000747198
0.0010245
0.000969296
0.00133605
0.00133229
0.00181654
0.00181975
0.00251377
0.00254798
0.00342864
0.0035924
0.00521247
0.00569907
0.00809539
0.0103239
0.0156945
0.0242517
0.0332105
0.0648839
0.0865589
0.169037
0.203661
0.290002
0.255821
0.261771
0.138163
0.196316
0.157099
0.109131
0.069079
0.0477777
0.033659
0.0240467
0.0175025
0.0167924
0.0183327
0.0240214
0.0606995
0.222205
0.244133
0.227161
0.181288
0.122238
0.0654319
0.0338167
0.0243021
0.0266134
0.0428013
0.0998522
0.272362
0.713354
0.820123
0.681291
0.377246
0.259502
0.211935
0.195873
0.19387
0.191132
0.183696
0.187323
0.18974
0.184499
0.179833
0.182604
0.188889
0.18701
0.169593
0.146578
0.140208
0.124976
0.11025
0.0775955
0.0628575
0.0428511
0.0370443
0.0246135
0.0212062
0.0129075
0.0106991
0.00610132
0.00463853
0.00279265
0.00203037
0.00124427
0.000938786
0.000556251
0.000474279
0.000320735
0.000304505
0.000259228
0.000265438
0.000235664
0.000287095
0.000264333
0.000341039
0.000331018
0.000411027
0.000422117
0.000571271
0.000579997
0.000785461
0.000802153
0.000991379
0.00109137
0.00150262
0.00152661
0.00192641
0.00217693
0.00279271
0.00297957
0.00394169
0.00484626
0.00583997
0.00776495
0.0117941
0.0298402
0.0310587
0.120105
0.104158
0.36481
0.270595
0.366767
0.311982
0.299825
0.219926
0.0274155
0.0218969
0.0158204
0.0109741
0.00790503
0.00575218
0.00448118
0.00420084
0.00430821
0.00479758
0.00608111
0.015101
0.0663584
0.0741546
0.0658853
0.0439551
0.0271467
0.0170068
0.0168644
0.0201182
0.0358231
0.087662
0.21298
0.541077
0.849119
0.844091
0.579243
0.337084
0.240797
0.196411
0.187642
0.192504
0.190482
0.180659
0.182418
0.187807
0.184442
0.180957
0.183769
0.191796
0.191588
0.183297
0.161371
0.150955
0.125436
0.105352
0.073074
0.0609028
0.0410132
0.0356083
0.0218936
0.0188909
0.011112
0.00884505
0.00550029
0.00402746
0.00263781
0.00184422
0.00121416
0.000857192
0.000541124
0.000450133
0.000296515
0.000256605
0.000223979
0.000208054
0.000204572
0.000220795
0.000243116
0.000259428
0.00032398
0.000334951
0.000388612
0.000440483
0.000563536
0.00060922
0.000760852
0.000832938
0.0010492
0.00117051
0.00144901
0.00159302
0.00211475
0.00231178
0.00275215
0.00318988
0.00455997
0.00486778
0.00542067
0.00809341
0.0100803
0.0221417
0.0226376
0.0760199
0.0810899
0.211808
0.237586
0.292938
0.334414
0.268339
0.00205223
0.00222394
0.00214151
0.00191873
0.00168411
0.00170421
0.00184024
0.0022903
0.00260465
0.00280146
0.00322622
0.00601221
0.0168637
0.0170453
0.0126761
0.00837928
0.00821224
0.00940112
0.0146036
0.0322253
0.0822609
0.205523
0.437393
0.765455
0.905965
0.826653
0.459781
0.30026
0.22314
0.187243
0.179929
0.191365
0.191371
0.180838
0.181707
0.186763
0.184889
0.183155
0.186705
0.197699
0.201166
0.196816
0.171335
0.15489
0.121711
0.0996121
0.0706112
0.0574929
0.0375047
0.0303983
0.0183904
0.0146715
0.0100311
0.00754698
0.00531371
0.00375713
0.0026347
0.0017852
0.00124504
0.000840171
0.000592573
0.000394488
0.00032426
0.0002408
0.00027424
0.000224499
0.000257322
0.000233765
0.000321325
0.000280331
0.000422518
0.000369546
0.000501922
0.000469317
0.00071421
0.000644308
0.000915555
0.000872541
0.0012749
0.00120494
0.00173222
0.00165972
0.00238187
0.00234952
0.00315311
0.00325027
0.00476024
0.00483952
0.00547173
0.0071386
0.00871233
0.016309
0.0150225
0.0468692
0.0374189
0.130429
0.119177
0.20204
0.366431
0.325323
0.000679702
0.000756379
0.00104968
0.00198749
0.00262436
0.00320825
0.00426753
0.00588054
0.00665234
0.00644797
0.00607025
0.00528671
0.00527023
0.0051488
0.00487407
0.0054439
0.00798235
0.015964
0.036801
0.086428
0.202193
0.457641
0.689913
0.874407
0.917523
0.693037
0.385488
0.288891
0.219048
0.183219
0.175475
0.187691
0.192888
0.190418
0.186859
0.189258
0.187647
0.187031
0.193289
0.208751
0.211845
0.203869
0.171703
0.153539
0.116444
0.0916743
0.0668855
0.0496983
0.0328286
0.0248045
0.0166579
0.0127798
0.00975309
0.0069375
0.00547791
0.00366698
0.0027222
0.00178309
0.00130318
0.00084247
0.000663095
0.000380258
0.000387907
0.000280098
0.0003571
0.000280427
0.000381187
0.000290701
0.00051771
0.000368633
0.000647483
0.000494806
0.000818582
0.000603665
0.00117933
0.000839433
0.00143738
0.00109812
0.0019291
0.00144284
0.0024416
0.00196423
0.00312679
0.00259869
0.00405762
0.00355895
0.0052442
0.00497518
0.00648938
0.00692786
0.00809966
0.0128328
0.0122419
0.031038
0.0249429
0.0853945
0.0754489
0.129857
0.196197
0.281381
0.00161854
0.00264098
0.00636655
0.011728
0.0144313
0.0162197
0.0199131
0.0257537
0.025922
0.0245678
0.0216969
0.0155727
0.0115754
0.0113742
0.0129439
0.0180899
0.0299117
0.0549774
0.104934
0.210854
0.465761
0.720694
0.816494
0.906526
0.866922
0.523697
0.355154
0.289692
0.220216
0.181331
0.168772
0.179132
0.191427
0.196563
0.198919
0.198361
0.195295
0.196027
0.207656
0.220588
0.218234
0.203846
0.169701
0.144983
0.111577
0.0832531
0.0612472
0.0415604
0.0282916
0.0204456
0.0159491
0.0116011
0.0100217
0.00691942
0.00593069
0.00380011
0.003005
0.0018609
0.00142188
0.000869257
0.00076539
0.00043641
0.000629044
0.000409128
0.000641821
0.00047372
0.000773399
0.000492712
0.00107755
0.000650886
0.00135055
0.000899391
0.00164628
0.00101545
0.00224634
0.00138684
0.00261505
0.00171733
0.00337793
0.00210773
0.00406418
0.00277299
0.00496047
0.00334453
0.00598635
0.00440816
0.00718431
0.00560978
0.00840145
0.00739779
0.0093597
0.011279
0.0115329
0.0217198
0.0197485
0.0564366
0.0514019
0.0964868
0.105441
0.16957
0.0160633
0.0230089
0.0436694
0.058019
0.0634592
0.0685435
0.0806811
0.0893748
0.0882616
0.0831986
0.0724322
0.0567516
0.0486312
0.0492526
0.0552267
0.0698281
0.0973391
0.152348
0.248687
0.468748
0.760791
0.848099
0.861774
0.859646
0.727941
0.401723
0.346084
0.326653
0.238475
0.181337
0.166674
0.168316
0.183007
0.194755
0.201932
0.205036
0.204968
0.20984
0.219861
0.227032
0.218209
0.198486
0.163062
0.133723
0.106702
0.0721801
0.0525278
0.0338611
0.0253708
0.0188927
0.0166197
0.0118797
0.0108478
0.00756621
0.00660051
0.00412841
0.00338019
0.00206837
0.00171078
0.00102955
0.00116617
0.0007064
0.0013494
0.000805527
0.00143746
0.00103973
0.00170958
0.00107627
0.00239239
0.00138357
0.0027006
0.00183461
0.00325967
0.00199941
0.00427983
0.00260335
0.00469408
0.00305157
0.00600232
0.00355003
0.00678177
0.00440696
0.008155
0.00495089
0.00934139
0.00619126
0.0110086
0.00722204
0.0119798
0.00880643
0.0138524
0.0118991
0.0132008
0.0178266
0.018201
0.0400714
0.0385799
0.071798
0.0753408
0.109048
0.113136
0.145037
0.193701
0.21056
0.216242
0.227043
0.243747
0.243099
0.235482
0.216403
0.194572
0.165732
0.151987
0.155341
0.17104
0.198092
0.250992
0.3334
0.512906
0.793841
0.900804
0.88771
0.841923
0.768689
0.52766
0.338705
0.377947
0.396981
0.287269
0.193035
0.166387
0.16328
0.175976
0.186596
0.195986
0.203886
0.209491
0.217425
0.22407
0.227058
0.210414
0.187137
0.156846
0.121696
0.0962722
0.0579499
0.0438174
0.0291761
0.024854
0.019529
0.0179851
0.0138009
0.0127743
0.00875082
0.00750701
0.00461485
0.0040958
0.00279606
0.00252202
0.00176255
0.00240694
0.00152598
0.00324591
0.00186583
0.00335642
0.00245634
0.00382658
0.00260425
0.00539206
0.00315813
0.00592431
0.00408686
0.0068199
0.0042901
0.00847458
0.00520908
0.00907925
0.00597807
0.0110035
0.00648717
0.0120207
0.00780602
0.0139236
0.00810233
0.0154235
0.00971733
0.017528
0.0105401
0.0184085
0.0120169
0.0201178
0.014362
0.0193412
0.0189362
0.0200532
0.0320129
0.0324142
0.0543474
0.0571385
0.0794991
0.461078
0.499233
0.536409
0.535975
0.528762
0.53048
0.525961
0.506517
0.476323
0.437138
0.403169
0.37957
0.358077
0.360388
0.373275
0.406721
0.474948
0.611282
0.83165
0.942113
0.936757
0.861804
0.74624
0.599423
0.365998
0.313536
0.422894
0.498585
0.3963
0.234267
0.173247
0.162635
0.16834
0.179881
0.189383
0.200449
0.209343
0.218259
0.223461
0.221859
0.198758
0.176797
0.14833
0.10098
0.0781974
0.0458446
0.0396743
0.0277839
0.025722
0.021754
0.0194466
0.0158505
0.0141888
0.00915287
0.00911278
0.00609448
0.00667095
0.0051353
0.00515337
0.00426323
0.00585306
0.00404348
0.00851612
0.0048669
0.00887013
0.00640716
0.00925058
0.00671656
0.0123701
0.00738519
0.0130949
0.00922721
0.013844
0.00932115
0.016385
0.0104474
0.0166024
0.0115618
0.0192322
0.0121009
0.020621
0.0139566
0.0230075
0.0142816
0.0254804
0.0165779
0.0281011
0.0167308
0.0294537
0.0187482
0.031619
0.0207732
0.0281347
0.0233526
0.025843
0.0328678
0.0333015
0.044706
0.046636
0.0600066
1.13076
1.09707
1.07575
1.00099
0.934374
0.907349
0.858687
0.794274
0.756383
0.706781
0.664839
0.622719
0.59243
0.595693
0.612428
0.650675
0.723518
0.877096
0.972107
0.976848
0.907003
0.689664
0.546408
0.40702
0.278462
0.306978
0.477038
0.644037
0.591126
0.338864
0.202765
0.167725
0.164547
0.17479
0.185123
0.197344
0.208331
0.215896
0.219556
0.210634
0.188282
0.157055
0.126896
0.0784663
0.0656283
0.0408428
0.0376396
0.028363
0.0263181
0.0210227
0.0187192
0.0157913
0.0157267
0.0120888
0.0172929
0.0110376
0.0165754
0.0132026
0.0150171
0.0132266
0.0173255
0.0128204
0.023466
0.0142704
0.0241567
0.0174429
0.0231262
0.0177197
0.0276472
0.0176014
0.0282071
0.0202152
0.0273294
0.0205103
0.0316076
0.0207149
0.0313851
0.0229661
0.034444
0.0222417
0.0364568
0.0253483
0.0385947
0.024903
0.0422559
0.0283803
0.045515
0.0287472
0.0479559
0.032455
0.0509564
0.0339124
0.0443456
0.0340816
0.0408916
0.0386359
0.0384918
0.0443075
0.0449542
0.0485008
1.95149
1.77815
1.58803
1.407
1.30129
1.203
1.1116
1.0312
0.975259
0.908584
0.85689
0.816364
0.792353
0.795515
0.808451
0.843922
0.923684
0.990968
0.997277
0.916155
0.630675
0.404596
0.3377
0.271056
0.242175
0.302461
0.492914
0.747088
0.869806
0.587152
0.298014
0.189521
0.167125
0.170527
0.182733
0.193999
0.204198
0.208695
0.208436
0.194436
0.166732
0.124037
0.100657
0.0645654
0.0573712
0.0401218
0.0367555
0.0290191
0.0256078
0.0201091
0.0197479
0.0180495
0.027639
0.0263
0.0475778
0.0348717
0.0542862
0.0427063
0.0515849
0.0459092
0.0532499
0.0420091
0.0607748
0.0432669
0.0630036
0.0455585
0.0571098
0.0452091
0.0589273
0.0431799
0.0620598
0.0445628
0.0567414
0.0448738
0.0625633
0.0423404
0.0619066
0.0459838
0.0626534
0.0428693
0.0663912
0.046703
0.0659753
0.044722
0.0730217
0.0499017
0.0755048
0.0491243
0.0805962
0.0564988
0.0840183
0.0557768
0.0721336
0.0552284
0.0648778
0.0547752
0.0526314
0.0512856
0.0486871
0.0490791
2.65323
2.23933
1.87707
1.63337
1.46455
1.32379
1.22948
1.14492
1.08363
1.02624
0.983614
0.944856
0.936827
0.941961
0.954896
0.986669
1.00775
0.988325
0.869342
0.521365
0.285794
0.211764
0.209182
0.207779
0.224106
0.293793
0.474141
0.763553
1.05213
1.04688
0.582196
0.290508
0.19041
0.16757
0.173049
0.18374
0.189154
0.191143
0.178723
0.156459
0.130101
0.0982867
0.0834121
0.0620349
0.0540039
0.0452043
0.0413394
0.0431158
0.0440451
0.051637
0.0626067
0.066972
0.0946461
0.0839754
0.127522
0.103914
0.158335
0.125624
0.153276
0.131687
0.143071
0.120463
0.141189
0.112737
0.148538
0.112845
0.13636
0.109787
0.127601
0.101959
0.135096
0.0998459
0.123576
0.098323
0.123298
0.0917167
0.123333
0.0924783
0.11719
0.0879305
0.125593
0.0891529
0.121452
0.088129
0.135438
0.0931237
0.136524
0.0928795
0.148099
0.104915
0.150393
0.100517
0.130336
0.100434
0.118253
0.0942551
0.089457
0.0760451
0.0719188
0.063654
3.03507
2.34556
1.91645
1.65541
1.47338
1.34595
1.26103
1.17918
1.12591
1.08263
1.0505
1.03054
1.02545
1.02193
1.01457
0.99376
0.921285
0.703855
0.385279
0.201492
0.139387
0.138787
0.166011
0.201396
0.230301
0.279254
0.39319
0.685637
1.08424
1.34389
1.27977
0.729272
0.379956
0.221406
0.165482
0.155065
0.157733
0.155147
0.145718
0.130824
0.11517
0.0961114
0.0852905
0.0772628
0.076996
0.0920348
0.103443
0.144543
0.157953
0.215106
0.215618
0.272478
0.255407
0.304973
0.290339
0.286884
0.319965
0.281715
0.31579
0.287523
0.298012
0.287817
0.292943
0.268947
0.302948
0.254764
0.306569
0.256262
0.288655
0.243552
0.29164
0.231832
0.286313
0.231699
0.268592
0.214764
0.275944
0.212753
0.262952
0.206318
0.277091
0.204628
0.272176
0.205314
0.294187
0.206941
0.294424
0.210903
0.318797
0.224427
0.318353
0.218383
0.294947
0.22794
0.274939
0.215712
0.21231
0.188675
0.189187
0.185002
2.86291
2.11479
1.72233
1.50166
1.35954
1.26123
1.17988
1.11113
1.06571
1.02647
1.00047
0.982343
0.960134
0.920064
0.84126
0.673101
0.448289
0.252024
0.137139
0.101872
0.103531
0.125771
0.167187
0.214459
0.26359
0.309575
0.356176
0.476299
0.882986
1.37688
1.66058
1.8455
1.51147
1.00636
0.560151
0.313476
0.20544
0.172273
0.155142
0.147443
0.145396
0.153398
0.168824
0.200779
0.230382
0.286267
0.306688
0.369046
0.367353
0.428222
0.39199
0.489305
0.406226
0.555633
0.426175
0.617701
0.463308
0.646422
0.500624
0.662675
0.519242
0.699683
0.534085
0.741936
0.565631
0.742781
0.607208
0.73027
0.617506
0.746737
0.637863
0.714121
0.667703
0.711728
0.658956
0.706402
0.702536
0.674519
0.690658
0.687975
0.726917
0.654279
0.732692
0.67161
0.773294
0.646668
0.78633
0.661983
0.845577
0.676833
0.857938
0.684265
0.900281
0.78302
0.936159
0.853151
0.930702
1.00452
1.13613
1.26735
1.67025
1.25835
1.04163
0.900317
0.782271
0.679026
0.592751
0.528298
0.486821
0.464502
0.454567
0.445543
0.427999
0.392295
0.328453
0.238074
0.16132
0.118871
0.104751
0.106327
0.127139
0.168079
0.253864
0.45355
0.883861
1.40079
1.65893
1.62046
1.23459
0.78249
1.01766
2.07416
3.09871
3.59622
3.58799
2.93794
1.98719
1.17446
0.648606
0.359776
0.223684
0.173156
0.178736
0.219738
0.274788
0.341026
0.378213
0.448872
0.435532
0.512448
0.440168
0.563612
0.422753
0.619659
0.409271
0.703672
0.417739
0.812809
0.447938
0.922624
0.48678
1.02547
0.523057
1.14028
0.564858
1.27915
0.627849
1.38321
0.693902
1.47421
0.749089
1.59825
0.828916
1.6924
0.901701
1.81641
0.981016
1.92181
1.08511
2.04174
1.17344
2.14498
1.3164
2.25697
1.42786
2.30455
1.61308
2.39398
1.81215
2.39535
2.0323
2.5404
2.51404
2.96059
2.99209
3.50916
3.80632
4.83533
5.01107
6.01322
0.0540406
0.0778402
0.143114
0.240969
0.50453
1.10325
2.60971
3.07829
2.01511
0.42217
0.326899
0.440835
0.701171
0.942744
0.83661
0.632849
1.42586
2.55429
3.35387
3.83293
4.03524
4.08541
3.86228
3.29223
2.29144
1.44641
0.798064
0.369302
0.220257
0.150826
0.145463
0.188766
0.286909
0.419741
0.541127
0.597336
0.588015
0.546169
0.479703
0.420301
0.375828
0.347463
0.333122
0.328114
0.329967
0.33531
0.343366
0.3517
0.361173
0.369665
0.377948
0.385196
0.391024
0.396829
0.400125
0.404541
0.40616
0.408877
0.409765
0.410601
0.411159
0.410116
0.409998
0.407895
0.406252
0.403619
0.399687
0.396494
0.390877
0.385306
0.379234
0.369826
0.36283
0.3501
0.339857
0.32487
0.309334
0.291891
0.270724
0.249239
0.22322
0.19695
0.167077
0.137692
0.10719
0.0797681
0.0553902
0.0446438
0.0453053
0.0576838
0.0753687
0.0945573
0.114876
0.153769
0.246597
0.373742
0.419814
0.294894
0.147948
0.0813217
0.0773487
0.0911199
0.110511
0.137445
0.225589
0.274618
0.413059
1.13992
1.68237
1.43842
0.814814
0.534156
0.467368
0.501651
1.16543
2.01355
1.89944
1.83816
1.41669
1.19744
0.98327
0.72952
0.633729
0.49663
0.39536
0.389242
0.403531
0.397145
0.404786
0.386206
0.334567
0.273285
0.22354
0.19428
0.190997
0.204137
0.243631
0.298771
0.347822
0.377121
0.403769
0.429783
0.450352
0.463663
0.470776
0.473242
0.473882
0.471921
0.469475
0.466193
0.463085
0.460436
0.457076
0.455707
0.452414
0.451645
0.449183
0.448241
0.44652
0.444951
0.444273
0.442052
0.441361
0.43976
0.437876
0.437111
0.434306
0.433222
0.431294
0.427869
0.427142
0.42234
0.421001
0.416357
0.413075
0.408741
0.401753
0.397958
0.388648
0.382657
0.37114
0.36221
0.346892
0.33405
0.313088
0.29351
0.262546
0.231484
0.18912
0.144617
0.100546
0.0819201
0.0807182
0.108294
0.147402
0.159934
0.106877
0.0774939
0.0920908
0.105333
0.0811933
0.0889163
0.1259
0.163645
0.244657
0.259973
0.237396
0.320557
0.773916
1.07593
0.864812
0.483954
0.475532
0.900225
1.7638
1.76793
0.983538
0.537829
0.381174
0.327995
0.311251
0.307257
0.349221
0.388098
0.412799
0.495055
0.537577
0.545861
0.568691
0.549117
0.526991
0.484009
0.416824
0.323139
0.22729
0.160768
0.13063
0.127566
0.132494
0.153041
0.173356
0.188058
0.203108
0.220732
0.240215
0.261638
0.281048
0.297096
0.307991
0.31474
0.317443
0.317983
0.316717
0.314444
0.312305
0.310068
0.308585
0.306708
0.305557
0.304633
0.30326
0.30308
0.302106
0.302169
0.301872
0.301738
0.302327
0.301714
0.303262
0.302354
0.30447
0.303953
0.306038
0.306448
0.308424
0.309512
0.312314
0.31378
0.317801
0.319097
0.323395
0.32376
0.326475
0.324817
0.324685
0.321349
0.3191
0.311632
0.300417
0.277019
0.236043
0.176178
0.116665
0.0915528
0.0833039
0.0748319
0.065691
0.0685215
0.0859555
0.117251
0.0816947
0.0887275
0.126822
0.231855
0.257178
0.279323
0.24203
0.237237
0.323313
0.614467
0.586202
0.437694
0.622603
1.31142
1.62417
0.896758
0.399854
0.269243
0.246184
0.267846
0.278606
0.295081
0.33869
0.387888
0.431047
0.532094
0.573438
0.583911
0.589653
0.580744
0.572098
0.556417
0.529848
0.49602
0.426983
0.30702
0.201672
0.143087
0.107988
0.0862472
0.072226
0.0646044
0.0610033
0.0593363
0.0594279
0.0632795
0.0746755
0.0898325
0.103406
0.116729
0.127411
0.134718
0.139784
0.141699
0.143343
0.143261
0.14322
0.142753
0.141237
0.14156
0.140333
0.141279
0.139922
0.141254
0.140462
0.141596
0.141767
0.142379
0.143239
0.144547
0.145584
0.147759
0.149061
0.15225
0.153989
0.158938
0.160972
0.168483
0.171279
0.181733
0.186401
0.202411
0.210064
0.232585
0.243481
0.268885
0.279414
0.29609
0.300272
0.306239
0.306066
0.294883
0.246698
0.14133
0.095294
0.0783527
0.0733794
0.0807108
0.0905698
0.142744
0.0810159
0.0942969
0.14989
0.254294
0.269839
0.286123
0.263495
0.221585
0.231008
0.383641
0.390822
0.405698
0.841302
1.33092
1.14788
0.415546
0.23711
0.208765
0.22129
0.238572
0.263839
0.280553
0.320589
0.390604
0.487235
0.548782
0.581843
0.585563
0.573779
0.560112
0.556997
0.555257
0.547281
0.526323
0.506546
0.466897
0.36376
0.235355
0.154605
0.109771
0.0836399
0.0672795
0.0540231
0.0431354
0.0352938
0.0303212
0.02745
0.0258282
0.0253403
0.0257856
0.0282329
0.0311679
0.0340741
0.0351048
0.0366481
0.0366563
0.0369871
0.0365627
0.0363585
0.0357725
0.0352552
0.0352113
0.0348676
0.0348523
0.0350205
0.0350562
0.035568
0.0357633
0.0361883
0.0372592
0.0376297
0.0390398
0.0399072
0.041092
0.0444152
0.0450902
0.0495318
0.0508425
0.0573262
0.0597241
0.0685318
0.0727961
0.0866099
0.0941434
0.114573
0.129362
0.163339
0.187411
0.237416
0.26462
0.293341
0.302447
0.317627
0.278513
0.168992
0.112238
0.103538
0.105716
0.0991909
0.14668
0.0787126
0.102759
0.187179
0.263302
0.291258
0.28894
0.265023
0.216103
0.207113
0.273046
0.289038
0.396998
0.999018
1.24802
0.62068
0.244559
0.192201
0.197986
0.216089
0.239151
0.273052
0.294489
0.347536
0.416817
0.504758
0.544795
0.548275
0.529315
0.485655
0.455306
0.459727
0.480277
0.514554
0.526328
0.512726
0.490661
0.457744
0.377288
0.252535
0.166752
0.118837
0.090589
0.072949
0.059927
0.0489896
0.0389715
0.0301599
0.0232337
0.0178326
0.0140553
0.0113335
0.00928309
0.00816582
0.00707534
0.00670113
0.00603758
0.00581139
0.00536516
0.00499558
0.00485027
0.0044598
0.00438388
0.00417561
0.004149
0.00417456
0.004096
0.00428361
0.00424097
0.00444329
0.00459446
0.00471701
0.00521749
0.00535952
0.00609396
0.00639529
0.00745929
0.00802819
0.00946137
0.0104698
0.0128202
0.0144194
0.018387
0.0213788
0.0282289
0.0337864
0.0467611
0.0577368
0.0824394
0.103701
0.151292
0.196855
0.261622
0.298982
0.319259
0.282616
0.207563
0.161601
0.139672
0.103602
0.140259
0.0775541
0.12016
0.205964
0.27963
0.304551
0.289663
0.250382
0.200343
0.196634
0.215213
0.240691
0.432518
1.04518
0.994801
0.366867
0.194441
0.181627
0.205969
0.227984
0.27102
0.30265
0.31658
0.36075
0.430264
0.485381
0.477645
0.435995
0.392869
0.340847
0.301209
0.286207
0.297155
0.349867
0.451694
0.497174
0.497659
0.478815
0.440063
0.353232
0.242524
0.163801
0.118367
0.0929522
0.0760698
0.0632577
0.0512467
0.0406346
0.0308594
0.0229679
0.0166322
0.0119453
0.00850769
0.00606227
0.00421556
0.00298076
0.00201873
0.00143981
0.000992101
0.000724055
0.000566939
0.000411188
0.000375637
0.000303136
0.000294879
0.000274536
0.000265294
0.000284681
0.000276476
0.000310357
0.000316129
0.000344453
0.000376635
0.000444908
0.000493838
0.000613819
0.000696355
0.000851074
0.00109011
0.00128823
0.00174485
0.00215572
0.00306348
0.00392179
0.00547011
0.00818493
0.0111789
0.0173719
0.0245968
0.0395528
0.057207
0.0918154
0.139423
0.222908
0.286843
0.292698
0.264983
0.207913
0.165894
0.117646
0.130347
0.0788868
0.137503
0.228817
0.292618
0.316279
0.289193
0.246286
0.174562
0.191371
0.202128
0.230695
0.495792
1.03716
0.72711
0.255976
0.17778
0.182968
0.216089
0.256302
0.308066
0.33055
0.334739
0.356836
0.411489
0.407561
0.382473
0.351724
0.314243
0.273826
0.243822
0.220041
0.210383
0.21445
0.241714
0.372149
0.457106
0.465617
0.457432
0.422068
0.317939
0.216556
0.149567
0.112176
0.090408
0.0760648
0.0627799
0.0507389
0.0389205
0.0292102
0.0211404
0.0150815
0.0105223
0.00720953
0.0048428
0.00317626
0.00202739
0.00126446
0.000761238
0.000450282
0.000259824
0.000145441
8.66625e-05
4.73966e-05
3.33669e-05
2.05412e-05
1.7089e-05
1.4967e-05
1.42027e-05
1.54962e-05
1.63029e-05
1.82647e-05
2.44421e-05
2.62581e-05
3.39011e-05
5.36029e-05
6.89894e-05
0.000112118
0.000128587
0.000170958
0.000219798
0.000329046
0.000431771
0.000646956
0.00092761
0.00155649
0.00232612
0.00383165
0.00671099
0.0109708
0.0196677
0.0326339
0.0597228
0.0995016
0.183998
0.255057
0.256269
0.22567
0.182561
0.134523
0.129779
0.0793217
0.151613
0.244534
0.310444
0.332547
0.298403
0.248875
0.149523
0.187467
0.198881
0.231731
0.561002
0.992882
0.518312
0.20651
0.173655
0.189847
0.221651
0.285048
0.315337
0.33371
0.33293
0.335836
0.349979
0.361847
0.355312
0.330106
0.283371
0.242958
0.211319
0.19516
0.178783
0.175187
0.177968
0.198957
0.306586
0.416571
0.439514
0.430299
0.391544
0.286645
0.19513
0.13934
0.107261
0.088696
0.0734663
0.06039
0.0469565
0.0356145
0.0257903
0.0184045
0.0128158
0.0087757
0.00590301
0.00385462
0.00246437
0.00151808
0.00090995
0.00052777
0.000296672
0.000163105
8.72694e-05
4.56175e-05
2.35391e-05
1.18707e-05
6.20255e-06
3.22737e-06
1.91776e-06
1.4152e-06
1.33551e-06
1.43277e-06
2.41054e-06
5.64119e-06
1.56477e-05
1.82842e-05
2.93971e-05
3.17773e-05
3.50792e-05
4.03891e-05
6.16129e-05
7.124e-05
9.85386e-05
0.000126142
0.000202766
0.000290326
0.000460626
0.000801544
0.00150823
0.00280035
0.00531089
0.0104752
0.0210788
0.0397275
0.0772307
0.153475
0.207331
0.204126
0.183454
0.15753
0.139318
0.0810621
0.160552
0.258818
0.330698
0.350109
0.325675
0.272889
0.156179
0.172846
0.188398
0.244795
0.621725
0.879919
0.382193
0.184815
0.173362
0.194481
0.230811
0.28197
0.283723
0.286337
0.280015
0.278068
0.326219
0.35773
0.354023
0.323261
0.258895
0.214066
0.178057
0.169751
0.162527
0.155978
0.155814
0.158484
0.180022
0.276042
0.383432
0.410101
0.399468
0.358019
0.257277
0.181573
0.133883
0.106242
0.0855745
0.0699638
0.0547043
0.0420286
0.030628
0.0219375
0.0151968
0.010372
0.0069471
0.00454375
0.00292215
0.00181412
0.0011043
0.000646834
0.000369235
0.000204059
0.000109191
5.7093e-05
2.90058e-05
1.45641e-05
7.10651e-06
3.6057e-06
1.72027e-06
1.03586e-06
1.00567e-06
1.77011e-06
3.25034e-06
6.20766e-06
5.59289e-06
6.35081e-06
8.76819e-06
1.04015e-05
1.3364e-05
2.41168e-05
2.54001e-05
3.71572e-05
4.33168e-05
7.79212e-05
8.26745e-05
0.000126175
0.000150862
0.000251862
0.000374123
0.000668069
0.00134443
0.00289808
0.00662296
0.0139086
0.0307874
0.0617311
0.121438
0.142806
0.160182
0.160232
0.189497
0.0820788
0.16652
0.272284
0.35185
0.376729
0.37686
0.333776
0.207128
0.168853
0.185071
0.294816
0.664114
0.732643
0.287208
0.173714
0.173141
0.201008
0.24206
0.256122
0.242978
0.244514
0.237895
0.254808
0.341123
0.377404
0.360825
0.300115
0.213387
0.158904
0.135477
0.13045
0.134238
0.138254
0.143168
0.144594
0.147723
0.169981
0.257282
0.358312
0.380827
0.368067
0.320064
0.235391
0.172348
0.132544
0.102334
0.081082
0.0624665
0.0481171
0.0353327
0.0255017
0.0176807
0.0120513
0.00801525
0.00522871
0.00334589
0.00208379
0.00127078
0.000750319
0.000432471
0.000241364
0.000131216
6.97e-05
3.63637e-05
1.87066e-05
9.79831e-06
4.99286e-06
3.00405e-06
1.79619e-06
1.5254e-06
1.1628e-06
1.04204e-06
1.22988e-06
1.25584e-06
1.42274e-06
3.02619e-06
5.71595e-06
1.14822e-05
1.11656e-05
1.47473e-05
1.87306e-05
3.85608e-05
4.14888e-05
6.70084e-05
7.91226e-05
0.000149377
0.000160331
0.000251137
0.000302544
0.000475431
0.000890994
0.00196928
0.00452276
0.0106325
0.0237065
0.0545604
0.090327
0.104141
0.120948
0.204197
0.0812724
0.166732
0.277301
0.380379
0.429404
0.441452
0.393239
0.291837
0.205877
0.200322
0.372349
0.682705
0.590527
0.229481
0.170612
0.174764
0.202612
0.243728
0.228822
0.237514
0.242533
0.235013
0.271306
0.381332
0.383964
0.348891
0.237798
0.146048
0.120878
0.116225
0.117866
0.119915
0.120927
0.12612
0.137418
0.138109
0.14102
0.163981
0.249995
0.336789
0.350319
0.334558
0.285355
0.216573
0.166071
0.124443
0.0948565
0.0708553
0.0539211
0.0397015
0.028863
0.0201513
0.0137466
0.00912779
0.00591843
0.00376945
0.00233707
0.00142274
0.000841208
0.000486912
0.00027447
0.000152363
8.28915e-05
4.48775e-05
2.42532e-05
1.28679e-05
7.18066e-06
3.87214e-06
2.24043e-06
1.39258e-06
8.72592e-07
7.16622e-07
5.6178e-07
6.24931e-07
8.90233e-07
9.61191e-07
1.20183e-06
2.73808e-06
2.66596e-06
3.15746e-06
5.65224e-06
8.19427e-06
1.02943e-05
1.54461e-05
3.61066e-05
5.3545e-05
9.9492e-05
0.000118817
0.000231105
0.000274062
0.000413325
0.000698662
0.00147276
0.00357629
0.00867875
0.0220056
0.0455705
0.0748356
0.112155
0.193092
0.0780659
0.163043
0.27608
0.414243
0.507062
0.534999
0.456757
0.408624
0.328307
0.29414
0.446642
0.68197
0.484032
0.211899
0.167855
0.181947
0.202062
0.232898
0.225529
0.24007
0.249059
0.250156
0.324267
0.387169
0.363628
0.281258
0.157211
0.116019
0.10914
0.110541
0.116582
0.120545
0.119733
0.119264
0.12755
0.133979
0.132998
0.136616
0.161884
0.247301
0.313248
0.317661
0.299492
0.249192
0.195852
0.146663
0.109265
0.0793937
0.0592929
0.0435626
0.0318699
0.022453
0.0154187
0.0102528
0.00663794
0.00421148
0.00259837
0.00158105
0.000932803
0.000545062
0.000309235
0.000175255
9.70209e-05
5.4225e-05
2.95338e-05
1.64538e-05
9.28954e-06
5.2661e-06
3.38203e-06
2.04878e-06
1.58672e-06
1.07599e-06
1.08388e-06
1.04043e-06
1.42352e-06
1.64512e-06
2.97025e-06
2.65355e-06
3.42767e-06
3.3388e-06
4.84975e-06
4.75589e-06
5.27485e-06
7.80428e-06
9.63313e-06
1.53016e-05
2.25395e-05
6.52993e-05
9.70639e-05
0.000233487
0.000257321
0.000365658
0.000614515
0.0012834
0.00308988
0.008152
0.0203594
0.04321
0.0833447
0.20111
0.0744998
0.151674
0.271363
0.43983
0.612517
0.690794
0.622053
0.488623
0.444
0.400522
0.487091
0.644921
0.404367
0.194227
0.157861
0.18281
0.207241
0.22363
0.227549
0.245315
0.246196
0.259432
0.341663
0.34608
0.303712
0.194327
0.123463
0.104096
0.105634
0.111131
0.131338
0.148702
0.146402
0.137879
0.128663
0.12906
0.12868
0.127812
0.133509
0.161931
0.242136
0.284344
0.28278
0.259767
0.211802
0.160459
0.118676
0.0858002
0.0633373
0.0465966
0.0342537
0.0244213
0.0169313
0.0112954
0.00734263
0.00462505
0.00285459
0.00172266
0.00102049
0.000601199
0.000345889
0.00020187
0.000114505
6.50699e-05
3.79328e-05
2.21608e-05
1.34865e-05
8.8138e-06
5.88634e-06
4.42574e-06
3.54405e-06
3.46714e-06
3.26544e-06
3.19454e-06
2.97811e-06
3.20992e-06
3.11241e-06
3.69884e-06
3.78254e-06
6.0159e-06
6.0061e-06
9.62523e-06
8.6041e-06
1.20411e-05
1.0538e-05
1.14511e-05
1.52634e-05
2.19125e-05
4.4255e-05
7.75744e-05
0.000208573
0.000242089
0.000424752
0.000695049
0.00142242
0.00333831
0.00893734
0.0267909
0.0749292
0.218199
0.0669801
0.13626
0.258175
0.43048
0.640873
0.805544
0.875621
0.630937
0.50143
0.454205
0.512491
0.612076
0.332916
0.17889
0.15478
0.185732
0.216016
0.218536
0.229219
0.247335
0.245855
0.2661
0.337059
0.322609
0.257198
0.159049
0.107185
0.0986495
0.10503
0.129943
0.186843
0.217148
0.213926
0.200205
0.165076
0.139845
0.132278
0.123425
0.122825
0.130216
0.167177
0.228813
0.24578
0.23998
0.21318
0.165496
0.122228
0.0889348
0.0652117
0.0485746
0.0358824
0.0260733
0.0182163
0.0123326
0.00804144
0.0051086
0.00314846
0.0019152
0.00113313
0.000669265
0.000389186
0.000227844
0.000136344
8.29332e-05
5.38937e-05
3.50249e-05
2.5112e-05
1.80592e-05
1.53651e-05
1.26634e-05
1.19738e-05
1.08349e-05
1.006e-05
8.63588e-06
8.56535e-06
8.31074e-06
8.34574e-06
7.74698e-06
8.35218e-06
7.79086e-06
9.44771e-06
9.33051e-06
1.37608e-05
1.32935e-05
1.90271e-05
1.7305e-05
2.36802e-05
2.23375e-05
2.32216e-05
3.5213e-05
7.21398e-05
0.000213469
0.000256857
0.000407616
0.000729892
0.00170276
0.00450924
0.0140324
0.0519753
0.236489
0.0624478
0.118956
0.232004
0.394808
0.590994
0.82751
0.994003
0.927554
0.605129
0.531611
0.569003
0.569087
0.293422
0.180125
0.15705
0.199232
0.217353
0.216324
0.237131
0.253825
0.262325
0.308247
0.339912
0.312926
0.227449
0.134766
0.0941153
0.0956574
0.120936
0.197129
0.271486
0.290666
0.285738
0.269587
0.23741
0.179059
0.146321
0.127816
0.117365
0.117721
0.127889
0.168985
0.200125
0.200573
0.1892
0.155652
0.117619
0.0884414
0.0654411
0.0494026
0.036853
0.027176
0.0193399
0.013168
0.00876147
0.00551962
0.00349473
0.00207626
0.00129223
0.000737933
0.000458455
0.000265876
0.000166345
0.000103339
7.38271e-05
4.75705e-05
4.23301e-05
3.24357e-05
2.96583e-05
2.61598e-05
2.51959e-05
2.14809e-05
2.1055e-05
1.87877e-05
1.78179e-05
1.52568e-05
1.50578e-05
1.33487e-05
1.26532e-05
1.1061e-05
1.03411e-05
1.05252e-05
1.00385e-05
1.3421e-05
1.35912e-05
2.56465e-05
2.32691e-05
3.64494e-05
3.02934e-05
3.78091e-05
5.6378e-05
9.68413e-05
0.000306744
0.000315851
0.000418414
0.000797323
0.00243314
0.0105114
0.0438025
0.253394
0.0659324
0.0995813
0.196373
0.352883
0.531867
0.749819
1.01232
1.1357
0.900125
0.685272
0.637362
0.515634
0.278504
0.183871
0.171086
0.204846
0.212812
0.21527
0.247366
0.266009
0.292448
0.355581
0.349184
0.30087
0.177408
0.0948757
0.0808841
0.097323
0.176539
0.297678
0.324823
0.319086
0.306603
0.284708
0.268878
0.242657
0.18101
0.140474
0.120311
0.111614
0.11309
0.130241
0.158957
0.160923
0.154134
0.136229
0.10819
0.0852006
0.0641236
0.0493425
0.0371337
0.0277829
0.0201857
0.013779
0.00948532
0.00587634
0.00395538
0.00224159
0.00160518
0.000843758
0.000700648
0.000383923
0.000343635
0.00021838
0.000213649
0.000158021
0.000170553
0.000133134
0.000156869
0.000128012
0.000136549
0.000119659
0.000118943
0.000100741
9.62432e-05
8.51913e-05
7.29323e-05
6.6144e-05
5.25804e-05
4.60747e-05
3.61681e-05
3.04673e-05
2.28506e-05
1.93829e-05
1.6161e-05
1.67621e-05
2.1266e-05
2.36566e-05
4.91396e-05
4.41769e-05
5.54616e-05
7.42894e-05
0.000144224
0.00034949
0.000390012
0.000659739
0.00146209
0.0056426
0.0374993
0.295799
0.0650426
0.0854271
0.157656
0.31537
0.517679
0.723724
0.941463
1.15578
1.21614
0.925523
0.75972
0.506923
0.281316
0.18953
0.181829
0.203671
0.206389
0.216865
0.256529
0.286007
0.345597
0.371547
0.347684
0.244872
0.106041
0.0716492
0.0768004
0.131226
0.290288
0.34753
0.345534
0.325093
0.302407
0.284456
0.264973
0.251797
0.22689
0.167242
0.128997
0.113111
0.108302
0.111906
0.126877
0.133095
0.129527
0.120136
0.099321
0.0815673
0.0623528
0.0488032
0.037168
0.0278172
0.0211669
0.0140416
0.0106953
0.00619192
0.00490759
0.00259609
0.00213208
0.00110751
0.00098463
0.000605919
0.000659699
0.000498105
0.000591441
0.000492516
0.000602671
0.000523966
0.000698527
0.000618881
0.000791586
0.00074255
0.000867116
0.000768829
0.000939442
0.000773015
0.000787585
0.000671803
0.000663009
0.000500303
0.000436148
0.000291561
0.000246733
0.000141092
9.65659e-05
5.99707e-05
3.95275e-05
3.06595e-05
3.33928e-05
5.59444e-05
5.77875e-05
9.62404e-05
0.000107104
0.000185861
0.000431067
0.000638827
0.00169266
0.00529841
0.0291596
0.314364
0.0809994
0.0965309
0.158807
0.314771
0.612077
0.818429
0.94673
1.03049
1.25936
1.19244
0.994973
0.533789
0.302187
0.203354
0.195605
0.204101
0.205269
0.221007
0.265033
0.326111
0.375187
0.372558
0.308526
0.147579
0.07238
0.06473
0.0868425
0.221168
0.357239
0.373082
0.35343
0.30506
0.265916
0.257739
0.250862
0.244663
0.233977
0.202246
0.146401
0.118449
0.107015
0.105405
0.110182
0.114966
0.112064
0.105358
0.0928528
0.079808
0.0613206
0.048349
0.0370888
0.0279745
0.0217836
0.0145896
0.0115661
0.00695598
0.00563275
0.00329478
0.00264851
0.00162726
0.00135792
0.00095556
0.000921634
0.000798273
0.000849024
0.000768034
0.000856545
0.000809781
0.000969483
0.000962724
0.001179
0.00120488
0.00147614
0.00150976
0.00191529
0.00199535
0.00239197
0.002455
0.00288601
0.00276978
0.00286561
0.00277123
0.00250041
0.00166385
0.00101714
0.000715268
0.000406196
0.000216817
0.000125845
8.27421e-05
7.98507e-05
8.03893e-05
0.000239762
0.000282192
0.00038875
0.000723076
0.00130055
0.00396122
0.0292917
0.357731
0.447863
0.31768
0.336713
0.518254
0.87098
1.04985
1.04562
1.0176
1.07399
1.25088
1.03077
0.571877
0.354767
0.247879
0.215852
0.212542
0.214742
0.232015
0.296952
0.370239
0.384671
0.346607
0.19992
0.0846308
0.0574058
0.0634098
0.128164
0.327582
0.407353
0.396222
0.328637
0.26068
0.220683
0.2094
0.213451
0.225277
0.226258
0.216147
0.175077
0.129463
0.109382
0.104569
0.10488
0.105413
0.102832
0.099074
0.0915346
0.0795612
0.0598408
0.0474881
0.0360878
0.0278784
0.021032
0.0150928
0.0105925
0.00709231
0.00492278
0.00313279
0.00254707
0.00149523
0.00156157
0.00116776
0.00149307
0.00115481
0.00146753
0.00123323
0.00143118
0.0012783
0.00151903
0.00138963
0.00165755
0.00157424
0.00172014
0.00169832
0.00183852
0.00189947
0.00200035
0.00222768
0.00233129
0.00255242
0.00279291
0.00334372
0.00382602
0.00440927
0.00514124
0.00502431
0.00460874
0.00269612
0.00157213
0.000680217
0.000348735
0.000155573
0.000204494
0.000365074
0.00050216
0.00063953
0.00193292
0.00368003
0.026771
0.411459
9.76825
2.26993
2.58746
1.33933
1.94769
2.16115
2.34916
2.54446
2.60881
2.73366
6.03955
3.56712
3.38627
2.72125
2.70585
2.84818
2.98652
3.18435
3.25237
3.4049
2.9673
4.59548
3.5287
3.30249
2.9183
2.86328
2.84515
2.9001
2.92732
3.01468
0.96392
4.38266
3.4262
3.39026
3.03449
2.8038
2.64929
2.59202
2.54801
2.55169
0.301516
3.20397
2.69919
2.87921
2.70665
2.50561
2.35112
2.23442
2.16663
2.09843
0.192782
1.80813
1.62238
1.9007
1.89998
1.8691
1.8172
1.73458
1.69522
1.6162
0.23862
0.951186
0.858329
0.988958
1.04928
1.07284
1.09813
1.09728
1.09489
1.07476
0.30435
0.55996
0.519585
0.535265
0.539053
0.537131
0.539454
0.543819
0.552815
0.553307
0.485444
0.47701
0.447596
0.412523
0.387167
0.357146
0.338989
0.316017
0.307131
0.287495
0.610302
0.538746
0.493304
0.433954
0.393187
0.346631
0.320311
0.282784
0.266725
0.231081
0.479512
0.502787
0.475758
0.416291
0.369229
0.323105
0.292617
0.255447
0.239369
0.204412
0.188699
0.346037
0.326011
0.281103
0.239953
0.211888
0.187402
0.17231
0.163764
0.155277
0.0934774
0.161988
0.154363
0.13556
0.12338
0.124227
0.127021
0.138126
0.147719
0.182356
0.064165
0.0835877
0.0821277
0.085977
0.102164
0.143644
0.194119
0.300724
0.353609
0.490599
0.054453
0.0578131
0.072581
0.136234
0.303039
0.52402
0.74718
0.959878
1.05307
1.23346
0.0540794
0.0924786
0.264413
0.703515
1.33033
1.70883
1.98266
2.09433
2.15512
2.17734
0.154329
0.613453
1.61894
2.70538
3.30257
3.42178
3.40985
3.29662
3.22421
3.06229
1.13153
3.37553
4.88688
5.44162
5.31872
4.92493
4.59166
4.20546
4.06236
3.76577
5.44118
7.72577
7.89342
7.38891
6.44286
5.6418
5.1572
4.67915
4.51285
4.16259
9.68676
8.86065
7.44374
6.02824
4.91608
4.23483
3.88112
3.54607
3.43571
3.18245
)
;

boundaryField
{
    inlet
    {
        type            fixedValue;
        value           uniform 2e-05;
    }
    outlet
    {
        type            inletOutlet;
        inletValue      uniform 0;
        value           nonuniform List<scalar> 
20
(
2.73366
3.4049
3.01468
2.55169
2.09843
1.6162
1.07476
0.553307
0.287495
0.231081
0.204412
0.155277
0.182356
0.490599
1.23346
2.17734
3.06229
3.76577
4.16259
3.18245
)
;
    }
    walls
    {
        type            fixedValue;
        value           uniform 0;
    }
    frontAndBack
    {
        type            empty;
    }
}


// ************************************************************************* //
