/*--------------------------------*- C++ -*----------------------------------*\
| =========                 |                                                 |
| \\      /  F ield         | OpenFOAM: The Open Source CFD Toolbox           |
|  \\    /   O peration     | Version:  2.4.0                                 |
|   \\  /    A nd           | Web:      www.OpenFOAM.org                      |
|    \\/     M anipulation  |                                                 |
\*---------------------------------------------------------------------------*/
FoamFile
{
    version     2.0;
    format      ascii;
    class       volVectorField;
    location    "0.072";
    object      U;
}
// * * * * * * * * * * * * * * * * * * * * * * * * * * * * * * * * * * * * * //

dimensions      [0 1 -1 0 0 0 0];

internalField   nonuniform List<vector> 
4400
(
(5.40453 0.316783 0)
(3.31527 0.0607641 0)
(2.58613 0.00133145 0)
(2.23149 -0.00185991 0)
(2.08535 -0.00161912 0)
(1.99306 -0.000578343 0)
(1.95629 -0.000255761 0)
(1.9071 -0.000225673 0)
(1.87203 0.00559382 0)
(1.62934 -0.0721744 0)
(8.68534 0.857299 0)
(7.54055 0.344388 0)
(6.63472 0.116219 0)
(5.90424 0.0553734 0)
(5.5343 0.0263848 0)
(5.2624 0.0156758 0)
(5.15949 0.0109811 0)
(5.00023 0.00512938 0)
(4.98099 0.0354255 0)
(4.65997 -0.12221 0)
(9.89028 0.937339 0)
(9.99096 0.47662 0)
(9.50254 0.21356 0)
(8.73891 0.129967 0)
(8.29354 0.0742822 0)
(7.89677 0.0456398 0)
(7.76132 0.0317196 0)
(7.50504 0.0153997 0)
(7.4996 0.0587004 0)
(7.23966 -0.117331 0)
(10.1182 0.807347 0)
(11.1129 0.496369 0)
(11.2904 0.26711 0)
(10.8049 0.197072 0)
(10.4791 0.129236 0)
(10.0578 0.0839658 0)
(9.95227 0.0602228 0)
(9.632 0.0327176 0)
(9.60814 0.075912 0)
(9.53005 -0.0922383 0)
(10.0406 0.648014 0)
(11.3144 0.43314 0)
(12.0141 0.24867 0)
(11.9372 0.217724 0)
(11.9105 0.163215 0)
(11.6134 0.11689 0)
(11.6305 0.0870107 0)
(11.3192 0.0586703 0)
(11.2808 0.0790318 0)
(11.3683 -0.0498154 0)
(10.0112 0.518522 0)
(11.2074 0.352515 0)
(12.0886 0.190812 0)
(12.237 0.187702 0)
(12.4776 0.154833 0)
(12.4068 0.120794 0)
(12.6321 0.0966871 0)
(12.4282 0.0785559 0)
(12.4513 0.0830346 0)
(12.5962 -0.0335345 0)
(10.0051 0.403628 0)
(11.1132 0.279447 0)
(12.019 0.135866 0)
(12.2595 0.145181 0)
(12.4636 0.119674 0)
(12.5952 0.0972436 0)
(12.9628 0.0790166 0)
(12.8888 0.0872929 0)
(12.9945 0.0598034 0)
(13.1953 0.0342546 0)
(9.9384 0.291904 0)
(11.1608 0.199166 0)
(11.9609 0.0821077 0)
(12.2439 0.120329 0)
(12.3249 0.0829765 0)
(12.6583 0.0569916 0)
(12.9456 0.0459509 0)
(12.9343 0.0919908 0)
(13.112 0.0340895 0)
(13.345 0.0305994 0)
(9.94156 0.181927 0)
(11.2432 0.10247 0)
(11.8274 0.0533955 0)
(12.1663 0.0882261 0)
(12.4244 0.0424919 0)
(12.6559 0.0158115 0)
(12.7602 0.0382563 0)
(12.9044 0.0685277 0)
(13.2275 0.0107006 0)
(13.3768 -0.0467381 0)
(10.02 0.0613839 0)
(11.1592 0.0258918 0)
(11.7408 0.0253457 0)
(12.221 0.038844 0)
(12.4815 -0.00177776 0)
(12.5519 0.00372299 0)
(12.7044 0.0111092 0)
(12.9722 0.0347968 0)
(13.2284 -0.0251063 0)
(13.2854 -0.0226991 0)
(10.0301 -0.0487928 0)
(11.0774 -0.0526926 0)
(11.8227 -0.0165205 0)
(12.2405 -0.0120479 0)
(12.4203 -0.0259268 0)
(12.6001 -0.0211729 0)
(12.7181 -0.0180341 0)
(12.9519 0.000732958 0)
(13.1888 -0.0408723 0)
(13.295 -0.0311 0)
(9.99653 -0.158762 0)
(11.1323 -0.140187 0)
(11.8951 -0.0569703 0)
(12.1782 -0.0454446 0)
(12.4579 -0.0690631 0)
(12.6328 -0.0473042 0)
(12.6958 -0.0336067 0)
(12.9685 -0.0294901 0)
(13.2284 -0.0735477 0)
(13.369 -0.0729521 0)
(10.0264 -0.272648 0)
(11.1755 -0.227125 0)
(11.9161 -0.0884654 0)
(12.1789 -0.0908206 0)
(12.5092 -0.10702 0)
(12.6079 -0.0635362 0)
(12.7575 -0.0589246 0)
(13.0332 -0.0709446 0)
(13.2348 -0.0968354 0)
(13.312 -0.0943187 0)
(10.0588 -0.393596 0)
(11.177 -0.298672 0)
(11.9692 -0.130153 0)
(12.2218 -0.131785 0)
(12.5467 -0.144275 0)
(12.6013 -0.0909757 0)
(12.8306 -0.0873509 0)
(12.9548 -0.0955098 0)
(13.0921 -0.111132 0)
(13.0444 -0.109589 0)
(10.0464 -0.515027 0)
(11.2347 -0.364911 0)
(12.0279 -0.1833 0)
(12.2681 -0.180582 0)
(12.4674 -0.176222 0)
(12.4219 -0.112451 0)
(12.5544 -0.103188 0)
(12.4574 -0.103507 0)
(12.4877 -0.112314 0)
(12.2939 -0.116889 0)
(10.0678 -0.646542 0)
(11.3175 -0.43914 0)
(11.9695 -0.243637 0)
(11.9822 -0.214401 0)
(11.8708 -0.179348 0)
(11.6267 -0.109372 0)
(11.575 -0.0933739 0)
(11.3159 -0.0868951 0)
(11.263 -0.0965832 0)
(10.9653 -0.0863587 0)
(10.1336 -0.807062 0)
(11.1078 -0.49963 0)
(11.2636 -0.264473 0)
(10.8446 -0.19512 0)
(10.4343 -0.140178 0)
(10.0654 -0.0789231 0)
(9.91324 -0.0648734 0)
(9.60586 -0.0597406 0)
(9.52642 -0.072945 0)
(9.18266 -0.0501843 0)
(9.89746 -0.937075 0)
(9.98533 -0.477903 0)
(9.48759 -0.212545 0)
(8.76705 -0.128595 0)
(8.25543 -0.080981 0)
(7.89825 -0.0425881 0)
(7.7353 -0.0349288 0)
(7.46178 -0.0343217 0)
(7.38584 -0.0459535 0)
(7.03715 -0.0196528 0)
(8.68874 -0.857261 0)
(7.53738 -0.344891 0)
(6.62624 -0.116195 0)
(5.92024 -0.0543144 0)
(5.50931 -0.0295786 0)
(5.2595 -0.0145149 0)
(5.14266 -0.0122091 0)
(4.95342 -0.0144727 0)
(4.88761 -0.0206646 0)
(4.60177 -0.00561007 0)
(5.40502 -0.316748 0)
(3.3149 -0.0607418 0)
(2.58216 -0.00151418 0)
(2.23686 0.00238848 0)
(2.07675 0.000935253 0)
(1.98895 0.000790938 0)
(1.94989 0.000545271 0)
(1.88037 -0.000968645 0)
(1.83713 -0.0018096 0)
(1.71842 0.0123776 0)
(2.84924 -0.0898972 0)
(2.35356 0.399952 0)
(3.27071 0.666685 0)
(4.33205 1.3501 0)
(5.61036 1.2661 0)
(6.84643 0.671651 0)
(7.67628 0.327427 0)
(8.01999 -0.176026 0)
(8.16874 -0.838282 0)
(8.19578 -0.915869 0)
(8.42967 -1.09886 0)
(9.46254 -2.02274 0)
(10.1386 -2.76462 0)
(10.4291 -3.10167 0)
(11.5335 -3.80398 0)
(11.7019 -4.23959 0)
(10.8802 -3.50193 0)
(10.849 -2.56992 0)
(10.3413 -1.85126 0)
(9.89537 -0.354358 0)
(10.6031 0.806915 0)
(10.9316 1.53208 0)
(11.3326 1.3687 0)
(11.7867 0.629713 0)
(11.4919 0.443391 0)
(11.5874 -0.460624 0)
(11.3566 -1.36797 0)
(10.6371 -1.28402 0)
(10.8484 -2.26879 0)
(10.7292 -3.47924 0)
(9.69557 -3.4758 0)
(9.24939 -4.03316 0)
(8.9968 -5.13777 0)
(7.86544 -4.77366 0)
(6.29501 -3.65159 0)
(5.31353 -4.09887 0)
(4.74014 -6.28824 0)
(5.14345 -7.76042 0)
(4.93589 -7.75898 0)
(6.42825 -6.3077 0)
(6.10979 -5.45937 0)
(6.77325 -3.39871 0)
(7.19261 -1.79999 0)
(7.50109 0.065677 0)
(8.15629 2.36126 0)
(8.20207 4.17925 0)
(8.16981 4.88528 0)
(8.22837 5.76821 0)
(9.04334 6.92716 0)
(8.88402 8.15689 0)
(9.2513 8.0406 0)
(7.91764 7.53123 0)
(7.93953 5.75274 0)
(6.61435 5.27457 0)
(7.20481 3.49122 0)
(6.33157 3.80149 0)
(6.95492 1.42738 0)
(6.51469 1.26613 0)
(7.09206 -1.4857 0)
(6.60321 -1.45696 0)
(7.07154 -3.32669 0)
(6.46095 -1.97445 0)
(6.65717 -3.21345 0)
(6.14195 -1.33673 0)
(6.11925 -2.34816 0)
(5.82444 -0.673971 0)
(5.97482 -1.57081 0)
(5.78353 -0.0332141 0)
(5.95481 -1.23821 0)
(5.79943 0.28586 0)
(5.94914 -0.846072 0)
(5.75071 0.366985 0)
(6.02476 -0.701249 0)
(5.74733 0.591808 0)
(5.96759 -0.551085 0)
(5.81068 0.561648 0)
(6.06079 -0.353181 0)
(5.76636 0.715878 0)
(6.01565 -0.240945 0)
(5.85373 0.694677 0)
(6.08749 -0.0440158 0)
(5.79113 0.827342 0)
(6.01778 0.143864 0)
(5.87854 0.784117 0)
(6.03902 0.375896 0)
(5.88696 0.975617 0)
(5.99891 0.61085 0)
(5.94597 1.03957 0)
(6.01983 0.843838 0)
(6.09388 1.3228 0)
(5.93854 1.151 0)
(6.01229 1.60421 0)
(6.00322 1.45753 0)
(5.81345 2.13444 0)
(6.07044 2.00646 0)
(5.92053 2.96973 0)
(6.56321 2.70749 0)
(6.17403 4.43472 0)
(7.17258 4.8233 0)
(4.00777 8.93521 0)
(5.28275 0.0317036 0)
(4.85863 0.482011 0)
(5.12455 0.524663 0)
(5.29555 0.861683 0)
(6.28438 0.712092 0)
(7.34469 0.198458 0)
(8.08361 0.0700677 0)
(8.69975 -0.277319 0)
(9.07197 -0.955818 0)
(9.21776 -1.14663 0)
(9.80402 -1.38237 0)
(11.1553 -2.35916 0)
(11.7119 -3.09417 0)
(11.82 -3.22886 0)
(12.5986 -3.84969 0)
(12.5328 -4.1478 0)
(11.6391 -3.25998 0)
(11.5533 -2.38268 0)
(11.0698 -1.70287 0)
(10.438 -0.458562 0)
(11.0213 0.611073 0)
(11.3102 1.445 0)
(11.7073 1.27894 0)
(12.0652 0.582832 0)
(11.6506 0.511846 0)
(11.7274 -0.359649 0)
(11.4797 -1.21246 0)
(10.6611 -1.23299 0)
(10.7922 -2.22998 0)
(10.6532 -3.20443 0)
(9.68043 -3.19211 0)
(9.30935 -3.83972 0)
(8.95679 -4.79255 0)
(7.65929 -4.18559 0)
(6.05176 -3.0564 0)
(4.96366 -3.7893 0)
(4.30998 -6.21196 0)
(4.5132 -7.8354 0)
(4.33894 -8.00438 0)
(5.80836 -6.53432 0)
(5.21509 -5.63141 0)
(5.88775 -3.54723 0)
(6.39722 -2.01154 0)
(6.6042 0.00519583 0)
(7.2715 2.20827 0)
(7.36069 4.08894 0)
(7.51469 4.80177 0)
(7.5292 5.68705 0)
(8.53401 6.74572 0)
(8.46092 8.10924 0)
(9.14122 8.13455 0)
(8.09912 7.8402 0)
(8.241 6.01177 0)
(6.74062 5.49082 0)
(7.16493 3.43446 0)
(6.50393 3.80301 0)
(7.25257 1.32619 0)
(6.97989 1.24313 0)
(7.51343 -1.53962 0)
(7.08721 -1.41719 0)
(7.30241 -3.36257 0)
(6.71679 -1.85652 0)
(6.80304 -3.26164 0)
(6.41399 -1.17536 0)
(6.33792 -2.34131 0)
(5.90746 -0.478599 0)
(6.0182 -1.65432 0)
(5.67186 0.136664 0)
(5.77158 -1.37511 0)
(5.6395 0.460703 0)
(5.7868 -1.02543 0)
(5.52897 0.540052 0)
(5.86668 -0.892864 0)
(5.60027 0.764094 0)
(5.89082 -0.794329 0)
(5.64994 0.726795 0)
(6.08388 -0.572517 0)
(5.70506 0.8776 0)
(6.11491 -0.518297 0)
(5.8691 0.867711 0)
(6.27437 -0.266143 0)
(5.92906 1.01304 0)
(6.21804 -0.140691 0)
(6.11591 0.997373 0)
(6.23232 0.154478 0)
(6.1347 1.18998 0)
(6.03611 0.327247 0)
(6.1729 1.28147 0)
(6.01931 0.62 0)
(6.08765 1.52763 0)
(6.01075 0.912723 0)
(6.13791 1.82064 0)
(6.22705 1.29734 0)
(6.02752 2.40381 0)
(6.43871 1.79265 0)
(5.94473 3.41879 0)
(6.42775 2.67887 0)
(4.9596 4.81136 0)
(8.6287 4.0836 0)
(6.46926 9.32595 0)
(7.47116 -0.0130424 0)
(7.27203 0.443382 0)
(7.485 0.504774 0)
(7.35818 0.668712 0)
(8.06176 0.463405 0)
(8.87972 -0.010673 0)
(9.29822 -0.134069 0)
(10.0764 -0.499879 0)
(10.6437 -1.09899 0)
(10.9746 -1.36348 0)
(11.5062 -1.71064 0)
(12.6411 -2.62583 0)
(12.9495 -3.3664 0)
(12.7525 -3.40326 0)
(13.4223 -3.79065 0)
(13.0011 -4.01342 0)
(12.0026 -3.08682 0)
(11.7938 -2.21983 0)
(11.2833 -1.56776 0)
(10.8403 -0.483341 0)
(11.2675 0.482689 0)
(11.3716 1.37033 0)
(11.8268 1.18394 0)
(12.1716 0.584127 0)
(11.6336 0.567955 0)
(11.7643 -0.261966 0)
(11.4816 -1.02057 0)
(10.6768 -1.13825 0)
(10.7776 -2.15188 0)
(10.5256 -2.98538 0)
(9.62072 -2.93586 0)
(9.30738 -3.66631 0)
(8.85523 -4.42228 0)
(7.38507 -3.58554 0)
(5.68303 -2.49744 0)
(4.60666 -3.51095 0)
(3.83566 -6.104 0)
(3.84454 -7.90741 0)
(3.76867 -8.08014 0)
(4.91146 -6.6866 0)
(3.97047 -5.71849 0)
(4.90666 -3.70838 0)
(5.3209 -2.24404 0)
(5.73319 -0.0553733 0)
(6.26912 2.0356 0)
(6.45192 4.0094 0)
(6.72804 4.64082 0)
(6.85464 5.56485 0)
(7.94528 6.50256 0)
(7.83366 7.94609 0)
(8.69506 8.08376 0)
(7.88005 8.05576 0)
(8.37369 6.25823 0)
(7.14729 5.84148 0)
(7.59143 3.59497 0)
(6.9615 3.87927 0)
(7.60386 1.28789 0)
(7.47398 1.18687 0)
(7.90113 -1.53823 0)
(7.50217 -1.33235 0)
(7.52644 -3.2667 0)
(6.9438 -1.65734 0)
(6.74645 -3.24949 0)
(6.46719 -1.03259 0)
(6.38114 -2.3619 0)
(6.05387 -0.373291 0)
(6.24002 -1.70511 0)
(5.81126 0.2878 0)
(5.98124 -1.47828 0)
(5.73321 0.570618 0)
(5.92065 -1.10264 0)
(5.5614 0.661215 0)
(5.96076 -1.0477 0)
(5.57367 0.926724 0)
(5.96525 -0.942724 0)
(5.57392 0.859269 0)
(6.15737 -0.762145 0)
(5.59194 1.07785 0)
(6.23701 -0.740094 0)
(5.76903 1.01098 0)
(6.51763 -0.494671 0)
(5.81478 1.22359 0)
(6.66576 -0.381442 0)
(6.14332 1.1549 0)
(6.89746 -0.0804346 0)
(6.23917 1.42243 0)
(6.98698 0.170354 0)
(6.37587 1.4482 0)
(6.9863 0.467466 0)
(6.29292 1.75889 0)
(6.77027 0.769211 0)
(6.0519 1.96178 0)
(6.5629 1.00392 0)
(6.10589 2.42471 0)
(7.19741 1.30571 0)
(6.27924 3.34785 0)
(8.85521 2.43691 0)
(5.66708 5.16584 0)
(9.37124 3.45787 0)
(7.09681 9.54188 0)
(9.43351 -0.0152848 0)
(9.34243 0.374486 0)
(9.65995 0.489633 0)
(9.49953 0.554639 0)
(10.0684 0.21762 0)
(10.7063 -0.237602 0)
(11.014 -0.311443 0)
(11.8526 -0.740888 0)
(12.1929 -1.2806 0)
(12.5533 -1.5867 0)
(13.0976 -2.01512 0)
(13.7397 -2.75445 0)
(13.9917 -3.37256 0)
(13.5159 -3.43341 0)
(13.8919 -3.64894 0)
(13.33 -3.68547 0)
(12.2881 -2.80529 0)
(12.1474 -1.97725 0)
(11.4615 -1.37166 0)
(10.9923 -0.500151 0)
(11.2183 0.417131 0)
(11.1679 1.29352 0)
(11.7246 1.063 0)
(11.9087 0.589135 0)
(11.3984 0.626592 0)
(11.6196 -0.145574 0)
(11.3099 -0.792398 0)
(10.6972 -1.0386 0)
(10.8137 -2.0789 0)
(10.3618 -2.66176 0)
(9.46839 -2.65998 0)
(9.18075 -3.53549 0)
(8.70578 -4.07279 0)
(7.16451 -2.94412 0)
(5.4672 -1.90631 0)
(4.29619 -3.12674 0)
(3.4152 -5.91598 0)
(3.1558 -7.89917 0)
(3.14607 -8.05188 0)
(3.89132 -6.72103 0)
(2.80291 -5.7155 0)
(3.90663 -3.85817 0)
(4.23112 -2.5413 0)
(4.6751 -0.0470391 0)
(5.18108 1.86255 0)
(5.4934 3.8572 0)
(5.98356 4.44363 0)
(6.05441 5.41464 0)
(7.36717 6.30121 0)
(7.35872 7.79909 0)
(8.45326 7.89654 0)
(7.76136 8.08872 0)
(8.4381 6.26817 0)
(7.44754 6.01772 0)
(8.05195 3.54146 0)
(7.6047 3.89645 0)
(7.89461 1.22879 0)
(7.90648 1.12875 0)
(8.20259 -1.58756 0)
(7.87447 -1.24722 0)
(7.76691 -3.21516 0)
(7.23654 -1.43496 0)
(6.84456 -3.13997 0)
(6.48137 -0.821706 0)
(6.25111 -2.33598 0)
(5.86557 -0.205618 0)
(6.10639 -1.78784 0)
(5.68605 0.478298 0)
(5.84822 -1.62198 0)
(5.64238 0.719797 0)
(5.92997 -1.2433 0)
(5.40924 0.815471 0)
(6.00703 -1.24143 0)
(5.50043 1.09183 0)
(6.0188 -1.14492 0)
(5.40455 1.02046 0)
(6.26549 -0.987228 0)
(5.46718 1.26755 0)
(6.31852 -1.02625 0)
(5.54746 1.20443 0)
(6.67923 -0.765103 0)
(5.60424 1.43855 0)
(6.86333 -0.788915 0)
(5.9085 1.38104 0)
(7.32565 -0.430433 0)
(6.10233 1.65491 0)
(7.62003 -0.285478 0)
(6.5832 1.73145 0)
(7.97241 0.146971 0)
(6.78803 2.06613 0)
(7.99444 0.514454 0)
(6.74394 2.46392 0)
(7.52789 0.901364 0)
(6.04399 2.93198 0)
(7.30938 1.13091 0)
(4.91507 3.58865 0)
(8.93777 1.63315 0)
(5.8406 5.20665 0)
(11.4468 2.19528 0)
(8.88198 8.70206 0)
(11.1887 0.00891755 0)
(11.0758 0.290378 0)
(11.3841 0.383356 0)
(11.249 0.432619 0)
(11.8834 0.0405199 0)
(12.3526 -0.394364 0)
(12.5081 -0.482517 0)
(13.4168 -0.967058 0)
(13.5472 -1.37441 0)
(13.7176 -1.73233 0)
(14.2726 -2.2324 0)
(14.3546 -2.81815 0)
(14.4245 -3.41082 0)
(13.9478 -3.44061 0)
(13.9575 -3.49165 0)
(13.4053 -3.40331 0)
(12.3126 -2.61353 0)
(12.2883 -1.83805 0)
(11.7561 -1.2049 0)
(11.3516 -0.424209 0)
(11.2765 0.480351 0)
(10.967 1.24856 0)
(11.399 0.9777 0)
(11.3394 0.656857 0)
(11.0172 0.631641 0)
(11.366 -0.110441 0)
(11.0824 -0.59836 0)
(10.7128 -0.999268 0)
(10.7438 -1.97094 0)
(10.0133 -2.36866 0)
(9.21827 -2.44548 0)
(9.21372 -3.33275 0)
(8.58351 -3.62809 0)
(6.96704 -2.29395 0)
(5.23432 -1.27033 0)
(3.97931 -2.72773 0)
(3.02718 -5.67295 0)
(2.50184 -7.84226 0)
(2.48244 -8.03348 0)
(3.00715 -6.67107 0)
(2.03166 -5.69852 0)
(3.16653 -4.00264 0)
(3.01424 -2.78714 0)
(3.57189 -0.109611 0)
(4.11631 1.67858 0)
(4.28809 3.69732 0)
(5.15106 4.16004 0)
(5.22763 5.20927 0)
(6.69391 5.93841 0)
(6.62735 7.58673 0)
(7.89228 7.66628 0)
(7.47973 8.11468 0)
(8.18247 6.21788 0)
(7.62789 6.09719 0)
(8.00051 3.40127 0)
(8.00612 3.90536 0)
(8.14155 1.2442 0)
(8.28412 1.08006 0)
(8.46242 -1.59147 0)
(8.23685 -1.12563 0)
(7.92101 -3.1144 0)
(7.55056 -1.23466 0)
(7.11114 -3.03702 0)
(6.7443 -0.657787 0)
(6.47388 -2.24952 0)
(6.06344 -0.0970177 0)
(6.08875 -1.81694 0)
(5.80588 0.632057 0)
(5.73219 -1.70457 0)
(5.67818 0.819833 0)
(5.80618 -1.28315 0)
(5.41605 0.928777 0)
(5.7876 -1.38614 0)
(5.50731 1.2454 0)
(5.78513 -1.26283 0)
(5.34287 1.12614 0)
(6.01247 -1.1646 0)
(5.41963 1.45168 0)
(6.0398 -1.22442 0)
(5.40751 1.33122 0)
(6.42432 -0.999628 0)
(5.49214 1.64838 0)
(6.63128 -1.08615 0)
(5.62518 1.53731 0)
(7.28589 -0.791946 0)
(5.84839 1.89001 0)
(7.93649 -0.786617 0)
(6.21927 1.84731 0)
(9.13566 -0.421516 0)
(6.74049 2.26084 0)
(10.3943 -0.029391 0)
(7.05832 2.52375 0)
(11.7162 0.572333 0)
(7.11002 3.10849 0)
(12.1673 1.35728 0)
(5.73454 3.9405 0)
(11.0617 1.611 0)
(5.22317 5.7618 0)
(9.4438 1.24852 0)
(9.01407 8.13884 0)
(12.4751 -0.000212238 0)
(12.5289 0.236223 0)
(12.7906 0.331141 0)
(12.5709 0.302763 0)
(13.1359 -0.173931 0)
(13.486 -0.526011 0)
(13.6494 -0.586802 0)
(14.3577 -1.13417 0)
(14.3697 -1.40712 0)
(14.4013 -1.80372 0)
(14.7786 -2.37148 0)
(14.6067 -2.74523 0)
(14.5154 -3.32647 0)
(14.0907 -3.3316 0)
(13.7899 -3.25055 0)
(13.4411 -3.11239 0)
(12.6332 -2.3761 0)
(12.5744 -1.67801 0)
(12.0612 -1.06205 0)
(11.5629 -0.337799 0)
(11.2635 0.610875 0)
(10.9624 1.32367 0)
(11.3314 1.03312 0)
(11.0957 0.717758 0)
(10.8537 0.53137 0)
(11.0192 -0.06293 0)
(10.7112 -0.457806 0)
(10.5597 -0.989384 0)
(10.4764 -1.79243 0)
(9.59742 -2.02989 0)
(9.07303 -2.33348 0)
(9.23094 -3.23837 0)
(8.54242 -3.18741 0)
(6.70809 -1.58755 0)
(4.91264 -0.679707 0)
(3.6692 -2.32487 0)
(2.70437 -5.37395 0)
(1.8982 -7.74042 0)
(1.8239 -8.07343 0)
(2.27202 -6.6303 0)
(1.54636 -5.65292 0)
(2.45456 -4.11459 0)
(1.83637 -2.94444 0)
(2.47882 -0.101252 0)
(2.78749 1.42049 0)
(3.30353 3.4631 0)
(4.35513 3.83128 0)
(4.34167 5.05365 0)
(5.9877 5.66439 0)
(6.16972 7.34924 0)
(7.39095 7.37496 0)
(7.23751 8.0254 0)
(7.90285 6.1147 0)
(7.8202 6.15601 0)
(7.94118 3.30702 0)
(7.97497 3.87357 0)
(8.25155 1.13186 0)
(8.59714 1.01187 0)
(8.65634 -1.61145 0)
(8.44572 -0.973037 0)
(7.91516 -2.99793 0)
(7.50992 -1.00986 0)
(6.96643 -2.94369 0)
(6.62378 -0.460509 0)
(6.46895 -2.23116 0)
(6.01882 0.0979773 0)
(6.13095 -1.91107 0)
(5.76605 0.814273 0)
(5.89002 -1.80757 0)
(5.57557 0.92849 0)
(5.96867 -1.40084 0)
(5.38466 1.10392 0)
(5.86426 -1.59066 0)
(5.46449 1.39306 0)
(5.92928 -1.39702 0)
(5.24335 1.28282 0)
(6.07266 -1.39512 0)
(5.35891 1.64507 0)
(6.08493 -1.41841 0)
(5.22958 1.50344 0)
(6.40594 -1.25968 0)
(5.30183 1.88781 0)
(6.54114 -1.32011 0)
(5.20221 1.78497 0)
(7.05185 -1.0889 0)
(5.32576 2.17541 0)
(7.58228 -1.02731 0)
(5.07801 2.21012 0)
(8.63775 -0.849623 0)
(5.36887 2.55938 0)
(10.1738 -0.477479 0)
(5.46769 2.81582 0)
(12.1556 -0.172768 0)
(6.53625 3.2453 0)
(14.0175 0.505472 0)
(7.70373 4.19508 0)
(14.1752 0.875852 0)
(8.61025 5.88595 0)
(11.5079 1.44152 0)
(8.96492 7.19143 0)
(13.1408 -0.082354 0)
(13.3384 0.0632493 0)
(13.5897 0.193956 0)
(13.5808 0.201665 0)
(13.986 -0.28217 0)
(14.04 -0.643766 0)
(14.2809 -0.697001 0)
(14.5643 -1.23279 0)
(14.4412 -1.4658 0)
(14.5757 -1.85628 0)
(14.6623 -2.42891 0)
(14.4549 -2.67009 0)
(14.324 -3.26788 0)
(13.9569 -3.23649 0)
(13.6413 -3.04417 0)
(13.4837 -2.96081 0)
(12.8973 -2.28948 0)
(12.766 -1.64325 0)
(12.4564 -0.959263 0)
(11.9162 -0.110572 0)
(11.4356 0.764055 0)
(11.3162 1.26631 0)
(11.4779 1.06911 0)
(11.0192 0.833641 0)
(10.7502 0.552018 0)
(10.7467 0.0300598 0)
(10.4855 -0.387812 0)
(10.3839 -1.00111 0)
(9.96994 -1.63481 0)
(9.26499 -1.80953 0)
(9.17026 -2.27285 0)
(9.37966 -3.08656 0)
(8.48434 -2.66345 0)
(6.50042 -0.853795 0)
(4.66961 -0.0477354 0)
(3.47852 -1.86503 0)
(2.40426 -4.99291 0)
(1.35205 -7.58039 0)
(1.12953 -8.06169 0)
(1.50668 -6.64508 0)
(1.04749 -5.63711 0)
(1.67947 -4.14935 0)
(0.684352 -2.90657 0)
(1.32323 -0.148358 0)
(1.67247 1.22614 0)
(1.96976 3.21079 0)
(3.4611 3.38251 0)
(3.66709 4.81475 0)
(5.16167 5.127 0)
(5.44265 7.11606 0)
(6.7393 7.02174 0)
(6.87896 7.8994 0)
(7.46374 5.97842 0)
(7.69517 6.20096 0)
(7.82327 3.27735 0)
(8.25335 3.8858 0)
(8.27736 1.05981 0)
(8.99435 0.929797 0)
(8.71266 -1.55906 0)
(8.61202 -0.824264 0)
(7.87331 -2.80214 0)
(7.62216 -0.766068 0)
(6.84676 -2.76695 0)
(6.70159 -0.293312 0)
(6.25004 -2.14582 0)
(6.08194 0.220866 0)
(5.88151 -1.90636 0)
(5.83075 0.920533 0)
(5.69062 -1.83417 0)
(5.6081 1.00593 0)
(5.69335 -1.46392 0)
(5.47039 1.20349 0)
(5.5978 -1.70929 0)
(5.47014 1.48868 0)
(5.70917 -1.4884 0)
(5.27252 1.3808 0)
(5.77392 -1.57111 0)
(5.38201 1.77516 0)
(5.86498 -1.5677 0)
(5.21872 1.59831 0)
(6.09986 -1.45685 0)
(5.352 2.00127 0)
(6.23669 -1.524 0)
(5.2155 1.83277 0)
(6.55591 -1.33643 0)
(5.41407 2.22905 0)
(6.77684 -1.23689 0)
(5.0987 2.19171 0)
(7.15796 -1.17396 0)
(5.40124 2.60372 0)
(7.52493 -0.805456 0)
(4.95927 3.04481 0)
(7.98824 -0.822727 0)
(5.69094 3.7151 0)
(9.41674 -0.265665 0)
(7.15541 4.77205 0)
(11.4113 0.230459 0)
(9.04814 6.03615 0)
(13.2156 1.97532 0)
(10.0062 6.4345 0)
(13.3376 -0.17673 0)
(13.4494 -0.00456536 0)
(13.5949 0.0974608 0)
(13.9079 0.0366486 0)
(14.3397 -0.320765 0)
(14.2027 -0.677043 0)
(14.3314 -0.719389 0)
(14.3067 -1.20037 0)
(14.1857 -1.52144 0)
(14.451 -1.89612 0)
(14.2965 -2.46767 0)
(14.2405 -2.65173 0)
(14.2408 -3.13925 0)
(13.8392 -3.09921 0)
(13.5979 -2.91245 0)
(13.5661 -2.9288 0)
(13.1391 -2.16016 0)
(12.7997 -1.48613 0)
(12.5765 -0.886172 0)
(12.1277 0.0351781 0)
(11.6991 0.856342 0)
(11.6127 1.28141 0)
(11.444 1.22761 0)
(11.0906 0.984431 0)
(10.9061 0.593061 0)
(10.6021 0.134246 0)
(10.2972 -0.28684 0)
(10.0461 -0.882895 0)
(9.5965 -1.42213 0)
(9.1669 -1.70451 0)
(9.31546 -2.29369 0)
(9.40937 -2.87298 0)
(8.30051 -2.08453 0)
(6.23302 -0.100859 0)
(4.44355 0.567826 0)
(3.31654 -1.41106 0)
(2.17551 -4.5939 0)
(0.930231 -7.29647 0)
(0.405018 -7.96906 0)
(0.669638 -6.70024 0)
(0.370672 -5.62949 0)
(0.77906 -4.10819 0)
(-0.416519 -2.78239 0)
(0.307246 -0.248411 0)
(0.368692 0.939781 0)
(1.08391 2.89621 0)
(2.58582 2.82476 0)
(2.83254 4.78229 0)
(4.10387 4.53919 0)
(5.02077 6.93012 0)
(6.1654 6.57229 0)
(6.59795 7.75801 0)
(7.30392 5.75846 0)
(7.67924 6.18862 0)
(7.58931 3.05407 0)
(8.50653 3.71912 0)
(8.41852 0.889239 0)
(9.14702 0.843452 0)
(8.78128 -1.50463 0)
(8.60947 -0.61936 0)
(7.94768 -2.63268 0)
(7.70068 -0.54189 0)
(7.04013 -2.61948 0)
(6.79366 -0.131559 0)
(6.46145 -2.07364 0)
(6.1023 0.368002 0)
(6.04525 -1.94599 0)
(5.81058 1.04999 0)
(5.82225 -1.89024 0)
(5.56362 1.11361 0)
(5.78838 -1.5604 0)
(5.45743 1.35135 0)
(5.69856 -1.83685 0)
(5.39572 1.60669 0)
(5.78486 -1.59287 0)
(5.25969 1.52976 0)
(5.78021 -1.77665 0)
(5.29683 1.92628 0)
(5.9255 -1.69705 0)
(5.14015 1.75835 0)
(6.03366 -1.74134 0)
(5.24522 2.20191 0)
(6.23166 -1.70296 0)
(5.07606 2.0441 0)
(6.43528 -1.70639 0)
(5.26619 2.45079 0)
(6.77019 -1.46149 0)
(5.09971 2.40167 0)
(6.99937 -1.6491 0)
(5.44912 2.75761 0)
(7.40012 -1.10175 0)
(5.59503 3.22472 0)
(7.28737 -1.39638 0)
(6.19178 3.75463 0)
(7.76862 -1.0949 0)
(7.04318 4.98356 0)
(9.04529 -0.421105 0)
(8.06227 5.77784 0)
(11.8689 1.67592 0)
(10.7787 5.89014 0)
(13.1543 -0.156387 0)
(13.1481 0.0847226 0)
(13.5804 0.0261734 0)
(13.938 -0.162584 0)
(14.2207 -0.347171 0)
(14.0037 -0.665443 0)
(13.9663 -0.698852 0)
(14.0877 -1.13635 0)
(14.1417 -1.61727 0)
(14.3871 -1.93422 0)
(14.2153 -2.39909 0)
(14.2343 -2.61556 0)
(14.1572 -3.05544 0)
(13.7576 -3.06711 0)
(13.7217 -2.86386 0)
(13.4883 -2.84979 0)
(12.9081 -2.05333 0)
(12.7169 -1.37993 0)
(12.569 -0.795549 0)
(11.843 0.252384 0)
(11.5457 1.02217 0)
(11.6536 1.32373 0)
(11.3045 1.33614 0)
(11.0398 1.06574 0)
(10.7708 0.695909 0)
(10.3936 0.320245 0)
(10.0799 -0.139872 0)
(9.70537 -0.746489 0)
(9.43141 -1.25912 0)
(9.27898 -1.64498 0)
(9.2843 -2.30344 0)
(9.12232 -2.6244 0)
(7.92025 -1.44163 0)
(5.87756 0.655414 0)
(4.21146 1.14265 0)
(3.24603 -0.943275 0)
(2.1005 -4.09312 0)
(0.639315 -6.88242 0)
(-0.277918 -7.79659 0)
(-0.210045 -6.75144 0)
(-0.449891 -5.6472 0)
(-0.248614 -3.97453 0)
(-1.49521 -2.65954 0)
(-0.652733 -0.379489 0)
(-0.681636 0.787878 0)
(0.0130938 2.53036 0)
(1.64331 2.12914 0)
(2.4406 4.61138 0)
(3.26242 3.91221 0)
(4.02645 6.72375 0)
(5.40718 5.89866 0)
(6.17367 7.47671 0)
(6.83962 5.46925 0)
(7.60302 6.04666 0)
(7.49549 2.88039 0)
(8.68316 3.59255 0)
(8.47318 0.779503 0)
(9.31744 0.835736 0)
(8.58324 -1.3506 0)
(8.68866 -0.457972 0)
(7.70338 -2.41564 0)
(7.68068 -0.373282 0)
(6.74978 -2.4174 0)
(6.7413 0.00481608 0)
(6.18507 -1.92744 0)
(6.13534 0.47433 0)
(5.8081 -1.87029 0)
(5.86354 1.09551 0)
(5.66068 -1.8228 0)
(5.61347 1.15025 0)
(5.59771 -1.56649 0)
(5.54724 1.3919 0)
(5.50757 -1.86526 0)
(5.44094 1.64573 0)
(5.58717 -1.67806 0)
(5.33655 1.6023 0)
(5.58106 -1.87465 0)
(5.32387 1.99766 0)
(5.72848 -1.8358 0)
(5.22259 1.85306 0)
(5.78271 -1.88734 0)
(5.2683 2.28227 0)
(5.99902 -1.88465 0)
(5.19486 2.13814 0)
(6.08243 -1.92724 0)
(5.30622 2.55744 0)
(6.32844 -1.73327 0)
(5.23229 2.56724 0)
(6.40241 -1.95153 0)
(5.47003 2.99263 0)
(6.77362 -1.49534 0)
(5.68989 3.46395 0)
(6.80629 -1.84132 0)
(6.19743 3.95501 0)
(7.50599 -1.35103 0)
(7.10029 4.86123 0)
(8.21412 -0.479014 0)
(7.77585 5.33965 0)
(9.44275 1.09942 0)
(10.5876 5.23771 0)
(12.9884 -0.13625 0)
(13.1749 -0.00811154 0)
(13.8242 -0.13869 0)
(13.8435 -0.264729 0)
(13.8759 -0.28717 0)
(13.8011 -0.591587 0)
(13.873 -0.750434 0)
(14.1556 -1.20132 0)
(14.1976 -1.65681 0)
(14.2314 -1.89105 0)
(14.0677 -2.37337 0)
(14.095 -2.63321 0)
(13.9531 -2.92466 0)
(13.5808 -2.99267 0)
(13.4984 -2.81976 0)
(13.0208 -2.64596 0)
(12.4538 -1.8702 0)
(12.3324 -1.26254 0)
(11.9244 -0.591286 0)
(11.253 0.460853 0)
(11.4212 1.00899 0)
(11.3374 1.3507 0)
(10.7961 1.52269 0)
(10.6696 1.23177 0)
(10.3163 0.838709 0)
(9.977 0.43029 0)
(9.70451 0.010256 0)
(9.35299 -0.59339 0)
(9.25092 -1.21242 0)
(9.17223 -1.64977 0)
(9.02207 -2.19631 0)
(8.6332 -2.24076 0)
(7.3806 -0.772992 0)
(5.43462 1.34608 0)
(4.03452 1.65444 0)
(3.28673 -0.475904 0)
(2.14372 -3.56217 0)
(0.514419 -6.34517 0)
(-0.815876 -7.52352 0)
(-1.03838 -6.77824 0)
(-1.36337 -5.56556 0)
(-1.3218 -3.86135 0)
(-2.40287 -2.60499 0)
(-1.35656 -0.496711 0)
(-1.76738 0.590286 0)
(-0.654706 1.97744 0)
(0.590004 1.50406 0)
(1.53035 4.47975 0)
(1.92026 3.03597 0)
(3.69537 6.6922 0)
(4.45584 5.16615 0)
(5.96458 7.357 0)
(6.48535 5.09393 0)
(7.67763 5.89536 0)
(7.47304 2.66556 0)
(8.9069 3.42107 0)
(8.2248 0.615762 0)
(9.31217 0.809056 0)
(8.30667 -1.23293 0)
(8.62288 -0.314136 0)
(7.57288 -2.17934 0)
(7.59237 -0.168868 0)
(6.71123 -2.19896 0)
(6.73407 0.137711 0)
(6.1291 -1.77918 0)
(6.14576 0.556101 0)
(5.80099 -1.80028 0)
(5.8341 1.15842 0)
(5.6812 -1.74875 0)
(5.61746 1.20367 0)
(5.54491 -1.53967 0)
(5.55162 1.48222 0)
(5.53028 -1.83571 0)
(5.39755 1.71555 0)
(5.56316 -1.6457 0)
(5.34538 1.69345 0)
(5.57313 -1.93703 0)
(5.27182 2.06764 0)
(5.69688 -1.88062 0)
(5.19543 1.97293 0)
(5.75999 -2.07379 0)
(5.21734 2.40211 0)
(5.96101 -2.05099 0)
(5.16374 2.33695 0)
(6.02525 -2.21886 0)
(5.23622 2.76271 0)
(6.31581 -1.98351 0)
(5.39169 2.80789 0)
(6.37989 -2.35221 0)
(5.53602 3.18835 0)
(6.68014 -1.87716 0)
(6.0745 3.72084 0)
(6.78088 -2.05691 0)
(6.50081 3.89075 0)
(7.09523 -1.54653 0)
(7.26728 4.64779 0)
(7.63978 -0.427209 0)
(7.96223 4.80607 0)
(8.24641 0.915784 0)
(9.90591 4.411 0)
(13.2109 -0.204413 0)
(13.4308 -0.146718 0)
(13.7228 -0.160843 0)
(13.5098 -0.213949 0)
(13.6216 -0.269976 0)
(13.7858 -0.65348 0)
(13.9447 -0.870671 0)
(14.063 -1.19633 0)
(13.9515 -1.62849 0)
(13.986 -1.87589 0)
(13.9215 -2.29441 0)
(13.8419 -2.57445 0)
(13.52 -2.83609 0)
(13.1165 -2.91156 0)
(12.804 -2.64664 0)
(12.0546 -2.38488 0)
(11.6179 -1.74484 0)
(11.4684 -1.12571 0)
(10.9025 -0.399149 0)
(10.6438 0.472621 0)
(10.8756 1.02898 0)
(10.4801 1.53889 0)
(10.2518 1.61821 0)
(10.1524 1.32979 0)
(9.71844 0.977172 0)
(9.61168 0.537113 0)
(9.38046 0.133569 0)
(9.14085 -0.512617 0)
(9.04246 -1.20332 0)
(8.78866 -1.62339 0)
(8.44686 -2.02032 0)
(7.93878 -1.82734 0)
(6.72621 -0.168078 0)
(4.96605 1.92507 0)
(3.91367 2.05793 0)
(3.43515 -0.0718722 0)
(2.3612 -2.97587 0)
(0.606982 -5.70277 0)
(-1.14027 -7.12583 0)
(-1.73228 -6.60234 0)
(-2.10197 -5.34099 0)
(-2.27745 -3.71571 0)
(-3.01316 -2.49044 0)
(-1.98784 -0.501655 0)
(-2.81709 0.486697 0)
(-0.873553 1.49054 0)
(-0.669563 0.893086 0)
(1.27873 4.55243 0)
(0.885556 2.5815 0)
(2.56915 6.37223 0)
(2.89719 4.00008 0)
(5.56944 7.08699 0)
(5.56592 4.50013 0)
(7.44361 5.55429 0)
(6.95701 2.38968 0)
(8.81677 3.25396 0)
(8.04578 0.549021 0)
(9.20701 0.864077 0)
(8.12515 -1.04354 0)
(8.49695 -0.191483 0)
(7.46353 -1.91184 0)
(7.45121 -0.0553922 0)
(6.68175 -2.01262 0)
(6.69572 0.227211 0)
(6.06692 -1.64986 0)
(6.18797 0.58092 0)
(5.78839 -1.66531 0)
(5.86066 1.12582 0)
(5.61288 -1.66079 0)
(5.71521 1.20666 0)
(5.45951 -1.49511 0)
(5.60722 1.42597 0)
(5.45529 -1.74305 0)
(5.47245 1.69474 0)
(5.40995 -1.63859 0)
(5.4329 1.67794 0)
(5.44859 -1.84222 0)
(5.31044 2.08102 0)
(5.52481 -1.84223 0)
(5.31306 1.9983 0)
(5.57467 -2.02382 0)
(5.25059 2.42484 0)
(5.72453 -2.06887 0)
(5.28748 2.38435 0)
(5.79284 -2.26372 0)
(5.32223 2.79685 0)
(6.00014 -2.17594 0)
(5.50532 2.91625 0)
(6.12258 -2.42627 0)
(5.65221 3.29822 0)
(6.37078 -2.10272 0)
(6.13161 3.73869 0)
(6.70652 -2.05826 0)
(6.60266 3.88964 0)
(7.07385 -1.50443 0)
(7.33074 4.33039 0)
(7.75159 -0.27609 0)
(8.13781 4.23775 0)
(8.57862 1.04151 0)
(9.54352 3.512 0)
(13.3085 -0.224852 0)
(13.2654 -0.10102 0)
(13.3419 -0.0581385 0)
(13.3668 -0.239571 0)
(13.6696 -0.349395 0)
(13.7963 -0.674824 0)
(13.8239 -0.915247 0)
(13.8301 -1.15368 0)
(13.7828 -1.55322 0)
(13.8086 -1.86299 0)
(13.5589 -2.24617 0)
(13.2592 -2.49232 0)
(12.7651 -2.63618 0)
(12.1082 -2.6773 0)
(11.5043 -2.40701 0)
(10.762 -2.11027 0)
(10.4208 -1.58127 0)
(10.0413 -0.95229 0)
(9.51869 -0.258796 0)
(9.63782 0.46947 0)
(9.71782 1.09334 0)
(9.48479 1.54919 0)
(9.61649 1.60846 0)
(9.39072 1.48019 0)
(9.21346 1.07952 0)
(9.15524 0.602986 0)
(8.77883 0.21379 0)
(8.71194 -0.453872 0)
(8.60777 -1.10611 0)
(8.17753 -1.47711 0)
(7.6687 -1.76362 0)
(7.05857 -1.37055 0)
(5.91688 0.38728 0)
(4.46564 2.37431 0)
(3.84762 2.31147 0)
(3.71116 0.283301 0)
(2.75751 -2.37737 0)
(0.909361 -4.96725 0)
(-1.19748 -6.58607 0)
(-2.14748 -6.27202 0)
(-2.56055 -5.05046 0)
(-2.86602 -3.70665 0)
(-3.26866 -2.50275 0)
(-2.57846 -0.561771 0)
(-3.87549 0.201503 0)
(-1.03827 0.738162 0)
(-1.99868 0.580319 0)
(0.367979 4.0365 0)
(-0.995138 1.63137 0)
(2.54845 6.53437 0)
(1.18003 3.11858 0)
(5.01481 7.03157 0)
(4.60577 3.8366 0)
(7.1994 5.2404 0)
(6.62454 2.20481 0)
(8.50235 3.0705 0)
(7.71119 0.415237 0)
(8.95546 0.865309 0)
(7.63394 -0.905624 0)
(8.37956 -0.126758 0)
(7.07748 -1.66865 0)
(7.38685 0.0615315 0)
(6.4208 -1.79777 0)
(6.67304 0.287375 0)
(5.82209 -1.44487 0)
(6.26324 0.531885 0)
(5.55388 -1.5107 0)
(5.90426 1.08133 0)
(5.45813 -1.53212 0)
(5.74768 1.13395 0)
(5.31416 -1.35079 0)
(5.63316 1.37068 0)
(5.32491 -1.64798 0)
(5.49242 1.65959 0)
(5.32145 -1.52874 0)
(5.44147 1.65343 0)
(5.37713 -1.77578 0)
(5.32033 2.05731 0)
(5.46307 -1.8031 0)
(5.32636 1.99552 0)
(5.51722 -1.97642 0)
(5.24332 2.43695 0)
(5.68856 -2.02802 0)
(5.31107 2.44327 0)
(5.76615 -2.24743 0)
(5.33592 2.88262 0)
(5.98516 -2.14327 0)
(5.59314 2.98706 0)
(6.17265 -2.45961 0)
(5.74643 3.3234 0)
(6.37518 -2.08036 0)
(6.24082 3.74054 0)
(6.76802 -1.97619 0)
(6.74887 3.66192 0)
(7.18849 -1.38985 0)
(7.37493 3.85143 0)
(7.99079 -0.106395 0)
(8.1916 3.60675 0)
(8.96386 1.08528 0)
(9.59241 2.79152 0)
(13.1516 -0.181629 0)
(13.1428 -0.0645968 0)
(13.3822 -0.0793684 0)
(13.4653 -0.323559 0)
(13.5977 -0.409862 0)
(13.6113 -0.648139 0)
(13.594 -0.909773 0)
(13.5196 -1.14261 0)
(13.3949 -1.52631 0)
(13.1967 -1.79128 0)
(12.7096 -2.06044 0)
(12.1675 -2.28495 0)
(11.4604 -2.37417 0)
(10.6421 -2.34948 0)
(9.91068 -2.11925 0)
(9.18891 -1.8576 0)
(8.71635 -1.34209 0)
(8.23772 -0.719609 0)
(8.01426 -0.213447 0)
(8.14248 0.448992 0)
(8.06346 1.1483 0)
(8.30118 1.51066 0)
(8.51106 1.62268 0)
(8.33637 1.54279 0)
(8.46215 1.10207 0)
(8.27638 0.702413 0)
(8.09006 0.278583 0)
(8.19265 -0.43493 0)
(7.84566 -0.977895 0)
(7.17071 -1.26531 0)
(6.60957 -1.47869 0)
(6.03436 -0.93687 0)
(5.02364 0.877925 0)
(3.95096 2.66865 0)
(3.85933 2.40571 0)
(4.10393 0.529808 0)
(3.33454 -1.78113 0)
(1.42972 -4.15432 0)
(-1.02414 -5.90871 0)
(-2.41086 -5.94486 0)
(-2.84262 -4.82472 0)
(-3.41615 -3.68831 0)
(-3.67945 -2.41792 0)
(-3.3378 -0.466392 0)
(-4.73389 0.0359412 0)
(-0.873504 0.295087 0)
(-4.60373 0.720643 0)
(0.113937 4.28943 0)
(-2.41842 1.43578 0)
(1.42926 6.02908 0)
(-1.41793 1.86092 0)
(4.64236 6.5227 0)
(3.15612 2.93534 0)
(6.48536 4.78947 0)
(5.90814 1.95061 0)
(8.13104 2.75414 0)
(7.12835 0.293977 0)
(8.71854 0.893805 0)
(7.27541 -0.761292 0)
(8.29961 -0.080879 0)
(6.82911 -1.37253 0)
(7.24773 0.0867628 0)
(6.39772 -1.5674 0)
(6.59233 0.32795 0)
(5.83445 -1.30028 0)
(6.32171 0.485667 0)
(5.58065 -1.30828 0)
(5.94479 0.950994 0)
(5.5143 -1.37466 0)
(5.80162 1.05672 0)
(5.27191 -1.23485 0)
(5.72838 1.19897 0)
(5.2911 -1.46077 0)
(5.50592 1.51005 0)
(5.25478 -1.4077 0)
(5.55051 1.48443 0)
(5.23944 -1.59081 0)
(5.34376 1.8972 0)
(5.33196 -1.67028 0)
(5.43413 1.88567 0)
(5.32146 -1.82397 0)
(5.29318 2.32134 0)
(5.47606 -1.95925 0)
(5.42747 2.38602 0)
(5.56906 -2.13759 0)
(5.41218 2.80127 0)
(5.75405 -2.16166 0)
(5.63059 2.93557 0)
(5.9987 -2.32477 0)
(5.81136 3.27976 0)
(6.27738 -2.06413 0)
(6.24603 3.4824 0)
(6.778 -1.83195 0)
(6.67943 3.28635 0)
(7.27888 -1.18603 0)
(7.27168 3.30785 0)
(8.09236 0.0867029 0)
(8.20853 2.98985 0)
(9.06047 1.02619 0)
(9.69187 2.2471 0)
(12.9148 -0.184378 0)
(12.9773 -0.106584 0)
(13.1172 -0.0897197 0)
(13.1206 -0.301552 0)
(13.1685 -0.401635 0)
(13.0723 -0.61957 0)
(12.947 -0.888867 0)
(12.7603 -1.08883 0)
(12.4299 -1.3904 0)
(11.9788 -1.61548 0)
(11.3816 -1.83695 0)
(10.6596 -1.99789 0)
(9.73243 -2.02629 0)
(8.8274 -2.00475 0)
(8.01758 -1.8009 0)
(7.23689 -1.50607 0)
(6.76513 -1.093 0)
(6.48572 -0.648047 0)
(6.31597 -0.163722 0)
(6.24112 0.525592 0)
(6.4508 1.05548 0)
(6.91433 1.34243 0)
(6.95863 1.58568 0)
(7.15389 1.48359 0)
(7.36305 1.10338 0)
(7.17138 0.766229 0)
(7.3385 0.236896 0)
(7.37803 -0.365155 0)
(6.76704 -0.727189 0)
(6.01935 -1.01656 0)
(5.49003 -1.19474 0)
(4.94967 -0.540608 0)
(4.1117 1.25417 0)
(3.48421 2.76063 0)
(3.9563 2.30851 0)
(4.60496 0.661633 0)
(4.06058 -1.21375 0)
(2.12248 -3.25069 0)
(-0.663024 -5.06358 0)
(-2.63014 -5.48078 0)
(-3.1725 -4.59061 0)
(-4.04147 -3.60435 0)
(-4.49476 -2.15533 0)
(-4.89227 -0.390757 0)
(-5.87156 -0.298828 0)
(-2.77714 0.0027973 0)
(-6.55584 0.792048 0)
(-0.210736 3.4525 0)
(-5.57529 0.701034 0)
(1.95243 6.52293 0)
(-4.14913 1.56244 0)
(4.17297 6.11703 0)
(1.54871 2.25862 0)
(5.759 4.33123 0)
(5.27245 1.61328 0)
(7.69906 2.45116 0)
(6.80829 0.211885 0)
(8.14417 0.866492 0)
(7.07532 -0.668863 0)
(7.99195 -0.0651717 0)
(6.57945 -1.10931 0)
(7.17579 0.0922734 0)
(6.34182 -1.37745 0)
(6.57511 0.348574 0)
(5.7296 -1.14393 0)
(6.48057 0.402218 0)
(5.36659 -1.123 0)
(6.0643 0.848297 0)
(5.2952 -1.23456 0)
(5.90671 0.951973 0)
(5.07277 -1.06593 0)
(5.80837 1.05263 0)
(5.11008 -1.27805 0)
(5.57063 1.36778 0)
(5.12682 -1.26254 0)
(5.62298 1.32044 0)
(5.08399 -1.38843 0)
(5.41627 1.70632 0)
(5.25984 -1.52704 0)
(5.49675 1.69195 0)
(5.1961 -1.61038 0)
(5.34361 2.11309 0)
(5.45363 -1.7838 0)
(5.48629 2.16202 0)
(5.5166 -1.93972 0)
(5.42691 2.61989 0)
(5.7524 -1.963 0)
(5.68495 2.69507 0)
(6.05373 -2.16326 0)
(5.86711 2.96814 0)
(6.32899 -1.8455 0)
(6.22243 3.09918 0)
(6.88416 -1.60357 0)
(6.63057 2.78925 0)
(7.39635 -0.963162 0)
(7.19923 2.69977 0)
(8.12937 0.225197 0)
(8.29874 2.42384 0)
(9.11712 0.933724 0)
(9.75391 1.80575 0)
(12.1351 -0.147732 0)
(12.1603 -0.0725592 0)
(12.2577 -0.082778 0)
(12.1918 -0.291672 0)
(12.1237 -0.386999 0)
(11.976 -0.556748 0)
(11.7503 -0.798895 0)
(11.4167 -0.970431 0)
(10.9685 -1.20035 0)
(10.4017 -1.39584 0)
(9.63811 -1.54108 0)
(8.74304 -1.62607 0)
(7.77956 -1.64091 0)
(6.82309 -1.60192 0)
(5.97452 -1.4416 0)
(5.3269 -1.26453 0)
(4.94975 -0.973198 0)
(4.63355 -0.541472 0)
(4.41884 -0.0753621 0)
(4.51117 0.440178 0)
(4.83258 0.886748 0)
(5.08091 1.26922 0)
(5.38456 1.45972 0)
(5.87058 1.34033 0)
(5.94951 1.10859 0)
(6.11667 0.705645 0)
(6.47611 0.173055 0)
(6.1988 -0.200987 0)
(5.43724 -0.441542 0)
(4.8128 -0.778857 0)
(4.3576 -0.932517 0)
(3.84406 -0.195285 0)
(3.22002 1.51845 0)
(3.0934 2.65308 0)
(4.11487 2.02431 0)
(5.16416 0.658169 0)
(4.88439 -0.695949 0)
(2.98991 -2.29367 0)
(-0.0011621 -4.02146 0)
(-2.59243 -4.80253 0)
(-3.57747 -4.20105 0)
(-4.63872 -3.26701 0)
(-5.08805 -1.7463 0)
(-5.66003 -0.190544 0)
(-6.06402 -0.340314 0)
(-3.26164 -0.232331 0)
(-7.00333 0.438348 0)
(-0.391304 3.33427 0)
(-8.31585 0.61467 0)
(0.679764 5.53452 0)
(-6.04781 0.210859 0)
(4.47599 5.14717 0)
(0.499778 1.58406 0)
(5.72529 3.54284 0)
(4.47223 1.25383 0)
(7.23206 1.98635 0)
(6.30561 0.161298 0)
(7.80306 0.772291 0)
(6.77313 -0.598415 0)
(7.93989 -0.0229188 0)
(6.10608 -0.857664 0)
(7.50888 -0.00368505 0)
(5.95777 -1.11647 0)
(6.69172 0.343599 0)
(5.55597 -0.992799 0)
(6.66461 0.338176 0)
(5.01675 -0.879696 0)
(6.24702 0.674327 0)
(5.19193 -1.00716 0)
(5.90729 0.83843 0)
(4.9266 -0.886459 0)
(5.9512 0.858361 0)
(4.986 -1.02773 0)
(5.5556 1.15776 0)
(5.0177 -1.07592 0)
(5.70917 1.13397 0)
(4.90088 -1.14674 0)
(5.45991 1.42393 0)
(5.06685 -1.31634 0)
(5.5707 1.49403 0)
(4.97508 -1.37034 0)
(5.43145 1.77209 0)
(5.20431 -1.5847 0)
(5.56287 1.90842 0)
(5.28167 -1.68066 0)
(5.48767 2.24876 0)
(5.54088 -1.78718 0)
(5.76793 2.31836 0)
(5.88435 -1.88585 0)
(5.83709 2.58278 0)
(6.23831 -1.63445 0)
(6.17238 2.57376 0)
(6.82271 -1.3581 0)
(6.561 2.26496 0)
(7.3543 -0.717526 0)
(7.11898 2.15995 0)
(8.07508 0.310765 0)
(8.39689 1.93235 0)
(9.16022 0.818581 0)
(9.77985 1.40045 0)
(10.8076 -0.111125 0)
(10.8212 -0.0940266 0)
(10.8403 -0.0911569 0)
(10.7132 -0.231203 0)
(10.6077 -0.331469 0)
(10.4016 -0.475783 0)
(10.1053 -0.670752 0)
(9.70569 -0.809838 0)
(9.15899 -0.976596 0)
(8.48943 -1.1046 0)
(7.66148 -1.18472 0)
(6.70181 -1.22846 0)
(5.69229 -1.23078 0)
(4.75113 -1.22939 0)
(4.00484 -1.17325 0)
(3.43553 -1.04505 0)
(3.03346 -0.78984 0)
(2.75553 -0.440857 0)
(2.6336 -0.0671182 0)
(2.74532 0.37623 0)
(2.99345 0.784734 0)
(3.37429 1.07319 0)
(3.87617 1.23061 0)
(4.25489 1.23359 0)
(4.62051 0.982357 0)
(5.171 0.52915 0)
(5.26875 0.202485 0)
(4.74332 0.049759 0)
(4.15218 -0.199856 0)
(3.72 -0.586505 0)
(3.28273 -0.677485 0)
(2.82134 0.0881618 0)
(2.47563 1.57754 0)
(2.86613 2.28323 0)
(4.3473 1.52408 0)
(5.70475 0.504153 0)
(5.70004 -0.275425 0)
(3.99609 -1.34678 0)
(1.01123 -2.8724 0)
(-2.0635 -3.93665 0)
(-3.71685 -3.70561 0)
(-4.88427 -2.81174 0)
(-5.51636 -1.40388 0)
(-5.86864 -0.300545 0)
(-5.86287 -0.707266 0)
(-3.53776 -0.467671 0)
(-7.25576 0.628621 0)
(-2.6601 3.00537 0)
(-9.42011 0.450764 0)
(2.31743 6.30119 0)
(-3.4669 -0.3365 0)
(4.06383 3.8006 0)
(0.638977 1.23753 0)
(5.64529 2.8979 0)
(3.84167 1.07574 0)
(7.27532 1.51886 0)
(5.69779 0.136324 0)
(7.70946 0.59942 0)
(6.36898 -0.569457 0)
(7.63748 0.0512256 0)
(5.8832 -0.737896 0)
(7.68559 -0.0755234 0)
(5.64666 -0.841353 0)
(6.92555 0.270498 0)
(5.64815 -0.858577 0)
(6.61067 0.354942 0)
(5.01195 -0.665574 0)
(6.48758 0.459052 0)
(5.10741 -0.789507 0)
(5.93369 0.764655 0)
(4.94791 -0.75841 0)
(6.12634 0.653715 0)
(4.80166 -0.771286 0)
(5.73897 0.974202 0)
(4.94433 -0.9456 0)
(5.86326 0.936253 0)
(4.72338 -0.880794 0)
(5.66453 1.17206 0)
(4.9854 -1.13382 0)
(5.70087 1.23813 0)
(4.87034 -1.07921 0)
(5.56865 1.47308 0)
(5.15627 -1.33781 0)
(5.67102 1.5558 0)
(5.24109 -1.35812 0)
(5.5007 1.89578 0)
(5.52738 -1.50241 0)
(5.80157 1.87497 0)
(5.88424 -1.55948 0)
(5.78157 2.11666 0)
(6.21958 -1.33353 0)
(6.09144 2.07286 0)
(6.77092 -1.095 0)
(6.58722 1.75256 0)
(7.35597 -0.495063 0)
(7.21199 1.64121 0)
(8.02561 0.334243 0)
(8.50959 1.46848 0)
(9.24719 0.677943 0)
(9.80838 1.06569 0)
(9.06423 -0.0781332 0)
(9.04128 -0.0896159 0)
(8.98773 -0.0829349 0)
(8.85387 -0.180948 0)
(8.72766 -0.267124 0)
(8.4965 -0.375457 0)
(8.15884 -0.516889 0)
(7.70909 -0.61178 0)
(7.12099 -0.711322 0)
(6.39449 -0.780896 0)
(5.5272 -0.805822 0)
(4.56936 -0.823558 0)
(3.65097 -0.853867 0)
(2.84408 -0.905583 0)
(2.16891 -0.916353 0)
(1.61533 -0.838506 0)
(1.20435 -0.646494 0)
(0.944775 -0.360028 0)
(0.854232 -0.0428011 0)
(0.981123 0.310742 0)
(1.2622 0.640672 0)
(1.71879 0.893409 0)
(2.26801 1.04191 0)
(2.88578 0.970819 0)
(3.53617 0.694341 0)
(3.87713 0.443959 0)
(3.71202 0.352441 0)
(3.3776 0.248858 0)
(3.13978 -0.0676578 0)
(2.84163 -0.447813 0)
(2.39472 -0.472099 0)
(1.98016 0.274761 0)
(1.89183 1.4594 0)
(2.82464 1.70726 0)
(4.58141 0.885873 0)
(6.04082 0.249931 0)
(6.32803 0.0264943 0)
(5.02666 -0.504168 0)
(2.32895 -1.68356 0)
(-0.945305 -2.91454 0)
(-3.29993 -3.14371 0)
(-4.48029 -2.43553 0)
(-5.23549 -1.21332 0)
(-5.19274 -0.322574 0)
(-5.16087 -0.753778 0)
(-3.99636 -0.530086 0)
(-7.72651 1.02942 0)
(-2.69876 2.81268 0)
(-8.31125 -1.31546 0)
(5.04227 4.01161 0)
(-1.18386 0.00429291 0)
(2.84084 2.80212 0)
(0.300131 0.789172 0)
(5.06392 2.33156 0)
(3.11655 0.644808 0)
(7.12316 1.06225 0)
(4.78172 0.142432 0)
(7.92886 0.30377 0)
(5.80364 -0.447131 0)
(8.0686 -0.0205105 0)
(5.95871 -0.647668 0)
(8.05605 -0.131148 0)
(5.48548 -0.564334 0)
(7.55333 0.081458 0)
(5.31938 -0.587909 0)
(6.81958 0.329146 0)
(4.92165 -0.487228 0)
(6.66051 0.321994 0)
(4.53778 -0.467494 0)
(6.25099 0.548723 0)
(4.61795 -0.570635 0)
(6.05143 0.550475 0)
(4.28697 -0.498089 0)
(6.04159 0.660891 0)
(4.42834 -0.692198 0)
(5.74846 0.791514 0)
(4.31764 -0.624425 0)
(5.89702 0.814587 0)
(4.44982 -0.844511 0)
(5.61767 1.02663 0)
(4.49097 -0.805884 0)
(5.79434 1.05612 0)
(4.72408 -1.04292 0)
(5.6237 1.24673 0)
(4.82073 -1.02938 0)
(5.68436 1.41603 0)
(5.27711 -1.20766 0)
(5.79324 1.40545 0)
(5.51021 -1.19063 0)
(5.67864 1.64375 0)
(6.00613 -1.03556 0)
(6.06113 1.52885 0)
(6.61225 -0.85833 0)
(6.54943 1.24517 0)
(7.16109 -0.308069 0)
(7.17225 1.23646 0)
(7.94536 0.31719 0)
(8.47394 1.05118 0)
(9.27718 0.484779 0)
(9.86086 0.756152 0)
(6.98483 -0.0389035 0)
(6.9338 -0.0681077 0)
(6.85101 -0.0576552 0)
(6.73596 -0.120093 0)
(6.6018 -0.183994 0)
(6.35428 -0.25141 0)
(5.99685 -0.336828 0)
(5.52415 -0.387205 0)
(4.92774 -0.427603 0)
(4.22615 -0.44586 0)
(3.44981 -0.445658 0)
(2.65477 -0.473438 0)
(1.91049 -0.54273 0)
(1.19269 -0.621507 0)
(0.505661 -0.661589 0)
(-0.0918704 -0.630512 0)
(-0.537308 -0.500876 0)
(-0.797419 -0.296249 0)
(-0.855498 -0.0611064 0)
(-0.699485 0.207614 0)
(-0.363567 0.453124 0)
(0.18509 0.627047 0)
(0.842939 0.699657 0)
(1.51164 0.660553 0)
(2.00914 0.561223 0)
(2.25425 0.478946 0)
(2.36589 0.411624 0)
(2.49597 0.26107 0)
(2.50724 -0.0149095 0)
(2.17724 -0.277446 0)
(1.64295 -0.228429 0)
(1.33631 0.391698 0)
(1.76832 1.10707 0)
(3.30235 0.949997 0)
(4.8593 0.1863 0)
(5.84766 -0.135521 0)
(6.30584 0.138204 0)
(5.71549 0.179055 0)
(3.74796 -0.580503 0)
(0.71251 -1.72003 0)
(-2.30632 -2.27416 0)
(-3.94664 -1.90718 0)
(-4.74602 -1.11986 0)
(-4.73504 -0.609018 0)
(-4.51752 -0.699794 0)
(-4.10697 -0.132708 0)
(-8.04221 1.35173 0)
(-1.28316 2.38282 0)
(-6.3973 -1.84304 0)
(3.0387 1.70841 0)
(-3.69301 0.626081 0)
(3.47255 2.52529 0)
(-0.290092 0.619254 0)
(5.71296 1.53237 0)
(2.86937 0.386731 0)
(7.42313 0.637418 0)
(4.778 0.0149934 0)
(8.47317 0.0013913 0)
(5.48034 -0.396608 0)
(8.53868 -0.222745 0)
(5.22205 -0.499866 0)
(7.99869 -0.120755 0)
(4.49858 -0.383887 0)
(7.55354 0.0464756 0)
(4.01185 -0.305816 0)
(7.10235 0.20139 0)
(3.90739 -0.303914 0)
(6.8642 0.280461 0)
(3.6779 -0.280141 0)
(6.77531 0.335456 0)
(3.8085 -0.321731 0)
(6.53017 0.410476 0)
(3.77715 -0.340754 0)
(6.58721 0.445659 0)
(3.90332 -0.386547 0)
(6.30054 0.547318 0)
(4.056 -0.430248 0)
(6.36915 0.573164 0)
(4.14523 -0.482968 0)
(6.06228 0.708155 0)
(4.37324 -0.541623 0)
(6.13394 0.734207 0)
(4.50817 -0.626328 0)
(5.8164 0.891834 0)
(4.70238 -0.682294 0)
(5.88856 0.946941 0)
(5.05537 -0.794098 0)
(5.68013 1.02114 0)
(5.19751 -0.788124 0)
(5.68793 1.12628 0)
(5.71441 -0.735426 0)
(6.03936 1.0412 0)
(6.23191 -0.594183 0)
(6.41716 0.879432 0)
(6.66527 -0.153479 0)
(7.26708 0.796188 0)
(7.75502 0.233016 0)
(8.58634 0.630537 0)
(9.13522 0.2485 0)
(9.86173 0.453815 0)
(4.64808 -0.0206906 0)
(4.57499 -0.0495391 0)
(4.49247 -0.0376394 0)
(4.39509 -0.0668464 0)
(4.24904 -0.0984065 0)
(4.00778 -0.126657 0)
(3.67795 -0.160246 0)
(3.25969 -0.167955 0)
(2.77098 -0.163765 0)
(2.2488 -0.154905 0)
(1.71903 -0.157535 0)
(1.1742 -0.19819 0)
(0.582111 -0.270322 0)
(-0.0849446 -0.350982 0)
(-0.798236 -0.401739 0)
(-1.48191 -0.408053 0)
(-2.02444 -0.339186 0)
(-2.35466 -0.216268 0)
(-2.44513 -0.063614 0)
(-2.29516 0.113927 0)
(-1.92245 0.280852 0)
(-1.33346 0.409112 0)
(-0.644793 0.470766 0)
(0.0601835 0.470759 0)
(0.677384 0.417146 0)
(1.20578 0.34868 0)
(1.68365 0.278714 0)
(2.07833 0.18383 0)
(2.19765 0.0481049 0)
(1.9466 -0.0775257 0)
(1.5654 -0.0382263 0)
(1.57364 0.251185 0)
(2.48792 0.490259 0)
(3.97282 0.276266 0)
(4.71195 -0.123545 0)
(4.68184 -0.23505 0)
(4.76179 0.084591 0)
(5.08186 0.436153 0)
(4.73469 0.293522 0)
(2.90156 -0.518943 0)
(-0.0949189 -1.30836 0)
(-2.63484 -1.28307 0)
(-3.81863 -0.872195 0)
(-4.5725 -0.683283 0)
(-4.88927 -0.488438 0)
(-4.58272 0.124715 0)
(-7.69934 0.613789 0)
(2.15128 1.39344 0)
(-5.03975 -1.21987 0)
(0.96247 1.47857 0)
(-3.34463 0.311309 0)
(3.41659 1.44209 0)
(0.917944 0.490891 0)
(5.29218 0.670954 0)
(3.64713 0.159537 0)
(6.48482 0.162882 0)
(4.87992 -0.110698 0)
(6.81818 -0.129664 0)
(4.52987 -0.269449 0)
(6.28482 -0.147039 0)
(3.56625 -0.22419 0)
(5.70693 -0.063434 0)
(2.83183 -0.15562 0)
(5.43786 0.028164 0)
(2.41931 -0.127137 0)
(5.39123 0.0802134 0)
(2.27048 -0.118055 0)
(5.40049 0.114019 0)
(2.21983 -0.121044 0)
(5.51583 0.144966 0)
(2.22069 -0.131357 0)
(5.63036 0.163261 0)
(2.28831 -0.150098 0)
(5.77845 0.193046 0)
(2.33858 -0.163177 0)
(5.92932 0.219196 0)
(2.51032 -0.197516 0)
(6.05305 0.255284 0)
(2.63834 -0.214748 0)
(6.17431 0.29801 0)
(2.92909 -0.263518 0)
(6.24786 0.343328 0)
(3.14985 -0.292947 0)
(6.26619 0.406908 0)
(3.54962 -0.35012 0)
(6.28547 0.457981 0)
(3.92852 -0.386183 0)
(6.15725 0.51557 0)
(4.34297 -0.400684 0)
(6.17246 0.558272 0)
(4.9244 -0.372716 0)
(6.31186 0.527924 0)
(5.49136 -0.274175 0)
(6.51425 0.461058 0)
(6.07234 -0.055354 0)
(7.28857 0.337013 0)
(7.06286 0.132714 0)
(8.32297 0.242123 0)
(8.08529 0.117884 0)
(9.19819 0.173802 0)
(1.80917 0.0212783 0)
(1.74887 -0.00590496 0)
(1.69419 -7.31069e-05 0)
(1.63522 -0.00576775 0)
(1.54079 -0.00923997 0)
(1.4069 -0.00758987 0)
(1.24014 -0.00526063 0)
(1.05588 0.00203129 0)
(0.875937 0.00392753 0)
(0.707776 0.000289779 0)
(0.545574 -0.00479327 0)
(0.356587 -0.0182816 0)
(0.0730707 -0.0436688 0)
(-0.358158 -0.0805913 0)
(-0.942216 -0.109512 0)
(-1.613 -0.130677 0)
(-2.25281 -0.129716 0)
(-2.74636 -0.104267 0)
(-3.01977 -0.0611188 0)
(-3.02992 -0.00329164 0)
(-2.77569 0.0574263 0)
(-2.2825 0.105795 0)
(-1.63831 0.126988 0)
(-0.938517 0.120418 0)
(-0.292054 0.0958628 0)
(0.253019 0.0716409 0)
(0.701873 0.0553293 0)
(1.04681 0.0426024 0)
(1.2171 0.0182373 0)
(1.16154 -0.0221829 0)
(1.01227 -0.0440653 0)
(1.13262 -0.0518962 0)
(1.67249 -0.0354457 0)
(2.17462 -0.0366209 0)
(2.15092 -0.0329504 0)
(1.82625 -0.00503531 0)
(1.78585 0.0834766 0)
(2.29466 0.193347 0)
(3.07624 0.280924 0)
(3.61199 0.189474 0)
(2.54673 -0.186448 0)
(0.207342 -0.4149 0)
(-1.40424 -0.330839 0)
(-2.6602 -0.247234 0)
(-3.9339 -0.205274 0)
(-3.32831 0.0777167 0)
(-5.11185 -0.154597 0)
(-0.0455252 0.177839 0)
(-3.93346 -0.571655 0)
(-2.25392 0.493461 0)
(-1.67174 0.00537079 0)
(0.0998506 0.191508 0)
(1.14126 0.0832806 0)
(2.53154 0.0664369 0)
(2.40608 -0.0263186 0)
(3.1908 -0.00349823 0)
(2.68093 -0.0375558 0)
(3.06028 -0.00884957 0)
(2.21363 -0.0384564 0)
(2.60335 -0.00277603 0)
(1.62946 -0.0431658 0)
(2.21637 0.00107607 0)
(1.19357 -0.0398974 0)
(2.02155 0.0134157 0)
(0.957105 -0.0368667 0)
(1.96678 0.0244749 0)
(0.860335 -0.0394482 0)
(1.97074 0.0288809 0)
(0.819645 -0.0382961 0)
(2.0236 0.0357166 0)
(0.824493 -0.0436883 0)
(2.09861 0.0390889 0)
(0.84121 -0.0465937 0)
(2.18099 0.0424161 0)
(0.866324 -0.0510599 0)
(2.2969 0.0472036 0)
(0.919091 -0.0541734 0)
(2.40472 0.0472183 0)
(0.962668 -0.0601374 0)
(2.54977 0.0537374 0)
(1.06037 -0.0653494 0)
(2.679 0.0550228 0)
(1.14842 -0.0753473 0)
(2.83203 0.0642967 0)
(1.32762 -0.0885356 0)
(2.94852 0.0782004 0)
(1.54632 -0.104006 0)
(3.05062 0.0913426 0)
(1.8714 -0.124922 0)
(3.12643 0.116929 0)
(2.33184 -0.131511 0)
(3.23877 0.119492 0)
(2.80439 -0.112022 0)
(3.42462 0.103816 0)
(3.34162 -0.0680875 0)
(3.86969 0.0604908 0)
(3.87666 -0.00944982 0)
(4.44468 0.000674998 0)
(4.31176 0.0131955 0)
(4.97227 -0.0802551 0)
(0.377552 -0.130992 0)
(0.871556 -0.107797 0)
(1.66131 -0.136559 0)
(2.11168 0.0521273 0)
(1.53212 0.207143 0)
(0.715165 0.25232 0)
(-0.813906 0.317764 0)
(-2.35328 0.131863 0)
(-3.2154 0.127919 0)
(-3.27716 0.191032 0)
(-3.11314 0.0938319 0)
(-2.97742 -0.0671232 0)
(-1.99923 -0.169853 0)
(-1.03689 -0.182986 0)
(0.136889 -0.205879 0)
(1.33005 -0.14746 0)
(2.38478 0.0106971 0)
(2.84017 0.154331 0)
(2.48081 0.18993 0)
(1.48838 0.125028 0)
(0.943252 0.00383639 0)
(1.3636 -0.237355 0)
(2.29489 -0.385843 0)
(2.21155 -0.0588023 0)
(0.251195 0.296824 0)
(-1.89945 0.370857 0)
(-3.69164 0.349286 0)
(-5.10587 0.321442 0)
(-6.20369 0.330034 0)
(-6.7431 0.24635 0)
(-6.48773 0.0197641 0)
(-5.76368 -0.0595555 0)
(-4.06863 -0.329934 0)
(-1.80556 -0.394917 0)
(0.543046 -0.312117 0)
(2.5838 -0.149406 0)
(4.03011 0.028067 0)
(4.78717 0.132632 0)
(5.02343 0.156273 0)
(4.90769 0.169446 0)
(4.46455 0.155972 0)
(3.74758 0.100767 0)
(2.89949 0.0250398 0)
(2.12907 -0.0202451 0)
(1.56677 -0.0310906 0)
(1.23285 -0.0248846 0)
(1.02103 0.00163559 0)
(0.784077 0.0382301 0)
(0.455818 0.0588258 0)
(0.119984 0.055681 0)
(-0.133605 0.0374313 0)
(-0.278987 0.0215548 0)
(-0.374883 0.0173026 0)
(-0.476074 0.0236878 0)
(-0.586322 0.0257143 0)
(-0.712117 0.0289525 0)
(-0.810124 0.0222864 0)
(-0.844569 0.00617698 0)
(-0.80547 -0.00907175 0)
(-0.684645 -0.02326 0)
(-0.501482 -0.0321873 0)
(-0.294156 -0.0331558 0)
(-0.0813079 -0.0323563 0)
(0.107742 -0.0277986 0)
(0.270322 -0.0211267 0)
(0.391716 -0.0169581 0)
(0.485029 -0.0106219 0)
(0.547357 -0.00788787 0)
(0.586746 -0.00445751 0)
(0.610086 -0.00229494 0)
(0.616472 -0.000587479 0)
(0.615129 0.000681783 0)
(0.602301 0.00194888 0)
(0.583139 0.00257492 0)
(0.556149 0.00374441 0)
(0.522225 0.00434599 0)
(0.480585 0.00545248 0)
(0.432118 0.00597392 0)
(0.374006 0.00746366 0)
(0.308548 0.0078013 0)
(0.231813 0.00931044 0)
(0.147108 0.00974102 0)
(0.0502087 0.0105429 0)
(-0.0529892 0.0113647 0)
(-0.16379 0.00994593 0)
(-0.270839 0.00361891 0)
(-0.354952 -0.00994139 0)
(-0.389679 -0.0240184 0)
(-0.380155 -0.0292374 0)
(-0.341887 -0.0215672 0)
(-0.282606 -0.0181771 0)
(-0.160906 -0.0348614 0)
(0.0788594 -0.0679529 0)
(0.383436 -0.0792321 0)
(0.524256 -0.0391182 0)
(0.0959816 0.0874212 0)
(-0.995644 0.205111 0)
(-1.81533 0.17486 0)
(-1.75924 -0.0373052 0)
(-0.694063 -0.266222 0)
(0.378695 -0.412248 0)
(0.951229 -0.438896 0)
(2.08891 -0.438336 0)
(1.84382 0.00823364 0)
(2.29225 0.444539 0)
(1.74874 0.75796 0)
(0.0264198 1.05217 0)
(-2.39291 0.818528 0)
(-4.50606 0.31036 0)
(-3.92575 -0.151478 0)
(-2.95709 -0.252801 0)
(-2.91084 -0.370279 0)
(-1.96225 -0.735337 0)
(-0.880275 -0.740029 0)
(0.417876 -0.822416 0)
(1.69571 -0.832148 0)
(3.02558 -0.63587 0)
(4.25613 -0.16627 0)
(4.5338 0.352958 0)
(3.6531 0.57288 0)
(3.59973 0.103936 0)
(3.85752 -0.370746 0)
(2.40518 0.0473993 0)
(-0.692311 1.06114 0)
(-3.90614 1.44246 0)
(-5.92605 1.266 0)
(-7.42039 0.95492 0)
(-8.10373 0.618768 0)
(-8.33423 0.353299 0)
(-7.7871 -0.0601278 0)
(-6.79664 -0.569846 0)
(-5.76009 -0.754879 0)
(-3.29653 -1.47788 0)
(-1.23817 -1.58752 0)
(1.32258 -1.5318 0)
(3.63683 -1.24857 0)
(5.677 -0.853183 0)
(7.27515 -0.474356 0)
(8.43339 -0.171811 0)
(9.16477 0.093722 0)
(9.41502 0.364297 0)
(9.13945 0.608951 0)
(8.2063 0.719469 0)
(6.68417 0.642466 0)
(5.00949 0.446102 0)
(3.59746 0.262166 0)
(2.59407 0.187376 0)
(1.92317 0.208342 0)
(1.37992 0.232774 0)
(0.950422 0.201197 0)
(0.643095 0.129072 0)
(0.483242 0.0721293 0)
(0.381609 0.0540235 0)
(0.273639 0.0653951 0)
(0.181877 0.0706748 0)
(0.0593919 0.0684862 0)
(-0.00718901 0.0410872 0)
(-0.00195926 -0.008355 0)
(0.0737441 -0.0603337 0)
(0.266909 -0.10656 0)
(0.512672 -0.13783 0)
(0.77251 -0.140863 0)
(1.06918 -0.136548 0)
(1.29289 -0.11826 0)
(1.51859 -0.0917693 0)
(1.6719 -0.0724363 0)
(1.7925 -0.0486929 0)
(1.88319 -0.0331705 0)
(1.92667 -0.0198911 0)
(1.96631 -0.00757701 0)
(1.96921 -0.00220129 0)
(1.96867 0.00722657 0)
(1.94918 0.0118127 0)
(1.91956 0.0183578 0)
(1.87939 0.022386 0)
(1.82744 0.0294671 0)
(1.76337 0.0334091 0)
(1.68875 0.0409064 0)
(1.59699 0.0468668 0)
(1.49427 0.0542575 0)
(1.36978 0.0616947 0)
(1.23182 0.0695392 0)
(1.06964 0.0760477 0)
(0.889903 0.0829303 0)
(0.688312 0.085082 0)
(0.468136 0.0800505 0)
(0.231375 0.0645099 0)
(-0.0180348 0.0374959 0)
(-0.266452 0.00953089 0)
(-0.469763 -0.0198761 0)
(-0.559506 -0.056541 0)
(-0.527646 -0.123218 0)
(-0.395386 -0.180196 0)
(-0.218654 -0.121849 0)
(-0.324322 0.167782 0)
(-0.997577 0.48047 0)
(-1.98366 0.54963 0)
(-2.25653 0.182405 0)
(-1.84801 -0.381531 0)
(-0.627608 -0.87969 0)
(0.369303 -0.705365 0)
(1.0698 -0.844872 0)
(2.19071 -0.512657 0)
(1.67524 -0.0547776 0)
(2.58295 0.320091 0)
(1.97141 1.11492 0)
(0.522752 1.82118 0)
(-1.61025 1.65669 0)
(-3.57641 0.727286 0)
(-3.07402 -0.381842 0)
(-2.75699 -0.356697 0)
(-2.82791 -0.443485 0)
(-2.68996 -0.999304 0)
(-1.5224 -1.17002 0)
(-0.311213 -1.31705 0)
(1.04247 -1.35395 0)
(2.42834 -1.16433 0)
(3.8517 -0.484915 0)
(4.51269 0.448741 0)
(4.68266 0.686436 0)
(5.02398 0.0552813 0)
(3.66508 0.212848 0)
(0.533512 1.3244 0)
(-3.22808 2.32194 0)
(-5.77956 2.28413 0)
(-6.83741 1.81791 0)
(-7.51978 1.24763 0)
(-7.55996 0.626096 0)
(-7.23841 0.242186 0)
(-6.50086 -0.248218 0)
(-5.41168 -1.00196 0)
(-4.64923 -1.38716 0)
(-2.15803 -2.44113 0)
(-0.342059 -2.54141 0)
(1.98645 -2.51615 0)
(4.11471 -2.12794 0)
(6.0645 -1.58193 0)
(7.74352 -1.04974 0)
(9.07322 -0.617826 0)
(10.1804 -0.226801 0)
(10.9608 0.182195 0)
(11.307 0.616717 0)
(11.1083 1.04511 0)
(10.1581 1.30536 0)
(8.47418 1.26415 0)
(6.47553 0.985856 0)
(4.6942 0.691992 0)
(3.43851 0.536272 0)
(2.57423 0.469547 0)
(2.01829 0.36956 0)
(1.65129 0.223309 0)
(1.46696 0.118429 0)
(1.36191 0.0890374 0)
(1.22245 0.104215 0)
(1.11732 0.11364 0)
(0.961173 0.110798 0)
(0.846934 0.0538086 0)
(0.852012 -0.0203989 0)
(0.898297 -0.109704 0)
(1.1072 -0.195668 0)
(1.41146 -0.248367 0)
(1.67745 -0.258156 0)
(2.06526 -0.251987 0)
(2.31219 -0.216678 0)
(2.58957 -0.172274 0)
(2.78796 -0.134871 0)
(2.91835 -0.0926397 0)
(3.05302 -0.064484 0)
(3.0953 -0.0374122 0)
(3.15761 -0.0185109 0)
(3.16637 -0.00174518 0)
(3.17003 0.00920206 0)
(3.15908 0.0236531 0)
(3.12671 0.0311531 0)
(3.09069 0.0436574 0)
(3.03609 0.052674 0)
(2.97021 0.0651205 0)
(2.89257 0.0750483 0)
(2.79308 0.091562 0)
(2.68615 0.102553 0)
(2.54576 0.121745 0)
(2.39986 0.136733 0)
(2.21096 0.155549 0)
(2.01172 0.172856 0)
(1.7664 0.186673 0)
(1.50406 0.196183 0)
(1.19643 0.192736 0)
(0.871707 0.181947 0)
(0.508973 0.150854 0)
(0.149349 0.105 0)
(-0.192085 0.0196689 0)
(-0.443476 -0.094205 0)
(-0.589526 -0.204853 0)
(-0.613358 -0.0868385 0)
(-0.808784 0.338816 0)
(-1.38844 0.754835 0)
(-2.0072 0.710591 0)
(-1.93813 0.177249 0)
(-1.61445 -0.69008 0)
(-0.416567 -1.41804 0)
(0.424774 -1.04566 0)
(1.10964 -1.2227 0)
(1.93577 -0.7595 0)
(2.10951 -0.194209 0)
(2.26438 0.407338 0)
(1.34751 1.59098 0)
(0.643295 2.49004 0)
(-1.11016 2.42166 0)
(-2.27996 1.14993 0)
(-2.90792 -0.363832 0)
(-3.53738 -0.181873 0)
(-3.67499 -0.349677 0)
(-3.99481 -1.21511 0)
(-2.62753 -1.64916 0)
(-1.47396 -1.90986 0)
(-0.0639936 -2.0084 0)
(1.32121 -1.80775 0)
(2.84283 -1.00584 0)
(4.01915 0.0728294 0)
(4.9199 0.454855 0)
(4.60116 0.50736 0)
(2.31738 1.32448 0)
(-1.33914 2.70475 0)
(-4.63801 3.4378 0)
(-5.83507 2.84228 0)
(-6.47803 2.08934 0)
(-6.39423 1.32033 0)
(-6.24259 0.449911 0)
(-5.76772 -0.119866 0)
(-5.15363 -0.574514 0)
(-3.79049 -1.45022 0)
(-3.29438 -1.98385 0)
(-1.07976 -3.39547 0)
(0.562131 -3.51216 0)
(2.68174 -3.48682 0)
(4.59551 -3.01028 0)
(6.32734 -2.36242 0)
(7.91609 -1.69287 0)
(9.25253 -1.13786 0)
(10.3053 -0.679366 0)
(11.3024 -0.11599 0)
(11.9894 0.498788 0)
(12.2027 1.11421 0)
(11.9393 1.66916 0)
(10.9106 1.95164 0)
(9.04906 1.81898 0)
(6.93093 1.43389 0)
(5.19406 1.0755 0)
(3.954 0.843552 0)
(3.18542 0.607798 0)
(2.71036 0.356363 0)
(2.44338 0.186615 0)
(2.27932 0.143526 0)
(2.07084 0.178053 0)
(1.83774 0.188127 0)
(1.60697 0.197904 0)
(1.33561 0.107112 0)
(1.27944 -0.0170883 0)
(1.28235 -0.149722 0)
(1.4585 -0.310518 0)
(1.84828 -0.3889 0)
(2.13013 -0.408531 0)
(2.62868 -0.410614 0)
(2.95178 -0.341187 0)
(3.29183 -0.285595 0)
(3.58764 -0.214932 0)
(3.74127 -0.153801 0)
(3.94691 -0.107742 0)
(4.00888 -0.0638891 0)
(4.10088 -0.0329806 0)
(4.13838 -0.0107815 0)
(4.14553 0.0152314 0)
(4.16665 0.0248489 0)
(4.12702 0.0509119 0)
(4.12598 0.0533836 0)
(4.0555 0.0845553 0)
(4.03093 0.0854646 0)
(3.93203 0.118045 0)
(3.87717 0.126593 0)
(3.74969 0.158141 0)
(3.65257 0.176246 0)
(3.48852 0.20841 0)
(3.34025 0.234857 0)
(3.11944 0.266305 0)
(2.90895 0.295863 0)
(2.61408 0.318097 0)
(2.31862 0.337367 0)
(1.93787 0.335267 0)
(1.54296 0.325861 0)
(1.07889 0.278157 0)
(0.618901 0.199405 0)
(0.156905 0.050348 0)
(-0.277897 -0.0969211 0)
(-0.578949 -0.025535 0)
(-0.797414 0.493898 0)
(-1.23459 0.890045 0)
(-1.59866 0.825732 0)
(-1.50238 0.103473 0)
(-1.28414 -0.955686 0)
(-0.322474 -1.81577 0)
(0.423123 -1.38767 0)
(1.00313 -1.51798 0)
(1.52647 -0.989733 0)
(1.52861 -0.196913 0)
(1.45413 0.647912 0)
(0.539262 1.89187 0)
(0.56442 2.85778 0)
(-0.854098 2.885 0)
(-1.65699 1.58315 0)
(-3.65989 0.100212 0)
(-4.64237 0.0895446 0)
(-4.51814 -0.266972 0)
(-5.10423 -1.49319 0)
(-3.57813 -2.15336 0)
(-2.6257 -2.45331 0)
(-1.05651 -2.59597 0)
(0.200441 -2.46473 0)
(1.76938 -1.65394 0)
(3.16889 -0.393819 0)
(4.06042 0.438916 0)
(3.2118 1.12781 0)
(0.639807 2.47508 0)
(-2.77 3.93929 0)
(-5.11818 4.17571 0)
(-5.05191 3.13626 0)
(-5.56274 2.13469 0)
(-5.05147 1.28799 0)
(-4.57818 0.344068 0)
(-4.1823 -0.380261 0)
(-3.60399 -0.917542 0)
(-2.23366 -1.87115 0)
(-1.66775 -2.49409 0)
(0.118292 -4.10872 0)
(1.40695 -4.31786 0)
(3.35735 -4.30437 0)
(4.99467 -3.72109 0)
(6.55404 -2.98172 0)
(7.86609 -2.27978 0)
(9.16999 -1.62031 0)
(10.2288 -1.0732 0)
(11.1478 -0.486696 0)
(12.1019 0.269496 0)
(12.5677 1.05736 0)
(12.7095 1.81312 0)
(12.2525 2.41386 0)
(10.9256 2.58324 0)
(8.88577 2.26531 0)
(6.92308 1.78183 0)
(5.35234 1.35737 0)
(4.32831 0.93896 0)
(3.65056 0.540309 0)
(3.23426 0.298798 0)
(2.90215 0.23702 0)
(2.57125 0.304049 0)
(2.13495 0.317762 0)
(1.78534 0.335906 0)
(1.37809 0.202671 0)
(1.2602 0.00873718 0)
(1.2107 -0.195513 0)
(1.42797 -0.438983 0)
(1.81351 -0.561079 0)
(2.14846 -0.587533 0)
(2.71518 -0.613422 0)
(3.09106 -0.505946 0)
(3.5202 -0.438923 0)
(3.91025 -0.336201 0)
(4.0925 -0.242007 0)
(4.44216 -0.182175 0)
(4.46313 -0.103243 0)
(4.72028 -0.0751683 0)
(4.65995 -0.0189116 0)
(4.85474 -0.00700895 0)
(4.73809 0.0374492 0)
(4.88909 0.0388884 0)
(4.75196 0.0816359 0)
(4.85499 0.0811472 0)
(4.7093 0.126201 0)
(4.77245 0.125325 0)
(4.61117 0.178718 0)
(4.63901 0.181224 0)
(4.44926 0.238656 0)
(4.43931 0.254542 0)
(4.21111 0.310561 0)
(4.1436 0.342259 0)
(3.86438 0.392047 0)
(3.71089 0.433632 0)
(3.36 0.467666 0)
(3.08262 0.501449 0)
(2.63424 0.502859 0)
(2.19825 0.496472 0)
(1.63998 0.421583 0)
(1.06648 0.30088 0)
(0.400688 0.101227 0)
(-0.178119 0.131458 0)
(-0.447992 0.57883 0)
(-0.867147 1.05856 0)
(-0.992968 0.81382 0)
(-1.0189 0.130628 0)
(-0.897465 -1.15265 0)
(-0.42381 -2.16197 0)
(0.341032 -1.66711 0)
(0.697705 -1.67422 0)
(0.812597 -0.976803 0)
(0.581577 -0.104121 0)
(0.324183 0.901311 0)
(-0.382498 2.07227 0)
(0.0915338 3.10606 0)
(-1.09554 3.3413 0)
(-1.68083 2.22005 0)
(-4.35025 0.773564 0)
(-5.63592 0.395527 0)
(-4.77436 -0.235655 0)
(-5.92163 -1.70448 0)
(-4.52509 -2.67835 0)
(-3.80978 -3.06799 0)
(-2.09432 -3.21007 0)
(-0.927031 -3.05 0)
(0.499776 -2.31438 0)
(1.91048 -0.839839 0)
(2.59372 0.501992 0)
(1.63596 1.86364 0)
(-0.954614 3.62908 0)
(-3.73383 4.92763 0)
(-4.88169 4.49634 0)
(-4.33069 3.27657 0)
(-4.38907 2.06836 0)
(-3.92195 1.10968 0)
(-3.05753 0.164076 0)
(-2.78233 -0.619012 0)
(-1.87756 -1.23099 0)
(-0.817535 -2.14319 0)
(0.0519675 -2.84392 0)
(1.28897 -4.60521 0)
(2.42201 -5.07191 0)
(3.96324 -5.03493 0)
(5.37147 -4.37473 0)
(6.68951 -3.53513 0)
(7.83904 -2.77425 0)
(8.90106 -2.10711 0)
(10.065 -1.46064 0)
(10.9072 -0.846402 0)
(11.822 -0.0601234 0)
(12.5714 0.868956 0)
(12.9204 1.79294 0)
(12.8946 2.66263 0)
(12.1006 3.15869 0)
(10.4321 3.05846 0)
(8.43962 2.5541 0)
(6.69568 1.98184 0)
(5.35445 1.36884 0)
(4.50269 0.811083 0)
(3.82396 0.487628 0)
(3.35292 0.41061 0)
(2.78988 0.498191 0)
(2.29728 0.511018 0)
(1.78023 0.515017 0)
(1.41021 0.322635 0)
(1.22253 0.0585847 0)
(1.15635 -0.241691 0)
(1.47825 -0.569704 0)
(1.7482 -0.706897 0)
(2.19286 -0.797405 0)
(2.72181 -0.794914 0)
(3.03266 -0.691855 0)
(3.67567 -0.607182 0)
(3.73436 -0.466042 0)
(4.37496 -0.364135 0)
(4.29927 -0.266071 0)
(4.82473 -0.18035 0)
(4.63186 -0.112541 0)
(5.10837 -0.0716759 0)
(4.83469 -0.0138034 0)
(5.22024 0.00596678 0)
(4.94964 0.0530769 0)
(5.27059 0.0535535 0)
(4.97361 0.119651 0)
(5.2601 0.0976847 0)
(4.96702 0.179802 0)
(5.19703 0.158651 0)
(4.91123 0.244883 0)
(5.091 0.236494 0)
(4.81122 0.323334 0)
(4.93426 0.335342 0)
(4.63932 0.41898 0)
(4.6892 0.453962 0)
(4.37781 0.526075 0)
(4.3053 0.57847 0)
(3.94877 0.628528 0)
(3.69266 0.67824 0)
(3.24614 0.681826 0)
(2.74947 0.680064 0)
(2.15207 0.581245 0)
(1.36496 0.442523 0)
(0.527083 0.324252 0)
(0.00952313 0.744285 0)
(-0.15323 1.06592 0)
(-0.349785 0.938328 0)
(-0.459341 0.139383 0)
(-0.444348 -1.19723 0)
(-0.282885 -2.40654 0)
(0.203561 -1.82036 0)
(0.229197 -1.68073 0)
(0.0502236 -0.895222 0)
(-0.366793 0.0459618 0)
(-0.763293 1.05911 0)
(-1.28351 2.08278 0)
(-0.719897 3.22529 0)
(-1.82616 3.69842 0)
(-2.36664 2.85896 0)
(-5.22502 1.42308 0)
(-6.12477 0.519706 0)
(-4.7154 -0.241379 0)
(-5.78995 -1.81489 0)
(-5.0258 -2.99438 0)
(-4.45564 -3.69375 0)
(-3.16844 -3.7625 0)
(-1.81785 -3.53133 0)
(-0.752543 -2.83691 0)
(0.526229 -1.19734 0)
(0.972442 0.62184 0)
(0.0542461 2.59458 0)
(-2.17853 4.63034 0)
(-4.1324 5.60645 0)
(-4.09439 4.45771 0)
(-3.9195 3.16238 0)
(-3.23419 1.77012 0)
(-2.95197 0.749162 0)
(-1.82055 -0.119248 0)
(-1.72598 -0.990353 0)
(-0.603132 -1.73874 0)
(0.144562 -2.62473 0)
(1.55553 -3.21258 0)
(2.32898 -4.92315 0)
(3.52447 -5.67217 0)
(4.5362 -5.60504 0)
(5.82716 -4.85089 0)
(6.69854 -3.98097 0)
(7.79742 -3.17065 0)
(8.6361 -2.53561 0)
(9.76419 -1.85994 0)
(10.7154 -1.15966 0)
(11.5046 -0.37564 0)
(12.2815 0.603963 0)
(12.8408 1.66965 0)
(13.076 2.7372 0)
(12.7567 3.55477 0)
(11.5239 3.735 0)
(9.7065 3.33077 0)
(7.8389 2.68096 0)
(6.35231 1.89861 0)
(5.20118 1.16989 0)
(4.33193 0.760108 0)
(3.63865 0.65219 0)
(3.00676 0.738414 0)
(2.43474 0.734406 0)
(1.87993 0.722754 0)
(1.51147 0.434663 0)
(1.25378 0.1493 0)
(1.25576 -0.338429 0)
(1.55995 -0.649989 0)
(1.80658 -0.902479 0)
(2.40007 -0.972971 0)
(2.65006 -0.986463 0)
(3.46713 -0.894093 0)
(3.33959 -0.72831 0)
(4.21101 -0.62136 0)
(4.0504 -0.47853 0)
(4.70642 -0.353635 0)
(4.44519 -0.249357 0)
(5.09397 -0.181013 0)
(4.72182 -0.106127 0)
(5.27081 -0.0519709 0)
(4.88217 -0.00648358 0)
(5.40371 0.0142932 0)
(4.9465 0.0805269 0)
(5.42406 0.0768061 0)
(5.01054 0.143502 0)
(5.40843 0.13376 0)
(5.0042 0.227171 0)
(5.35906 0.198345 0)
(4.98555 0.312887 0)
(5.29005 0.289102 0)
(4.91428 0.41522 0)
(5.16873 0.41554 0)
(4.8177 0.527583 0)
(5.00023 0.565612 0)
(4.63733 0.663347 0)
(4.68209 0.726749 0)
(4.31988 0.795897 0)
(4.12637 0.863072 0)
(3.70126 0.864638 0)
(3.14849 0.890879 0)
(2.52834 0.76771 0)
(1.44292 0.707528 0)
(0.726182 0.786957 0)
(0.469808 1.24286 0)
(0.34144 0.920245 0)
(0.127401 0.228444 0)
(0.035955 -1.16457 0)
(-0.0974812 -2.4485 0)
(0.0292391 -1.83387 0)
(-0.236621 -1.58852 0)
(-0.719401 -0.735513 0)
(-1.36411 0.257113 0)
(-1.92869 1.25635 0)
(-2.39398 2.18283 0)
(-1.99648 3.38005 0)
(-2.89492 3.95716 0)
(-3.1789 3.38046 0)
(-5.73925 1.93229 0)
(-5.68855 0.407898 0)
(-4.43321 -0.422947 0)
(-4.82529 -1.8148 0)
(-4.59986 -3.11146 0)
(-4.45986 -4.07114 0)
(-4.14043 -4.27394 0)
(-2.31498 -3.99536 0)
(-1.82354 -3.1845 0)
(-0.7795 -1.45909 0)
(-0.408822 0.847197 0)
(-1.29771 3.26675 0)
(-3.06305 5.27412 0)
(-4.143 5.84604 0)
(-2.95812 4.38349 0)
(-3.14288 3.14126 0)
(-1.7406 1.56016 0)
(-1.59813 0.478785 0)
(-0.456502 -0.30241 0)
(-0.370862 -1.21343 0)
(0.619387 -2.15573 0)
(1.06587 -3.16699 0)
(2.61657 -3.79682 0)
(3.54722 -5.36757 0)
(4.29685 -6.18697 0)
(5.21183 -6.09525 0)
(6.15954 -5.20244 0)
(6.79577 -4.33396 0)
(7.64669 -3.54639 0)
(8.57261 -2.8987 0)
(9.53605 -2.25765 0)
(10.6003 -1.48558 0)
(11.3197 -0.673662 0)
(11.9639 0.327386 0)
(12.5571 1.4669 0)
(12.9795 2.6823 0)
(13.0156 3.75282 0)
(12.2424 4.2549 0)
(10.6518 4.05653 0)
(8.85937 3.41237 0)
(7.19141 2.49974 0)
(5.85085 1.62637 0)
(4.79856 1.10552 0)
(3.98778 0.948386 0)
(3.24803 1.00196 0)
(2.62757 0.982542 0)
(2.02854 0.925764 0)
(1.62334 0.580021 0)
(1.31002 0.198834 0)
(1.39507 -0.398232 0)
(1.58193 -0.787799 0)
(2.04802 -1.06074 0)
(2.31017 -1.18867 0)
(3.22738 -1.21074 0)
(3.06409 -1.00575 0)
(3.90512 -0.902559 0)
(3.98378 -0.7669 0)
(4.45415 -0.568358 0)
(4.35916 -0.426847 0)
(4.9578 -0.343929 0)
(4.67771 -0.226028 0)
(5.18061 -0.138465 0)
(4.84411 -0.093419 0)
(5.39685 -0.0313941 0)
(4.91843 0.00431372 0)
(5.44836 0.0658069 0)
(4.98964 0.0784206 0)
(5.50089 0.116624 0)
(4.9749 0.177604 0)
(5.4763 0.183707 0)
(4.99597 0.258822 0)
(5.45182 0.255211 0)
(4.94625 0.379043 0)
(5.38252 0.358771 0)
(4.9134 0.49885 0)
(5.32451 0.490376 0)
(4.83326 0.646668 0)
(5.17035 0.675625 0)
(4.72385 0.804472 0)
(4.92657 0.87226 0)
(4.51078 0.964894 0)
(4.41854 1.05587 0)
(3.95472 1.06966 0)
(3.42516 1.14961 0)
(2.67145 1.02106 0)
(1.51105 1.13145 0)
(1.14122 1.16513 0)
(0.999571 1.13228 0)
(0.650112 0.327447 0)
(0.475397 -1.04748 0)
(0.0346176 -2.42913 0)
(-0.134545 -1.7082 0)
(-0.731913 -1.36274 0)
(-1.54767 -0.439399 0)
(-2.45406 0.580791 0)
(-3.22492 1.49682 0)
(-3.65167 2.30147 0)
(-3.3196 3.47199 0)
(-3.77045 4.18515 0)
(-3.65397 3.8788 0)
(-5.44556 2.28351 0)
(-4.18609 0.22293 0)
(-3.81959 -0.567801 0)
(-3.58477 -1.77297 0)
(-3.42379 -2.97138 0)
(-3.7726 -3.92685 0)
(-4.34125 -4.70041 0)
(-2.66395 -4.39191 0)
(-2.48124 -3.38807 0)
(-1.72287 -1.61612 0)
(-1.4492 1.03086 0)
(-2.11977 3.77819 0)
(-3.36577 5.76156 0)
(-3.57033 5.62927 0)
(-1.99912 4.15394 0)
(-1.92755 2.97508 0)
(-0.227702 1.2063 0)
(0.0153035 0.190918 0)
(0.978905 -0.531399 0)
(1.11159 -1.36907 0)
(1.93553 -2.37727 0)
(2.45652 -3.37932 0)
(3.58686 -4.0667 0)
(4.67813 -5.62971 0)
(5.04973 -6.55762 0)
(5.84828 -6.46896 0)
(6.33451 -5.40773 0)
(6.93957 -4.555 0)
(7.47154 -3.88512 0)
(8.52502 -3.28109 0)
(9.54976 -2.63169 0)
(10.5868 -1.81351 0)
(11.3455 -0.921467 0)
(11.8316 0.114063 0)
(12.2567 1.27276 0)
(12.7166 2.5466 0)
(12.9875 3.8018 0)
(12.5994 4.62754 0)
(11.3911 4.6906 0)
(9.65766 4.13864 0)
(7.97307 3.16743 0)
(6.43413 2.15458 0)
(5.23035 1.51306 0)
(4.24351 1.28865 0)
(3.50493 1.2929 0)
(2.81788 1.2383 0)
(2.24296 1.16001 0)
(1.73814 0.71637 0)
(1.4783 0.292376 0)
(1.4958 -0.51239 0)
(1.84877 -0.866763 0)
(2.00175 -1.27798 0)
(2.9817 -1.44711 0)
(2.90135 -1.30411 0)
(3.56717 -1.19433 0)
(3.91165 -1.08473 0)
(4.26296 -0.86394 0)
(4.23908 -0.632081 0)
(4.79809 -0.549748 0)
(4.69314 -0.399813 0)
(5.00662 -0.252376 0)
(4.87824 -0.197169 0)
(5.28726 -0.118793 0)
(4.97728 -0.0611357 0)
(5.35211 0.0211654 0)
(5.04845 0.0185081 0)
(5.47288 0.091357 0)
(5.0164 0.110652 0)
(5.46909 0.185314 0)
(5.04303 0.179804 0)
(5.49997 0.244972 0)
(4.97337 0.307219 0)
(5.4488 0.337441 0)
(4.97768 0.424684 0)
(5.42891 0.434276 0)
(4.91839 0.586667 0)
(5.34081 0.596475 0)
(4.85123 0.760436 0)
(5.27448 0.779272 0)
(4.78582 0.948911 0)
(5.04795 1.02032 0)
(4.61783 1.15811 0)
(4.54712 1.26575 0)
(4.13125 1.32957 0)
(3.56476 1.4726 0)
(2.67643 1.32399 0)
(1.86911 1.4954 0)
(1.54595 1.07658 0)
(1.23838 0.493371 0)
(0.886435 -0.853405 0)
(0.297417 -2.26596 0)
(-0.299117 -1.47394 0)
(-1.17901 -1.01773 0)
(-2.301 -0.0388417 0)
(-3.53874 0.972904 0)
(-4.56492 1.77804 0)
(-4.96825 2.39838 0)
(-4.51414 3.43335 0)
(-4.39429 4.25077 0)
(-3.88039 4.11919 0)
(-4.62784 2.24991 0)
(-2.71958 0.0244953 0)
(-2.80941 -0.662772 0)
(-2.28294 -1.80832 0)
(-2.34961 -2.76396 0)
(-2.57052 -3.65021 0)
(-3.40173 -4.79843 0)
(-3.06968 -4.71783 0)
(-2.54759 -3.56061 0)
(-2.1505 -1.74604 0)
(-2.01021 1.11163 0)
(-2.42306 4.00374 0)
(-3.13877 5.97581 0)
(-2.26819 5.27526 0)
(-1.14795 3.7569 0)
(-0.534023 2.53464 0)
(1.23096 0.783813 0)
(1.7934 -0.131862 0)
(2.46139 -0.704191 0)
(2.50244 -1.61338 0)
(3.00214 -2.83421 0)
(3.43318 -3.81935 0)
(4.66212 -4.44639 0)
(5.40117 -5.90367 0)
(5.87132 -6.90878 0)
(6.31957 -6.69897 0)
(6.4091 -5.52567 0)
(6.98994 -4.75506 0)
(7.47946 -4.18034 0)
(8.42586 -3.71024 0)
(9.6822 -3.04707 0)
(10.629 -2.17562 0)
(11.4821 -1.16828 0)
(11.9 -0.0217647 0)
(12.1447 1.15321 0)
(12.3712 2.39765 0)
(12.7751 3.75161 0)
(12.691 4.83195 0)
(11.8416 5.21335 0)
(10.3251 4.83171 0)
(8.6211 3.86279 0)
(7.01233 2.73704 0)
(5.58801 1.99948 0)
(4.63699 1.64568 0)
(3.75268 1.61381 0)
(3.14251 1.48651 0)
(2.38972 1.4259 0)
(2.00679 0.862165 0)
(1.55789 0.366948 0)
(1.85734 -0.593816 0)
(1.81875 -0.98347 0)
(2.65884 -1.56007 0)
(2.86122 -1.5557 0)
(3.3041 -1.4829 0)
(3.81945 -1.39892 0)
(4.16156 -1.21157 0)
(4.19643 -0.893658 0)
(4.56844 -0.78639 0)
(4.80658 -0.61708 0)
(4.77238 -0.42664 0)
(4.97277 -0.30743 0)
(5.09024 -0.245145 0)
(5.14361 -0.151804 0)
(5.13292 -0.0363706 0)
(5.2196 -0.0495466 0)
(5.31941 0.0449789 0)
(5.16934 0.0587509 0)
(5.3385 0.156197 0)
(5.18587 0.124972 0)
(5.43078 0.216225 0)
(5.08492 0.242058 0)
(5.40252 0.322812 0)
(5.09111 0.33492 0)
(5.43325 0.406834 0)
(5.00396 0.494436 0)
(5.38059 0.545848 0)
(4.93558 0.676441 0)
(5.4041 0.685402 0)
(4.88199 0.872105 0)
(5.32221 0.915113 0)
(4.7681 1.11167 0)
(5.12915 1.19658 0)
(4.66021 1.3697 0)
(4.62169 1.50947 0)
(4.32112 1.65881 0)
(3.55565 1.79997 0)
(2.85246 1.55072 0)
(2.28664 1.49188 0)
(1.60781 0.628838 0)
(1.33321 -0.721867 0)
(0.531461 -1.96242 0)
(-0.513432 -1.0699 0)
(-1.56641 -0.565822 0)
(-2.91645 0.50282 0)
(-4.51334 1.46783 0)
(-5.71711 2.08072 0)
(-5.95911 2.41411 0)
(-5.28704 3.21147 0)
(-4.61355 4.03352 0)
(-3.69073 3.94291 0)
(-3.32686 1.84898 0)
(-1.85456 -0.238262 0)
(-1.63359 -0.947231 0)
(-1.1581 -1.89235 0)
(-1.30885 -2.73464 0)
(-1.51152 -3.42925 0)
(-1.95155 -4.49094 0)
(-3.02707 -4.84113 0)
(-2.2662 -3.72758 0)
(-2.14166 -1.82078 0)
(-1.99207 1.11756 0)
(-2.22162 4.08839 0)
(-2.5235 5.83856 0)
(-0.745646 4.86215 0)
(-0.0195423 3.42655 0)
(1.01457 2.01967 0)
(2.73753 0.262464 0)
(3.46735 -0.553284 0)
(4.01752 -0.635375 0)
(4.10657 -1.41377 0)
(4.42992 -2.9235 0)
(4.49011 -4.12096 0)
(5.64033 -4.79616 0)
(6.23294 -6.10226 0)
(6.64234 -7.15762 0)
(6.57928 -6.79536 0)
(6.56101 -5.50702 0)
(6.8029 -4.97638 0)
(7.6191 -4.48894 0)
(8.41843 -4.1547 0)
(9.74896 -3.49072 0)
(10.7372 -2.54246 0)
(11.5188 -1.44833 0)
(12.0758 -0.134938 0)
(12.2052 1.14025 0)
(12.1439 2.31633 0)
(12.4254 3.63663 0)
(12.5804 4.92536 0)
(12.0352 5.6067 0)
(10.8597 5.4591 0)
(9.14489 4.5513 0)
(7.49327 3.38159 0)
(6.03922 2.5008 0)
(4.94449 2.04234 0)
(4.07354 1.91725 0)
(3.36426 1.76704 0)
(2.67927 1.68163 0)
(2.21249 1.00623 0)
(1.89989 0.449797 0)
(2.01908 -0.707285 0)
(2.33748 -1.14386 0)
(2.73751 -1.7516 0)
(3.22829 -1.7313 0)
(3.65657 -1.6895 0)
(4.12579 -1.56016 0)
(4.30891 -1.23698 0)
(4.35671 -1.02552 0)
(4.93162 -0.885173 0)
(4.6223 -0.637907 0)
(5.04766 -0.46285 0)
(4.90217 -0.388092 0)
(5.30806 -0.263209 0)
(4.9293 -0.136844 0)
(5.36578 -0.0945467 0)
(5.16307 -0.0543935 0)
(5.34208 0.032649 0)
(5.16309 0.0942957 0)
(5.37118 0.0867916 0)
(5.29979 0.168164 0)
(5.24963 0.196039 0)
(5.30056 0.285549 0)
(5.23323 0.271066 0)
(5.39538 0.363076 0)
(5.11351 0.417033 0)
(5.35698 0.503121 0)
(5.06035 0.569795 0)
(5.41638 0.625076 0)
(5.01431 0.755361 0)
(5.36356 0.827755 0)
(4.87987 1.01086 0)
(5.36097 1.06372 0)
(4.74499 1.28056 0)
(5.23491 1.40267 0)
(4.66915 1.59325 0)
(4.77022 1.82608 0)
(4.4785 1.91133 0)
(3.62738 2.0633 0)
(3.05751 1.48595 0)
(2.47872 1.05803 0)
(2.08859 -0.245835 0)
(0.779652 -1.48495 0)
(-0.591169 -0.596804 0)
(-1.85693 -0.0266803 0)
(-3.29337 1.06844 0)
(-4.92169 1.96411 0)
(-6.06315 2.33962 0)
(-6.07411 2.3096 0)
(-5.36252 2.73127 0)
(-4.4063 3.44107 0)
(-2.99862 3.41207 0)
(-1.68366 1.49124 0)
(-0.720726 -0.409989 0)
(-0.145402 -1.18199 0)
(0.439967 -1.93901 0)
(-0.118484 -2.62495 0)
(-0.597649 -3.33023 0)
(-0.686445 -4.10726 0)
(-2.02184 -4.67606 0)
(-1.87761 -3.87265 0)
(-1.59846 -1.91645 0)
(-1.49065 1.04348 0)
(-1.56102 4.0407 0)
(-1.43388 5.48701 0)
(0.759046 4.32928 0)
(1.48957 3.05428 0)
(2.65728 1.56517 0)
(4.22281 -0.150766 0)
(4.87862 -0.906295 0)
(4.98912 -0.7777 0)
(5.09728 -1.5426 0)
(5.54856 -3.18382 0)
(5.75374 -4.3109 0)
(6.50426 -4.89339 0)
(6.86953 -6.19553 0)
(7.34915 -7.19282 0)
(6.63747 -6.75861 0)
(6.79403 -5.41162 0)
(6.63475 -5.2325 0)
(7.70198 -4.87724 0)
(8.46095 -4.60334 0)
(9.75938 -3.97218 0)
(10.8485 -2.90056 0)
(11.4213 -1.75135 0)
(12.1589 -0.268923 0)
(12.3103 1.18341 0)
(12.084 2.33059 0)
(12.0249 3.54626 0)
(12.3314 4.90474 0)
(12.0928 5.87358 0)
(11.1033 6.00441 0)
(9.65218 5.24417 0)
(7.92296 4.0167 0)
(6.42256 3.05801 0)
(5.27604 2.43564 0)
(4.36223 2.28591 0)
(3.75909 2.00544 0)
(2.89445 1.99219 0)
(2.70536 1.11254 0)
(2.07123 0.56924 0)
(2.60025 -0.862902 0)
(2.48246 -1.20681 0)
(3.1418 -2.01965 0)
(3.55677 -1.88963 0)
(3.90867 -1.9109 0)
(4.54383 -1.62259 0)
(4.31535 -1.34004 0)
(4.99696 -1.11676 0)
(4.67508 -0.924755 0)
(5.0997 -0.640661 0)
(4.81743 -0.559631 0)
(5.37493 -0.398924 0)
(4.87972 -0.274528 0)
(5.39837 -0.154079 0)
(5.0797 -0.155676 0)
(5.46366 -0.0154592 0)
(5.0447 0.0216781 0)
(5.4935 0.0661791 0)
(5.19736 0.091157 0)
(5.40635 0.173715 0)
(5.17984 0.230605 0)
(5.39295 0.226964 0)
(5.30801 0.31276 0)
(5.2637 0.348375 0)
(5.28447 0.468062 0)
(5.20307 0.46493 0)
(5.3954 0.574404 0)
(5.14072 0.639877 0)
(5.34345 0.7653 0)
(5.04226 0.875882 0)
(5.37761 0.953325 0)
(4.94921 1.16157 0)
(5.37706 1.2317 0)
(4.8816 1.48085 0)
(5.29257 1.60369 0)
(4.69853 1.89356 0)
(4.76448 2.11957 0)
(4.40673 2.14746 0)
(3.67478 2.14843 0)
(2.81389 1.10834 0)
(1.91894 0.0685375 0)
(0.837883 -1.12924 0)
(-0.602035 -0.0555492 0)
(-1.82472 0.51627 0)
(-3.12792 1.6055 0)
(-4.54406 2.46876 0)
(-5.41803 2.64733 0)
(-5.12288 2.28957 0)
(-4.49636 2.37154 0)
(-3.64148 2.77618 0)
(-2.04099 2.59695 0)
(-0.37814 1.01153 0)
(0.529417 -0.746493 0)
(1.10653 -1.49171 0)
(1.90063 -1.84512 0)
(1.36233 -2.18819 0)
(0.474996 -3.10944 0)
(0.485155 -3.88967 0)
(-0.325957 -4.34094 0)
(-1.19885 -3.8856 0)
(-0.713117 -2.01404 0)
(-0.654858 0.958932 0)
(-0.467807 3.9195 0)
(0.180437 4.94534 0)
(2.24002 3.71348 0)
(3.07162 2.51863 0)
(4.16977 1.01836 0)
(5.19935 -0.556359 0)
(5.51206 -1.2124 0)
(5.57487 -0.752585 0)
(6.07659 -1.43926 0)
(6.60713 -3.38639 0)
(6.63697 -4.54431 0)
(7.28201 -5.02519 0)
(7.39857 -6.37763 0)
(7.82788 -7.2335 0)
(6.63707 -6.69239 0)
(6.94662 -5.312 0)
(6.66641 -5.4527 0)
(7.5912 -5.30447 0)
(8.54993 -5.08346 0)
(9.65594 -4.46052 0)
(10.7923 -3.24389 0)
(11.3146 -2.01985 0)
(11.9675 -0.457619 0)
(12.4102 1.21516 0)
(12.0217 2.45218 0)
(11.7564 3.50961 0)
(11.909 4.86443 0)
(11.9951 6.03341 0)
(11.3016 6.4433 0)
(9.93408 5.8589 0)
(8.35134 4.68379 0)
(6.7124 3.62678 0)
(5.71286 2.86161 0)
(4.61065 2.608 0)
(4.16185 2.27455 0)
(3.11943 2.24113 0)
(3.15287 1.22932 0)
(2.45815 0.643012 0)
(3.01429 -0.970707 0)
(2.7667 -1.29109 0)
(3.54759 -2.26071 0)
(3.59188 -2.02433 0)
(4.41901 -2.12083 0)
(4.48428 -1.70776 0)
(4.97573 -1.43854 0)
(4.87974 -1.15002 0)
(5.2284 -0.935161 0)
(4.90647 -0.688706 0)
(5.34583 -0.570218 0)
(5.00153 -0.429083 0)
(5.36667 -0.254429 0)
(5.06613 -0.239348 0)
(5.50462 -0.106309 0)
(5.03392 -0.054017 0)
(5.53013 0.0383831 0)
(5.12999 0.00985615 0)
(5.54153 0.145785 0)
(5.07344 0.154543 0)
(5.54021 0.219722 0)
(5.18971 0.219394 0)
(5.44795 0.329619 0)
(5.16264 0.384162 0)
(5.38538 0.414865 0)
(5.30256 0.494579 0)
(5.28812 0.551489 0)
(5.29333 0.697915 0)
(5.16816 0.736935 0)
(5.37744 0.873361 0)
(5.0905 0.991833 0)
(5.4133 1.11717 0)
(5.06238 1.27438 0)
(5.44824 1.43332 0)
(4.82622 1.7325 0)
(5.29847 1.90338 0)
(4.79867 2.17833 0)
(4.7208 2.34468 0)
(4.61735 2.07585 0)
(3.8102 1.94361 0)
(2.46607 0.484041 0)
(1.1744 -0.149602 0)
(-0.470507 0.431238 0)
(-1.57317 1.00761 0)
(-2.64827 2.01179 0)
(-3.62134 2.79747 0)
(-4.11388 2.77673 0)
(-3.61135 2.17832 0)
(-3.10976 2.05912 0)
(-2.30273 2.25273 0)
(-0.803639 1.88607 0)
(0.871804 0.470917 0)
(1.77993 -0.992942 0)
(2.03482 -1.83165 0)
(2.35545 -1.97832 0)
(2.22878 -1.94493 0)
(1.71918 -2.89446 0)
(1.63093 -3.82466 0)
(1.44485 -4.00194 0)
(0.0207329 -3.74729 0)
(0.400089 -2.14547 0)
(0.534488 0.826491 0)
(0.790563 3.61389 0)
(2.03361 4.27311 0)
(3.78048 3.16866 0)
(4.62225 1.98601 0)
(5.46627 0.631729 0)
(5.93166 -0.734993 0)
(5.87051 -1.4103 0)
(5.88756 -0.923449 0)
(6.89384 -1.65932 0)
(7.8307 -3.62458 0)
(7.60801 -4.62052 0)
(7.92172 -5.02486 0)
(7.99281 -6.35223 0)
(8.17219 -7.06357 0)
(6.72333 -6.51551 0)
(7.01816 -5.26125 0)
(6.63741 -5.63939 0)
(7.424 -5.72306 0)
(8.57368 -5.54201 0)
(9.38785 -4.91945 0)
(10.6186 -3.60256 0)
(11.071 -2.24058 0)
(11.6043 -0.680478 0)
(12.2827 1.20344 0)
(12.0003 2.59662 0)
(11.4781 3.5711 0)
(11.5361 4.76986 0)
(11.7125 6.12131 0)
(11.3405 6.79098 0)
(10.115 6.44625 0)
(8.69274 5.29536 0)
(7.11876 4.21638 0)
(6.0053 3.25577 0)
(4.95794 2.98266 0)
(4.48103 2.50581 0)
(3.4944 2.53657 0)
(3.69097 1.28801 0)
(2.94931 0.775694 0)
(3.49576 -1.09871 0)
(3.22889 -1.34275 0)
(3.78025 -2.50694 0)
(4.06237 -2.16242 0)
(4.38319 -2.37371 0)
(4.93267 -1.77726 0)
(4.91876 -1.55736 0)
(5.42665 -1.16252 0)
(5.17348 -0.972663 0)
(5.38881 -0.64997 0)
(5.19534 -0.618991 0)
(5.42265 -0.387409 0)
(5.11555 -0.310034 0)
(5.47794 -0.200935 0)
(5.13191 -0.151315 0)
(5.50058 -0.00958996 0)
(5.13391 -0.039391 0)
(5.5733 0.0909241 0)
(5.08921 0.0820189 0)
(5.59366 0.207138 0)
(5.12619 0.147743 0)
(5.5958 0.302402 0)
(5.07425 0.289887 0)
(5.56975 0.40132 0)
(5.17341 0.395585 0)
(5.50192 0.508454 0)
(5.17923 0.591778 0)
(5.38735 0.660159 0)
(5.29691 0.772581 0)
(5.3003 0.858328 0)
(5.36692 0.995985 0)
(5.24128 1.1174 0)
(5.37076 1.29101 0)
(4.9881 1.5445 0)
(5.35924 1.67542 0)
(4.82052 1.95935 0)
(5.41093 2.1484 0)
(4.9006 2.43082 0)
(4.62517 2.48853 0)
(4.23165 1.97879 0)
(2.93053 1.55189 0)
(0.278975 0.0883152 0)
(-0.293162 0.818896 0)
(-1.03965 1.38915 0)
(-1.78842 2.28668 0)
(-2.361 3.00407 0)
(-2.53481 2.87171 0)
(-1.90705 2.05698 0)
(-1.56433 1.76181 0)
(-0.687018 1.77633 0)
(0.590869 1.28138 0)
(2.17161 -0.00408763 0)
(3.15599 -1.09834 0)
(3.11495 -1.84258 0)
(2.88444 -2.08001 0)
(2.78863 -1.96196 0)
(2.95054 -2.84755 0)
(2.83456 -3.84687 0)
(2.94094 -3.76136 0)
(1.81457 -3.49894 0)
(1.75566 -2.28945 0)
(1.87766 0.627 0)
(2.37144 3.17915 0)
(3.80731 3.69864 0)
(5.30702 2.82808 0)
(6.20823 1.6792 0)
(6.78741 0.502533 0)
(7.03945 -0.679447 0)
(6.84589 -1.47328 0)
(6.69897 -1.1421 0)
(7.85172 -1.88753 0)
(8.77066 -3.80379 0)
(8.41478 -4.60399 0)
(8.43587 -4.9394 0)
(8.36849 -6.32279 0)
(8.26907 -6.90005 0)
(6.77703 -6.26076 0)
(6.99347 -5.17565 0)
(6.41382 -5.7753 0)
(7.21018 -6.11213 0)
(8.47847 -5.9867 0)
(9.17845 -5.31107 0)
(10.2629 -3.90883 0)
(10.7207 -2.41893 0)
(11.0969 -0.899318 0)
(11.9237 1.11121 0)
(11.8872 2.72991 0)
(11.2416 3.69467 0)
(11.1067 4.74647 0)
(11.3643 6.10543 0)
(11.2543 7.04443 0)
(10.2717 6.91871 0)
(8.90105 5.90331 0)
(7.3706 4.78671 0)
(6.45707 3.70779 0)
(5.15025 3.33167 0)
(5.06594 2.75913 0)
(3.75091 2.76761 0)
(4.36503 1.34975 0)
(3.25782 0.878497 0)
(4.11921 -1.18765 0)
(3.43259 -1.36863 0)
(4.50675 -2.73758 0)
(4.10997 -2.21932 0)
(4.87449 -2.60924 0)
(4.86617 -1.84151 0)
(5.26286 -1.73744 0)
(5.46806 -1.17215 0)
(5.46096 -0.996707 0)
(5.54052 -0.626565 0)
(5.5178 -0.635691 0)
(5.46566 -0.352421 0)
(5.38387 -0.308351 0)
(5.43437 -0.216489 0)
(5.37719 -0.137653 0)
(5.34806 -0.0404694 0)
(5.39703 -0.00136608 0)
(5.31858 0.0302939 0)
(5.43592 0.143349 0)
(5.26321 0.129344 0)
(5.49156 0.234846 0)
(5.20438 0.215673 0)
(5.52219 0.369246 0)
(5.19685 0.312356 0)
(5.54764 0.473253 0)
(5.15888 0.46363 0)
(5.50993 0.613633 0)
(5.24014 0.647023 0)
(5.46014 0.750118 0)
(5.32986 0.876559 0)
(5.38949 0.959924 0)
(5.41049 1.17435 0)
(5.26188 1.29235 0)
(5.4982 1.50325 0)
(5.19503 1.72359 0)
(5.58763 1.91031 0)
(4.92335 2.21305 0)
(5.53955 2.3655 0)
(5.04194 2.57035 0)
(4.29622 2.70774 0)
(3.46048 1.6855 0)
(2.27169 1.34253 0)
(-0.0772351 1.05737 0)
(-0.424825 1.67084 0)
(-0.836519 2.44101 0)
(-1.01283 3.05119 0)
(-0.878325 2.83448 0)
(-0.147698 1.87755 0)
(0.155989 1.47084 0)
(1.02661 1.29131 0)
(2.16046 0.653095 0)
(3.36874 -0.498014 0)
(4.11883 -1.28457 0)
(4.10671 -1.77815 0)
(3.84041 -2.02153 0)
(3.78353 -1.96263 0)
(4.33884 -2.76615 0)
(4.38888 -3.84774 0)
(4.28174 -3.64807 0)
(3.91372 -3.2211 0)
(3.45342 -2.35659 0)
(3.12842 0.347183 0)
(4.24344 2.71121 0)
(5.5391 3.22917 0)
(6.73273 2.5356 0)
(7.66829 1.36796 0)
(7.96723 0.362452 0)
(8.13524 -0.665651 0)
(8.00322 -1.52199 0)
(7.79403 -1.28864 0)
(8.83674 -2.04226 0)
(9.57926 -3.93932 0)
(9.035 -4.58263 0)
(8.77862 -4.85849 0)
(8.65189 -6.2206 0)
(8.38798 -6.67135 0)
(6.80181 -5.99561 0)
(6.93726 -5.06911 0)
(6.12597 -5.86384 0)
(7.04626 -6.53168 0)
(8.34417 -6.44793 0)
(8.91667 -5.61669 0)
(9.79792 -4.19556 0)
(10.2907 -2.54987 0)
(10.5147 -1.09014 0)
(11.3211 0.939167 0)
(11.618 2.83317 0)
(10.9652 3.83403 0)
(10.7221 4.73942 0)
(10.947 6.07347 0)
(11.014 7.20532 0)
(10.2609 7.35406 0)
(9.19921 6.41834 0)
(7.63651 5.36204 0)
(6.807 4.07601 0)
(5.38682 3.69657 0)
(5.4542 2.91668 0)
(4.17778 3.00479 0)
(4.79296 1.37897 0)
(3.86454 1.00148 0)
(4.49766 -1.25345 0)
(4.1504 -1.43876 0)
(4.8421 -2.87785 0)
(4.6211 -2.22076 0)
(5.22476 -2.79301 0)
(5.09298 -1.84275 0)
(5.3749 -1.91905 0)
(5.42492 -1.14476 0)
(5.60857 -1.10396 0)
(5.64037 -0.578281 0)
(5.72003 -0.669662 0)
(5.59351 -0.253209 0)
(5.6333 -0.359578 0)
(5.56671 -0.138618 0)
(5.52237 -0.163458 0)
(5.46656 0.0269802 0)
(5.47068 -0.0648376 0)
(5.45255 0.104731 0)
(5.37964 0.0876252 0)
(5.45113 0.19918 0)
(5.32451 0.163405 0)
(5.48401 0.300016 0)
(5.2493 0.285133 0)
(5.54338 0.404538 0)
(5.18217 0.394655 0)
(5.57987 0.551725 0)
(5.1706 0.53371 0)
(5.60493 0.709362 0)
(5.16821 0.724844 0)
(5.55871 0.897073 0)
(5.21494 0.985767 0)
(5.41908 1.13027 0)
(5.35091 1.31125 0)
(5.31583 1.48727 0)
(5.51845 1.69476 0)
(5.38004 1.95242 0)
(5.56723 2.22883 0)
(4.81348 2.57355 0)
(5.11076 2.70814 0)
(4.67346 2.91206 0)
(3.13635 3.02676 0)
(0.738194 1.8261 0)
(0.15341 1.11971 0)
(0.279777 1.7691 0)
(0.34975 2.47229 0)
(0.480466 2.99525 0)
(0.872874 2.67279 0)
(1.71634 1.71515 0)
(2.12625 1.28137 0)
(2.91089 0.943765 0)
(4.00058 0.239975 0)
(4.84769 -0.757415 0)
(5.12518 -1.41333 0)
(4.77559 -1.86026 0)
(4.61952 -2.10202 0)
(4.76952 -1.99922 0)
(5.58078 -2.7742 0)
(6.07918 -3.84193 0)
(5.71701 -3.64355 0)
(5.86753 -2.97466 0)
(5.42121 -2.21685 0)
(4.41921 0.0517581 0)
(5.91453 2.1449 0)
(7.22192 2.80369 0)
(8.1765 2.30798 0)
(9.01438 1.11193 0)
(9.0236 0.258719 0)
(9.0687 -0.675815 0)
(8.96814 -1.57949 0)
(8.75833 -1.38335 0)
(9.60309 -2.16489 0)
(10.1431 -4.01438 0)
(9.44613 -4.46388 0)
(9.05899 -4.66974 0)
(8.80405 -6.04218 0)
(8.39525 -6.37583 0)
(6.83924 -5.62628 0)
(6.69927 -4.90411 0)
(5.90156 -5.96057 0)
(7.02816 -6.93481 0)
(7.98059 -6.84725 0)
(8.46469 -5.83483 0)
(9.12083 -4.44404 0)
(9.80981 -2.65523 0)
(9.86398 -1.24853 0)
(10.633 0.726932 0)
(11.1428 2.83487 0)
(10.6466 3.99908 0)
(10.2625 4.75813 0)
(10.5236 6.032 0)
(10.7275 7.25582 0)
(10.1704 7.67389 0)
(9.29836 6.89885 0)
(7.78424 5.88676 0)
(7.1755 4.54012 0)
(5.62805 4.02092 0)
(5.86149 3.12458 0)
(4.53605 3.20106 0)
(5.39452 1.42442 0)
(4.29113 1.11876 0)
(5.16448 -1.34539 0)
(4.59605 -1.45823 0)
(5.33861 -3.03907 0)
(5.07052 -2.25939 0)
(5.66121 -2.90544 0)
(5.44076 -1.7692 0)
(5.54024 -2.00876 0)
(5.53525 -1.12941 0)
(5.59408 -1.2333 0)
(5.67187 -0.543225 0)
(5.67832 -0.749782 0)
(5.77435 -0.204801 0)
(5.70022 -0.399417 0)
(5.79062 -0.0741084 0)
(5.61252 -0.178475 0)
(5.75306 0.0662506 0)
(5.54748 -0.0616398 0)
(5.67101 0.12782 0)
(5.46531 0.095432 0)
(5.61611 0.203066 0)
(5.40484 0.185995 0)
(5.5349 0.27844 0)
(5.37677 0.323393 0)
(5.47345 0.355366 0)
(5.40532 0.450824 0)
(5.39955 0.457849 0)
(5.48718 0.610615 0)
(5.37764 0.62348 0)
(5.61078 0.792959 0)
(5.39133 0.818762 0)
(5.66501 1.03023 0)
(5.46396 1.13563 0)
(5.60479 1.31919 0)
(5.49042 1.49511 0)
(5.49576 1.65759 0)
(5.53044 1.94304 0)
(5.35368 2.26543 0)
(5.83415 2.53257 0)
(4.73435 2.96906 0)
(4.90669 3.20252 0)
(4.16268 2.94803 0)
(2.34073 3.5167 0)
(0.336719 0.920872 0)
(0.934722 1.66292 0)
(1.44168 2.37647 0)
(1.81705 2.84661 0)
(2.50672 2.47381 0)
(3.48376 1.52108 0)
(3.92379 0.97435 0)
(4.51616 0.500773 0)
(5.60473 -0.158569 0)
(6.31119 -0.838856 0)
(6.40477 -1.19818 0)
(5.98524 -1.63826 0)
(5.60428 -2.18462 0)
(5.90403 -2.30531 0)
(7.0156 -3.10529 0)
(7.63952 -4.02065 0)
(7.35817 -3.69899 0)
(7.40766 -2.91182 0)
(7.33537 -2.01409 0)
(6.05921 -0.106422 0)
(7.22673 1.5449 0)
(8.52909 2.32439 0)
(9.40641 2.09147 0)
(10.2226 1.00255 0)
(10.062 0.29839 0)
(10.0367 -0.623557 0)
(9.89984 -1.60249 0)
(9.46544 -1.47522 0)
(10.0948 -2.2979 0)
(10.5524 -3.97282 0)
(9.66983 -4.23931 0)
(9.15167 -4.46088 0)
(8.89224 -5.85281 0)
(8.27764 -6.07439 0)
(6.75512 -5.2204 0)
(6.34499 -4.7429 0)
(5.67582 -6.13298 0)
(6.80149 -7.29246 0)
(7.30197 -7.12914 0)
(7.79936 -5.97421 0)
(8.2948 -4.72259 0)
(9.13713 -2.78403 0)
(9.25482 -1.37778 0)
(9.8399 0.548887 0)
(10.5212 2.76519 0)
(10.2278 4.12451 0)
(9.82627 4.79837 0)
(9.99445 5.98084 0)
(10.3665 7.27853 0)
(9.9374 7.90323 0)
(9.47441 7.29978 0)
(7.96647 6.40594 0)
(7.50949 4.88323 0)
(5.85933 4.35211 0)
(6.14094 3.22976 0)
(5.00142 3.37493 0)
(5.77743 1.40443 0)
(4.89899 1.20101 0)
(5.63945 -1.39722 0)
(5.12665 -1.47174 0)
(5.71756 -3.20419 0)
(5.33748 -2.25839 0)
(5.87711 -3.07203 0)
(5.67239 -1.63852 0)
(5.85635 -2.09181 0)
(5.70966 -0.985362 0)
(5.70105 -1.33158 0)
(5.61076 -0.432083 0)
(5.65623 -0.900232 0)
(5.72473 -0.0922592 0)
(5.7019 -0.544483 0)
(5.7717 0.0556735 0)
(5.76591 -0.305874 0)
(5.81537 0.197558 0)
(5.77004 -0.168132 0)
(5.77725 0.264793 0)
(5.78679 0.00570413 0)
(5.7133 0.320318 0)
(5.71993 0.123184 0)
(5.61288 0.389427 0)
(5.64399 0.2769 0)
(5.53046 0.43761 0)
(5.49093 0.41419 0)
(5.41548 0.540655 0)
(5.38315 0.548822 0)
(5.42774 0.662339 0)
(5.26658 0.702529 0)
(5.46819 0.889478 0)
(5.31256 0.916284 0)
(5.69907 1.14235 0)
(5.46517 1.26145 0)
(5.82214 1.50038 0)
(5.59306 1.72437 0)
(5.50788 1.98888 0)
(5.43147 2.26833 0)
(5.30013 2.63641 0)
(5.63244 2.97795 0)
(4.70462 3.78215 0)
(3.84829 4.13124 0)
(1.44169 4.0252 0)
(0.381571 0.654261 0)
(1.33471 1.31859 0)
(2.52082 2.09039 0)
(3.16445 2.52507 0)
(3.96757 2.12827 0)
(5.04554 1.26113 0)
(5.59326 0.73367 0)
(6.05328 0.142228 0)
(6.78682 -0.561042 0)
(7.09622 -1.05906 0)
(6.93288 -1.15164 0)
(7.02657 -1.49074 0)
(6.95834 -2.18084 0)
(7.38598 -2.56737 0)
(8.84012 -3.32275 0)
(9.19483 -4.10694 0)
(8.94938 -3.64838 0)
(8.81861 -2.86191 0)
(8.74905 -1.95071 0)
(7.85816 -0.136396 0)
(8.47533 1.13582 0)
(9.41016 1.87228 0)
(10.2171 1.82808 0)
(11.0601 0.879927 0)
(10.8303 0.363419 0)
(10.847 -0.587837 0)
(10.6721 -1.56203 0)
(10.0534 -1.43051 0)
(10.4953 -2.32131 0)
(10.7349 -3.88084 0)
(9.73859 -4.05268 0)
(9.15944 -4.3606 0)
(8.98544 -5.62839 0)
(8.18058 -5.67073 0)
(6.70642 -4.70896 0)
(6.04924 -4.53578 0)
(5.45913 -6.2528 0)
(6.37007 -7.53915 0)
(6.42954 -7.33386 0)
(7.19904 -6.06181 0)
(7.42367 -4.98848 0)
(8.35477 -2.99216 0)
(8.58346 -1.49455 0)
(9.08771 0.338417 0)
(9.79181 2.64667 0)
(9.64865 4.1998 0)
(9.3132 4.84825 0)
(9.43501 5.91868 0)
(9.98577 7.22924 0)
(9.65683 8.04998 0)
(9.39146 7.60311 0)
(7.93851 6.85712 0)
(7.81915 5.28435 0)
(6.24443 4.72321 0)
(6.61667 3.38605 0)
(5.43825 3.50404 0)
(6.22681 1.43262 0)
(5.48083 1.24519 0)
(6.18064 -1.41947 0)
(5.63721 -1.49295 0)
(6.15405 -3.25465 0)
(5.62955 -2.24488 0)
(6.00044 -3.21741 0)
(5.76466 -1.6326 0)
(6.05782 -2.17615 0)
(5.85683 -0.889458 0)
(5.95371 -1.34794 0)
(5.66878 -0.317585 0)
(5.74308 -0.980909 0)
(5.65836 -0.012536 0)
(5.66406 -0.613948 0)
(5.63419 0.106724 0)
(5.73288 -0.395471 0)
(5.73257 0.26683 0)
(5.74682 -0.238603 0)
(5.79194 0.302218 0)
(5.86549 -0.0514649 0)
(5.8344 0.384016 0)
(5.87964 0.0738844 0)
(5.87724 0.430717 0)
(5.91134 0.242259 0)
(5.90247 0.518649 0)
(5.79089 0.431353 0)
(5.86718 0.576831 0)
(5.75719 0.566433 0)
(5.74512 0.740759 0)
(5.53495 0.782101 0)
(5.56816 0.840186 0)
(5.55265 0.958234 0)
(5.42798 1.09262 0)
(5.61347 1.2838 0)
(5.57918 1.39697 0)
(5.86121 1.69383 0)
(5.9149 2.02953 0)
(5.78257 2.24057 0)
(5.75546 2.73286 0)
(5.18486 2.98249 0)
(5.6845 3.69527 0)
(5.09225 4.23653 0)
(2.80374 6.24145 0)
(0.922858 0.13306 0)
(1.20154 0.765219 0)
(2.96587 1.45589 0)
(4.21036 2.09201 0)
(5.23036 1.84332 0)
(6.37049 1.10374 0)
(7.02585 0.595143 0)
(7.42267 -0.0105843 0)
(7.84119 -0.67039 0)
(7.70545 -0.964479 0)
(7.25302 -1.18181 0)
(7.8322 -1.80019 0)
(8.34296 -2.46111 0)
(8.83827 -2.85108 0)
(10.2774 -3.57707 0)
(10.5139 -4.19578 0)
(10.0123 -3.55778 0)
(9.98271 -2.67934 0)
(9.66 -1.91904 0)
(9.21706 -0.203088 0)
(9.72271 0.954268 0)
(10.1884 1.62804 0)
(10.7801 1.5359 0)
(11.4853 0.722808 0)
(11.2613 0.408931 0)
(11.3679 -0.523099 0)
(11.1107 -1.47295 0)
(10.4211 -1.3717 0)
(10.7842 -2.30091 0)
(10.8218 -3.69113 0)
(9.76642 -3.73097 0)
(9.24444 -4.11538 0)
(9.02054 -5.36266 0)
(8.02098 -5.24747 0)
(6.52997 -4.20695 0)
(5.67119 -4.33967 0)
(5.16739 -6.30679 0)
(5.77245 -7.66073 0)
(5.63893 -7.51385 0)
(6.78836 -6.14386 0)
(6.76043 -5.25935 0)
(7.51273 -3.207 0)
(7.96435 -1.64672 0)
(8.24873 0.198327 0)
(9.0092 2.5169 0)
(8.99435 4.19868 0)
(8.78674 4.88935 0)
(8.79301 5.82922 0)
(9.52105 7.12887 0)
(9.34512 8.16709 0)
(9.46645 7.83836 0)
(7.99978 7.22826 0)
(8.02816 5.53592 0)
(6.5187 5.0157 0)
(7.04379 3.42712 0)
(5.89408 3.67535 0)
(6.60472 1.41455 0)
(6.01837 1.27477 0)
(6.63644 -1.48467 0)
(6.08287 -1.44516 0)
(6.64389 -3.29201 0)
(6.04082 -2.08354 0)
(6.26736 -3.26728 0)
(5.86402 -1.51207 0)
(6.03241 -2.3417 0)
(5.87895 -0.77841 0)
(6.04643 -1.47261 0)
(5.8015 -0.139571 0)
(5.90942 -1.10672 0)
(5.7545 0.168159 0)
(5.73053 -0.760764 0)
(5.6363 0.281349 0)
(5.68961 -0.574457 0)
(5.66846 0.441921 0)
(5.55581 -0.432351 0)
(5.70702 0.468182 0)
(5.62782 -0.24193 0)
(5.7435 0.546888 0)
(5.5815 -0.124784 0)
(5.81285 0.579622 0)
(5.72531 0.0578274 0)
(5.85365 0.648424 0)
(5.71023 0.24712 0)
(5.94238 0.685511 0)
(5.86087 0.469829 0)
(5.8813 0.850891 0)
(5.85568 0.662136 0)
(5.90157 0.962675 0)
(5.77943 0.92063 0)
(5.73818 1.20578 0)
(5.59175 1.15304 0)
(5.67325 1.55659 0)
(5.42943 1.52264 0)
(5.92228 2.08079 0)
(5.83536 2.16464 0)
(6.03002 2.91812 0)
(5.89639 3.10709 0)
(4.82249 4.45552 0)
(5.35969 4.56802 0)
(2.56243 6.87591 0)
(4.89055 0.515063 0)
(-2.1273 -0.0188484 0)
(1.5095 -0.0594512 0)
(0.781181 -0.00747485 0)
(1.40125 -0.00466112 0)
(1.4701 3.94588e-05 0)
(1.53736 -0.000131317 0)
(1.58728 0.000259465 0)
(1.60136 0.000370121 0)
(1.62217 4.53273e-05 0)
(9.78785 0.747082 0)
(-0.771681 0.273527 0)
(3.92129 -0.26646 0)
(2.80535 -0.0231195 0)
(3.64481 -0.0580394 0)
(3.88921 -0.0215361 0)
(4.03598 -0.0133545 0)
(4.1634 -0.0071622 0)
(4.20551 -0.00381687 0)
(4.27013 -0.00282853 0)
(12.6779 1.22439 0)
(2.1102 0.51059 0)
(5.97877 -0.408405 0)
(4.92829 -0.0485867 0)
(5.63642 -0.109231 0)
(5.96532 -0.0568704 0)
(6.14109 -0.0341464 0)
(6.31446 -0.0197835 0)
(6.37179 -0.0118639 0)
(6.47086 -0.00823944 0)
(14.9835 1.57153 0)
(5.46091 0.779472 0)
(8.12469 -0.464774 0)
(7.19727 -0.0739065 0)
(7.64264 -0.147136 0)
(7.94782 -0.094412 0)
(8.10106 -0.0584567 0)
(8.28159 -0.0354366 0)
(8.33705 -0.0228118 0)
(8.45401 -0.015646 0)
(16.2105 1.7709 0)
(8.61589 1.06253 0)
(10.2527 -0.426367 0)
(9.4655 -0.0853939 0)
(9.63776 -0.160209 0)
(9.85396 -0.121231 0)
(9.94762 -0.0787875 0)
(10.0959 -0.0492533 0)
(10.1317 -0.0335193 0)
(10.242 -0.0235983 0)
(16.1724 1.50789 0)
(10.9902 1.18165 0)
(12.0198 -0.368809 0)
(11.4768 -0.0960552 0)
(11.4791 -0.153613 0)
(11.6076 -0.133363 0)
(11.6372 -0.0908335 0)
(11.7349 -0.05742 0)
(11.7417 -0.0404499 0)
(11.8242 -0.0300333 0)
(15.6507 1.3269 0)
(12.5517 1.19275 0)
(13.2497 -0.312466 0)
(12.9981 -0.124851 0)
(12.9612 -0.1454 0)
(13.0561 -0.137516 0)
(13.0575 -0.0974093 0)
(13.1192 -0.0608895 0)
(13.1064 -0.0427433 0)
(13.1572 -0.0336179 0)
(15.0266 1.28919 0)
(13.5552 1.16889 0)
(14.0247 -0.240542 0)
(13.9512 -0.15754 0)
(13.9084 -0.141796 0)
(14.0064 -0.138683 0)
(14.0134 -0.103453 0)
(14.0869 -0.0642744 0)
(14.0795 -0.044181 0)
(14.1339 -0.0359731 0)
(13.9689 1.14255 0)
(13.8746 1.06017 0)
(14.2363 -0.181161 0)
(14.2541 -0.186982 0)
(14.1859 -0.145147 0)
(14.3017 -0.139508 0)
(14.2991 -0.110722 0)
(14.4288 -0.0707345 0)
(14.432 -0.0491097 0)
(14.549 -0.0411468 0)
(12.6614 0.891901 0)
(13.4754 0.856664 0)
(13.8661 -0.153828 0)
(13.9706 -0.212145 0)
(13.896 -0.155298 0)
(14.0484 -0.142092 0)
(14.0371 -0.118368 0)
(14.2235 -0.0800785 0)
(14.2314 -0.0576329 0)
(14.413 -0.0500786 0)
(11.7232 0.672285 0)
(12.7912 0.640785 0)
(13.2798 -0.146356 0)
(13.4834 -0.234477 0)
(13.4388 -0.174527 0)
(13.6291 -0.15045 0)
(13.6312 -0.129604 0)
(13.8532 -0.0934014 0)
(13.8679 -0.070749 0)
(14.0872 -0.0627057 0)
(11.3927 0.539633 0)
(12.3063 0.468669 0)
(12.8584 -0.143377 0)
(13.1183 -0.253196 0)
(13.1262 -0.19793 0)
(13.3214 -0.161473 0)
(13.3499 -0.141567 0)
(13.5746 -0.107377 0)
(13.598 -0.0856873 0)
(13.8246 -0.076508 0)
(11.3902 0.42708 0)
(12.1524 0.324822 0)
(12.7559 -0.15222 0)
(12.9967 -0.276994 0)
(13.0928 -0.230407 0)
(13.2275 -0.180223 0)
(13.3143 -0.158403 0)
(13.4718 -0.123613 0)
(13.5212 -0.10399 0)
(13.6797 -0.0908591 0)
(11.4173 0.298967 0)
(12.1668 0.182637 0)
(12.8257 -0.166906 0)
(13.0269 -0.296463 0)
(13.2083 -0.259267 0)
(13.2291 -0.197703 0)
(13.3603 -0.171967 0)
(13.342 -0.13327 0)
(13.4004 -0.115541 0)
(13.3528 -0.0958953 0)
(11.3439 0.150001 0)
(12.1975 0.042103 0)
(12.8782 -0.197549 0)
(13.0821 -0.323341 0)
(13.1718 -0.284581 0)
(13.007 -0.209592 0)
(12.9797 -0.17139 0)
(12.7376 -0.127548 0)
(12.7043 -0.107729 0)
(12.454 -0.0846846 0)
(11.2522 0.00147028 0)
(12.2226 -0.08748 0)
(12.8608 -0.240965 0)
(12.8155 -0.332152 0)
(12.5153 -0.271921 0)
(12.0603 -0.183784 0)
(11.8156 -0.138325 0)
(11.4411 -0.0983919 0)
(11.3361 -0.0809723 0)
(11.0109 -0.0630127 0)
(11.1986 -0.167772 0)
(12.0373 -0.204294 0)
(12.1577 -0.260198 0)
(11.5643 -0.285129 0)
(10.902 -0.207159 0)
(10.3016 -0.126397 0)
(9.97645 -0.090151 0)
(9.59771 -0.0631994 0)
(9.47916 -0.0519712 0)
(9.16464 -0.0411052 0)
(10.6922 -0.29059 0)
(10.673 -0.221279 0)
(10.1442 -0.194365 0)
(9.27343 -0.181797 0)
(8.52377 -0.119406 0)
(7.96567 -0.0666867 0)
(7.67111 -0.0463165 0)
(7.36518 -0.0329228 0)
(7.26394 -0.0272111 0)
(7.01006 -0.0221294 0)
(8.47847 -0.254114 0)
(7.7419 -0.128927 0)
(7.00182 -0.0926212 0)
(6.21563 -0.0794062 0)
(5.6085 -0.045867 0)
(5.21644 -0.0222293 0)
(5.02187 -0.0152667 0)
(4.82487 -0.01147 0)
(4.75825 -0.00936616 0)
(4.59217 -0.00821151 0)
(3.6595 -0.123489 0)
(3.13347 -0.0134867 0)
(2.69787 -0.00389264 0)
(2.32434 -0.00340059 0)
(2.0581 0.000701439 0)
(1.91788 0.00160694 0)
(1.85857 0.000719051 0)
(1.79399 0.000110427 0)
(1.77131 0.000269301 0)
(1.71336 -0.000259394 0)
)
;

boundaryField
{
    inlet
    {
        type            fixedValue;
        value           uniform (10 0 0);
    }
    outlet
    {
        type            zeroGradient;
    }
    walls
    {
        type            fixedValue;
        value           uniform (0 0 0);
    }
    frontAndBack
    {
        type            empty;
    }
}


// ************************************************************************* //
