/*--------------------------------*- C++ -*----------------------------------*\
| =========                 |                                                 |
| \\      /  F ield         | OpenFOAM: The Open Source CFD Toolbox           |
|  \\    /   O peration     | Version:  2.4.0                                 |
|   \\  /    A nd           | Web:      www.OpenFOAM.org                      |
|    \\/     M anipulation  |                                                 |
\*---------------------------------------------------------------------------*/
FoamFile
{
    version     2.0;
    format      ascii;
    class       volVectorField;
    location    "0.072";
    object      U_0;
}
// * * * * * * * * * * * * * * * * * * * * * * * * * * * * * * * * * * * * * //

dimensions      [0 1 -1 0 0 0 0];

internalField   nonuniform List<vector> 
4400
(
(5.4045 0.316785 0)
(3.31532 0.0607629 0)
(2.58608 0.00133166 0)
(2.2315 -0.00185545 0)
(2.0854 -0.00162626 0)
(1.99308 -0.000573382 0)
(1.95652 -0.000275735 0)
(1.90632 -0.000108664 0)
(1.87204 0.00553362 0)
(1.6375 -0.0724853 0)
(8.68523 0.857298 0)
(7.54078 0.344386 0)
(6.63446 0.116227 0)
(5.90431 0.0553659 0)
(5.53447 0.0263658 0)
(5.26242 0.015694 0)
(5.15973 0.0109208 0)
(4.99914 0.00538921 0)
(4.98329 0.0351218 0)
(4.66583 -0.122487 0)
(9.89006 0.937333 0)
(9.99142 0.476621 0)
(9.5021 0.213589 0)
(8.73897 0.129929 0)
(8.29381 0.0742501 0)
(7.89685 0.0456914 0)
(7.76145 0.0316191 0)
(7.50345 0.0157199 0)
(7.50422 0.0582497 0)
(7.24351 -0.118553 0)
(10.1178 0.807323 0)
(11.1137 0.496367 0)
(11.2899 0.267186 0)
(10.8049 0.196992 0)
(10.4794 0.129176 0)
(10.0581 0.084065 0)
(9.95237 0.0601431 0)
(9.62922 0.0329414 0)
(9.61536 0.0754571 0)
(9.53128 -0.0942648 0)
(10.0398 0.64798 0)
(11.3156 0.433124 0)
(12.0136 0.248815 0)
(11.9369 0.217593 0)
(11.9106 0.163103 0)
(11.6142 0.117043 0)
(11.6307 0.0870721 0)
(11.3148 0.0586225 0)
(11.2895 0.0785226 0)
(11.3719 -0.0511048 0)
(10.0097 0.518447 0)
(11.2088 0.352443 0)
(12.0887 0.191125 0)
(12.2363 0.187551 0)
(12.4771 0.154591 0)
(12.4087 0.120928 0)
(12.6323 0.0970499 0)
(12.4226 0.0783211 0)
(12.4585 0.0817715 0)
(12.6006 -0.0342262 0)
(10.0023 0.403635 0)
(11.1153 0.279179 0)
(12.021 0.136297 0)
(12.2569 0.145139 0)
(12.4618 0.119258 0)
(12.6005 0.0973629 0)
(12.9629 0.079809 0)
(12.8819 0.086848 0)
(12.9986 0.058291 0)
(13.199 0.0326463 0)
(9.93664 0.291903 0)
(11.1651 0.198429 0)
(11.9609 0.0831185 0)
(12.2384 0.120675 0)
(12.3254 0.08164 0)
(12.6661 0.0568957 0)
(12.9425 0.0478246 0)
(12.9282 0.0917046 0)
(13.116 0.0317677 0)
(13.3492 0.0256973 0)
(9.94371 0.181591 0)
(11.2438 0.102011 0)
(11.8226 0.0549938 0)
(12.1678 0.0880792 0)
(12.4275 0.0405388 0)
(12.6545 0.0164195 0)
(12.7561 0.0405213 0)
(12.9078 0.0675454 0)
(13.2335 0.00775892 0)
(13.3665 -0.0493648 0)
(10.022 0.0610698 0)
(11.1553 0.0259696 0)
(11.7401 0.0263019 0)
(12.2268 0.0382489 0)
(12.4795 -0.00287814 0)
(12.547 0.00446653 0)
(12.7061 0.0124327 0)
(12.9775 0.0336541 0)
(13.2289 -0.0258494 0)
(13.2687 -0.0251043 0)
(10.0298 -0.0488582 0)
(11.0756 -0.0528443 0)
(11.8249 -0.016151 0)
(12.2419 -0.0120577 0)
(12.4192 -0.0265327 0)
(12.5976 -0.0209808 0)
(12.7177 -0.0171635 0)
(12.9554 0.000120356 0)
(13.1907 -0.0409349 0)
(13.2907 -0.0362895 0)
(9.99648 -0.158822 0)
(11.1331 -0.14046 0)
(11.8941 -0.0564322 0)
(12.1788 -0.0455301 0)
(12.4596 -0.0697113 0)
(12.6284 -0.0466915 0)
(12.6949 -0.0330363 0)
(12.9741 -0.0305894 0)
(13.2324 -0.0737387 0)
(13.3661 -0.0778116 0)
(10.0272 -0.272798 0)
(11.1754 -0.227158 0)
(11.9141 -0.0880557 0)
(12.1805 -0.0911427 0)
(12.5099 -0.107072 0)
(12.6041 -0.0629575 0)
(12.7593 -0.0592782 0)
(13.0375 -0.0719608 0)
(13.2357 -0.0961001 0)
(13.3031 -0.0964211 0)
(10.0594 -0.39374 0)
(11.1762 -0.298584 0)
(11.9685 -0.129866 0)
(12.223 -0.132171 0)
(12.5467 -0.144241 0)
(12.5998 -0.0905599 0)
(12.8324 -0.0878476 0)
(12.956 -0.0961912 0)
(13.0917 -0.109967 0)
(13.0383 -0.112157 0)
(10.0468 -0.515141 0)
(11.2338 -0.364793 0)
(12.0283 -0.183165 0)
(12.2686 -0.180921 0)
(12.4669 -0.176073 0)
(12.4219 -0.112144 0)
(12.5553 -0.103724 0)
(12.4569 -0.104014 0)
(12.4881 -0.111299 0)
(12.2891 -0.118897 0)
(10.0679 -0.64661 0)
(11.3168 -0.439053 0)
(11.9701 -0.243571 0)
(11.9821 -0.214627 0)
(11.8704 -0.179225 0)
(11.6272 -0.10919 0)
(11.5751 -0.0937998 0)
(11.3148 -0.0872648 0)
(11.2636 -0.0955459 0)
(10.9611 -0.0881953 0)
(10.1337 -0.807104 0)
(11.1074 -0.499578 0)
(11.2642 -0.264438 0)
(10.8443 -0.195267 0)
(10.434 -0.140099 0)
(10.066 -0.0788021 0)
(9.91293 -0.0651661 0)
(9.60467 -0.0600139 0)
(9.52704 -0.072145 0)
(9.17955 -0.05191 0)
(9.89744 -0.937095 0)
(9.98508 -0.477876 0)
(9.488 -0.212526 0)
(8.76674 -0.128677 0)
(8.25522 -0.0809456 0)
(7.89874 -0.0425045 0)
(7.73486 -0.035101 0)
(7.46068 -0.0345242 0)
(7.38643 -0.0453482 0)
(7.03467 -0.0211766 0)
(8.68872 -0.857269 0)
(7.53724 -0.344881 0)
(6.6265 -0.116184 0)
(5.92002 -0.054351 0)
(5.50915 -0.0295738 0)
(5.25982 -0.0144586 0)
(5.14236 -0.0122869 0)
(4.95251 -0.0145992 0)
(4.88818 -0.0202972 0)
(4.60012 -0.00655469 0)
(5.40501 -0.316749 0)
(3.31484 -0.060742 0)
(2.58226 -0.00150997 0)
(2.2368 0.00238255 0)
(2.07664 0.000929424 0)
(1.98908 0.000814235 0)
(1.94989 0.000535225 0)
(1.87988 -0.00100834 0)
(1.83774 -0.00165971 0)
(1.71854 0.0121586 0)
(2.84198 -0.0747981 0)
(2.35454 0.410212 0)
(3.27841 0.670067 0)
(4.34041 1.34705 0)
(5.64493 1.24471 0)
(6.88955 0.665092 0)
(7.69276 0.320588 0)
(8.00605 -0.213018 0)
(8.14449 -0.841407 0)
(8.17323 -0.881378 0)
(8.45142 -1.1265 0)
(9.49503 -2.09656 0)
(10.1157 -2.78745 0)
(10.4466 -3.11848 0)
(11.5851 -3.85008 0)
(11.6447 -4.22469 0)
(10.8461 -3.42784 0)
(10.8332 -2.53964 0)
(10.2871 -1.80992 0)
(9.90981 -0.276201 0)
(10.6216 0.8574 0)
(10.9019 1.53398 0)
(11.3296 1.30425 0)
(11.7491 0.615449 0)
(11.4491 0.442567 0)
(11.5717 -0.518676 0)
(11.2961 -1.35273 0)
(10.6274 -1.27559 0)
(10.8932 -2.3552 0)
(10.7057 -3.51356 0)
(9.66667 -3.48353 0)
(9.2754 -4.12669 0)
(8.98519 -5.19951 0)
(7.79329 -4.73748 0)
(6.21822 -3.65936 0)
(5.27447 -4.23154 0)
(4.74 -6.4404 0)
(5.16519 -7.80652 0)
(4.98424 -7.67353 0)
(6.40769 -6.21328 0)
(6.11911 -5.35212 0)
(6.80801 -3.27628 0)
(7.21022 -1.68677 0)
(7.54441 0.213299 0)
(8.19429 2.50998 0)
(8.2007 4.25041 0)
(8.18452 4.92032 0)
(8.27275 5.84192 0)
(9.08911 7.00038 0)
(8.89248 8.18893 0)
(9.24159 8.01497 0)
(7.90576 7.46669 0)
(7.91134 5.67112 0)
(6.58854 5.21306 0)
(7.1827 3.43181 0)
(6.33697 3.73111 0)
(6.96544 1.3205 0)
(6.54887 1.14401 0)
(7.10153 -1.59596 0)
(6.62267 -1.52261 0)
(7.07361 -3.32571 0)
(6.45349 -1.9561 0)
(6.63584 -3.17281 0)
(6.11917 -1.29343 0)
(6.10167 -2.3152 0)
(5.8255 -0.638017 0)
(5.97833 -1.53785 0)
(5.78594 -0.0191721 0)
(5.96022 -1.22036 0)
(5.79881 0.300701 0)
(5.94703 -0.843408 0)
(5.75421 0.369427 0)
(6.02266 -0.690382 0)
(5.7429 0.595126 0)
(5.96686 -0.553194 0)
(5.8137 0.564561 0)
(6.05517 -0.347598 0)
(5.76291 0.71597 0)
(6.01608 -0.242853 0)
(5.85594 0.695986 0)
(6.08237 -0.0401067 0)
(5.78726 0.828876 0)
(6.02113 0.140202 0)
(5.87919 0.78472 0)
(6.03869 0.380407 0)
(5.8861 0.976267 0)
(5.99968 0.607435 0)
(5.94685 1.03866 0)
(6.02481 0.847433 0)
(6.09026 1.32455 0)
(5.9346 1.14842 0)
(6.01888 1.60105 0)
(6.00026 1.46056 0)
(5.80496 2.13642 0)
(6.07546 2.00398 0)
(5.91839 2.96953 0)
(6.56575 2.70594 0)
(6.16928 4.43453 0)
(7.16835 4.82713 0)
(4.00259 8.9385 0)
(5.28014 0.0493618 0)
(4.86491 0.49255 0)
(5.12049 0.524581 0)
(5.30313 0.852048 0)
(6.32031 0.681598 0)
(7.37462 0.197184 0)
(8.1059 0.0822943 0)
(8.70799 -0.306411 0)
(9.04684 -0.969658 0)
(9.20517 -1.12502 0)
(9.86963 -1.40781 0)
(11.2087 -2.42711 0)
(11.6912 -3.10037 0)
(11.8367 -3.23499 0)
(12.6215 -3.89892 0)
(12.4803 -4.11901 0)
(11.6049 -3.18081 0)
(11.5473 -2.35614 0)
(11.0018 -1.67176 0)
(10.4311 -0.394202 0)
(11.0366 0.67248 0)
(11.2841 1.45599 0)
(11.7066 1.21163 0)
(12.0196 0.572886 0)
(11.6018 0.513355 0)
(11.7098 -0.417129 0)
(11.4109 -1.20603 0)
(10.6428 -1.24157 0)
(10.8331 -2.30951 0)
(10.6269 -3.22461 0)
(9.65177 -3.21012 0)
(9.32974 -3.94023 0)
(8.93302 -4.84154 0)
(7.58106 -4.13678 0)
(5.97334 -3.06787 0)
(4.91278 -3.93779 0)
(4.29707 -6.37337 0)
(4.51989 -7.88279 0)
(4.35563 -7.92899 0)
(5.83296 -6.43114 0)
(5.26785 -5.53017 0)
(5.93629 -3.42591 0)
(6.42462 -1.88981 0)
(6.63928 0.148476 0)
(7.31261 2.35369 0)
(7.37229 4.1659 0)
(7.53003 4.83409 0)
(7.57209 5.75389 0)
(8.5869 6.82295 0)
(8.47742 8.14898 0)
(9.14494 8.11109 0)
(8.10057 7.78344 0)
(8.23884 5.93596 0)
(6.73148 5.43073 0)
(7.16641 3.37509 0)
(6.53407 3.73118 0)
(7.28027 1.21897 0)
(7.02186 1.12237 0)
(7.52437 -1.64675 0)
(7.09523 -1.4817 0)
(7.30055 -3.36184 0)
(6.7093 -1.8357 0)
(6.80668 -3.21416 0)
(6.39864 -1.12478 0)
(6.31062 -2.30788 0)
(5.8964 -0.445131 0)
(6.00246 -1.62483 0)
(5.66302 0.150056 0)
(5.76886 -1.35873 0)
(5.64012 0.474704 0)
(5.78183 -1.02379 0)
(5.53176 0.543191 0)
(5.86948 -0.881734 0)
(5.59781 0.766125 0)
(5.89117 -0.797272 0)
(5.65523 0.731202 0)
(6.08367 -0.566926 0)
(5.70222 0.875878 0)
(6.1179 -0.51998 0)
(5.87308 0.870926 0)
(6.27242 -0.262867 0)
(5.92486 1.01209 0)
(6.22214 -0.143804 0)
(6.11778 1.00015 0)
(6.23095 0.158527 0)
(6.12923 1.18838 0)
(6.03826 0.324506 0)
(6.17694 1.28223 0)
(6.01745 0.62268 0)
(6.08404 1.52825 0)
(6.01585 0.910469 0)
(6.13698 1.82147 0)
(6.2171 1.30043 0)
(6.03196 2.39999 0)
(6.4407 1.79035 0)
(5.93931 3.42023 0)
(6.42693 2.67803 0)
(4.9531 4.81118 0)
(8.6257 4.08339 0)
(6.46531 9.32836 0)
(7.46911 0.00728532 0)
(7.28372 0.456456 0)
(7.47642 0.501897 0)
(7.36497 0.653376 0)
(8.10381 0.429824 0)
(8.89184 -0.0102937 0)
(9.31926 -0.122258 0)
(10.1081 -0.52108 0)
(10.6395 -1.10554 0)
(10.9653 -1.35623 0)
(11.5533 -1.74393 0)
(12.6817 -2.69378 0)
(12.8961 -3.37899 0)
(12.7699 -3.39436 0)
(13.4302 -3.83184 0)
(12.916 -3.99003 0)
(11.9582 -3.00536 0)
(11.7788 -2.19408 0)
(11.238 -1.53957 0)
(10.8414 -0.424939 0)
(11.2655 0.550726 0)
(11.3445 1.38359 0)
(11.84 1.11748 0)
(12.12 0.580111 0)
(11.584 0.566774 0)
(11.752 -0.315068 0)
(11.4123 -1.01811 0)
(10.6569 -1.16377 0)
(10.8028 -2.23158 0)
(10.4945 -2.99891 0)
(9.60216 -2.96014 0)
(9.33469 -3.75908 0)
(8.82121 -4.44703 0)
(7.29032 -3.52529 0)
(5.5971 -2.51603 0)
(4.54734 -3.67393 0)
(3.80572 -6.27465 0)
(3.85086 -7.9559 0)
(3.76657 -8.02641 0)
(4.95789 -6.59729 0)
(4.05029 -5.6289 0)
(4.96213 -3.58268 0)
(5.36342 -2.11133 0)
(5.76892 0.0849759 0)
(6.30692 2.1798 0)
(6.47239 4.08938 0)
(6.75488 4.67298 0)
(6.89845 5.62541 0)
(7.99549 6.58095 0)
(7.85669 7.99405 0)
(8.7106 8.06378 0)
(7.88271 7.99626 0)
(8.38516 6.18045 0)
(7.17934 5.78083 0)
(7.63201 3.52989 0)
(7.02286 3.8047 0)
(7.63538 1.17858 0)
(7.51847 1.06889 0)
(7.90893 -1.63745 0)
(7.49893 -1.39053 0)
(7.50702 -3.26323 0)
(6.91559 -1.63974 0)
(6.74146 -3.21152 0)
(6.46174 -0.979361 0)
(6.37287 -2.32926 0)
(6.05291 -0.338755 0)
(6.22843 -1.67297 0)
(5.79982 0.299309 0)
(5.97548 -1.46407 0)
(5.73012 0.587194 0)
(5.90939 -1.10155 0)
(5.562 0.662275 0)
(5.95677 -1.03496 0)
(5.56993 0.930123 0)
(5.96025 -0.948181 0)
(5.57797 0.863325 0)
(6.15276 -0.753759 0)
(5.58818 1.07604 0)
(6.23793 -0.744735 0)
(5.77328 1.01452 0)
(6.51163 -0.488396 0)
(5.81089 1.22255 0)
(6.67146 -0.388433 0)
(6.14493 1.15694 0)
(6.894 -0.0733935 0)
(6.23567 1.42314 0)
(6.98944 0.163005 0)
(6.37847 1.44724 0)
(6.98647 0.475545 0)
(6.29165 1.76004 0)
(6.76915 0.762913 0)
(6.04876 1.96344 0)
(6.56721 1.00682 0)
(6.11396 2.42103 0)
(7.19198 1.3073 0)
(6.27373 3.35007 0)
(8.85453 2.43613 0)
(5.65964 5.16696 0)
(9.36777 3.45804 0)
(7.09285 9.54422 0)
(9.42573 -0.00177819 0)
(9.36393 0.39149 0)
(9.65548 0.488746 0)
(9.49913 0.52877 0)
(10.1064 0.17553 0)
(10.7107 -0.229452 0)
(11.0457 -0.297827 0)
(11.8776 -0.762525 0)
(12.1798 -1.28256 0)
(12.5662 -1.5865 0)
(13.1223 -2.04633 0)
(13.7732 -2.80168 0)
(13.9388 -3.38447 0)
(13.4996 -3.42765 0)
(13.8993 -3.67165 0)
(13.2286 -3.65814 0)
(12.2462 -2.72909 0)
(12.1147 -1.95459 0)
(11.3893 -1.35766 0)
(10.9763 -0.451065 0)
(11.1979 0.489637 0)
(11.1517 1.30188 0)
(11.74 1.00047 0)
(11.8499 0.594606 0)
(11.3672 0.624432 0)
(11.6176 -0.191831 0)
(11.2559 -0.794842 0)
(10.6942 -1.08001 0)
(10.8247 -2.14897 0)
(10.3207 -2.66884 0)
(9.45479 -2.70225 0)
(9.20096 -3.63073 0)
(8.6668 -4.07274 0)
(7.05783 -2.86901 0)
(5.36857 -1.93413 0)
(4.22531 -3.30464 0)
(3.36158 -6.10016 0)
(3.15604 -7.9554 0)
(3.13808 -8.00587 0)
(3.91932 -6.64892 0)
(2.83542 -5.63227 0)
(3.93764 -3.73105 0)
(4.27701 -2.39902 0)
(4.70569 0.0924956 0)
(5.22787 2.0016 0)
(5.51212 3.9379 0)
(6.01937 4.47934 0)
(6.09044 5.47028 0)
(7.42966 6.37589 0)
(7.39653 7.85231 0)
(8.48244 7.87868 0)
(7.78129 8.03206 0)
(8.43249 6.18132 0)
(7.48206 5.93697 0)
(8.08276 3.46191 0)
(7.65183 3.82436 0)
(7.91143 1.12068 0)
(7.94816 1.01401 0)
(8.2069 -1.67815 0)
(7.86358 -1.29809 0)
(7.73905 -3.20307 0)
(7.19295 -1.41061 0)
(6.80025 -3.10892 0)
(6.45883 -0.769501 0)
(6.22336 -2.3105 0)
(5.86336 -0.174128 0)
(6.10406 -1.75564 0)
(5.67414 0.488503 0)
(5.85336 -1.61033 0)
(5.64536 0.737053 0)
(5.92166 -1.24303 0)
(5.41023 0.814974 0)
(6.01278 -1.22839 0)
(5.49658 1.09573 0)
(6.01587 -1.1516 0)
(5.41037 1.02441 0)
(6.26761 -0.97776 0)
(5.46115 1.26444 0)
(6.32091 -1.03171 0)
(5.55308 1.21035 0)
(6.67748 -0.75821 0)
(5.59849 1.43325 0)
(6.87021 -0.79506 0)
(5.91202 1.38715 0)
(7.32223 -0.423747 0)
(6.09531 1.65186 0)
(7.62758 -0.291155 0)
(6.58645 1.73285 0)
(7.96953 0.152201 0)
(6.78601 2.06578 0)
(7.99677 0.513185 0)
(6.73903 2.4659 0)
(7.53117 0.899038 0)
(6.04888 2.93045 0)
(7.30639 1.1334 0)
(4.91584 3.5894 0)
(8.93655 1.63136 0)
(5.84029 5.20713 0)
(11.451 2.19582 0)
(8.88045 8.70411 0)
(11.1731 0.0231088 0)
(11.0887 0.304216 0)
(11.376 0.383611 0)
(11.2566 0.405088 0)
(11.9259 -0.00427365 0)
(12.3412 -0.387488 0)
(12.5473 -0.473121 0)
(13.4488 -0.980588 0)
(13.5138 -1.37131 0)
(13.7412 -1.74219 0)
(14.2819 -2.26221 0)
(14.3501 -2.86178 0)
(14.3988 -3.42105 0)
(13.9183 -3.42847 0)
(13.9585 -3.50091 0)
(13.2997 -3.37358 0)
(12.2622 -2.54808 0)
(12.2772 -1.81076 0)
(11.6958 -1.18661 0)
(11.3163 -0.373854 0)
(11.2202 0.549598 0)
(10.9398 1.24743 0)
(11.3963 0.926227 0)
(11.2903 0.664188 0)
(11.0267 0.616174 0)
(11.3819 -0.148386 0)
(11.0536 -0.603099 0)
(10.7251 -1.04952 0)
(10.7338 -2.03054 0)
(9.96341 -2.37378 0)
(9.22555 -2.4941 0)
(9.22733 -3.41768 0)
(8.5197 -3.6093 0)
(6.85376 -2.20706 0)
(5.13157 -1.30418 0)
(3.90232 -2.91426 0)
(2.95408 -5.86673 0)
(2.48645 -7.90617 0)
(2.47037 -7.98013 0)
(2.99658 -6.60329 0)
(1.99318 -5.61717 0)
(3.15581 -3.87764 0)
(3.0515 -2.65069 0)
(3.60326 0.0269645 0)
(4.15915 1.81459 0)
(4.31437 3.77465 0)
(5.19868 4.19798 0)
(5.26092 5.26111 0)
(6.74834 6.012 0)
(6.67661 7.64238 0)
(7.91525 7.66121 0)
(7.50683 8.06844 0)
(8.17103 6.13449 0)
(7.66646 6.00976 0)
(8.00926 3.32722 0)
(8.02563 3.84061 0)
(8.15411 1.13227 0)
(8.32159 0.964501 0)
(8.46474 -1.6729 0)
(8.21799 -1.17021 0)
(7.89749 -3.0989 0)
(7.51764 -1.20614 0)
(7.07205 -3.00641 0)
(6.71765 -0.60353 0)
(6.43443 -2.2274 0)
(6.04701 -0.0711818 0)
(6.0752 -1.78297 0)
(5.78949 0.641805 0)
(5.72419 -1.697 0)
(5.68117 0.840425 0)
(5.79196 -1.28313 0)
(5.4136 0.924988 0)
(5.79181 -1.37115 0)
(5.50385 1.25153 0)
(5.77688 -1.27323 0)
(5.34862 1.1287 0)
(6.01502 -1.15146 0)
(5.41327 1.44911 0)
(6.03843 -1.23439 0)
(5.41449 1.33712 0)
(6.4256 -0.988732 0)
(5.48541 1.64309 0)
(6.63306 -1.09744 0)
(5.63118 1.54446 0)
(7.28714 -0.780542 0)
(5.84274 1.88507 0)
(7.93732 -0.799465 0)
(6.22418 1.85022 0)
(9.13813 -0.409435 0)
(6.7373 2.26167 0)
(10.3869 -0.0367917 0)
(7.06021 2.52406 0)
(11.7262 0.574661 0)
(7.10451 3.10774 0)
(12.1633 1.35998 0)
(5.73371 3.94124 0)
(11.0597 1.61063 0)
(5.21622 5.76235 0)
(9.44786 1.24728 0)
(9.01483 8.1409 0)
(12.4733 0.0172098 0)
(12.5481 0.254838 0)
(12.7662 0.326921 0)
(12.5647 0.259669 0)
(13.1696 -0.220109 0)
(13.4786 -0.511221 0)
(13.6845 -0.58103 0)
(14.3867 -1.13881 0)
(14.3426 -1.39665 0)
(14.4221 -1.82615 0)
(14.7935 -2.3918 0)
(14.5897 -2.77956 0)
(14.5046 -3.34143 0)
(14.0554 -3.3134 0)
(13.7811 -3.25094 0)
(13.3708 -3.07773 0)
(12.5804 -2.31699 0)
(12.5523 -1.65486 0)
(11.9891 -1.04718 0)
(11.5032 -0.284033 0)
(11.2045 0.681251 0)
(10.9625 1.31342 0)
(11.3309 0.980067 0)
(11.0555 0.708811 0)
(10.8638 0.509333 0)
(11.0211 -0.0868848 0)
(10.701 -0.467766 0)
(10.5825 -1.03763 0)
(10.4571 -1.83219 0)
(9.54838 -2.04408 0)
(9.08835 -2.4 0)
(9.23898 -3.30441 0)
(8.4551 -3.13997 0)
(6.57761 -1.49309 0)
(4.80596 -0.724262 0)
(3.58629 -2.51908 0)
(2.61986 -5.5788 0)
(1.86521 -7.81486 0)
(1.81496 -8.01708 0)
(2.25047 -6.55036 0)
(1.47478 -5.57067 0)
(2.42715 -4.00054 0)
(1.86133 -2.82393 0)
(2.50328 0.0339891 0)
(2.83772 1.55207 0)
(3.33681 3.53902 0)
(4.40166 3.87449 0)
(4.38872 5.10185 0)
(6.05015 5.7332 0)
(6.23587 7.40482 0)
(7.42525 7.37676 0)
(7.27276 7.98009 0)
(7.90319 6.03786 0)
(7.84152 6.068 0)
(7.93401 3.2389 0)
(7.99701 3.80871 0)
(8.28327 1.0172 0)
(8.63639 0.90192 0)
(8.65298 -1.68119 0)
(8.41206 -1.00817 0)
(7.88059 -2.98409 0)
(7.46954 -0.979409 0)
(6.94232 -2.91848 0)
(6.60443 -0.407858 0)
(6.45041 -2.20928 0)
(6.00286 0.119465 0)
(6.12605 -1.87902 0)
(5.75354 0.8244 0)
(5.88247 -1.80525 0)
(5.57819 0.949385 0)
(5.96159 -1.39749 0)
(5.378 1.09717 0)
(5.87049 -1.57714 0)
(5.46405 1.4025 0)
(5.91909 -1.40803 0)
(5.24564 1.28251 0)
(6.07888 -1.37982 0)
(5.35289 1.64463 0)
(6.07877 -1.43054 0)
(5.23539 1.50797 0)
(6.40875 -1.24619 0)
(5.29487 1.8836 0)
(6.53639 -1.33258 0)
(5.20672 1.79051 0)
(7.0578 -1.07674 0)
(5.32154 2.17301 0)
(7.57242 -1.0388 0)
(5.07764 2.21092 0)
(8.65032 -0.840829 0)
(5.3755 2.56212 0)
(10.1615 -0.482026 0)
(5.46322 2.8102 0)
(12.1726 -0.173042 0)
(6.5343 3.24778 0)
(14.0158 0.508206 0)
(7.70221 4.19653 0)
(14.1785 0.876324 0)
(8.60901 5.88694 0)
(11.5092 1.43887 0)
(8.96616 7.19352 0)
(13.1514 -0.0690041 0)
(13.3633 0.0884869 0)
(13.5821 0.198346 0)
(13.5826 0.156738 0)
(13.9798 -0.335427 0)
(14.0235 -0.633659 0)
(14.2937 -0.691842 0)
(14.5581 -1.23464 0)
(14.441 -1.45342 0)
(14.6002 -1.88186 0)
(14.6775 -2.44049 0)
(14.4482 -2.69865 0)
(14.3142 -3.2884 0)
(13.9313 -3.20713 0)
(13.6326 -3.03634 0)
(13.4401 -2.92668 0)
(12.8498 -2.23726 0)
(12.7568 -1.61591 0)
(12.4013 -0.924976 0)
(11.8412 -0.0566386 0)
(11.3949 0.806475 0)
(11.3377 1.24328 0)
(11.4537 1.03326 0)
(10.9714 0.822511 0)
(10.7516 0.524669 0)
(10.7425 0.0060607 0)
(10.4825 -0.408667 0)
(10.3836 -1.04586 0)
(9.93817 -1.66102 0)
(9.24579 -1.82912 0)
(9.19876 -2.34524 0)
(9.36806 -3.13433 0)
(8.37725 -2.59143 0)
(6.35531 -0.753573 0)
(4.55916 -0.103496 0)
(3.3899 -2.06641 0)
(2.31211 -5.20364 0)
(1.29626 -7.67157 0)
(1.13288 -8.01535 0)
(1.50335 -6.55106 0)
(0.994432 -5.55179 0)
(1.65887 -4.04616 0)
(0.700746 -2.80486 0)
(1.34654 -0.0127296 0)
(1.7248 1.3534 0)
(2.00292 3.28312 0)
(3.5155 3.4236 0)
(3.71675 4.86742 0)
(5.1964 5.18305 0)
(5.5159 7.17431 0)
(6.7914 7.03444 0)
(6.92256 7.86896 0)
(7.49337 5.91053 0)
(7.71652 6.11962 0)
(7.83629 3.20836 0)
(8.30628 3.81039 0)
(8.31719 0.939719 0)
(9.03005 0.828754 0)
(8.68959 -1.61693 0)
(8.56972 -0.85056 0)
(7.82179 -2.78602 0)
(7.57118 -0.735158 0)
(6.79816 -2.74842 0)
(6.67433 -0.242287 0)
(6.21951 -2.12759 0)
(6.06446 0.242328 0)
(5.87071 -1.87643 0)
(5.8215 0.930403 0)
(5.68169 -1.83402 0)
(5.60825 1.02662 0)
(5.68953 -1.45994 0)
(5.46451 1.19499 0)
(5.59945 -1.69794 0)
(5.47185 1.50017 0)
(5.70154 -1.49999 0)
(5.27251 1.37789 0)
(5.78119 -1.55453 0)
(5.37966 1.77622 0)
(5.85732 -1.58294 0)
(5.22247 1.60188 0)
(6.1071 -1.44085 0)
(5.34834 1.99727 0)
(6.23 -1.54013 0)
(5.21875 1.83754 0)
(6.5666 -1.32103 0)
(5.40904 2.22918 0)
(6.76395 -1.25274 0)
(5.10294 2.18817 0)
(7.1779 -1.16174 0)
(5.39881 2.61192 0)
(7.5041 -0.813917 0)
(4.95318 3.038 0)
(8.00857 -0.819224 0)
(5.69936 3.72228 0)
(9.41404 -0.262805 0)
(7.15079 4.77149 0)
(11.4082 0.226871 0)
(9.04806 6.03642 0)
(13.2199 1.97279 0)
(10.0065 6.43693 0)
(13.3389 -0.159424 0)
(13.4465 0.0279862 0)
(13.6103 0.0961895 0)
(13.9521 -0.00104409 0)
(14.3242 -0.362999 0)
(14.1639 -0.669807 0)
(14.3131 -0.711531 0)
(14.2771 -1.21066 0)
(14.2045 -1.5183 0)
(14.4683 -1.92344 0)
(14.2978 -2.48067 0)
(14.2544 -2.66646 0)
(14.2227 -3.15158 0)
(13.8035 -3.06846 0)
(13.5854 -2.90979 0)
(13.5456 -2.89074 0)
(13.0924 -2.09812 0)
(12.778 -1.46731 0)
(12.5446 -0.852604 0)
(12.0719 0.0903454 0)
(11.6751 0.887133 0)
(11.6162 1.26648 0)
(11.41 1.20319 0)
(11.0691 0.95909 0)
(10.8917 0.5598 0)
(10.5725 0.113809 0)
(10.2789 -0.308608 0)
(10.0296 -0.922641 0)
(9.56852 -1.45239 0)
(9.16835 -1.7405 0)
(9.35204 -2.3591 0)
(9.38954 -2.89029 0)
(8.18016 -1.98813 0)
(6.08223 0.00123812 0)
(4.33546 0.50043 0)
(3.22746 -1.61658 0)
(2.07124 -4.80808 0)
(0.849274 -7.40961 0)
(0.412504 -7.9374 0)
(0.685002 -6.60041 0)
(0.353983 -5.53902 0)
(0.783189 -4.01614 0)
(-0.399954 -2.68968 0)
(0.328808 -0.112342 0)
(0.422048 1.0589 0)
(1.13089 2.9699 0)
(2.63466 2.86225 0)
(2.89558 4.84087 0)
(4.16353 4.60633 0)
(5.07915 6.9769 0)
(6.23029 6.58326 0)
(6.65464 7.71818 0)
(7.35212 5.69434 0)
(7.70799 6.09924 0)
(7.62268 2.97361 0)
(8.57362 3.63855 0)
(8.45129 0.775087 0)
(9.16912 0.759218 0)
(8.74786 -1.54759 0)
(8.56169 -0.638864 0)
(7.90502 -2.61605 0)
(7.65301 -0.510726 0)
(6.9968 -2.60464 0)
(6.76404 -0.0849729 0)
(6.42698 -2.05736 0)
(6.07988 0.385704 0)
(6.03163 -1.91777 0)
(5.79865 1.06043 0)
(5.81084 -1.89277 0)
(5.56131 1.13381 0)
(5.78357 -1.55454 0)
(5.45104 1.34209 0)
(5.69572 -1.82791 0)
(5.39724 1.62042 0)
(5.77946 -1.60211 0)
(5.25637 1.52386 0)
(5.78234 -1.76133 0)
(5.29732 1.93154 0)
(5.91815 -1.71156 0)
(5.1392 1.7572 0)
(6.03953 -1.72439 0)
(5.24367 2.2035 0)
(6.22326 -1.71936 0)
(5.07561 2.04276 0)
(6.44505 -1.69046 0)
(5.26582 2.4577 0)
(6.76005 -1.47642 0)
(5.09786 2.38891 0)
(7.01292 -1.63886 0)
(5.45002 2.77679 0)
(7.39085 -1.10349 0)
(5.5896 3.20761 0)
(7.29372 -1.40371 0)
(6.20299 3.76081 0)
(7.77373 -1.08554 0)
(7.03671 4.98692 0)
(9.0364 -0.425645 0)
(8.05782 5.77681 0)
(11.8758 1.67302 0)
(10.781 5.89219 0)
(13.1327 -0.131633 0)
(13.1657 0.105862 0)
(13.6335 0.00162977 0)
(13.9736 -0.188274 0)
(14.189 -0.366712 0)
(13.9476 -0.657146 0)
(13.9565 -0.689818 0)
(14.0898 -1.16115 0)
(14.167 -1.62678 0)
(14.3995 -1.94832 0)
(14.2094 -2.40934 0)
(14.2398 -2.63041 0)
(14.1278 -3.0681 0)
(13.7364 -3.0349 0)
(13.7073 -2.85483 0)
(13.445 -2.8163 0)
(12.8762 -1.99287 0)
(12.7216 -1.36103 0)
(12.5258 -0.749923 0)
(11.7766 0.317458 0)
(11.5609 1.03499 0)
(11.6594 1.30457 0)
(11.2654 1.31465 0)
(11.0189 1.03919 0)
(10.7402 0.672623 0)
(10.3607 0.30105 0)
(10.0521 -0.170255 0)
(9.68965 -0.786756 0)
(9.42932 -1.29161 0)
(9.28551 -1.69223 0)
(9.29973 -2.36404 0)
(9.09315 -2.61207 0)
(7.79791 -1.32028 0)
(5.72907 0.756235 0)
(4.11377 1.06407 0)
(3.16064 -1.14937 0)
(1.987 -4.30916 0)
(0.535768 -7.01473 0)
(-0.287716 -7.78587 0)
(-0.19108 -6.65106 0)
(-0.435266 -5.55577 0)
(-0.221306 -3.885 0)
(-1.48093 -2.56488 0)
(-0.634575 -0.247902 0)
(-0.627903 0.89806 0)
(0.0508439 2.60232 0)
(1.69043 2.16147 0)
(2.50224 4.66369 0)
(3.29882 3.9657 0)
(4.09093 6.77232 0)
(5.47095 5.91474 0)
(6.24619 7.44727 0)
(6.89298 5.4174 0)
(7.66647 5.95892 0)
(7.55482 2.80664 0)
(8.7529 3.51772 0)
(8.49952 0.675875 0)
(9.31493 0.76831 0)
(8.54471 -1.38624 0)
(8.63343 -0.474429 0)
(7.65707 -2.40255 0)
(7.62946 -0.342347 0)
(6.71215 -2.40736 0)
(6.71162 0.0487575 0)
(6.16442 -1.91339 0)
(6.11444 0.489495 0)
(5.8007 -1.84639 0)
(5.8553 1.1057 0)
(5.65246 -1.8275 0)
(5.61028 1.16807 0)
(5.59836 -1.56068 0)
(5.54136 1.38354 0)
(5.50547 -1.8583 0)
(5.44292 1.6581 0)
(5.58567 -1.68696 0)
(5.33334 1.59728 0)
(5.58186 -1.86099 0)
(5.32603 2.00145 0)
(5.72626 -1.84911 0)
(5.21997 1.85333 0)
(5.78534 -1.87267 0)
(5.27073 2.28211 0)
(5.99607 -1.89936 0)
(5.19185 2.13729 0)
(6.08797 -1.91319 0)
(5.30627 2.56471 0)
(6.32344 -1.74743 0)
(5.22977 2.55512 0)
(6.40899 -1.94089 0)
(5.47243 3.01078 0)
(6.77096 -1.49911 0)
(5.67995 3.44774 0)
(6.80239 -1.85042 0)
(6.20997 3.9633 0)
(7.5184 -1.33681 0)
(7.09741 4.86493 0)
(8.20472 -0.484146 0)
(7.76652 5.335 0)
(9.44781 1.09358 0)
(10.5914 5.2406 0)
(12.986 -0.127073 0)
(13.2393 -0.00524377 0)
(13.8613 -0.156822 0)
(13.8193 -0.262201 0)
(13.8433 -0.289389 0)
(13.7786 -0.598052 0)
(13.8945 -0.759903 0)
(14.1737 -1.22758 0)
(14.2015 -1.6593 0)
(14.2273 -1.90251 0)
(14.0645 -2.3906 0)
(14.1025 -2.63654 0)
(13.9306 -2.9277 0)
(13.5677 -2.97058 0)
(13.4856 -2.80408 0)
(12.9823 -2.60769 0)
(12.4396 -1.81907 0)
(12.3314 -1.23921 0)
(11.8735 -0.535846 0)
(11.2417 0.504037 0)
(11.4644 1.00736 0)
(11.2995 1.35682 0)
(10.7585 1.51177 0)
(10.6525 1.20072 0)
(10.2804 0.813022 0)
(9.95443 0.40975 0)
(9.68315 -0.0201403 0)
(9.3484 -0.640841 0)
(9.26612 -1.25182 0)
(9.18293 -1.69275 0)
(9.02032 -2.24112 0)
(8.5885 -2.20492 0)
(7.2575 -0.635984 0)
(5.29725 1.44153 0)
(3.9562 1.56738 0)
(3.20895 -0.677523 0)
(2.02595 -3.77408 0)
(0.384811 -6.4919 0)
(-0.863357 -7.53583 0)
(-1.03081 -6.69334 0)
(-1.34854 -5.4849 0)
(-1.2918 -3.77152 0)
(-2.41052 -2.511 0)
(-1.34189 -0.375992 0)
(-1.71779 0.69129 0)
(-0.605731 2.05444 0)
(0.61866 1.52811 0)
(1.59523 4.55486 0)
(1.97136 3.10618 0)
(3.75846 6.72812 0)
(4.48569 5.16929 0)
(6.0566 7.31739 0)
(6.53457 5.0414 0)
(7.7417 5.79993 0)
(7.51861 2.58813 0)
(8.94126 3.34863 0)
(8.22836 0.522836 0)
(9.29746 0.757846 0)
(8.25536 -1.2608 0)
(8.57355 -0.325413 0)
(7.51203 -2.16533 0)
(7.54316 -0.139984 0)
(6.66332 -2.19193 0)
(6.70163 0.18036 0)
(6.09967 -1.76625 0)
(6.12636 0.567979 0)
(5.78283 -1.77842 0)
(5.82625 1.16837 0)
(5.67042 -1.75399 0)
(5.6109 1.22065 0)
(5.54216 -1.53171 0)
(5.54807 1.47372 0)
(5.52166 -1.83165 0)
(5.39764 1.72919 0)
(5.5624 -1.65161 0)
(5.34246 1.68646 0)
(5.56882 -1.92543 0)
(5.27284 2.07448 0)
(5.69485 -1.89234 0)
(5.19316 1.96992 0)
(5.76011 -2.06029 0)
(5.21894 2.4052 0)
(5.9594 -2.06404 0)
(5.1587 2.33358 0)
(6.02639 -2.20684 0)
(5.24023 2.77286 0)
(6.31863 -1.99441 0)
(5.38678 2.79139 0)
(6.37473 -2.34838 0)
(5.54022 3.21002 0)
(6.6907 -1.87104 0)
(6.07024 3.70576 0)
(6.77029 -2.07624 0)
(6.50699 3.89471 0)
(7.10641 -1.53118 0)
(7.26495 4.65737 0)
(7.63002 -0.428529 0)
(7.94838 4.80114 0)
(8.24622 0.906716 0)
(9.91118 4.41383 0)
(13.2207 -0.207338 0)
(13.4579 -0.13763 0)
(13.6994 -0.155562 0)
(13.4786 -0.20747 0)
(13.6303 -0.28614 0)
(13.8002 -0.673017 0)
(13.9612 -0.874759 0)
(14.0554 -1.21398 0)
(13.9459 -1.63458 0)
(13.9942 -1.8822 0)
(13.9245 -2.30888 0)
(13.8355 -2.58104 0)
(13.4978 -2.84039 0)
(13.1106 -2.88669 0)
(12.7827 -2.62122 0)
(12.0265 -2.3541 0)
(11.6282 -1.70124 0)
(11.4678 -1.09239 0)
(10.8808 -0.351141 0)
(10.6764 0.50274 0)
(10.885 1.05007 0)
(10.4414 1.55269 0)
(10.2553 1.59288 0)
(10.1296 1.30199 0)
(9.69991 0.952781 0)
(9.61376 0.513647 0)
(9.37172 0.0996926 0)
(9.14426 -0.567886 0)
(9.04689 -1.24718 0)
(8.78167 -1.6606 0)
(8.43101 -2.048 0)
(7.88794 -1.77074 0)
(6.60878 -0.0219216 0)
(4.84818 2.01157 0)
(3.85981 1.96394 0)
(3.36958 -0.265937 0)
(2.23944 -3.17935 0)
(0.454062 -5.85966 0)
(-1.23334 -7.15933 0)
(-1.75848 -6.54618 0)
(-2.12627 -5.27123 0)
(-2.28174 -3.62187 0)
(-3.05767 -2.39796 0)
(-1.97263 -0.392296 0)
(-2.7771 0.57983 0)
(-0.84177 1.57274 0)
(-0.641684 0.90643 0)
(1.35082 4.61042 0)
(0.914826 2.6295 0)
(2.64584 6.42403 0)
(2.92392 4.01515 0)
(5.62296 7.05582 0)
(5.6042 4.45826 0)
(7.48537 5.46038 0)
(6.98928 2.32885 0)
(8.83403 3.19232 0)
(8.04504 0.46857 0)
(9.18179 0.824888 0)
(8.07085 -1.07085 0)
(8.44727 -0.20076 0)
(7.4059 -1.89918 0)
(7.4026 -0.0325655 0)
(6.64653 -2.00578 0)
(6.65987 0.265873 0)
(6.04654 -1.64057 0)
(6.17112 0.592852 0)
(5.77597 -1.64707 0)
(5.85131 1.13384 0)
(5.61055 -1.66442 0)
(5.70795 1.22197 0)
(5.45714 -1.49097 0)
(5.60483 1.41994 0)
(5.45193 -1.73816 0)
(5.47046 1.70449 0)
(5.41157 -1.64477 0)
(5.43123 1.67466 0)
(5.44384 -1.83252 0)
(5.31149 2.08463 0)
(5.5274 -1.8526 0)
(5.31119 1.99742 0)
(5.57206 -2.01266 0)
(5.25131 2.42673 0)
(5.72645 -2.07931 0)
(5.28428 2.38191 0)
(5.79118 -2.25548 0)
(5.32549 2.80365 0)
(6.00419 -2.18372 0)
(5.50058 2.90657 0)
(6.11577 -2.42395 0)
(5.65532 3.31329 0)
(6.37801 -2.09771 0)
(6.12787 3.72603 0)
(6.7019 -2.07572 0)
(6.60354 3.8929 0)
(7.07655 -1.4917 0)
(7.33221 4.34337 0)
(7.74646 -0.274959 0)
(8.12872 4.22899 0)
(8.57889 1.02783 0)
(9.55061 3.51383 0)
(13.2902 -0.221645 0)
(13.2443 -0.0811164 0)
(13.3287 -0.0598732 0)
(13.3857 -0.249747 0)
(13.6972 -0.364607 0)
(13.7968 -0.690762 0)
(13.8231 -0.915471 0)
(13.8275 -1.1645 0)
(13.7884 -1.56567 0)
(13.8088 -1.87552 0)
(13.5477 -2.25837 0)
(13.2476 -2.48985 0)
(12.7363 -2.63524 0)
(12.0893 -2.65945 0)
(11.4879 -2.38038 0)
(10.7574 -2.08411 0)
(10.4362 -1.54425 0)
(10.0367 -0.915882 0)
(9.53354 -0.21994 0)
(9.68202 0.499911 0)
(9.71503 1.12184 0)
(9.49547 1.5538 0)
(9.63275 1.59287 0)
(9.37256 1.46022 0)
(9.22138 1.04661 0)
(9.14732 0.578339 0)
(8.77342 0.178803 0)
(8.72987 -0.508443 0)
(8.60755 -1.14641 0)
(8.15731 -1.50898 0)
(7.63952 -1.77691 0)
(7.00201 -1.29916 0)
(5.81051 0.536581 0)
(4.37574 2.44764 0)
(3.82375 2.2141 0)
(3.66293 0.105311 0)
(2.63662 -2.56521 0)
(0.739537 -5.12568 0)
(-1.33064 -6.63884 0)
(-2.20927 -6.22469 0)
(-2.62901 -4.9761 0)
(-2.90669 -3.60636 0)
(-3.32466 -2.41543 0)
(-2.54808 -0.465452 0)
(-3.85273 0.292269 0)
(-1.04152 0.824086 0)
(-1.98357 0.579678 0)
(0.43013 4.12053 0)
(-0.958081 1.67786 0)
(2.62621 6.57278 0)
(1.19475 3.13408 0)
(5.0824 6.97874 0)
(4.6705 3.80263 0)
(7.21664 5.15148 0)
(6.64395 2.14951 0)
(8.49895 3.00405 0)
(7.70769 0.342248 0)
(8.91161 0.837951 0)
(7.58656 -0.930792 0)
(8.33263 -0.133645 0)
(7.02189 -1.65407 0)
(7.34334 0.0800268 0)
(6.38479 -1.79475 0)
(6.63747 0.323275 0)
(5.80322 -1.4403 0)
(6.24684 0.540758 0)
(5.53737 -1.49276 0)
(5.89799 1.08684 0)
(5.45035 -1.53787 0)
(5.73947 1.15012 0)
(5.30979 -1.3458 0)
(5.63171 1.36309 0)
(5.31885 -1.64323 0)
(5.48962 1.67026 0)
(5.31946 -1.53561 0)
(5.44079 1.64987 0)
(5.37202 -1.7656 0)
(5.32037 2.06024 0)
(5.46393 -1.81323 0)
(5.32395 1.99615 0)
(5.51365 -1.96597 0)
(5.24512 2.43725 0)
(5.69107 -2.03756 0)
(5.30757 2.44143 0)
(5.76319 -2.23987 0)
(5.33824 2.89057 0)
(5.99107 -2.1491 0)
(5.58888 2.97486 0)
(6.1653 -2.46078 0)
(5.74526 3.34026 0)
(6.38118 -2.07341 0)
(6.24247 3.72803 0)
(6.76813 -1.99318 0)
(6.7452 3.66475 0)
(7.18787 -1.37846 0)
(7.37683 3.8662 0)
(7.98612 -0.102569 0)
(8.18511 3.59585 0)
(8.96437 1.0699 0)
(9.59903 2.79251 0)
(13.1353 -0.178494 0)
(13.1493 -0.0548139 0)
(13.3974 -0.0929361 0)
(13.4757 -0.335005 0)
(13.6038 -0.413877 0)
(13.6075 -0.658613 0)
(13.593 -0.914394 0)
(13.5164 -1.15651 0)
(13.3942 -1.53772 0)
(13.1843 -1.79444 0)
(12.686 -2.06883 0)
(12.1489 -2.28618 0)
(11.4364 -2.36966 0)
(10.6256 -2.33322 0)
(9.90141 -2.09985 0)
(9.19075 -1.83497 0)
(8.72539 -1.30274 0)
(8.24754 -0.68842 0)
(8.05011 -0.186295 0)
(8.1676 0.488396 0)
(8.08042 1.1785 0)
(8.3488 1.51266 0)
(8.51713 1.61639 0)
(8.34145 1.51968 0)
(8.47518 1.07118 0)
(8.26721 0.680689 0)
(8.11041 0.234867 0)
(8.20803 -0.487933 0)
(7.82325 -1.00919 0)
(7.13884 -1.28907 0)
(6.5791 -1.4796 0)
(5.98162 -0.854623 0)
(4.93465 1.02475 0)
(3.89669 2.72412 0)
(3.87173 2.308 0)
(4.07748 0.375238 0)
(3.21907 -1.94707 0)
(1.25181 -4.30974 0)
(-1.18051 -5.97867 0)
(-2.48004 -5.90397 0)
(-2.91985 -4.74528 0)
(-3.45376 -3.59577 0)
(-3.70733 -2.34876 0)
(-3.29217 -0.381632 0)
(-4.73696 0.143995 0)
(-0.862538 0.386584 0)
(-4.6182 0.697198 0)
(0.177609 4.36803 0)
(-2.39877 1.46852 0)
(1.54199 6.10782 0)
(-1.38102 1.88792 0)
(4.71014 6.45969 0)
(3.2044 2.92713 0)
(6.47256 4.71195 0)
(5.93524 1.89982 0)
(8.12388 2.68863 0)
(7.12615 0.237366 0)
(8.67873 0.875566 0)
(7.22859 -0.789086 0)
(8.25676 -0.083641 0)
(6.75997 -1.3604 0)
(7.21426 0.0980083 0)
(6.35566 -1.56153 0)
(6.55737 0.357193 0)
(5.81811 -1.29789 0)
(6.30634 0.495943 0)
(5.56128 -1.29357 0)
(5.94043 0.9536 0)
(5.50786 -1.37663 0)
(5.79023 1.07125 0)
(5.27045 -1.23282 0)
(5.72816 1.19379 0)
(5.28167 -1.45582 0)
(5.50246 1.5176 0)
(5.25795 -1.41371 0)
(5.54834 1.48347 0)
(5.23217 -1.58258 0)
(5.34517 1.89784 0)
(5.33603 -1.67812 0)
(5.43053 1.88779 0)
(5.31665 -1.81629 0)
(5.29512 2.32028 0)
(5.47994 -1.96567 0)
(5.42581 2.38618 0)
(5.56436 -2.13305 0)
(5.41159 2.80498 0)
(5.7579 -2.16561 0)
(5.62785 2.93067 0)
(5.99347 -2.32483 0)
(5.8117 3.29055 0)
(6.28196 -2.0601 0)
(6.24755 3.47328 0)
(6.77608 -1.84578 0)
(6.67062 3.29155 0)
(7.27765 -1.17623 0)
(7.26942 3.3232 0)
(8.09124 0.0917837 0)
(8.20402 2.97657 0)
(9.06146 1.00805 0)
(9.69723 2.24724 0)
(12.9123 -0.186825 0)
(12.988 -0.0990756 0)
(13.1218 -0.0959167 0)
(13.1244 -0.309801 0)
(13.1675 -0.405968 0)
(13.0624 -0.631626 0)
(12.943 -0.894486 0)
(12.7493 -1.09751 0)
(12.4134 -1.39986 0)
(11.9617 -1.61947 0)
(11.3624 -1.84323 0)
(10.6344 -1.99741 0)
(9.70465 -2.02295 0)
(8.81385 -1.99384 0)
(8.00882 -1.78155 0)
(7.23769 -1.4836 0)
(6.78228 -1.06371 0)
(6.50914 -0.622015 0)
(6.34084 -0.130941 0)
(6.2681 0.561902 0)
(6.50428 1.07279 0)
(6.95301 1.35231 0)
(6.97046 1.58615 0)
(7.18729 1.45953 0)
(7.37008 1.07999 0)
(7.18387 0.738315 0)
(7.37597 0.190659 0)
(7.37756 -0.40313 0)
(6.73102 -0.750903 0)
(5.98441 -1.03892 0)
(5.45769 -1.18593 0)
(4.90229 -0.452981 0)
(4.04588 1.39013 0)
(3.47169 2.79527 0)
(4.00581 2.21461 0)
(4.6037 0.533437 0)
(3.95608 -1.35139 0)
(1.94369 -3.39624 0)
(-0.839984 -5.1553 0)
(-2.71144 -5.46406 0)
(-3.22698 -4.52037 0)
(-4.05768 -3.53505 0)
(-4.48692 -2.10814 0)
(-4.83971 -0.306859 0)
(-5.90741 -0.181168 0)
(-2.76038 0.0684541 0)
(-6.57951 0.756989 0)
(-0.145919 3.53392 0)
(-5.5574 0.719397 0)
(2.03786 6.54574 0)
(-4.04647 1.5719 0)
(4.24107 6.06655 0)
(1.62958 2.27073 0)
(5.81358 4.24369 0)
(5.31392 1.5695 0)
(7.70128 2.39158 0)
(6.79153 0.163106 0)
(8.10466 0.852291 0)
(7.04266 -0.696624 0)
(7.94249 -0.0629037 0)
(6.52666 -1.09729 0)
(7.15058 0.0959138 0)
(6.31019 -1.37016 0)
(6.53799 0.373706 0)
(5.72584 -1.14622 0)
(6.46095 0.41243 0)
(5.35178 -1.10936 0)
(6.06058 0.848316 0)
(5.29034 -1.23646 0)
(5.89483 0.966339 0)
(5.07141 -1.0667 0)
(5.80882 1.04831 0)
(5.10111 -1.27169 0)
(5.56774 1.3729 0)
(5.1304 -1.27018 0)
(5.61855 1.32224 0)
(5.07718 -1.38003 0)
(5.42047 1.70313 0)
(5.26403 -1.5351 0)
(5.48943 1.6978 0)
(5.19125 -1.6027 0)
(5.34989 2.10823 0)
(5.45828 -1.7914 0)
(5.4813 2.16488 0)
(5.51135 -1.93311 0)
(5.42683 2.62331 0)
(5.75776 -1.96972 0)
(5.68818 2.68821 0)
(6.04982 -2.16238 0)
(5.86343 2.98062 0)
(6.33148 -1.84171 0)
(6.22749 3.09006 0)
(6.88351 -1.61692 0)
(6.62601 2.79277 0)
(7.39421 -0.955118 0)
(7.19544 2.7152 0)
(8.13275 0.231291 0)
(8.29848 2.41045 0)
(9.1172 0.915438 0)
(9.75697 1.80571 0)
(12.1322 -0.14897 0)
(12.1694 -0.067647 0)
(12.2597 -0.0915946 0)
(12.1872 -0.299532 0)
(12.1177 -0.387491 0)
(11.966 -0.565866 0)
(11.7393 -0.80518 0)
(11.4004 -0.976766 0)
(10.9509 -1.2088 0)
(10.3784 -1.39973 0)
(9.60955 -1.54406 0)
(8.71718 -1.62575 0)
(7.75613 -1.63862 0)
(6.80868 -1.5933 0)
(5.96886 -1.42771 0)
(5.33338 -1.24807 0)
(4.96575 -0.947178 0)
(4.65167 -0.514077 0)
(4.44581 -0.0475208 0)
(4.55403 0.467311 0)
(4.87915 0.909145 0)
(5.11471 1.28467 0)
(5.43025 1.4549 0)
(5.90414 1.32436 0)
(5.96606 1.08778 0)
(6.16153 0.668977 0)
(6.50369 0.136699 0)
(6.17566 -0.22323 0)
(5.40044 -0.461599 0)
(4.78371 -0.800342 0)
(4.32619 -0.915736 0)
(3.80486 -0.0999665 0)
(3.18419 1.63652 0)
(3.12604 2.66457 0)
(4.19953 1.93787 0)
(5.18994 0.560697 0)
(4.79668 -0.799047 0)
(2.81308 -2.42004 0)
(-0.204039 -4.12765 0)
(-2.71643 -4.81438 0)
(-3.62374 -4.14856 0)
(-4.6665 -3.22228 0)
(-5.09274 -1.70809 0)
(-5.64356 -0.10104 0)
(-6.13223 -0.210806 0)
(-3.22477 -0.164843 0)
(-7.00486 0.399913 0)
(-0.340365 3.43513 0)
(-8.28305 0.631717 0)
(0.791467 5.60872 0)
(-5.81768 0.200188 0)
(4.51288 5.08328 0)
(0.621089 1.58863 0)
(5.81243 3.46517 0)
(4.48982 1.22773 0)
(7.25776 1.93487 0)
(6.2893 0.127971 0)
(7.77946 0.757751 0)
(6.75691 -0.621033 0)
(7.87982 -0.014776 0)
(6.07114 -0.852121 0)
(7.48683 -0.00381077 0)
(5.91332 -1.10567 0)
(6.66571 0.359754 0)
(5.54913 -0.996374 0)
(6.63599 0.35217 0)
(4.99498 -0.870956 0)
(6.2535 0.671008 0)
(5.17234 -1.00641 0)
(5.8916 0.851151 0)
(4.92679 -0.888772 0)
(5.95323 0.855816 0)
(4.9677 -1.02224 0)
(5.55421 1.15986 0)
(5.02324 -1.08038 0)
(5.70286 1.13715 0)
(4.89143 -1.14216 0)
(5.46465 1.41966 0)
(5.0706 -1.31912 0)
(5.56334 1.50006 0)
(4.96963 -1.36784 0)
(5.43665 1.7665 0)
(5.20748 -1.58681 0)
(5.55921 1.91318 0)
(5.27502 -1.6777 0)
(5.48685 2.24825 0)
(5.54718 -1.79152 0)
(5.7714 2.31653 0)
(5.87687 -1.88409 0)
(5.83211 2.59155 0)
(6.24173 -1.63346 0)
(6.1773 2.56625 0)
(6.82198 -1.36826 0)
(6.55994 2.26978 0)
(7.34868 -0.708912 0)
(7.11908 2.17232 0)
(8.0843 0.316666 0)
(8.40112 1.91941 0)
(9.15918 0.799151 0)
(9.77908 1.39974 0)
(10.8061 -0.115544 0)
(10.8269 -0.0914863 0)
(10.8355 -0.0933386 0)
(10.7051 -0.235971 0)
(10.5999 -0.333644 0)
(10.3891 -0.483269 0)
(10.0921 -0.676107 0)
(9.68652 -0.814902 0)
(9.13621 -0.982481 0)
(8.46421 -1.10694 0)
(7.63287 -1.18728 0)
(6.67392 -1.22926 0)
(5.66879 -1.23057 0)
(4.73735 -1.22534 0)
(3.99986 -1.16283 0)
(3.43943 -1.02972 0)
(3.04657 -0.76795 0)
(2.7756 -0.418051 0)
(2.66336 -0.043052 0)
(2.78552 0.401742 0)
(3.03896 0.804479 0)
(3.42652 1.08336 0)
(3.92634 1.23108 0)
(4.29346 1.22238 0)
(4.67322 0.953859 0)
(5.21745 0.497621 0)
(5.26815 0.185 0)
(4.71514 0.0366057 0)
(4.12759 -0.221894 0)
(3.69571 -0.605199 0)
(3.2553 -0.654811 0)
(2.79564 0.179155 0)
(2.47133 1.66981 0)
(2.94074 2.27183 0)
(4.45854 1.44926 0)
(5.75458 0.441611 0)
(5.63477 -0.338713 0)
(3.82937 -1.44658 0)
(0.791475 -2.9813 0)
(-2.243 -3.97377 0)
(-3.79546 -3.66863 0)
(-4.95374 -2.77342 0)
(-5.56012 -1.35887 0)
(-5.90246 -0.197599 0)
(-5.95288 -0.583526 0)
(-3.47454 -0.432527 0)
(-7.22377 0.580078 0)
(-2.55185 3.07233 0)
(-9.41227 0.382888 0)
(2.552 6.32643 0)
(-3.24954 -0.266684 0)
(4.08669 3.77958 0)
(0.749787 1.23035 0)
(5.67849 2.85541 0)
(3.87509 1.05397 0)
(7.30599 1.47409 0)
(5.66822 0.113206 0)
(7.69887 0.581313 0)
(6.33724 -0.583411 0)
(7.58414 0.0599889 0)
(5.86571 -0.73927 0)
(7.65642 -0.0706856 0)
(5.59535 -0.830317 0)
(6.91784 0.275925 0)
(5.62566 -0.859677 0)
(6.57747 0.371669 0)
(5.00085 -0.664813 0)
(6.48904 0.456213 0)
(5.08144 -0.782776 0)
(5.92556 0.770821 0)
(4.95717 -0.765065 0)
(6.11695 0.658141 0)
(4.78721 -0.764087 0)
(5.74558 0.968129 0)
(4.95356 -0.950329 0)
(5.8492 0.945946 0)
(4.71811 -0.877589 0)
(5.67468 1.16204 0)
(4.9903 -1.13618 0)
(5.68874 1.24873 0)
(4.86729 -1.07745 0)
(5.57732 1.46388 0)
(5.16078 -1.34097 0)
(5.66423 1.56327 0)
(5.23453 -1.35385 0)
(5.50357 1.89285 0)
(5.53505 -1.50919 0)
(5.80326 1.87437 0)
(5.87766 -1.55567 0)
(5.77419 2.12442 0)
(6.22249 -1.33414 0)
(6.09583 2.06608 0)
(6.77245 -1.10463 0)
(6.58937 1.75692 0)
(7.3495 -0.487031 0)
(7.20787 1.65027 0)
(8.03413 0.339639 0)
(8.51799 1.45876 0)
(9.24465 0.661989 0)
(9.80221 1.06519 0)
(9.06175 -0.081579 0)
(9.0405 -0.0871149 0)
(8.97975 -0.0838971 0)
(8.84597 -0.184916 0)
(8.71921 -0.269074 0)
(8.48323 -0.380919 0)
(8.1434 -0.520967 0)
(7.68903 -0.614954 0)
(7.09691 -0.71548 0)
(6.3669 -0.782618 0)
(5.49753 -0.80757 0)
(4.5423 -0.82599 0)
(3.6292 -0.856208 0)
(2.82858 -0.904355 0)
(2.16045 -0.909438 0)
(1.61521 -0.82633 0)
(1.21401 -0.628644 0)
(0.964024 -0.340387 0)
(0.883823 -0.0223703 0)
(1.02189 0.33103 0)
(1.31284 0.656064 0)
(1.77643 0.903372 0)
(2.32619 1.04124 0)
(2.94747 0.954809 0)
(3.58944 0.6724 0)
(3.8969 0.430236 0)
(3.70448 0.345632 0)
(3.36751 0.235499 0)
(3.129 -0.0908661 0)
(2.82057 -0.462582 0)
(2.37165 -0.448052 0)
(1.96945 0.349603 0)
(1.92412 1.51976 0)
(2.93475 1.67696 0)
(4.70147 0.828046 0)
(6.10851 0.222868 0)
(6.29371 0.0016131 0)
(4.88722 -0.572161 0)
(2.11666 -1.78131 0)
(-1.16537 -2.97308 0)
(-3.43197 -3.13217 0)
(-4.58236 -2.40364 0)
(-5.32696 -1.17287 0)
(-5.26088 -0.228552 0)
(-5.21629 -0.646953 0)
(-3.8701 -0.523639 0)
(-7.72209 0.974071 0)
(-2.5355 2.9148 0)
(-8.23022 -1.33764 0)
(5.06307 3.90006 0)
(-1.16917 0.0748267 0)
(2.91263 2.80918 0)
(0.373768 0.780227 0)
(5.09762 2.29171 0)
(3.17089 0.623039 0)
(7.13345 1.03902 0)
(4.77131 0.125624 0)
(7.92919 0.286945 0)
(5.77823 -0.452058 0)
(8.04431 -0.0188432 0)
(5.94104 -0.650644 0)
(8.01637 -0.119255 0)
(5.45124 -0.558385 0)
(7.53723 0.0842936 0)
(5.28342 -0.58241 0)
(6.7989 0.338097 0)
(4.917 -0.49118 0)
(6.64096 0.326481 0)
(4.52183 -0.462277 0)
(6.2543 0.545747 0)
(4.61303 -0.573749 0)
(6.03548 0.558684 0)
(4.2899 -0.496685 0)
(6.04679 0.652975 0)
(4.41801 -0.691598 0)
(5.74038 0.800195 0)
(4.32567 -0.626274 0)
(5.9 0.806454 0)
(4.43804 -0.842122 0)
(5.61281 1.03548 0)
(4.49848 -0.808212 0)
(5.7992 1.04735 0)
(4.71459 -1.04197 0)
(5.61542 1.25659 0)
(4.82308 -1.02812 0)
(5.69545 1.40766 0)
(5.2767 -1.21213 0)
(5.78396 1.41118 0)
(5.50314 -1.18607 0)
(5.67925 1.64707 0)
(6.01301 -1.03788 0)
(6.06813 1.52122 0)
(6.61169 -0.866826 0)
(6.54185 1.25322 0)
(7.15154 -0.296811 0)
(7.16963 1.24176 0)
(7.95343 0.317869 0)
(8.48748 1.04258 0)
(9.28371 0.471939 0)
(9.85539 0.755262 0)
(6.98062 -0.0413358 0)
(6.92946 -0.0658358 0)
(6.84364 -0.0576452 0)
(6.72939 -0.123171 0)
(6.59313 -0.185552 0)
(6.34092 -0.25471 0)
(5.98055 -0.339537 0)
(5.50366 -0.389016 0)
(4.90394 -0.429862 0)
(4.20011 -0.447255 0)
(3.42304 -0.44808 0)
(2.62936 -0.477309 0)
(1.88693 -0.546491 0)
(1.17158 -0.622004 0)
(0.490348 -0.657523 0)
(-0.0978346 -0.621751 0)
(-0.531778 -0.487691 0)
(-0.780131 -0.281386 0)
(-0.826691 -0.0457372 0)
(-0.658402 0.222779 0)
(-0.310608 0.464826 0)
(0.24634 0.633137 0)
(0.905839 0.697843 0)
(1.56725 0.652628 0)
(2.04615 0.552959 0)
(2.27436 0.472455 0)
(2.38049 0.404382 0)
(2.50731 0.247883 0)
(2.50237 -0.0322733 0)
(2.15451 -0.286098 0)
(1.62385 -0.207259 0)
(1.34729 0.445371 0)
(1.84777 1.13235 0)
(3.42713 0.910365 0)
(4.9485 0.139711 0)
(5.90753 -0.133302 0)
(6.31234 0.152377 0)
(5.63077 0.148078 0)
(3.57511 -0.655429 0)
(0.481241 -1.78743 0)
(-2.49667 -2.28664 0)
(-4.06871 -1.88324 0)
(-4.85754 -1.08049 0)
(-4.8152 -0.540718 0)
(-4.5346 -0.642263 0)
(-3.93366 -0.137403 0)
(-8.07209 1.29044 0)
(-1.17836 2.47971 0)
(-6.33523 -1.81806 0)
(2.92123 1.69829 0)
(-3.64794 0.664781 0)
(3.57025 2.50729 0)
(-0.207756 0.61931 0)
(5.768 1.49543 0)
(2.91903 0.373386 0)
(7.44155 0.620228 0)
(4.78937 -0.00198302 0)
(8.4684 -0.00928606 0)
(5.45075 -0.400141 0)
(8.51483 -0.219627 0)
(5.17868 -0.49502 0)
(7.96717 -0.110789 0)
(4.47108 -0.380734 0)
(7.53311 0.0522652 0)
(3.98797 -0.303075 0)
(7.09632 0.203346 0)
(3.89819 -0.304047 0)
(6.85204 0.283242 0)
(3.67459 -0.280849 0)
(6.77526 0.335198 0)
(3.79879 -0.32098 0)
(6.52495 0.411878 0)
(3.78298 -0.341959 0)
(6.58532 0.444913 0)
(3.89139 -0.385368 0)
(6.30177 0.54822 0)
(4.06411 -0.431677 0)
(6.36507 0.572631 0)
(4.13341 -0.481533 0)
(6.06591 0.709305 0)
(4.38234 -0.543305 0)
(6.13057 0.732976 0)
(4.49731 -0.624872 0)
(5.81638 0.894744 0)
(4.71066 -0.683577 0)
(5.89311 0.943266 0)
(5.04855 -0.794405 0)
(5.67093 1.02614 0)
(5.19787 -0.787241 0)
(5.69606 1.12521 0)
(5.72019 -0.737042 0)
(6.04098 1.03734 0)
(6.22353 -0.598297 0)
(6.39972 0.888802 0)
(6.66362 -0.14692 0)
(7.27901 0.79584 0)
(7.76527 0.231423 0)
(8.60071 0.622132 0)
(9.13663 0.241324 0)
(9.84871 0.456714 0)
(4.64324 -0.0218183 0)
(4.57018 -0.0480675 0)
(4.48739 -0.0375977 0)
(4.38967 -0.0685803 0)
(4.24081 -0.0990484 0)
(3.99616 -0.128134 0)
(3.6636 -0.161464 0)
(3.24228 -0.168632 0)
(2.75151 -0.164943 0)
(2.22798 -0.156345 0)
(1.6967 -0.160439 0)
(1.14923 -0.202448 0)
(0.553806 -0.274301 0)
(-0.114875 -0.35278 0)
(-0.824988 -0.400353 0)
(-1.49943 -0.403307 0)
(-2.02874 -0.331042 0)
(-2.34461 -0.206822 0)
(-2.42081 -0.0540268 0)
(-2.25675 0.124396 0)
(-1.87173 0.289654 0)
(-1.2749 0.413684 0)
(-0.584968 0.471236 0)
(0.114242 0.467506 0)
(0.722085 0.412735 0)
(1.24356 0.343283 0)
(1.717 0.27362 0)
(2.10077 0.176773 0)
(2.1994 0.0395048 0)
(1.9316 -0.0816136 0)
(1.55858 -0.0253481 0)
(1.61062 0.275848 0)
(2.58831 0.494529 0)
(4.06593 0.251958 0)
(4.74129 -0.148213 0)
(4.69307 -0.229685 0)
(4.79106 0.107336 0)
(5.09343 0.44207 0)
(4.65884 0.257499 0)
(2.71909 -0.580868 0)
(-0.311216 -1.33703 0)
(-2.79255 -1.27236 0)
(-3.93072 -0.845118 0)
(-4.63687 -0.650889 0)
(-4.89104 -0.477098 0)
(-4.45902 0.13247 0)
(-7.74308 0.5867 0)
(2.1425 1.4474 0)
(-4.97657 -1.19615 0)
(0.948161 1.45057 0)
(-3.23457 0.330096 0)
(3.45666 1.42098 0)
(0.997593 0.485707 0)
(5.33035 0.650903 0)
(3.6763 0.149497 0)
(6.49196 0.152863 0)
(4.86146 -0.117516 0)
(6.78899 -0.131686 0)
(4.48049 -0.267359 0)
(6.25313 -0.141966 0)
(3.52686 -0.221328 0)
(5.6909 -0.0593528 0)
(2.8117 -0.154181 0)
(5.43013 0.0299132 0)
(2.40987 -0.126743 0)
(5.38946 0.0815313 0)
(2.26465 -0.118252 0)
(5.40016 0.114205 0)
(2.21844 -0.121394 0)
(5.51446 0.145406 0)
(2.21829 -0.13132 0)
(5.63141 0.163396 0)
(2.28869 -0.150459 0)
(5.77682 0.193142 0)
(2.33741 -0.163067 0)
(5.93095 0.219216 0)
(2.51019 -0.197712 0)
(6.05162 0.255397 0)
(2.63748 -0.214665 0)
(6.17665 0.297918 0)
(2.92934 -0.263678 0)
(6.24594 0.343526 0)
(3.14803 -0.292744 0)
(6.2691 0.406995 0)
(3.55234 -0.350675 0)
(6.28469 0.457728 0)
(3.92386 -0.385716 0)
(6.15706 0.516731 0)
(4.34676 -0.401428 0)
(6.17613 0.558036 0)
(4.92602 -0.372937 0)
(6.31132 0.527185 0)
(5.48308 -0.274902 0)
(6.50766 0.464518 0)
(6.07934 -0.0547881 0)
(7.29969 0.336439 0)
(7.07095 0.132222 0)
(8.3277 0.238957 0)
(8.07677 0.116704 0)
(9.18862 0.175881 0)
(1.80577 0.0210301 0)
(1.7458 -0.00541435 0)
(1.69237 7.10421e-05 0)
(1.63279 -0.00608723 0)
(1.53676 -0.00919145 0)
(1.40144 -0.00780113 0)
(1.23311 -0.00546008 0)
(1.04747 0.00176148 0)
(0.866048 0.00316186 0)
(0.695583 -0.000716536 0)
(0.529593 -0.00625811 0)
(0.334437 -0.0202933 0)
(0.0427951 -0.0457005 0)
(-0.395721 -0.0822025 0)
(-0.982802 -0.110083 0)
(-1.64967 -0.130049 0)
(-2.27866 -0.127609 0)
(-2.75797 -0.10125 0)
(-3.01454 -0.0575656 0)
(-3.00736 0.00116293 0)
(-2.73756 0.0612249 0)
(-2.23295 0.107802 0)
(-1.58419 0.127204 0)
(-0.886322 0.11915 0)
(-0.2475 0.0946149 0)
(0.290074 0.069949 0)
(0.733126 0.0544197 0)
(1.06937 0.0414492 0)
(1.22657 0.0162653 0)
(1.15973 -0.0241554 0)
(1.01659 -0.0428804 0)
(1.1665 -0.0505733 0)
(1.7276 -0.0354184 0)
(2.20755 -0.038245 0)
(2.14862 -0.0330063 0)
(1.82002 -0.00274188 0)
(1.80639 0.0899889 0)
(2.33996 0.19992 0)
(3.12573 0.284343 0)
(3.60174 0.173281 0)
(2.42553 -0.207944 0)
(0.0602929 -0.42179 0)
(-1.51882 -0.327678 0)
(-2.72765 -0.241296 0)
(-3.98865 -0.205588 0)
(-3.34197 0.0852817 0)
(-5.16595 -0.150513 0)
(-0.0616263 0.208744 0)
(-3.79923 -0.564401 0)
(-2.20506 0.465339 0)
(-1.61035 0.0139834 0)
(0.148647 0.187738 0)
(1.18827 0.0808686 0)
(2.558 0.0631664 0)
(2.41125 -0.0264695 0)
(3.18325 -0.00283484 0)
(2.6607 -0.0373815 0)
(3.03928 -0.0082678 0)
(2.18811 -0.038528 0)
(2.58671 -0.00276868 0)
(1.61174 -0.0433354 0)
(2.20792 0.00147206 0)
(1.18489 -0.0399439 0)
(2.01813 0.0137638 0)
(0.953259 -0.0367796 0)
(1.96633 0.0246753 0)
(0.859001 -0.0395641 0)
(1.97108 0.0290185 0)
(0.819264 -0.0384089 0)
(2.02341 0.0356699 0)
(0.823955 -0.0436202 0)
(2.09919 0.0392664 0)
(0.841689 -0.0466883 0)
(2.181 0.0422626 0)
(0.865972 -0.0510233 0)
(2.29709 0.0474085 0)
(0.919414 -0.0542148 0)
(2.40505 0.0470213 0)
(0.962387 -0.0601805 0)
(2.54973 0.0539466 0)
(1.06046 -0.0652834 0)
(2.67951 0.0547528 0)
(1.1479 -0.075463 0)
(2.83238 0.0645833 0)
(1.32815 -0.0884377 0)
(2.94881 0.0779211 0)
(1.54448 -0.104049 0)
(3.05182 0.0915493 0)
(1.87302 -0.125126 0)
(3.12698 0.116987 0)
(2.3315 -0.131383 0)
(3.23921 0.11947 0)
(2.80181 -0.112407 0)
(3.42491 0.104006 0)
(3.34564 -0.0680974 0)
(3.87349 0.0607547 0)
(3.87979 -0.009182 0)
(4.44525 0.000464746 0)
(4.30833 0.0129488 0)
(4.97012 -0.0803699 0)
(0.372217 -0.129251 0)
(0.860617 -0.108013 0)
(1.65337 -0.137816 0)
(2.10546 0.0509266 0)
(1.53882 0.202585 0)
(0.755981 0.250194 0)
(-0.76387 0.325724 0)
(-2.34674 0.140284 0)
(-3.25026 0.124418 0)
(-3.31009 0.187163 0)
(-3.11895 0.0934134 0)
(-2.97358 -0.0679836 0)
(-1.98266 -0.173539 0)
(-1.00448 -0.186252 0)
(0.175852 -0.206211 0)
(1.36672 -0.144611 0)
(2.40848 0.014729 0)
(2.8446 0.155618 0)
(2.46705 0.188131 0)
(1.48371 0.12262 0)
(0.974146 0.000291178 0)
(1.41005 -0.243216 0)
(2.33471 -0.383767 0)
(2.1696 -0.039277 0)
(0.148328 0.307332 0)
(-1.98904 0.372755 0)
(-3.75911 0.347966 0)
(-5.14919 0.317362 0)
(-6.23081 0.325881 0)
(-6.75866 0.244375 0)
(-6.4749 0.012817 0)
(-5.71581 -0.0692872 0)
(-4.00099 -0.333862 0)
(-1.71715 -0.39626 0)
(0.637369 -0.310597 0)
(2.66781 -0.143576 0)
(4.08933 0.0335102 0)
(4.81971 0.135036 0)
(5.03687 0.157912 0)
(4.90264 0.170268 0)
(4.44004 0.154565 0)
(3.70983 0.0973302 0)
(2.85933 0.023018 0)
(2.09614 -0.0200142 0)
(1.54524 -0.0308778 0)
(1.22081 -0.0245616 0)
(1.01104 0.0030576 0)
(0.769928 0.0397283 0)
(0.438912 0.0590451 0)
(0.106771 0.0548361 0)
(-0.140802 0.0363568 0)
(-0.283139 0.0213336 0)
(-0.379799 0.0177717 0)
(-0.483426 0.0242813 0)
(-0.595292 0.0259275 0)
(-0.720291 0.0286736 0)
(-0.814554 0.0213502 0)
(-0.843126 0.00447612 0)
(-0.7976 -0.0102901 0)
(-0.671463 -0.0240642 0)
(-0.485341 -0.0325019 0)
(-0.277304 -0.0331154 0)
(-0.0656862 -0.0320639 0)
(0.120995 -0.0273293 0)
(0.280781 -0.0206849 0)
(0.399507 -0.0165676 0)
(0.490598 -0.0102934 0)
(0.551138 -0.00768398 0)
(0.589296 -0.00428826 0)
(0.611748 -0.00220176 0)
(0.617565 -0.000538963 0)
(0.615886 0.000726338 0)
(0.602822 0.001965 0)
(0.583588 0.00258123 0)
(0.556524 0.00375383 0)
(0.522593 0.00434308 0)
(0.480963 0.00544869 0)
(0.43251 0.00598011 0)
(0.374408 0.00746288 0)
(0.308966 0.0078034 0)
(0.232225 0.0093262 0)
(0.147503 0.00974668 0)
(0.0505408 0.0105639 0)
(-0.0527416 0.0113889 0)
(-0.16369 0.0100032 0)
(-0.27101 0.00372156 0)
(-0.35562 -0.00981158 0)
(-0.390852 -0.0239464 0)
(-0.381586 -0.029318 0)
(-0.343203 -0.021769 0)
(-0.283531 -0.0184473 0)
(-0.161229 -0.0350774 0)
(0.0785814 -0.0680837 0)
(0.382126 -0.0789828 0)
(0.519791 -0.0385787 0)
(0.0878159 0.0881443 0)
(-1.00299 0.205182 0)
(-1.81798 0.174118 0)
(-1.75877 -0.0378557 0)
(-0.693973 -0.266008 0)
(0.372644 -0.40709 0)
(0.941001 -0.436306 0)
(2.06626 -0.440971 0)
(1.8275 0.00283949 0)
(2.30879 0.427887 0)
(1.78142 0.742755 0)
(0.0942898 1.05452 0)
(-2.3 0.840988 0)
(-4.48537 0.327789 0)
(-3.97086 -0.154543 0)
(-2.95029 -0.272266 0)
(-2.8754 -0.378894 0)
(-1.91483 -0.744815 0)
(-0.821774 -0.750076 0)
(0.48342 -0.824209 0)
(1.75526 -0.829004 0)
(3.07855 -0.624305 0)
(4.2819 -0.152282 0)
(4.51309 0.360682 0)
(3.6568 0.561959 0)
(3.65667 0.081656 0)
(3.87574 -0.369939 0)
(2.33909 0.0843803 0)
(-0.818394 1.10004 0)
(-4.01624 1.44221 0)
(-5.97949 1.25102 0)
(-7.4388 0.939234 0)
(-8.10222 0.603669 0)
(-8.3233 0.344442 0)
(-7.76816 -0.0675165 0)
(-6.75128 -0.587869 0)
(-5.69365 -0.776027 0)
(-3.22704 -1.48773 0)
(-1.13142 -1.59598 0)
(1.43083 -1.53015 0)
(3.74826 -1.23695 0)
(5.77602 -0.836876 0)
(7.35296 -0.458499 0)
(8.48977 -0.157013 0)
(9.19459 0.108427 0)
(9.41473 0.380227 0)
(9.10217 0.619687 0)
(8.12726 0.719139 0)
(6.58879 0.633132 0)
(4.92989 0.435111 0)
(3.5434 0.255556 0)
(2.56117 0.187104 0)
(1.89965 0.210379 0)
(1.36036 0.232254 0)
(0.937801 0.197528 0)
(0.637878 0.125331 0)
(0.481833 0.0711759 0)
(0.379467 0.055268 0)
(0.269344 0.0668448 0)
(0.176431 0.0709138 0)
(0.0552719 0.0671023 0)
(-0.00696551 0.0379294 0)
(0.0050985 -0.0129198 0)
(0.0881315 -0.0641851 0)
(0.286952 -0.109309 0)
(0.535335 -0.138908 0)
(0.796021 -0.140549 0)
(1.09057 -0.135279 0)
(1.31119 -0.116372 0)
(1.5335 -0.0899284 0)
(1.68295 -0.0707946 0)
(1.80101 -0.0473151 0)
(1.88911 -0.0322401 0)
(1.931 -0.0191542 0)
(1.96951 -0.00713862 0)
(1.97148 -0.00195098 0)
(1.9706 0.00743282 0)
(1.95067 0.0119026 0)
(1.92095 0.0183953 0)
(1.88065 0.0224246 0)
(1.82868 0.0294582 0)
(1.76462 0.0333806 0)
(1.69003 0.040921 0)
(1.59831 0.0468305 0)
(1.49563 0.0542585 0)
(1.37119 0.0617022 0)
(1.23325 0.0695548 0)
(1.07106 0.076094 0)
(0.891322 0.0830202 0)
(0.689643 0.0852135 0)
(0.469347 0.080276 0)
(0.232383 0.0647956 0)
(-0.0173032 0.0377959 0)
(-0.266127 0.00972674 0)
(-0.47019 -0.019857 0)
(-0.560734 -0.0567175 0)
(-0.529228 -0.123316 0)
(-0.397511 -0.179627 0)
(-0.222678 -0.120079 0)
(-0.331713 0.169748 0)
(-1.00662 0.480799 0)
(-1.98944 0.547878 0)
(-2.25755 0.180067 0)
(-1.84784 -0.382327 0)
(-0.631137 -0.879301 0)
(0.361825 -0.696406 0)
(1.05806 -0.835697 0)
(2.16546 -0.514711 0)
(1.65517 -0.0739969 0)
(2.59362 0.292469 0)
(1.96868 1.0927 0)
(0.570516 1.81467 0)
(-1.51721 1.68595 0)
(-3.52231 0.773054 0)
(-3.08547 -0.375548 0)
(-2.71712 -0.392106 0)
(-2.76136 -0.462483 0)
(-2.60425 -1.0148 0)
(-1.44292 -1.1842 0)
(-0.218764 -1.31811 0)
(1.12802 -1.34742 0)
(2.5079 -1.14265 0)
(3.89715 -0.452786 0)
(4.52013 0.460109 0)
(4.72785 0.653067 0)
(5.03918 0.0355489 0)
(3.59773 0.248737 0)
(0.411812 1.38235 0)
(-3.34954 2.35176 0)
(-5.82339 2.26662 0)
(-6.85442 1.78865 0)
(-7.49964 1.22583 0)
(-7.55 0.607279 0)
(-7.22381 0.225644 0)
(-6.4774 -0.258861 0)
(-5.37315 -1.02317 0)
(-4.58591 -1.41749 0)
(-2.09061 -2.46134 0)
(-0.233317 -2.55866 0)
(2.09372 -2.51441 0)
(4.22896 -2.11328 0)
(6.17853 -1.55822 0)
(7.84076 -1.02607 0)
(9.15404 -0.595483 0)
(10.2465 -0.20165 0)
(10.9965 0.209093 0)
(11.3065 0.645286 0)
(11.0615 1.06694 0)
(10.0648 1.30789 0)
(8.35786 1.2478 0)
(6.37092 0.964953 0)
(4.62291 0.679704 0)
(3.39682 0.532645 0)
(2.54917 0.466025 0)
(2.00547 0.361938 0)
(1.64753 0.21662 0)
(1.46766 0.1169 0)
(1.36121 0.0912482 0)
(1.2189 0.106682 0)
(1.11206 0.114021 0)
(0.956886 0.108319 0)
(0.847394 0.0483467 0)
(0.860526 -0.027283 0)
(0.915526 -0.116301 0)
(1.13227 -0.200636 0)
(1.43943 -0.250445 0)
(1.70726 -0.257624 0)
(2.09258 -0.249604 0)
(2.33529 -0.213295 0)
(2.60927 -0.168898 0)
(2.80216 -0.131837 0)
(2.92979 -0.0901054 0)
(3.06116 -0.0626835 0)
(3.10116 -0.0360574 0)
(3.16237 -0.0176209 0)
(3.1696 -0.00120519 0)
(3.17297 0.0096186 0)
(3.16134 0.0238703 0)
(3.12879 0.0312286 0)
(3.09261 0.0437552 0)
(3.03793 0.0526577 0)
(2.97203 0.065084 0)
(2.8944 0.0750526 0)
(2.79498 0.0915096 0)
(2.68806 0.102502 0)
(2.54777 0.121754 0)
(2.40195 0.13669 0)
(2.21304 0.155598 0)
(2.01393 0.172914 0)
(1.76856 0.186825 0)
(1.50624 0.196426 0)
(1.19847 0.193069 0)
(0.873591 0.182349 0)
(0.510552 0.151276 0)
(0.150517 0.105414 0)
(-0.191676 0.0199053 0)
(-0.444125 -0.0939043 0)
(-0.591498 -0.20385 0)
(-0.616645 -0.0844019 0)
(-0.814714 0.341089 0)
(-1.3944 0.754634 0)
(-2.00975 0.708011 0)
(-1.93935 0.173984 0)
(-1.61547 -0.690145 0)
(-0.419251 -1.41969 0)
(0.415717 -1.03126 0)
(1.09314 -1.21048 0)
(1.91784 -0.759567 0)
(2.0861 -0.215227 0)
(2.24061 0.38116 0)
(1.31265 1.55939 0)
(0.67946 2.46328 0)
(-1.04117 2.44505 0)
(-2.20627 1.2106 0)
(-2.86774 -0.360459 0)
(-3.47289 -0.231043 0)
(-3.59057 -0.372705 0)
(-3.89916 -1.22866 0)
(-2.55072 -1.66339 0)
(-1.3693 -1.91201 0)
(0.0268322 -2.00031 0)
(1.41286 -1.7771 0)
(2.9115 -0.965163 0)
(4.06836 0.0821955 0)
(4.94893 0.438198 0)
(4.54911 0.522882 0)
(2.19732 1.38377 0)
(-1.48192 2.76742 0)
(-4.73036 3.44767 0)
(-5.81899 2.80819 0)
(-6.48192 2.05113 0)
(-6.37696 1.29663 0)
(-6.23012 0.435644 0)
(-5.75592 -0.141326 0)
(-5.13898 -0.588666 0)
(-3.76879 -1.47643 0)
(-3.24292 -2.02463 0)
(-1.01308 -3.4284 0)
(0.68023 -3.53598 0)
(2.78478 -3.4858 0)
(4.70417 -2.99776 0)
(6.43912 -2.3362 0)
(8.02858 -1.66083 0)
(9.34254 -1.11068 0)
(10.3891 -0.646076 0)
(11.3771 -0.0720764 0)
(12.0233 0.543099 0)
(12.1941 1.1537 0)
(11.8863 1.69187 0)
(10.8032 1.94645 0)
(8.91697 1.7932 0)
(6.82089 1.40702 0)
(5.12382 1.05979 0)
(3.91449 0.832563 0)
(3.1668 0.593991 0)
(2.70411 0.345879 0)
(2.44258 0.184669 0)
(2.27619 0.147426 0)
(2.06286 0.182284 0)
(1.82649 0.1891 0)
(1.5965 0.194372 0)
(1.3312 0.098304 0)
(1.28663 -0.028132 0)
(1.30096 -0.16064 0)
(1.48865 -0.318823 0)
(1.8837 -0.392142 0)
(2.16844 -0.408015 0)
(2.66551 -0.406448 0)
(2.98295 -0.335729 0)
(3.31938 -0.280063 0)
(3.60772 -0.209766 0)
(3.75747 -0.149795 0)
(3.95883 -0.104663 0)
(4.01719 -0.0616209 0)
(4.10778 -0.0315421 0)
(4.14303 -0.00976568 0)
(4.14949 0.0158386 0)
(4.16978 0.0252698 0)
(4.12963 0.0510446 0)
(4.1284 0.0535658 0)
(4.05763 0.084572 0)
(4.03313 0.0853827 0)
(3.93395 0.118124 0)
(3.87943 0.126425 0)
(3.75162 0.158166 0)
(3.65491 0.176127 0)
(3.49075 0.208411 0)
(3.34263 0.23482 0)
(3.12197 0.266367 0)
(2.91154 0.295965 0)
(2.61677 0.318332 0)
(2.32137 0.337719 0)
(1.94056 0.335717 0)
(1.54557 0.326457 0)
(1.08112 0.278759 0)
(0.620544 0.200043 0)
(0.157339 0.0510913 0)
(-0.278755 -0.0952659 0)
(-0.580569 -0.0223176 0)
(-0.800697 0.496524 0)
(-1.23841 0.88931 0)
(-1.59903 0.822481 0)
(-1.5038 0.100259 0)
(-1.28564 -0.956393 0)
(-0.313152 -1.81731 0)
(0.414473 -1.36678 0)
(0.985633 -1.50356 0)
(1.50419 -0.988295 0)
(1.49422 -0.21202 0)
(1.41001 0.62299 0)
(0.491938 1.84497 0)
(0.57808 2.81076 0)
(-0.813479 2.89506 0)
(-1.58002 1.6448 0)
(-3.59253 0.104255 0)
(-4.59172 0.0326934 0)
(-4.4429 -0.291162 0)
(-5.01952 -1.50642 0)
(-3.50479 -2.17158 0)
(-2.50658 -2.45772 0)
(-0.964111 -2.58553 0)
(0.298392 -2.43058 0)
(1.85241 -1.60232 0)
(3.22084 -0.366257 0)
(4.05237 0.451119 0)
(3.12064 1.16901 0)
(0.489757 2.54694 0)
(-2.90705 3.98998 0)
(-5.17159 4.15105 0)
(-5.04344 3.09255 0)
(-5.54837 2.09478 0)
(-5.05607 1.26017 0)
(-4.56648 0.32785 0)
(-4.16484 -0.402959 0)
(-3.59415 -0.932173 0)
(-2.21823 -1.90225 0)
(-1.64285 -2.55108 0)
(0.17901 -4.16371 0)
(1.51206 -4.34885 0)
(3.45757 -4.30306 0)
(5.0969 -3.70849 0)
(6.65453 -2.9595 0)
(7.97343 -2.24734 0)
(9.27419 -1.58583 0)
(10.3105 -1.04042 0)
(11.2416 -0.43702 0)
(12.1751 0.330601 0)
(12.5963 1.11418 0)
(12.6953 1.85706 0)
(12.175 2.43088 0)
(10.7974 2.56472 0)
(8.75295 2.229 0)
(6.82345 1.75172 0)
(5.29096 1.33402 0)
(4.29483 0.915474 0)
(3.6345 0.524387 0)
(3.22479 0.296359 0)
(2.89011 0.243199 0)
(2.55258 0.310576 0)
(2.11343 0.319216 0)
(1.76623 0.330634 0)
(1.36855 0.189326 0)
(1.26543 -0.00898015 0)
(1.23017 -0.21206 0)
(1.45999 -0.451562 0)
(1.85392 -0.566423 0)
(2.19202 -0.587154 0)
(2.75868 -0.608105 0)
(3.13048 -0.498161 0)
(3.55493 -0.430861 0)
(3.9385 -0.328307 0)
(4.11489 -0.235769 0)
(4.46002 -0.177147 0)
(4.47544 -0.0996297 0)
(4.73058 -0.0726727 0)
(4.66676 -0.0172033 0)
(4.86063 -0.0059196 0)
(4.74165 0.0381788 0)
(4.89316 0.0392761 0)
(4.75391 0.0819466 0)
(4.85789 0.0812126 0)
(4.71086 0.126217 0)
(4.77468 0.125334 0)
(4.61274 0.178677 0)
(4.64089 0.18105 0)
(4.45099 0.238705 0)
(4.44131 0.254339 0)
(4.213 0.310632 0)
(4.1459 0.342142 0)
(3.86652 0.392186 0)
(3.71371 0.433761 0)
(3.36249 0.467959 0)
(3.08591 0.501884 0)
(2.63692 0.503443 0)
(2.20158 0.497245 0)
(1.64239 0.422563 0)
(1.0684 0.302154 0)
(0.400892 0.103351 0)
(-0.178379 0.135114 0)
(-0.449215 0.581757 0)
(-0.867351 1.05726 0)
(-0.993825 0.810808 0)
(-1.01978 0.127322 0)
(-0.899597 -1.15558 0)
(-0.415462 -2.15937 0)
(0.33361 -1.64032 0)
(0.681952 -1.65615 0)
(0.784584 -0.970801 0)
(0.536526 -0.113754 0)
(0.265015 0.87566 0)
(-0.440076 2.01351 0)
(0.0644987 3.04667 0)
(-1.10691 3.34121 0)
(-1.6314 2.27663 0)
(-4.2737 0.77777 0)
(-5.62209 0.340015 0)
(-4.71599 -0.263312 0)
(-5.85443 -1.71821 0)
(-4.46102 -2.70457 0)
(-3.70559 -3.07184 0)
(-1.9903 -3.19482 0)
(-0.836585 -3.01555 0)
(0.586676 -2.25093 0)
(1.95306 -0.789173 0)
(2.56427 0.544664 0)
(1.52734 1.93264 0)
(-1.11055 3.70989 0)
(-3.84538 4.96151 0)
(-4.88198 4.4406 0)
(-4.37197 3.21998 0)
(-4.369 2.02392 0)
(-3.9357 1.08182 0)
(-3.05305 0.139421 0)
(-2.76268 -0.646198 0)
(-1.86087 -1.24701 0)
(-0.779653 -2.17138 0)
(0.065723 -2.91313 0)
(1.35399 -4.68568 0)
(2.48347 -5.1112 0)
(4.058 -5.03606 0)
(5.4513 -4.36172 0)
(6.78998 -3.51122 0)
(7.92634 -2.74548 0)
(9.00873 -2.06837 0)
(10.1538 -1.42277 0)
(10.9881 -0.799931 0)
(11.9152 0.00844576 0)
(12.634 0.942976 0)
(12.9395 1.85897 0)
(12.8573 2.70436 0)
(11.9965 3.15703 0)
(10.2972 3.02254 0)
(8.31834 2.51215 0)
(6.6085 1.94453 0)
(5.30079 1.33301 0)
(4.4709 0.788371 0)
(3.80052 0.484409 0)
(3.32851 0.418928 0)
(2.7608 0.506424 0)
(2.26896 0.511997 0)
(1.75635 0.506966 0)
(1.39899 0.303698 0)
(1.22635 0.0339533 0)
(1.17665 -0.264135 0)
(1.50999 -0.587183 0)
(1.7891 -0.714349 0)
(2.23525 -0.797815 0)
(2.7659 -0.788771 0)
(3.07076 -0.682367 0)
(3.71277 -0.597178 0)
(3.7634 -0.455709 0)
(4.40204 -0.355803 0)
(4.31846 -0.25901 0)
(4.84129 -0.174809 0)
(4.64385 -0.108909 0)
(5.11883 -0.0688323 0)
(4.84004 -0.0117813 0)
(5.22702 0.00710814 0)
(4.95289 0.0536779 0)
(5.27393 0.0544772 0)
(4.97519 0.119655 0)
(5.26295 0.0979167 0)
(4.96757 0.179966 0)
(5.19884 0.158497 0)
(4.91159 0.244983 0)
(5.09267 0.236213 0)
(4.81178 0.3234 0)
(4.93554 0.335062 0)
(4.63987 0.419135 0)
(4.6912 0.453737 0)
(4.37881 0.526297 0)
(4.30781 0.578557 0)
(3.95016 0.62891 0)
(3.69591 0.678733 0)
(3.24832 0.682613 0)
(2.753 0.681157 0)
(2.15422 0.582774 0)
(1.36687 0.4449 0)
(0.52788 0.327924 0)
(0.00960589 0.746799 0)
(-0.150646 1.06518 0)
(-0.350664 0.9358 0)
(-0.460482 0.136364 0)
(-0.447064 -1.20217 0)
(-0.284241 -2.40538 0)
(0.197615 -1.78891 0)
(0.213688 -1.65776 0)
(0.0168062 -0.882458 0)
(-0.420121 0.0437556 0)
(-0.834108 1.03467 0)
(-1.36014 2.02379 0)
(-0.800452 3.1609 0)
(-1.8924 3.67813 0)
(-2.34936 2.8972 0)
(-5.16033 1.42522 0)
(-6.15041 0.466987 0)
(-4.69609 -0.278892 0)
(-5.75989 -1.83721 0)
(-4.99993 -3.02693 0)
(-4.3986 -3.70541 0)
(-3.04001 -3.74792 0)
(-1.75637 -3.48827 0)
(-0.668127 -2.76559 0)
(0.559925 -1.12084 0)
(0.933185 0.696122 0)
(-0.0628909 2.6873 0)
(-2.32386 4.70132 0)
(-4.21592 5.61078 0)
(-4.04595 4.39838 0)
(-3.95854 3.10808 0)
(-3.21315 1.72069 0)
(-2.95759 0.723767 0)
(-1.82043 -0.149782 0)
(-1.70975 -1.02408 0)
(-0.581023 -1.75714 0)
(0.202122 -2.6391 0)
(1.59355 -3.27081 0)
(2.37241 -5.01135 0)
(3.58383 -5.71922 0)
(4.60398 -5.60685 0)
(5.88621 -4.84252 0)
(6.78281 -3.95899 0)
(7.87966 -3.14344 0)
(8.71966 -2.50131 0)
(9.86103 -1.81507 0)
(10.7872 -1.1124 0)
(11.5851 -0.308481 0)
(12.3592 0.687934 0)
(12.8893 1.75391 0)
(13.0765 2.80386 0)
(12.6893 3.57614 0)
(11.4032 3.70797 0)
(9.57205 3.28427 0)
(7.73151 2.63083 0)
(6.27768 1.84874 0)
(5.14785 1.13881 0)
(4.29361 0.754901 0)
(3.60361 0.661149 0)
(2.97274 0.746919 0)
(2.40223 0.734235 0)
(1.85458 0.710914 0)
(1.49803 0.409957 0)
(1.25713 0.11783 0)
(1.2765 -0.367338 0)
(1.59365 -0.671843 0)
(1.84675 -0.912404 0)
(2.44465 -0.973332 0)
(2.68951 -0.979124 0)
(3.50573 -0.883115 0)
(3.37187 -0.716044 0)
(4.24153 -0.609784 0)
(4.07318 -0.467691 0)
(4.72546 -0.344684 0)
(4.46192 -0.242704 0)
(5.10724 -0.175966 0)
(4.72982 -0.101872 0)
(5.27911 -0.0491771 0)
(4.88822 -0.00522855 0)
(5.40796 0.0160835 0)
(4.94809 0.0814365 0)
(5.42851 0.0771986 0)
(5.01115 0.143768 0)
(5.41011 0.134416 0)
(5.0041 0.227047 0)
(5.3609 0.198302 0)
(4.98568 0.312869 0)
(5.29032 0.288944 0)
(4.91379 0.415503 0)
(5.16966 0.414917 0)
(4.81822 0.527721 0)
(5.00072 0.565452 0)
(4.63704 0.663622 0)
(4.68369 0.726823 0)
(4.32055 0.796384 0)
(4.12917 0.863537 0)
(3.70283 0.865829 0)
(3.15131 0.892349 0)
(2.53052 0.770092 0)
(1.44512 0.711356 0)
(0.72828 0.789732 0)
(0.470528 1.24186 0)
(0.340835 0.918297 0)
(0.126268 0.226089 0)
(0.0348856 -1.16987 0)
(-0.0973788 -2.44829 0)
(0.0241797 -1.79826 0)
(-0.252274 -1.55941 0)
(-0.75416 -0.715513 0)
(-1.42338 0.264706 0)
(-2.01343 1.23896 0)
(-2.49674 2.13164 0)
(-2.12019 3.31473 0)
(-2.98941 3.91862 0)
(-3.17692 3.39776 0)
(-5.68901 1.93816 0)
(-5.73353 0.368073 0)
(-4.44376 -0.467463 0)
(-4.83562 -1.84777 0)
(-4.62361 -3.15084 0)
(-4.4411 -4.12066 0)
(-4.03448 -4.25767 0)
(-2.27614 -3.94 0)
(-1.74766 -3.1114 0)
(-0.75183 -1.35703 0)
(-0.44743 0.951668 0)
(-1.40263 3.37538 0)
(-3.17802 5.33684 0)
(-4.18713 5.79732 0)
(-2.92839 4.31969 0)
(-3.12853 3.0923 0)
(-1.70985 1.51118 0)
(-1.58493 0.461661 0)
(-0.457398 -0.329115 0)
(-0.363499 -1.25669 0)
(0.636853 -2.19068 0)
(1.09103 -3.19163 0)
(2.68481 -3.85441 0)
(3.55673 -5.4634 0)
(4.36916 -6.23967 0)
(5.25064 -6.08855 0)
(6.21958 -5.19739 0)
(6.84775 -4.31994 0)
(7.73598 -3.51697 0)
(8.64028 -2.86556 0)
(9.61678 -2.21265 0)
(10.6669 -1.43453 0)
(11.3731 -0.609219 0)
(12.0294 0.412653 0)
(12.6179 1.56181 0)
(13.0134 2.76941 0)
(12.9876 3.79893 0)
(12.143 4.24761 0)
(10.5215 4.0136 0)
(8.73902 3.35256 0)
(7.09556 2.43717 0)
(5.78028 1.58603 0)
(4.7471 1.09583 0)
(3.94323 0.956177 0)
(3.2084 1.00946 0)
(2.59129 0.980474 0)
(2.00097 0.910027 0)
(1.60653 0.549258 0)
(1.31345 0.159333 0)
(1.41658 -0.43367 0)
(1.6161 -0.814585 0)
(2.0913 -1.07243 0)
(2.35145 -1.18809 0)
(3.26786 -1.2022 0)
(3.10007 -0.992825 0)
(3.93828 -0.889186 0)
(4.01079 -0.752513 0)
(4.47264 -0.555187 0)
(4.38094 -0.417331 0)
(4.97197 -0.336015 0)
(4.6884 -0.218554 0)
(5.18882 -0.133962 0)
(4.85376 -0.0902731 0)
(5.4011 -0.0286509 0)
(4.92115 0.00671207 0)
(5.45291 0.0668756 0)
(4.99248 0.0785592 0)
(5.50172 0.118251 0)
(4.97477 0.177885 0)
(5.47908 0.183668 0)
(4.99638 0.258535 0)
(5.45146 0.255967 0)
(4.94524 0.379072 0)
(5.38362 0.358319 0)
(4.91401 0.498566 0)
(5.3241 0.490265 0)
(4.83146 0.647295 0)
(5.17082 0.675189 0)
(4.72357 0.804589 0)
(4.92845 0.872152 0)
(4.51005 0.96557 0)
(4.42038 1.05675 0)
(3.95534 1.07126 0)
(3.42751 1.15171 0)
(2.67487 1.02467 0)
(1.51422 1.13451 0)
(1.14456 1.16524 0)
(0.997546 1.13077 0)
(0.649616 0.324416 0)
(0.477109 -1.05217 0)
(0.0310018 -2.42786 0)
(-0.138334 -1.6679 0)
(-0.744505 -1.32839 0)
(-1.57963 -0.410744 0)
(-2.51507 0.60003 0)
(-3.32147 1.49052 0)
(-3.77607 2.25741 0)
(-3.46412 3.39803 0)
(-3.87282 4.1267 0)
(-3.67381 3.8797 0)
(-5.41473 2.29117 0)
(-4.22546 0.193267 0)
(-3.81938 -0.607176 0)
(-3.62496 -1.80301 0)
(-3.4585 -3.02349 0)
(-3.78713 -3.9997 0)
(-4.34622 -4.68977 0)
(-2.59327 -4.33319 0)
(-2.43299 -3.31004 0)
(-1.70134 -1.49371 0)
(-1.48481 1.15861 0)
(-2.20096 3.88966 0)
(-3.43173 5.82372 0)
(-3.52067 5.55883 0)
(-2.01337 4.07683 0)
(-1.87504 2.9108 0)
(-0.190221 1.15592 0)
(0.0369558 0.180711 0)
(0.975132 -0.547923 0)
(1.11376 -1.41411 0)
(1.96196 -2.41422 0)
(2.474 -3.40608 0)
(3.6443 -4.13046 0)
(4.71631 -5.74267 0)
(5.08738 -6.61479 0)
(5.87959 -6.45932 0)
(6.39889 -5.40137 0)
(6.9767 -4.5493 0)
(7.54489 -3.86415 0)
(8.60904 -3.24199 0)
(9.61379 -2.58281 0)
(10.6476 -1.75662 0)
(11.3783 -0.856037 0)
(11.8634 0.194972 0)
(12.3063 1.36762 0)
(12.7662 2.64577 0)
(12.9932 3.87453 0)
(12.5313 4.64398 0)
(11.2749 4.65818 0)
(9.53073 4.07588 0)
(7.86473 3.09455 0)
(6.34686 2.1034 0)
(5.16281 1.49811 0)
(4.19268 1.29301 0)
(3.4621 1.29858 0)
(2.78087 1.23365 0)
(2.21129 1.14102 0)
(1.71971 0.679062 0)
(1.4815 0.244132 0)
(1.51719 -0.554668 0)
(1.88555 -0.898702 0)
(2.04346 -1.29008 0)
(3.02201 -1.44619 0)
(2.94121 -1.29389 0)
(3.60009 -1.1806 0)
(3.94304 -1.06804 0)
(4.28089 -0.846913 0)
(4.26329 -0.618564 0)
(4.81521 -0.539453 0)
(4.70525 -0.388456 0)
(5.01471 -0.244874 0)
(4.89124 -0.192485 0)
(5.29189 -0.11435 0)
(4.98084 -0.0567719 0)
(5.35627 0.0230003 0)
(5.05404 0.0194747 0)
(5.47282 0.0932289 0)
(5.0165 0.112132 0)
(5.47229 0.185255 0)
(5.04483 0.179204 0)
(5.4988 0.246635 0)
(4.97167 0.307314 0)
(5.45154 0.337148 0)
(4.97782 0.423837 0)
(5.42861 0.434776 0)
(4.91562 0.587366 0)
(5.34072 0.596233 0)
(4.85189 0.759907 0)
(5.2757 0.778745 0)
(4.78375 0.949646 0)
(5.04841 1.02075 0)
(4.61551 1.15915 0)
(4.5493 1.2668 0)
(4.13195 1.33134 0)
(3.56761 1.47541 0)
(2.68252 1.32763 0)
(1.87418 1.49691 0)
(1.5471 1.07547 0)
(1.23947 0.490627 0)
(0.889748 -0.857073 0)
(0.29068 -2.26659 0)
(-0.298763 -1.43147 0)
(-1.18646 -0.978133 0)
(-2.32399 -0.000133275 0)
(-3.59199 1.00451 0)
(-4.66059 1.78431 0)
(-5.09836 2.36066 0)
(-4.66393 3.34903 0)
(-4.50014 4.16962 0)
(-3.92148 4.09605 0)
(-4.60756 2.2454 0)
(-2.75142 -0.00325047 0)
(-2.80297 -0.693795 0)
(-2.31743 -1.83189 0)
(-2.37303 -2.81012 0)
(-2.60034 -3.71349 0)
(-3.49885 -4.8263 0)
(-2.9671 -4.66934 0)
(-2.52784 -3.46965 0)
(-2.12596 -1.60985 0)
(-2.03387 1.25585 0)
(-2.48509 4.11586 0)
(-3.1772 6.00338 0)
(-2.16016 5.20757 0)
(-1.1474 3.68589 0)
(-0.463019 2.4573 0)
(1.28127 0.737166 0)
(1.81778 -0.133536 0)
(2.44852 -0.713815 0)
(2.48502 -1.6732 0)
(3.00777 -2.88204 0)
(3.4726 -3.83182 0)
(4.70287 -4.49391 0)
(5.44968 -6.01476 0)
(5.88037 -6.95651 0)
(6.3562 -6.68966 0)
(6.45586 -5.52257 0)
(7.05499 -4.74771 0)
(7.51916 -4.17032 0)
(8.51836 -3.67079 0)
(9.74915 -2.99008 0)
(10.6834 -2.1108 0)
(11.514 -1.09282 0)
(11.904 0.0582889 0)
(12.1605 1.23952 0)
(12.4137 2.49849 0)
(12.8058 3.8424 0)
(12.6542 4.8749 0)
(11.7414 5.19906 0)
(10.2092 4.77165 0)
(8.50084 3.78184 0)
(6.91029 2.67745 0)
(5.51216 1.97645 0)
(4.58272 1.64422 0)
(3.70713 1.61619 0)
(3.10159 1.47985 0)
(2.35526 1.40337 0)
(1.98644 0.81742 0)
(1.56233 0.309569 0)
(1.87877 -0.643384 0)
(1.85772 -1.02038 0)
(2.69987 -1.57255 0)
(2.90478 -1.55409 0)
(3.33826 -1.47082 0)
(3.85244 -1.38249 0)
(4.18005 -1.19155 0)
(4.21889 -0.87649 0)
(4.58742 -0.772818 0)
(4.82076 -0.602765 0)
(4.77866 -0.414831 0)
(4.98832 -0.300368 0)
(5.09643 -0.239453 0)
(5.14728 -0.14454 0)
(5.13662 -0.0335295 0)
(5.2284 -0.047915 0)
(5.31806 0.0478479 0)
(5.17035 0.0612228 0)
(5.34109 0.156365 0)
(5.18997 0.124605 0)
(5.42814 0.21809 0)
(5.0835 0.242994 0)
(5.40555 0.322221 0)
(5.09258 0.333838 0)
(5.43159 0.408047 0)
(5.00139 0.494862 0)
(5.38029 0.546245 0)
(4.93761 0.675067 0)
(5.40486 0.684804 0)
(4.8796 0.873173 0)
(5.32025 0.915525 0)
(4.76658 1.11247 0)
(5.12949 1.19655 0)
(4.65916 1.37048 0)
(4.6256 1.51075 0)
(4.3226 1.66097 0)
(3.5624 1.80154 0)
(2.86119 1.55325 0)
(2.28892 1.4927 0)
(1.61212 0.625259 0)
(1.33745 -0.724094 0)
(0.528211 -1.96293 0)
(-0.512281 -1.02633 0)
(-1.56697 -0.523247 0)
(-2.92305 0.548231 0)
(-4.54051 1.51093 0)
(-5.78373 2.09954 0)
(-6.05826 2.38208 0)
(-5.41092 3.11627 0)
(-4.7117 3.92765 0)
(-3.73142 3.89169 0)
(-3.30322 1.83599 0)
(-1.87372 -0.258848 0)
(-1.63856 -0.972236 0)
(-1.20162 -1.9117 0)
(-1.33752 -2.7746 0)
(-1.52273 -3.47854 0)
(-2.03283 -4.54797 0)
(-2.99212 -4.81788 0)
(-2.24059 -3.62588 0)
(-2.11917 -1.6782 0)
(-2.0006 1.27194 0)
(-2.26055 4.20583 0)
(-2.52326 5.83404 0)
(-0.65464 4.78527 0)
(0.0295356 3.3619 0)
(1.103 1.94278 0)
(2.8044 0.22385 0)
(3.49648 -0.532951 0)
(4.01261 -0.617681 0)
(4.09317 -1.48029 0)
(4.41026 -2.99837 0)
(4.49037 -4.15196 0)
(5.68631 -4.85462 0)
(6.27057 -6.22103 0)
(6.6223 -7.21823 0)
(6.6314 -6.78536 0)
(6.56428 -5.51447 0)
(6.89269 -4.97021 0)
(7.65777 -4.48001 0)
(8.4952 -4.12109 0)
(9.82647 -3.42473 0)
(10.7808 -2.47228 0)
(11.5612 -1.3612 0)
(12.0789 -0.0446412 0)
(12.1861 1.22002 0)
(12.1621 2.40626 0)
(12.4587 3.73706 0)
(12.5725 4.99247 0)
(11.9663 5.61229 0)
(10.7473 5.40782 0)
(9.02354 4.47015 0)
(7.38405 3.3125 0)
(5.95745 2.46785 0)
(4.88174 2.03349 0)
(4.02601 1.91696 0)
(3.3221 1.75788 0)
(2.64385 1.65584 0)
(2.19371 0.953454 0)
(1.90489 0.383616 0)
(2.04061 -0.764219 0)
(2.37714 -1.1866 0)
(2.78425 -1.76388 0)
(3.26843 -1.72786 0)
(3.6952 -1.67368 0)
(4.14749 -1.54028 0)
(4.32864 -1.21542 0)
(4.37338 -1.00913 0)
(4.94728 -0.868324 0)
(4.62671 -0.621847 0)
(5.06181 -0.452591 0)
(4.91138 -0.380265 0)
(5.31164 -0.253736 0)
(4.93168 -0.131331 0)
(5.3769 -0.0923715 0)
(5.16207 -0.0507074 0)
(5.34274 0.0369091 0)
(5.16539 0.0943559 0)
(5.37749 0.0871743 0)
(5.29564 0.170218 0)
(5.24937 0.197707 0)
(5.30231 0.284866 0)
(5.23727 0.270006 0)
(5.39193 0.364632 0)
(5.11101 0.417953 0)
(5.35736 0.503113 0)
(5.06309 0.568273 0)
(5.41719 0.624716 0)
(5.01064 0.756486 0)
(5.36087 0.82874 0)
(4.88017 1.01072 0)
(5.35972 1.06352 0)
(4.74511 1.28135 0)
(5.23883 1.40202 0)
(4.6697 1.59418 0)
(4.77372 1.82639 0)
(4.47765 1.91335 0)
(3.62867 2.06632 0)
(3.06432 1.48634 0)
(2.48913 1.05624 0)
(2.09552 -0.247837 0)
(0.77886 -1.48484 0)
(-0.588814 -0.55379 0)
(-1.85118 0.0158769 0)
(-3.28489 1.11589 0)
(-4.91325 2.01712 0)
(-6.07274 2.37397 0)
(-6.0978 2.29344 0)
(-5.41209 2.64456 0)
(-4.47501 3.32097 0)
(-3.03607 3.32823 0)
(-1.67413 1.46644 0)
(-0.72619 -0.424701 0)
(-0.149896 -1.20099 0)
(0.38966 -1.96043 0)
(-0.169026 -2.6799 0)
(-0.60537 -3.37806 0)
(-0.71925 -4.15528 0)
(-2.09832 -4.67639 0)
(-1.8372 -3.77646 0)
(-1.58298 -1.7687 0)
(-1.48808 1.20473 0)
(-1.57515 4.1563 0)
(-1.36812 5.46563 0)
(0.825897 4.24366 0)
(1.56843 2.97802 0)
(2.75481 1.48706 0)
(4.29981 -0.184397 0)
(4.90531 -0.868412 0)
(4.98081 -0.744692 0)
(5.10204 -1.61234 0)
(5.55332 -3.25666 0)
(5.7549 -4.33438 0)
(6.5365 -4.95756 0)
(6.92536 -6.30266 0)
(7.32123 -7.25578 0)
(6.69087 -6.74456 0)
(6.77876 -5.42654 0)
(6.69576 -5.24105 0)
(7.77131 -4.86283 0)
(8.51743 -4.57267 0)
(9.84985 -3.89831 0)
(10.8834 -2.82499 0)
(11.4638 -1.65726 0)
(12.1816 -0.160316 0)
(12.2795 1.26461 0)
(12.0654 2.40731 0)
(12.0512 3.64324 0)
(12.344 4.98947 0)
(12.0487 5.9039 0)
(11.0082 5.96801 0)
(9.53693 5.16279 0)
(7.80898 3.94075 0)
(6.32953 3.01644 0)
(5.21556 2.41878 0)
(4.31247 2.28118 0)
(3.71966 1.99347 0)
(2.85477 1.96253 0)
(2.68894 1.05064 0)
(2.07732 0.494306 0)
(2.61925 -0.928149 0)
(2.5274 -1.2559 0)
(3.18439 -2.03142 0)
(3.60861 -1.88526 0)
(3.94471 -1.88917 0)
(4.57013 -1.59949 0)
(4.32946 -1.31661 0)
(5.0106 -1.09908 0)
(4.67947 -0.905322 0)
(5.10667 -0.626364 0)
(4.82781 -0.54955 0)
(5.37896 -0.387675 0)
(4.88091 -0.265689 0)
(5.40788 -0.150254 0)
(5.08229 -0.151243 0)
(5.46305 -0.00966283 0)
(5.0465 0.0231646 0)
(5.50081 0.066594 0)
(5.19397 0.0935002 0)
(5.40562 0.176561 0)
(5.18099 0.229661 0)
(5.39858 0.226309 0)
(5.30379 0.314186 0)
(5.26142 0.350234 0)
(5.28468 0.467493 0)
(5.20737 0.463129 0)
(5.39505 0.574837 0)
(5.13634 0.641119 0)
(5.34137 0.766275 0)
(5.04314 0.874763 0)
(5.37721 0.953845 0)
(4.94918 1.16184 0)
(5.38165 1.23003 0)
(4.88192 1.48061 0)
(5.28884 1.6056 0)
(4.69275 1.89651 0)
(4.76101 2.12183 0)
(4.40873 2.14866 0)
(3.68466 2.14618 0)
(2.82426 1.10511 0)
(1.92804 0.0712997 0)
(0.84144 -1.12682 0)
(-0.598648 -0.0141407 0)
(-1.81685 0.557598 0)
(-3.11241 1.65002 0)
(-4.50977 2.52091 0)
(-5.37974 2.68503 0)
(-5.07964 2.28342 0)
(-4.46313 2.30922 0)
(-3.6467 2.67651 0)
(-2.06252 2.50731 0)
(-0.385684 0.978046 0)
(0.529173 -0.761146 0)
(1.12353 -1.49994 0)
(1.90011 -1.85276 0)
(1.3208 -2.24459 0)
(0.446571 -3.16923 0)
(0.475453 -3.91432 0)
(-0.439737 -4.35405 0)
(-1.1824 -3.81625 0)
(-0.697894 -1.86267 0)
(-0.647119 1.1247 0)
(-0.466528 4.02151 0)
(0.291508 4.90497 0)
(2.30318 3.62716 0)
(3.14894 2.43017 0)
(4.24358 0.938696 0)
(5.25284 -0.588894 0)
(5.54033 -1.15115 0)
(5.59131 -0.696182 0)
(6.1053 -1.51933 0)
(6.5914 -3.47771 0)
(6.64611 -4.56518 0)
(7.31057 -5.08861 0)
(7.43219 -6.48382 0)
(7.80574 -7.29314 0)
(6.65947 -6.66984 0)
(6.94547 -5.32252 0)
(6.69064 -5.48479 0)
(7.68395 -5.29291 0)
(8.59667 -5.05265 0)
(9.75288 -4.37956 0)
(10.8338 -3.15756 0)
(11.3466 -1.92649 0)
(12.0132 -0.332627 0)
(12.3899 1.31172 0)
(11.9758 2.5186 0)
(11.7637 3.59518 0)
(11.9313 4.95735 0)
(11.978 6.08501 0)
(11.2289 6.42415 0)
(9.81573 5.78632 0)
(8.24152 4.60391 0)
(6.62289 3.57533 0)
(5.65051 2.83327 0)
(4.56109 2.59872 0)
(4.11755 2.26022 0)
(3.08436 2.20712 0)
(3.13923 1.15886 0)
(2.46727 0.560148 0)
(3.03306 -1.04326 0)
(2.80754 -1.34592 0)
(3.59315 -2.27404 0)
(3.64383 -2.01845 0)
(4.46515 -2.09339 0)
(4.5146 -1.67911 0)
(4.99099 -1.4111 0)
(4.8892 -1.13015 0)
(5.22768 -0.915585 0)
(4.91088 -0.675048 0)
(5.34888 -0.559259 0)
(5.003 -0.417166 0)
(5.36978 -0.247431 0)
(5.07207 -0.234523 0)
(5.504 -0.0997912 0)
(5.03519 -0.0498252 0)
(5.53516 0.03896 0)
(5.13035 0.0121575 0)
(5.5395 0.149453 0)
(5.07425 0.154678 0)
(5.54565 0.218812 0)
(5.18648 0.220836 0)
(5.44574 0.332178 0)
(5.1623 0.383326 0)
(5.39065 0.413428 0)
(5.30068 0.494815 0)
(5.28476 0.553502 0)
(5.29093 0.698232 0)
(5.17017 0.735714 0)
(5.37748 0.874021 0)
(5.09031 0.991676 0)
(5.41711 1.11517 0)
(5.06103 1.27467 0)
(5.43936 1.43737 0)
(4.81906 1.73529 0)
(5.30016 1.90308 0)
(4.79796 2.17737 0)
(4.73304 2.34037 0)
(4.632 2.07281 0)
(3.81514 1.94276 0)
(2.46681 0.484355 0)
(1.18398 -0.143996 0)
(-0.464954 0.469639 0)
(-1.56 1.0462 0)
(-2.6298 2.05012 0)
(-3.57988 2.84225 0)
(-4.05221 2.80831 0)
(-3.53674 2.16881 0)
(-3.04298 2.00568 0)
(-2.26288 2.17164 0)
(-0.798203 1.80642 0)
(0.869296 0.436956 0)
(1.77551 -1.01428 0)
(2.04351 -1.84442 0)
(2.3896 -1.96723 0)
(2.23599 -1.97642 0)
(1.68921 -2.95611 0)
(1.63411 -3.83435 0)
(1.36802 -4.01102 0)
(-0.0237635 -3.70637 0)
(0.417346 -1.99742 0)
(0.546007 0.994292 0)
(0.814566 3.69323 0)
(2.14041 4.22679 0)
(3.8411 3.09065 0)
(4.6853 1.90067 0)
(5.50302 0.562893 0)
(5.94117 -0.768097 0)
(5.86981 -1.34698 0)
(5.9256 -0.857507 0)
(6.97036 -1.73423 0)
(7.82339 -3.71435 0)
(7.58744 -4.64418 0)
(7.94971 -5.09512 0)
(8.01577 -6.46389 0)
(8.15866 -7.12625 0)
(6.70945 -6.50215 0)
(7.0266 -5.27518 0)
(6.66497 -5.6929 0)
(7.52343 -5.71827 0)
(8.61573 -5.5106 0)
(9.47078 -4.83996 0)
(10.6735 -3.50382 0)
(11.0895 -2.14807 0)
(11.6654 -0.545845 0)
(12.2878 1.32099 0)
(11.9467 2.66104 0)
(11.4619 3.63959 0)
(11.5634 4.86354 0)
(11.7099 6.19197 0)
(11.2856 6.79299 0)
(10.0191 6.382 0)
(8.5858 5.2119 0)
(7.02827 4.15586 0)
(5.94267 3.21929 0)
(4.90673 2.97012 0)
(4.44492 2.48879 0)
(3.46538 2.49796 0)
(3.68382 1.20912 0)
(2.95692 0.685853 0)
(3.50934 -1.17962 0)
(3.26924 -1.40333 0)
(3.81103 -2.52107 0)
(4.11019 -2.15822 0)
(4.42879 -2.33994 0)
(4.96574 -1.74244 0)
(4.94525 -1.52399 0)
(5.43456 -1.13928 0)
(5.17331 -0.950416 0)
(5.38596 -0.637662 0)
(5.19699 -0.60755 0)
(5.41757 -0.376316 0)
(5.11851 -0.302984 0)
(5.47812 -0.195933 0)
(5.13344 -0.144439 0)
(5.50116 -0.00678284 0)
(5.13716 -0.0373068 0)
(5.57206 0.0940482 0)
(5.08987 0.0842156 0)
(5.59647 0.206904 0)
(5.12588 0.148544 0)
(5.59395 0.304916 0)
(5.07338 0.289876 0)
(5.57448 0.400518 0)
(5.17101 0.395306 0)
(5.5004 0.510502 0)
(5.17591 0.592117 0)
(5.3909 0.659409 0)
(5.29596 0.772552 0)
(5.30083 0.857878 0)
(5.36807 0.995137 0)
(5.23851 1.11832 0)
(5.36233 1.29472 0)
(4.98605 1.54557 0)
(5.36193 1.67284 0)
(4.82931 1.95845 0)
(5.41769 2.14711 0)
(4.90592 2.42711 0)
(4.62819 2.48662 0)
(4.22925 1.97999 0)
(2.92883 1.55277 0)
(0.280706 0.09501 0)
(-0.287747 0.853877 0)
(-1.02349 1.42596 0)
(-1.76709 2.32028 0)
(-2.32128 3.03926 0)
(-2.46829 2.89652 0)
(-1.82343 2.04501 0)
(-1.48827 1.71693 0)
(-0.63381 1.70328 0)
(0.616914 1.20909 0)
(2.18568 -0.0340198 0)
(3.15749 -1.11868 0)
(3.09993 -1.869 0)
(2.88537 -2.07767 0)
(2.80166 -1.98094 0)
(2.9311 -2.91025 0)
(2.82172 -3.85509 0)
(2.91447 -3.74954 0)
(1.7209 -3.47592 0)
(1.7564 -2.16159 0)
(1.89035 0.791865 0)
(2.43357 3.24425 0)
(3.89467 3.6625 0)
(5.3619 2.75843 0)
(6.25851 1.60139 0)
(6.80455 0.446914 0)
(7.02744 -0.715119 0)
(6.80811 -1.42099 0)
(6.72869 -1.0794 0)
(7.93545 -1.96247 0)
(8.77867 -3.88506 0)
(8.39289 -4.61628 0)
(8.46061 -5.01256 0)
(8.39131 -6.43121 0)
(8.25378 -6.94337 0)
(6.7518 -6.24363 0)
(6.99491 -5.20293 0)
(6.45114 -5.85148 0)
(7.30453 -6.10788 0)
(8.51888 -5.94617 0)
(9.22943 -5.23532 0)
(10.3199 -3.80009 0)
(10.7274 -2.32979 0)
(11.1605 -0.763985 0)
(11.958 1.24973 0)
(11.8418 2.80444 0)
(11.2059 3.74921 0)
(11.1287 4.83305 0)
(11.3823 6.18673 0)
(11.2157 7.0663 0)
(10.188 6.86848 0)
(8.80687 5.82204 0)
(7.28723 4.72019 0)
(6.39951 3.66078 0)
(5.09623 3.31268 0)
(5.03633 2.73614 0)
(3.72527 2.72301 0)
(4.35681 1.26498 0)
(3.26507 0.782279 0)
(4.13297 -1.27582 0)
(3.47045 -1.43244 0)
(4.52906 -2.75471 0)
(4.14805 -2.21766 0)
(4.8982 -2.57427 0)
(4.90142 -1.80509 0)
(5.28954 -1.6977 0)
(5.48661 -1.14237 0)
(5.46214 -0.971261 0)
(5.54392 -0.614247 0)
(5.51058 -0.623531 0)
(5.45995 -0.341269 0)
(5.38028 -0.303262 0)
(5.43435 -0.211596 0)
(5.37284 -0.131045 0)
(5.3491 -0.0370923 0)
(5.39592 9.1162e-05 0)
(5.32007 0.0338761 0)
(5.4344 0.145233 0)
(5.26511 0.129962 0)
(5.4899 0.235623 0)
(5.20484 0.217519 0)
(5.52298 0.369097 0)
(5.19712 0.312027 0)
(5.54563 0.474498 0)
(5.157 0.464004 0)
(5.51256 0.614003 0)
(5.23905 0.645879 0)
(5.46049 0.750476 0)
(5.32878 0.876407 0)
(5.38733 0.961373 0)
(5.40583 1.17601 0)
(5.26187 1.29184 0)
(5.50143 1.50294 0)
(5.19993 1.72173 0)
(5.59273 1.90878 0)
(4.92316 2.21227 0)
(5.54291 2.36265 0)
(5.02738 2.57363 0)
(4.29094 2.70869 0)
(3.46252 1.6836 0)
(2.26485 1.34895 0)
(-0.0718041 1.08818 0)
(-0.406707 1.70488 0)
(-0.809278 2.47074 0)
(-0.973659 3.07731 0)
(-0.811738 2.8463 0)
(-0.0646516 1.86478 0)
(0.23852 1.42959 0)
(1.08598 1.22656 0)
(2.1945 0.591202 0)
(3.37612 -0.520368 0)
(4.12184 -1.29359 0)
(4.10257 -1.79626 0)
(3.82905 -2.022 0)
(3.79356 -1.98069 0)
(4.34148 -2.83464 0)
(4.34344 -3.86519 0)
(4.27464 -3.61402 0)
(3.82539 -3.204 0)
(3.40857 -2.26276 0)
(3.14484 0.501463 0)
(4.32624 2.76777 0)
(5.60964 3.20241 0)
(6.78275 2.46768 0)
(7.69954 1.2954 0)
(7.9653 0.320761 0)
(8.12401 -0.699554 0)
(7.96163 -1.47607 0)
(7.81656 -1.23123 0)
(8.91734 -2.12077 0)
(9.58604 -4.01497 0)
(9.00964 -4.58663 0)
(8.79736 -4.93531 0)
(8.67655 -6.33082 0)
(8.35348 -6.70787 0)
(6.75901 -5.98096 0)
(6.93676 -5.1102 0)
(6.14699 -5.96 0)
(7.10861 -6.52756 0)
(8.3925 -6.39365 0)
(8.95393 -5.54423 0)
(9.8602 -4.07793 0)
(10.2871 -2.46057 0)
(10.5646 -0.963601 0)
(11.3791 1.09433 0)
(11.5918 2.92271 0)
(10.924 3.8785 0)
(10.7356 4.81377 0)
(10.9734 6.1666 0)
(10.9915 7.24295 0)
(10.1972 7.31729 0)
(9.12174 6.33797 0)
(7.55013 5.28928 0)
(6.74683 4.02177 0)
(5.33833 3.67211 0)
(5.42248 2.88898 0)
(4.16049 2.95761 0)
(4.78708 1.28959 0)
(3.87386 0.900373 0)
(4.51284 -1.34902 0)
(4.18448 -1.50485 0)
(4.86948 -2.89324 0)
(4.64453 -2.21722 0)
(5.23787 -2.76023 0)
(5.10442 -1.80854 0)
(5.39495 -1.87891 0)
(5.44388 -1.11127 0)
(5.62216 -1.07478 0)
(5.64796 -0.562609 0)
(5.71849 -0.654262 0)
(5.58906 -0.243367 0)
(5.63096 -0.355034 0)
(5.56119 -0.133498 0)
(5.51772 -0.156899 0)
(5.46447 0.0281513 0)
(5.47007 -0.0625234 0)
(5.44905 0.108175 0)
(5.37964 0.0893934 0)
(5.44992 0.19914 0)
(5.32544 0.164889 0)
(5.48214 0.301551 0)
(5.25048 0.285066 0)
(5.54194 0.404917 0)
(5.18157 0.395463 0)
(5.58082 0.551793 0)
(5.16967 0.533544 0)
(5.60487 0.709755 0)
(5.16575 0.724808 0)
(5.55913 0.897538 0)
(5.21062 0.9858 0)
(5.42227 1.1303 0)
(5.35055 1.31222 0)
(5.31784 1.48589 0)
(5.52561 1.69254 0)
(5.37384 1.95399 0)
(5.55774 2.23047 0)
(4.80807 2.57338 0)
(5.10137 2.7089 0)
(4.67275 2.91049 0)
(3.13783 3.02541 0)
(0.739263 1.82925 0)
(0.158288 1.14457 0)
(0.298852 1.79793 0)
(0.383382 2.49858 0)
(0.518639 3.01591 0)
(0.939564 2.67671 0)
(1.7943 1.70526 0)
(2.20501 1.24269 0)
(2.97409 0.889267 0)
(4.03801 0.19406 0)
(4.83454 -0.777331 0)
(5.08651 -1.42971 0)
(4.74882 -1.8832 0)
(4.6166 -2.09366 0)
(4.79365 -2.00402 0)
(5.61355 -2.82964 0)
(6.04009 -3.85608 0)
(5.6953 -3.59398 0)
(5.83214 -2.94686 0)
(5.3302 -2.15645 0)
(4.42592 0.180445 0)
(5.99908 2.19636 0)
(7.27758 2.78679 0)
(8.21768 2.24199 0)
(9.01828 1.04729 0)
(8.99429 0.228551 0)
(9.05086 -0.712947 0)
(8.931 -1.53794 0)
(8.78355 -1.328 0)
(9.68271 -2.24523 0)
(10.1473 -4.08669 0)
(9.42729 -4.46419 0)
(9.07761 -4.75511 0)
(8.82582 -6.14927 0)
(8.36963 -6.3945 0)
(6.78587 -5.61642 0)
(6.70685 -4.96074 0)
(5.91641 -6.06426 0)
(7.07092 -6.93702 0)
(8.05445 -6.79085 0)
(8.51003 -5.76484 0)
(9.20551 -4.31564 0)
(9.81373 -2.56112 0)
(9.89408 -1.1352 0)
(10.7045 0.890692 0)
(11.1369 2.94306 0)
(10.6079 4.04284 0)
(10.2691 4.81932 0)
(10.5562 6.12701 0)
(10.7235 7.30884 0)
(10.1151 7.65024 0)
(9.23423 6.82751 0)
(7.71198 5.81528 0)
(7.1251 4.47856 0)
(5.58203 3.98752 0)
(5.82975 3.09156 0)
(4.53098 3.14674 0)
(5.39031 1.33167 0)
(4.3034 1.0103 0)
(5.17889 -1.44721 0)
(4.62996 -1.52704 0)
(5.3654 -3.05029 0)
(5.1038 -2.25009 0)
(5.67632 -2.86633 0)
(5.43954 -1.73541 0)
(5.54109 -1.97321 0)
(5.54188 -1.0988 0)
(5.60448 -1.20233 0)
(5.68049 -0.525335 0)
(5.6867 -0.731955 0)
(5.77639 -0.193259 0)
(5.70156 -0.393416 0)
(5.78717 -0.0688161 0)
(5.61054 -0.172504 0)
(5.75091 0.0675868 0)
(5.54322 -0.0594853 0)
(5.6682 0.130599 0)
(5.46337 0.0968738 0)
(5.61456 0.202996 0)
(5.40214 0.187162 0)
(5.5338 0.280004 0)
(5.3758 0.323043 0)
(5.4738 0.355961 0)
(5.40356 0.450779 0)
(5.40005 0.458414 0)
(5.48693 0.611632 0)
(5.37855 0.623129 0)
(5.61021 0.792752 0)
(5.38884 0.819253 0)
(5.66657 1.03164 0)
(5.46245 1.13553 0)
(5.60365 1.31836 0)
(5.49379 1.49239 0)
(5.49255 1.65813 0)
(5.52179 1.94698 0)
(5.35614 2.26413 0)
(5.83073 2.53174 0)
(4.73121 2.97048 0)
(4.9112 3.19781 0)
(4.16658 2.94817 0)
(2.33814 3.52357 0)
(0.340517 0.94166 0)
(0.948478 1.68567 0)
(1.47396 2.39885 0)
(1.85469 2.86055 0)
(2.5692 2.4705 0)
(3.55076 1.50615 0)
(3.9809 0.937439 0)
(4.57289 0.451867 0)
(5.64813 -0.185194 0)
(6.30187 -0.834523 0)
(6.36067 -1.20935 0)
(5.92394 -1.68484 0)
(5.5699 -2.19741 0)
(5.92883 -2.31228 0)
(7.03815 -3.15794 0)
(7.61631 -4.02464 0)
(7.31473 -3.64292 0)
(7.40942 -2.86948 0)
(7.24984 -1.96149 0)
(6.03329 -0.0160409 0)
(7.29589 1.59137 0)
(8.56626 2.32 0)
(9.43999 2.03348 0)
(10.211 0.952507 0)
(10.0143 0.276308 0)
(10.0095 -0.671932 0)
(9.84493 -1.5743 0)
(9.47269 -1.43032 0)
(10.1732 -2.37668 0)
(10.5585 -4.03145 0)
(9.64802 -4.2311 0)
(9.18092 -4.54433 0)
(8.89931 -5.95719 0)
(8.24482 -6.07974 0)
(6.6918 -5.21521 0)
(6.34284 -4.81757 0)
(5.6861 -6.24378 0)
(6.85502 -7.30334 0)
(7.40403 -7.07448 0)
(7.84017 -5.91018 0)
(8.39376 -4.58604 0)
(9.16642 -2.67423 0)
(9.27182 -1.27195 0)
(9.90953 0.713107 0)
(10.5386 2.88782 0)
(10.1951 4.17222 0)
(9.82708 4.85004 0)
(10.0216 6.07506 0)
(10.3805 7.3444 0)
(9.904 7.89172 0)
(9.42446 7.23484 0)
(7.88898 6.33232 0)
(7.46319 4.81201 0)
(5.82484 4.31759 0)
(6.12512 3.19103 0)
(5.00932 3.31602 0)
(5.77482 1.30948 0)
(4.92042 1.08846 0)
(5.65364 -1.50464 0)
(5.15482 -1.54272 0)
(5.73622 -3.21778 0)
(5.37089 -2.24627 0)
(5.9077 -3.0224 0)
(5.68422 -1.59572 0)
(5.85153 -2.05596 0)
(5.7056 -0.955923 0)
(5.6933 -1.3045 0)
(5.61301 -0.41645 0)
(5.66282 -0.882005 0)
(5.72856 -0.0800892 0)
(5.70553 -0.537573 0)
(5.77562 0.0617112 0)
(5.76847 -0.299515 0)
(5.81563 0.199656 0)
(5.768 -0.165443 0)
(5.7782 0.267571 0)
(5.78417 0.00668397 0)
(5.71117 0.320767 0)
(5.71622 0.124616 0)
(5.61075 0.390637 0)
(5.64246 0.275565 0)
(5.52601 0.438431 0)
(5.48755 0.414913 0)
(5.41364 0.540409 0)
(5.38425 0.547889 0)
(5.42448 0.662365 0)
(5.2637 0.704319 0)
(5.46939 0.889116 0)
(5.31566 0.915262 0)
(5.69949 1.14353 0)
(5.46443 1.26158 0)
(5.82326 1.50001 0)
(5.58237 1.72665 0)
(5.50692 1.98938 0)
(5.43263 2.26664 0)
(5.2998 2.63687 0)
(5.63556 2.97703 0)
(4.70779 3.77751 0)
(3.85093 4.12832 0)
(1.44482 4.03033 0)
(0.387588 0.670882 0)
(1.3418 1.33656 0)
(2.54602 2.10285 0)
(3.20213 2.52983 0)
(4.02489 2.12003 0)
(5.10477 1.25035 0)
(5.63395 0.705148 0)
(6.08631 0.0965695 0)
(6.80013 -0.586945 0)
(7.06922 -1.0366 0)
(6.91936 -1.14083 0)
(7.01655 -1.53139 0)
(6.92791 -2.20755 0)
(7.43142 -2.5833 0)
(8.87466 -3.37988 0)
(9.16895 -4.10971 0)
(8.92145 -3.59247 0)
(8.81492 -2.82697 0)
(8.69968 -1.89253 0)
(7.82117 -0.064474 0)
(8.50742 1.17251 0)
(9.42073 1.87665 0)
(10.2485 1.77505 0)
(11.044 0.844985 0)
(10.7793 0.349006 0)
(10.8227 -0.644124 0)
(10.6091 -1.53786 0)
(10.044 -1.39725 0)
(10.5538 -2.40875 0)
(10.7313 -3.93519 0)
(9.70911 -4.05093 0)
(9.18754 -4.44816 0)
(8.98685 -5.71996 0)
(8.13463 -5.66161 0)
(6.63559 -4.70717 0)
(6.03218 -4.63036 0)
(5.45857 -6.38097 0)
(6.42575 -7.56986 0)
(6.52711 -7.27694 0)
(7.19905 -5.99913 0)
(7.49342 -4.85514 0)
(8.40231 -2.86904 0)
(8.59819 -1.3903 0)
(9.15166 0.497934 0)
(9.81959 2.78492 0)
(9.62511 4.25371 0)
(9.31569 4.89335 0)
(9.46473 6.00537 0)
(10.0125 7.30009 0)
(9.64171 8.0569 0)
(9.35614 7.5493 0)
(7.88004 6.7856 0)
(7.7882 5.20793 0)
(6.22465 4.67983 0)
(6.6142 3.33888 0)
(5.44674 3.44317 0)
(6.2315 1.33639 0)
(5.50671 1.12798 0)
(6.19231 -1.52927 0)
(5.66184 -1.56438 0)
(6.15328 -3.27064 0)
(5.64012 -2.23796 0)
(6.01794 -3.16964 0)
(5.78513 -1.58247 0)
(6.06838 -2.13179 0)
(5.85782 -0.855365 0)
(5.94126 -1.32005 0)
(5.66127 -0.305045 0)
(5.73975 -0.964789 0)
(5.65599 0.000159865 0)
(5.6632 -0.608589 0)
(5.63819 0.111981 0)
(5.73885 -0.387449 0)
(5.73266 0.269569 0)
(5.75111 -0.236854 0)
(5.79672 0.30499 0)
(5.86838 -0.0485171 0)
(5.835 0.384152 0)
(5.88198 0.0751902 0)
(5.87907 0.431429 0)
(5.91302 0.24307 0)
(5.89875 0.520699 0)
(5.79031 0.430129 0)
(5.86932 0.57519 0)
(5.75416 0.568636 0)
(5.7382 0.743064 0)
(5.53194 0.779361 0)
(5.57169 0.837661 0)
(5.54905 0.960506 0)
(5.42482 1.0939 0)
(5.61567 1.28117 0)
(5.57726 1.39751 0)
(5.86273 1.69671 0)
(5.917 2.02898 0)
(5.78141 2.2385 0)
(5.75788 2.73317 0)
(5.1857 2.9808 0)
(5.68834 3.69345 0)
(5.08334 4.23812 0)
(2.79785 6.24983 0)
(0.919215 0.153028 0)
(1.21033 0.780112 0)
(2.98653 1.46132 0)
(4.23261 2.091 0)
(5.27287 1.8302 0)
(6.41893 1.09507 0)
(7.05344 0.574597 0)
(7.43525 -0.0492973 0)
(7.82451 -0.684005 0)
(7.63792 -0.945909 0)
(7.22568 -1.19828 0)
(7.85568 -1.85088 0)
(8.32938 -2.47925 0)
(8.88704 -2.86172 0)
(10.3387 -3.62384 0)
(10.4732 -4.1849 0)
(10.0047 -3.48479 0)
(9.97708 -2.65054 0)
(9.63035 -1.86675 0)
(9.2087 -0.125479 0)
(9.72845 0.990829 0)
(10.1695 1.62899 0)
(10.7972 1.47756 0)
(11.4636 0.703314 0)
(11.2204 0.40489 0)
(11.3486 -0.581744 0)
(11.0455 -1.45459 0)
(10.414 -1.3505 0)
(10.8377 -2.3872 0)
(10.8076 -3.73302 0)
(9.73616 -3.73028 0)
(9.269 -4.20838 0)
(9.01461 -5.44339 0)
(7.96205 -5.22344 0)
(6.46104 -4.20752 0)
(5.64737 -4.45044 0)
(5.17139 -6.44726 0)
(5.81749 -7.70296 0)
(5.71241 -7.44473 0)
(6.75289 -6.0719 0)
(6.77685 -5.13926 0)
(7.55647 -3.08044 0)
(7.979 -1.53801 0)
(8.299 0.352941 0)
(9.04948 2.66062 0)
(8.98245 4.26215 0)
(8.78977 4.92961 0)
(8.83083 5.90983 0)
(9.56233 7.20173 0)
(9.34805 8.18437 0)
(9.44738 7.79855 0)
(7.94994 7.15425 0)
(7.97323 5.44567 0)
(6.48779 4.96064 0)
(7.03133 3.37498 0)
(5.90326 3.61601 0)
(6.61217 1.31455 0)
(6.04772 1.15501 0)
(6.64517 -1.59445 0)
(6.10713 -1.51187 0)
(6.63806 -3.30074 0)
(6.0318 -2.07593 0)
(6.25039 -3.23003 0)
(5.86366 -1.46743 0)
(6.04312 -2.29837 0)
(5.88928 -0.739773 0)
(6.04732 -1.43974 0)
(5.79777 -0.125998 0)
(5.90438 -1.09006 0)
(5.74733 0.18023 0)
(5.72116 -0.756815 0)
(5.63635 0.285523 0)
(5.6876 -0.566591 0)
(5.663 0.444776 0)
(5.55464 -0.431657 0)
(5.71082 0.470958 0)
(5.62757 -0.239382 0)
(5.74128 0.547386 0)
(5.58293 -0.123976 0)
(5.81822 0.580548 0)
(5.72608 0.0588389 0)
(5.85095 0.650156 0)
(5.7142 0.245153 0)
(5.94726 0.686494 0)
(5.85798 0.472312 0)
(5.88006 0.85032 0)
(5.85932 0.660408 0)
(5.89953 0.963837 0)
(5.77407 0.921893 0)
(5.73742 1.20444 0)
(5.58684 1.15375 0)
(5.66925 1.55719 0)
(5.43186 1.52134 0)
(5.92396 2.08088 0)
(5.8364 2.16474 0)
(6.02841 2.91757 0)
(5.89708 3.10624 0)
(4.82249 4.45208 0)
(5.35932 4.56634 0)
(2.5581 6.87899 0)
(4.89116 0.514701 0)
(-2.12961 -0.0188517 0)
(1.50967 -0.0594332 0)
(0.780078 -0.00748542 0)
(1.40105 -0.00466821 0)
(1.46977 3.88137e-05 0)
(1.5371 -0.000133262 0)
(1.5871 0.000260443 0)
(1.60122 0.000369736 0)
(1.62211 4.41208e-05 0)
(9.78892 0.746658 0)
(-0.776834 0.273518 0)
(3.92167 -0.266568 0)
(2.80337 -0.0230913 0)
(3.64406 -0.0580966 0)
(3.88847 -0.0215451 0)
(4.03534 -0.0133735 0)
(4.16295 -0.00717268 0)
(4.20515 -0.00383041 0)
(4.26995 -0.00284001 0)
(12.6797 1.22404 0)
(2.10443 0.51063 0)
(5.97856 -0.408726 0)
(4.9259 -0.0485212 0)
(5.63518 -0.109341 0)
(5.96432 -0.056908 0)
(6.14017 -0.0341855 0)
(6.3138 -0.0198123 0)
(6.37126 -0.011899 0)
(6.47058 -0.00826655 0)
(14.9856 1.57121 0)
(5.45497 0.779565 0)
(8.12378 -0.465279 0)
(7.1948 -0.0738307 0)
(7.64107 -0.147295 0)
(7.94666 -0.0944945 0)
(8.09999 -0.0585192 0)
(8.28078 -0.0354873 0)
(8.33638 -0.0228752 0)
(8.45365 -0.0156933 0)
(16.2139 1.77115 0)
(8.61093 1.06276 0)
(10.2516 -0.42703 0)
(9.46328 -0.0853571 0)
(9.63615 -0.160407 0)
(9.8528 -0.121369 0)
(9.94653 -0.0788747 0)
(10.095 -0.0493248 0)
(10.1309 -0.0336143 0)
(10.2416 -0.0236685 0)
(16.1765 1.50857 0)
(10.9868 1.18218 0)
(12.0191 -0.369467 0)
(11.4752 -0.0960207 0)
(11.4778 -0.153809 0)
(11.6067 -0.133545 0)
(11.6363 -0.0909408 0)
(11.734 -0.0575064 0)
(11.741 -0.0405753 0)
(11.8238 -0.0301269 0)
(15.6544 1.3276 0)
(12.5502 1.19339 0)
(13.2497 -0.313171 0)
(12.9973 -0.124867 0)
(12.9604 -0.14558 0)
(13.0556 -0.137728 0)
(13.0569 -0.0975274 0)
(13.1186 -0.060981 0)
(13.1058 -0.0428954 0)
(13.1569 -0.033734 0)
(15.0305 1.28983 0)
(13.555 1.16958 0)
(14.0252 -0.241145 0)
(13.9509 -0.157562 0)
(13.9082 -0.141931 0)
(14.0064 -0.138892 0)
(14.0134 -0.103557 0)
(14.0867 -0.0643448 0)
(14.0791 -0.0443457 0)
(14.1337 -0.0361088 0)
(13.973 1.14395 0)
(13.875 1.06103 0)
(14.2376 -0.181704 0)
(14.2547 -0.187072 0)
(14.1865 -0.145273 0)
(14.3024 -0.139739 0)
(14.2999 -0.110826 0)
(14.4294 -0.070767 0)
(14.4321 -0.0492587 0)
(14.5491 -0.0412896 0)
(12.6656 0.893375 0)
(13.4761 0.857606 0)
(13.8678 -0.154268 0)
(13.9718 -0.212214 0)
(13.897 -0.155365 0)
(14.0494 -0.142321 0)
(14.0383 -0.118479 0)
(14.2247 -0.0800693 0)
(14.2322 -0.0577357 0)
(14.4134 -0.0502084 0)
(11.7259 0.674398 0)
(12.7917 0.641717 0)
(13.2816 -0.146869 0)
(13.4849 -0.234594 0)
(13.44 -0.174572 0)
(13.6301 -0.150685 0)
(13.6323 -0.12974 0)
(13.8544 -0.0933763 0)
(13.8688 -0.0708057 0)
(14.0878 -0.0628116 0)
(11.394 0.542015 0)
(12.3062 0.469474 0)
(12.8595 -0.143841 0)
(13.1193 -0.253275 0)
(13.1273 -0.197924 0)
(13.3221 -0.16168 0)
(13.3506 -0.141716 0)
(13.5755 -0.107352 0)
(13.5988 -0.0857151 0)
(13.8252 -0.0765942 0)
(11.3915 0.430383 0)
(12.1523 0.32563 0)
(12.7564 -0.152763 0)
(12.9975 -0.277175 0)
(13.0937 -0.230411 0)
(13.228 -0.180396 0)
(13.3147 -0.158561 0)
(13.4722 -0.123605 0)
(13.5218 -0.104007 0)
(13.6802 -0.0909286 0)
(11.4186 0.302372 0)
(12.1667 0.183461 0)
(12.8261 -0.167332 0)
(13.0275 -0.296643 0)
(13.2091 -0.259261 0)
(13.2297 -0.197828 0)
(13.3608 -0.172103 0)
(13.3422 -0.13327 0)
(13.4008 -0.115567 0)
(13.3531 -0.095961 0)
(11.3443 0.153829 0)
(12.198 0.0429552 0)
(12.8791 -0.198013 0)
(13.0828 -0.32359 0)
(13.1726 -0.28461 0)
(13.0077 -0.209692 0)
(12.9801 -0.171493 0)
(12.7378 -0.127548 0)
(12.7046 -0.107756 0)
(12.4541 -0.0847391 0)
(11.2517 0.00472968 0)
(12.224 -0.0867855 0)
(12.8619 -0.241298 0)
(12.816 -0.332351 0)
(12.516 -0.27195 0)
(12.0608 -0.183853 0)
(11.8159 -0.138399 0)
(11.4413 -0.0983938 0)
(11.3363 -0.0809931 0)
(11.0109 -0.0630522 0)
(11.196 -0.165232 0)
(12.0387 -0.203774 0)
(12.1591 -0.260441 0)
(11.5649 -0.285294 0)
(10.9025 -0.20719 0)
(10.3019 -0.126443 0)
(9.97659 -0.090201 0)
(9.59779 -0.0632003 0)
(9.47924 -0.0519818 0)
(9.16454 -0.0411298 0)
(10.6888 -0.288666 0)
(10.6747 -0.221114 0)
(10.1455 -0.194552 0)
(9.27395 -0.181899 0)
(8.52413 -0.119421 0)
(7.96586 -0.0667086 0)
(7.67114 -0.0463459 0)
(7.36517 -0.0329225 0)
(7.26392 -0.0272132 0)
(7.00991 -0.0221419 0)
(8.47786 -0.253614 0)
(7.74354 -0.128966 0)
(7.00274 -0.0927099 0)
(6.21595 -0.0794516 0)
(5.60867 -0.0458706 0)
(5.21651 -0.0222351 0)
(5.02184 -0.0152806 0)
(4.82479 -0.0114689 0)
(4.75818 -0.00936342 0)
(4.59203 -0.00821579 0)
(3.65946 -0.123516 0)
(3.13418 -0.0134758 0)
(2.69826 -0.00389763 0)
(2.32443 -0.00340657 0)
(2.05812 0.00070365 0)
(1.91787 0.00160807 0)
(1.85852 0.000716435 0)
(1.79392 0.000111376 0)
(1.77126 0.000271374 0)
(1.71329 -0.000259673 0)
)
;

boundaryField
{
    inlet
    {
        type            fixedValue;
        value           uniform (10 0 0);
    }
    outlet
    {
        type            zeroGradient;
    }
    walls
    {
        type            fixedValue;
        value           uniform (0 0 0);
    }
    frontAndBack
    {
        type            empty;
    }
}


// ************************************************************************* //
