/*--------------------------------*- C++ -*----------------------------------*\
| =========                 |                                                 |
| \\      /  F ield         | OpenFOAM: The Open Source CFD Toolbox           |
|  \\    /   O peration     | Version:  2.4.0                                 |
|   \\  /    A nd           | Web:      www.OpenFOAM.org                      |
|    \\/     M anipulation  |                                                 |
\*---------------------------------------------------------------------------*/
FoamFile
{
    version     2.0;
    format      ascii;
    class       volVectorField;
    location    "0.035";
    object      U_0;
}
// * * * * * * * * * * * * * * * * * * * * * * * * * * * * * * * * * * * * * //

dimensions      [0 1 -1 0 0 0 0];

internalField   nonuniform List<vector> 
4400
(
(5.40679 0.316646 0)
(3.31159 0.0607504 0)
(2.58873 0.00146619 0)
(2.2263 -0.00212135 0)
(2.08353 -0.00141442 0)
(2.0095 -0.00183872 0)
(1.93265 0.00180432 0)
(1.91506 -0.000945861 0)
(1.94023 0.00391286 0)
(1.43521 -0.0907472 0)
(8.69844 0.857253 0)
(7.5221 0.344964 0)
(6.65055 0.11613 0)
(5.89329 0.0557346 0)
(5.52851 0.0252921 0)
(5.29792 0.0144166 0)
(5.09037 0.0174512 0)
(5.03785 -0.00650676 0)
(5.07651 0.0444995 0)
(4.49943 -0.142508 0)
(9.91804 0.937071 0)
(9.95326 0.477514 0)
(9.52874 0.21198 0)
(8.72887 0.132022 0)
(8.281 0.0708877 0)
(7.95004 0.045837 0)
(7.65547 0.0431168 0)
(7.58243 -0.00810864 0)
(7.54817 0.0635881 0)
(7.1187 -0.132838 0)
(10.1752 0.807807 0)
(11.0525 0.499406 0)
(11.3164 0.263041 0)
(10.7997 0.201871 0)
(10.4597 0.122523 0)
(10.129 0.086991 0)
(9.81418 0.0751623 0)
(9.75841 -0.00182112 0)
(9.61368 0.0829282 0)
(9.3022 -0.154231 0)
(10.1467 0.648318 0)
(11.2282 0.438401 0)
(12.0194 0.237846 0)
(11.9304 0.225095 0)
(11.8857 0.153226 0)
(11.6996 0.124391 0)
(11.4692 0.10379 0)
(11.4807 0.0112483 0)
(11.2782 0.101523 0)
(11.0844 -0.148668 0)
(10.1915 0.516076 0)
(11.1451 0.372035 0)
(12.0462 0.174101 0)
(12.2046 0.194712 0)
(12.4615 0.136199 0)
(12.4985 0.132677 0)
(12.4652 0.11635 0)
(12.5931 0.0150034 0)
(12.4533 0.118429 0)
(12.3398 -0.124237 0)
(10.1725 0.388816 0)
(11.1376 0.316054 0)
(11.997 0.113505 0)
(12.1752 0.152567 0)
(12.4959 0.0990595 0)
(12.6488 0.116056 0)
(12.8085 0.0975904 0)
(13.0121 0.0103931 0)
(13.0131 0.100813 0)
(13.0199 -0.06871 0)
(10.078 0.262876 0)
(11.1089 0.251858 0)
(11.9464 0.0790919 0)
(12.212 0.115186 0)
(12.4367 0.0416851 0)
(12.5934 0.0918627 0)
(12.836 0.0699808 0)
(13.0277 -0.00307267 0)
(13.1254 0.0702456 0)
(13.2772 -0.0688924 0)
(9.99945 0.155869 0)
(11.0654 0.163595 0)
(11.9341 0.0223244 0)
(12.248 0.0809122 0)
(12.3855 0.0299293 0)
(12.5647 0.0505979 0)
(12.8267 0.0500054 0)
(12.9883 -0.0289596 0)
(13.1353 0.0507106 0)
(13.2893 -0.0885348 0)
(9.98743 0.0467137 0)
(11.0592 0.0750084 0)
(11.911 -0.0083926 0)
(12.2288 0.0461708 0)
(12.3808 -0.0234435 0)
(12.5687 0.0224814 0)
(12.8018 0.0237006 0)
(12.9767 -0.0436147 0)
(13.1171 0.00772782 0)
(13.2687 -0.0717233 0)
(10.001 -0.057074 0)
(11.0456 -0.0181603 0)
(11.9069 -0.0599285 0)
(12.2397 0.0110303 0)
(12.3793 -0.0366059 0)
(12.5598 -0.0178346 0)
(12.8044 -0.000310152 0)
(12.9891 -0.0661152 0)
(13.0885 -0.0176302 0)
(13.2586 -0.111304 0)
(10.001 -0.166455 0)
(11.059 -0.105779 0)
(11.9313 -0.0913009 0)
(12.2405 -0.0266938 0)
(12.3844 -0.0816849 0)
(12.58 -0.0501637 0)
(12.8257 -0.0269931 0)
(12.9913 -0.0810139 0)
(13.075 -0.0548264 0)
(13.1631 -0.100306 0)
(9.99164 -0.271801 0)
(11.1104 -0.198162 0)
(11.9682 -0.142487 0)
(12.23 -0.0611082 0)
(12.4221 -0.102158 0)
(12.6137 -0.0870091 0)
(12.8672 -0.056013 0)
(12.9818 -0.0924852 0)
(13.1074 -0.0705652 0)
(13.2151 -0.18288 0)
(9.97367 -0.387452 0)
(11.2118 -0.280682 0)
(12.009 -0.175615 0)
(12.203 -0.0990175 0)
(12.5068 -0.142606 0)
(12.6351 -0.123478 0)
(12.8859 -0.0787406 0)
(12.8746 -0.105414 0)
(13.0446 -0.103783 0)
(12.9853 -0.194147 0)
(9.96448 -0.507077 0)
(11.3314 -0.358094 0)
(12.0214 -0.220509 0)
(12.2282 -0.148167 0)
(12.4943 -0.17512 0)
(12.4244 -0.142834 0)
(12.5746 -0.0940704 0)
(12.3888 -0.10606 0)
(12.4855 -0.107894 0)
(12.1841 -0.170681 0)
(10.0072 -0.641097 0)
(11.4112 -0.436834 0)
(11.9272 -0.265377 0)
(11.9683 -0.190075 0)
(11.9214 -0.181132 0)
(11.5943 -0.133738 0)
(11.583 -0.0850989 0)
(11.2612 -0.0870915 0)
(11.2843 -0.0968662 0)
(10.859 -0.143608 0)
(10.0973 -0.80333 0)
(11.1799 -0.498593 0)
(11.2149 -0.27813 0)
(10.8442 -0.179787 0)
(10.4842 -0.140974 0)
(10.0184 -0.0959439 0)
(9.91711 -0.0591173 0)
(9.5612 -0.0602792 0)
(9.55921 -0.0741072 0)
(9.06574 -0.0979874 0)
(9.87876 -0.935616 0)
(10.035 -0.477529 0)
(9.44355 -0.219936 0)
(8.77202 -0.120139 0)
(8.29577 -0.0805226 0)
(7.85425 -0.0534104 0)
(7.73518 -0.0318838 0)
(7.42534 -0.0353128 0)
(7.41374 -0.0475783 0)
(6.91099 -0.056958 0)
(8.67978 -0.856804 0)
(7.5662 -0.344451 0)
(6.59721 -0.119403 0)
(5.9228 -0.0511302 0)
(5.53604 -0.0282187 0)
(5.23004 -0.0200517 0)
(5.13682 -0.0114379 0)
(4.92381 -0.0156699 0)
(4.89764 -0.021575 0)
(4.4851 -0.0247521 0)
(5.40272 -0.316859 0)
(3.32414 -0.0605445 0)
(2.57308 -0.00205136 0)
(2.23342 0.00253759 0)
(2.08808 0.00193122 0)
(1.98012 -0.000505285 0)
(1.94119 0.000458056 0)
(1.86 -0.00158473 0)
(1.83013 -0.00131114 0)
(1.64361 0.00870799 0)
(3.05373 -0.186814 0)
(2.89771 -0.0310826 0)
(3.43484 -0.125678 0)
(2.6815 0.11588 0)
(3.96043 0.110061 0)
(4.64512 0.837653 0)
(5.13015 1.57498 0)
(6.67405 0.950645 0)
(8.516 0.456537 0)
(9.22409 0.759328 0)
(9.30555 0.361326 0)
(9.68421 -1.48031 0)
(9.96275 -3.37602 0)
(10.1099 -3.84064 0)
(10.4381 -3.23767 0)
(10.9811 -2.96495 0)
(11.9267 -3.55909 0)
(12.4471 -4.86776 0)
(12.5943 -5.68135 0)
(13.2341 -5.16306 0)
(12.535 -4.59399 0)
(11.589 -4.02718 0)
(11.3131 -3.0393 0)
(10.3704 -2.21073 0)
(9.37287 -1.36978 0)
(8.76172 -0.560819 0)
(8.05086 -0.257749 0)
(7.28698 -0.245408 0)
(6.74692 -0.0947641 0)
(6.42745 0.180888 0)
(6.19873 0.376627 0)
(6.00371 0.428301 0)
(5.83891 0.38955 0)
(5.70744 0.322607 0)
(5.6087 0.259004 0)
(5.53858 0.207617 0)
(5.49103 0.168079 0)
(5.45982 0.137635 0)
(5.43971 0.113742 0)
(5.4269 0.0945739 0)
(5.41877 0.0789481 0)
(5.41363 0.0660581 0)
(5.4104 0.055351 0)
(5.4084 0.0464504 0)
(5.40719 0.0390481 0)
(5.40647 0.0329011 0)
(5.40609 0.027811 0)
(5.40587 0.0236365 0)
(5.40585 0.0202154 0)
(5.40578 0.0175144 0)
(5.40604 0.0152869 0)
(5.40581 0.0138143 0)
(5.40671 0.0122837 0)
(5.40554 0.0122628 0)
(5.40857 0.0103766 0)
(5.40394 0.0134577 0)
(5.41389 0.00776848 0)
(5.39802 0.0203351 0)
(5.42872 -0.00077161 0)
(5.38039 0.0422513 0)
(5.46706 -0.0296666 0)
(5.33664 0.10399 0)
(5.55403 -0.111108 0)
(5.25098 0.256441 0)
(5.71091 -0.290383 0)
(5.14289 0.551617 0)
(5.89312 -0.561193 0)
(5.11529 0.902189 0)
(5.98288 -0.778185 0)
(5.22849 1.01821 0)
(6.04196 -0.791416 0)
(5.35221 0.813397 0)
(6.24783 -0.58592 0)
(5.41227 0.556994 0)
(6.45036 -0.341094 0)
(5.43492 0.576943 0)
(6.49159 -0.314477 0)
(5.52765 0.738378 0)
(6.27919 -0.275454 0)
(5.73768 0.704614 0)
(6.03925 -0.0889889 0)
(5.68116 0.69991 0)
(5.87598 0.0768614 0)
(5.54008 0.760098 0)
(5.52969 0.193266 0)
(5.39301 0.79849 0)
(5.32499 0.415618 0)
(5.24996 0.833162 0)
(5.24877 0.690683 0)
(5.19735 1.01936 0)
(5.52933 1.00073 0)
(5.32329 1.47131 0)
(5.59946 1.55181 0)
(5.47701 2.12986 0)
(5.21039 1.86906 0)
(5.14038 3.0541 0)
(6.08969 3.11715 0)
(4.85436 5.13975 0)
(5.69012 5.56672 0)
(3.42351 9.78436 0)
(5.19543 -0.175965 0)
(4.96899 -0.104194 0)
(5.49102 -0.0834902 0)
(5.08154 0.113414 0)
(5.87031 -0.0257895 0)
(5.57546 0.648644 0)
(5.83604 1.13734 0)
(7.53147 0.222242 0)
(8.55503 -0.0390414 0)
(8.72844 0.603871 0)
(9.42441 0.139883 0)
(10.5305 -1.70705 0)
(11.04 -3.46682 0)
(10.8171 -3.91181 0)
(10.9459 -3.46979 0)
(11.8912 -3.41672 0)
(13.1529 -3.93066 0)
(13.8656 -4.88041 0)
(13.3652 -5.72998 0)
(13.5633 -5.23589 0)
(13.4239 -4.30283 0)
(12.2921 -3.71434 0)
(11.6977 -2.75818 0)
(10.8151 -1.78917 0)
(9.63712 -0.99159 0)
(8.83613 -0.266086 0)
(8.10749 0.0518997 0)
(7.31129 0.0462207 0)
(6.66552 0.113841 0)
(6.25157 0.312059 0)
(5.99326 0.465073 0)
(5.82333 0.495278 0)
(5.70649 0.442485 0)
(5.62134 0.363763 0)
(5.55656 0.289806 0)
(5.50756 0.229706 0)
(5.47184 0.183231 0)
(5.44691 0.147598 0)
(5.43023 0.120107 0)
(5.41946 0.0985778 0)
(5.41272 0.0814268 0)
(5.40863 0.0675753 0)
(5.40626 0.0562674 0)
(5.40496 0.0469854 0)
(5.40433 0.0393392 0)
(5.40411 0.0330393 0)
(5.40414 0.0278551 0)
(5.40428 0.0236219 0)
(5.40457 0.0201676 0)
(5.40475 0.0174443 0)
(5.40527 0.015204 0)
(5.40518 0.0137127 0)
(5.40639 0.0121666 0)
(5.40512 0.012122 0)
(5.40884 0.0101744 0)
(5.40331 0.0132865 0)
(5.41547 0.00726822 0)
(5.39585 0.0203166 0)
(5.434 -0.00239811 0)
(5.37269 0.0432881 0)
(5.4831 -0.0353024 0)
(5.313 0.109046 0)
(5.59947 -0.129088 0)
(5.18837 0.27357 0)
(5.82922 -0.33981 0)
(4.99995 0.600295 0)
(6.16523 -0.669613 0)
(4.83941 1.01436 0)
(6.49907 -0.955719 0)
(4.80645 1.19618 0)
(6.81684 -1.01458 0)
(4.89625 1.0147 0)
(7.11752 -0.81895 0)
(5.17824 0.756746 0)
(7.16276 -0.552663 0)
(5.45021 0.770111 0)
(7.20065 -0.528955 0)
(5.50475 0.966791 0)
(7.15253 -0.541143 0)
(5.82348 0.931265 0)
(6.95507 -0.295287 0)
(5.99632 0.8966 0)
(6.94227 -0.0684183 0)
(5.8933 1.03436 0)
(6.65894 0.0883471 0)
(5.81357 1.07795 0)
(6.18551 0.329986 0)
(5.45179 1.17996 0)
(5.42273 0.533876 0)
(5.1004 1.27343 0)
(4.93425 0.653011 0)
(5.03345 1.69282 0)
(5.31309 0.995501 0)
(5.8596 2.32487 0)
(6.13933 1.92331 0)
(5.18313 3.39601 0)
(5.35223 2.73923 0)
(4.89692 5.1474 0)
(8.07246 4.68877 0)
(5.55117 10.326 0)
(7.63603 -0.136098 0)
(7.29972 -0.0806673 0)
(7.32362 -0.224773 0)
(7.22527 -0.0848875 0)
(7.99935 -0.0264485 0)
(7.43385 0.623411 0)
(7.62383 0.818875 0)
(9.09439 -0.153122 0)
(9.41112 -0.16694 0)
(9.51167 0.45858 0)
(10.819 -0.246271 0)
(12.1775 -1.94853 0)
(12.6583 -3.41074 0)
(12.3708 -3.80178 0)
(12.2959 -3.64556 0)
(13.1105 -3.86123 0)
(13.8642 -4.41382 0)
(14.407 -4.95532 0)
(13.9668 -5.47678 0)
(13.6343 -5.17335 0)
(13.7327 -4.16605 0)
(12.9301 -3.41822 0)
(12.2071 -2.43536 0)
(11.2933 -1.34389 0)
(9.95747 -0.546025 0)
(8.93723 0.0766572 0)
(8.13669 0.372669 0)
(7.30555 0.360211 0)
(6.57472 0.36218 0)
(6.07058 0.471128 0)
(5.77421 0.557068 0)
(5.62119 0.547951 0)
(5.54986 0.474814 0)
(5.51359 0.386145 0)
(5.48801 0.306965 0)
(5.46565 0.243343 0)
(5.44615 0.193809 0)
(5.43049 0.155453 0)
(5.41896 0.125604 0)
(5.41114 0.102211 0)
(5.40623 0.0837047 0)
(5.4034 0.0689179 0)
(5.40197 0.0570082 0)
(5.40142 0.0473401 0)
(5.40142 0.0394549 0)
(5.40171 0.0330167 0)
(5.40217 0.027756 0)
(5.40268 0.0234822 0)
(5.40328 0.0200114 0)
(5.40372 0.0172756 0)
(5.40449 0.0150371 0)
(5.40454 0.0135252 0)
(5.40606 0.0119927 0)
(5.40469 0.0118861 0)
(5.40911 0.00996865 0)
(5.40262 0.0129452 0)
(5.41708 0.00691215 0)
(5.3934 0.0198797 0)
(5.43961 -0.00348575 0)
(5.36385 0.0432799 0)
(5.50047 -0.0395633 0)
(5.28568 0.111788 0)
(5.64779 -0.144623 0)
(5.11861 0.285605 0)
(5.94648 -0.386219 0)
(4.85963 0.635838 0)
(6.4028 -0.772412 0)
(4.63012 1.08544 0)
(6.86593 -1.09413 0)
(4.55538 1.26282 0)
(7.18827 -1.11648 0)
(4.65094 1.06131 0)
(7.19301 -0.948731 0)
(5.15272 0.892635 0)
(6.75958 -0.771161 0)
(5.62161 0.936718 0)
(6.61168 -0.74733 0)
(5.6472 1.15571 0)
(6.59537 -0.860417 0)
(5.92643 1.15762 0)
(6.6327 -0.628806 0)
(6.05856 1.05262 0)
(7.04895 -0.348471 0)
(6.27326 1.2171 0)
(7.21966 -0.239856 0)
(6.52609 1.3187 0)
(7.38191 0.160763 0)
(6.50494 1.46359 0)
(7.00139 0.478845 0)
(6.26969 1.6097 0)
(6.17836 0.747981 0)
(5.3159 1.85663 0)
(5.48352 0.873185 0)
(4.72992 2.21875 0)
(6.411 1.53964 0)
(5.58571 3.6721 0)
(7.61096 2.76056 0)
(4.26143 5.68501 0)
(8.33187 3.94894 0)
(6.55671 10.2501 0)
(9.69438 -0.12095 0)
(9.68814 0.0755958 0)
(9.5522 -0.120607 0)
(9.33692 -0.26832 0)
(9.8747 -0.0732585 0)
(9.51427 0.69427 0)
(9.68935 0.60694 0)
(10.5655 -0.509007 0)
(10.5768 -0.352586 0)
(11.0092 0.167861 0)
(12.4821 -0.693875 0)
(13.6614 -2.22928 0)
(13.7939 -3.39727 0)
(13.5782 -3.70616 0)
(13.4445 -3.77554 0)
(14.019 -4.07994 0)
(14.1893 -4.55807 0)
(14.1006 -4.97629 0)
(13.8924 -5.24935 0)
(13.5653 -4.99496 0)
(13.6451 -4.007 0)
(13.0492 -3.14952 0)
(12.3641 -2.12688 0)
(11.5674 -0.907496 0)
(10.2256 -0.0471176 0)
(9.03705 0.489144 0)
(8.13829 0.727404 0)
(7.2654 0.698666 0)
(6.47093 0.642483 0)
(5.89745 0.655501 0)
(5.57014 0.653533 0)
(5.43122 0.588179 0)
(5.39823 0.488657 0)
(5.40397 0.39155 0)
(5.41372 0.311219 0)
(5.41734 0.247788 0)
(5.41531 0.197923 0)
(5.41057 0.158683 0)
(5.40555 0.127805 0)
(5.40158 0.10353 0)
(5.39903 0.0843847 0)
(5.39776 0.0691775 0)
(5.39744 0.0570066 0)
(5.39775 0.0471807 0)
(5.39842 0.039209 0)
(5.39926 0.032731 0)
(5.40018 0.0274588 0)
(5.40106 0.023186 0)
(5.40199 0.0197276 0)
(5.40268 0.0169976 0)
(5.40371 0.0147832 0)
(5.4039 0.0132508 0)
(5.40572 0.0117688 0)
(5.40426 0.0115467 0)
(5.40934 0.00979007 0)
(5.4019 0.012372 0)
(5.41868 0.00686317 0)
(5.39075 0.0186814 0)
(5.44546 -0.0032198 0)
(5.35381 0.0406099 0)
(5.51971 -0.0389374 0)
(5.25198 0.105933 0)
(5.70558 -0.145306 0)
(5.02044 0.274336 0)
(6.0978 -0.39687 0)
(4.62303 0.627664 0)
(6.71274 -0.818739 0)
(4.22416 1.13103 0)
(7.24017 -1.20934 0)
(4.20649 1.41238 0)
(7.1766 -1.32934 0)
(4.69479 1.32218 0)
(6.43497 -1.28914 0)
(5.42395 1.20677 0)
(5.67982 -1.06581 0)
(5.67132 1.14222 0)
(5.62035 -0.919828 0)
(5.50092 1.3664 0)
(5.73896 -1.10682 0)
(5.65642 1.39408 0)
(5.97524 -0.834148 0)
(5.50372 1.2589 0)
(6.67919 -0.655697 0)
(5.57357 1.51268 0)
(6.9917 -0.604909 0)
(6.03697 1.51052 0)
(7.70847 -0.21971 0)
(6.23917 1.7396 0)
(8.18626 0.128138 0)
(6.68629 1.92041 0)
(8.25038 0.618736 0)
(6.3962 2.33663 0)
(7.3814 0.896961 0)
(5.15609 2.79161 0)
(6.16091 0.742784 0)
(4.74492 3.68548 0)
(8.70252 1.94937 0)
(5.81979 5.54556 0)
(11.1878 2.88719 0)
(7.79388 9.71211 0)
(11.2685 -0.162186 0)
(11.2922 0.0470514 0)
(11.2657 -0.0698809 0)
(11.3289 -0.358762 0)
(11.5884 -0.0924935 0)
(11.3394 0.728411 0)
(11.7552 0.489279 0)
(12.0599 -0.643434 0)
(11.765 -0.50758 0)
(12.4956 -0.179576 0)
(13.7801 -1.17767 0)
(14.5758 -2.50619 0)
(14.2079 -3.4102 0)
(14.0753 -3.64938 0)
(13.9952 -3.8257 0)
(14.217 -4.17427 0)
(14.1121 -4.54533 0)
(13.644 -4.94003 0)
(13.5288 -5.17877 0)
(13.3155 -5.04087 0)
(13.5109 -4.01257 0)
(13.1307 -2.8927 0)
(12.3322 -1.79385 0)
(11.5193 -0.491357 0)
(10.2776 0.441559 0)
(9.04993 0.923304 0)
(8.08504 1.10104 0)
(7.17852 1.04858 0)
(6.34937 0.938472 0)
(5.74411 0.852584 0)
(5.4121 0.749738 0)
(5.29493 0.615964 0)
(5.29222 0.484436 0)
(5.32429 0.379428 0)
(5.35412 0.301956 0)
(5.37326 0.243915 0)
(5.38356 0.198316 0)
(5.38835 0.161278 0)
(5.3902 0.130917 0)
(5.39086 0.106146 0)
(5.39129 0.08615 0)
(5.39193 0.0701455 0)
(5.39288 0.0573643 0)
(5.39409 0.0471435 0)
(5.39545 0.0389471 0)
(5.39685 0.0323576 0)
(5.39822 0.0270481 0)
(5.39946 0.022774 0)
(5.40071 0.0193374 0)
(5.40166 0.0166224 0)
(5.40293 0.0144491 0)
(5.40328 0.0128933 0)
(5.40536 0.0114969 0)
(5.40384 0.0111077 0)
(5.40953 0.00963679 0)
(5.40122 0.011588 0)
(5.42011 0.00708075 0)
(5.38831 0.0168617 0)
(5.45061 -0.00188485 0)
(5.34491 0.0360202 0)
(5.5355 -0.0347525 0)
(5.22442 0.0943152 0)
(5.74691 -0.135383 0)
(4.94994 0.246941 0)
(6.1856 -0.382157 0)
(4.48114 0.582631 0)
(6.83989 -0.829693 0)
(4.04842 1.12594 0)
(7.25221 -1.32183 0)
(4.25723 1.52285 0)
(6.75177 -1.57208 0)
(5.12557 1.50218 0)
(5.7201 -1.55794 0)
(5.73502 1.37204 0)
(5.39856 -1.23878 0)
(5.66796 1.25782 0)
(5.74348 -1.06138 0)
(5.43852 1.46834 0)
(6.159 -1.31867 0)
(5.48894 1.57679 0)
(6.42971 -1.08649 0)
(5.52411 1.37469 0)
(6.88665 -0.895383 0)
(5.43504 1.75314 0)
(7.10965 -1.09154 0)
(5.87601 1.77814 0)
(7.69464 -0.642297 0)
(5.95587 1.97291 0)
(8.52413 -0.548514 0)
(6.69999 2.20196 0)
(9.54803 0.0974165 0)
(7.08038 2.66186 0)
(10.4384 0.758139 0)
(6.75976 3.20481 0)
(10.2898 1.42508 0)
(4.50097 3.98967 0)
(9.47872 1.70145 0)
(4.15408 6.07958 0)
(10.6627 1.5103 0)
(8.90219 8.85915 0)
(12.5265 -0.181069 0)
(12.5477 0.0657831 0)
(12.322 -0.108679 0)
(12.5422 -0.550412 0)
(12.7595 -0.134789 0)
(12.5952 0.718375 0)
(13.3546 0.416166 0)
(13.3672 -0.608945 0)
(12.8186 -0.644363 0)
(13.6758 -0.51958 0)
(14.6809 -1.45345 0)
(15.2009 -2.46039 0)
(14.5104 -3.16673 0)
(14.3827 -3.55576 0)
(14.3649 -3.87156 0)
(14.1786 -4.19947 0)
(14.0286 -4.53349 0)
(13.6161 -4.91294 0)
(13.7173 -5.03839 0)
(13.3424 -4.96406 0)
(13.2363 -4.08691 0)
(13.0261 -2.74757 0)
(12.3083 -1.44001 0)
(11.3612 -0.0631191 0)
(10.1267 0.935366 0)
(8.93384 1.38507 0)
(7.95098 1.49338 0)
(7.04635 1.40727 0)
(6.22891 1.24443 0)
(5.63286 1.0566 0)
(5.32394 0.844895 0)
(5.23939 0.639766 0)
(5.26218 0.479008 0)
(5.30563 0.368133 0)
(5.33687 0.291452 0)
(5.35451 0.234498 0)
(5.3645 0.189755 0)
(5.37091 0.153803 0)
(5.37554 0.124873 0)
(5.37921 0.101626 0)
(5.38232 0.0829335 0)
(5.38509 0.0678905 0)
(5.38765 0.0557491 0)
(5.39005 0.0459309 0)
(5.39228 0.0379845 0)
(5.39433 0.0315538 0)
(5.39621 0.0263568 0)
(5.39786 0.0221673 0)
(5.39943 0.0188062 0)
(5.40065 0.0161355 0)
(5.40216 0.0140286 0)
(5.40267 0.0124484 0)
(5.40499 0.01118 0)
(5.40343 0.0105607 0)
(5.40967 0.00953708 0)
(5.40053 0.0105389 0)
(5.42158 0.00770244 0)
(5.38544 0.0141631 0)
(5.4567 0.00105538 0)
(5.33329 0.0286585 0)
(5.55626 -0.0254499 0)
(5.18568 0.0754046 0)
(5.80381 -0.11223 0)
(4.84843 0.205208 0)
(6.30044 -0.342123 0)
(4.28625 0.521835 0)
(6.98952 -0.819196 0)
(3.80794 1.14476 0)
(7.32584 -1.48374 0)
(4.169 1.77923 0)
(6.59585 -1.93292 0)
(5.25475 1.85942 0)
(5.54631 -1.84382 0)
(5.68581 1.57325 0)
(5.68148 -1.35019 0)
(5.25256 1.39061 0)
(6.27961 -1.21438 0)
(5.10747 1.67312 0)
(6.40973 -1.57358 0)
(5.28613 1.75361 0)
(6.50444 -1.28474 0)
(5.15705 1.50602 0)
(7.04326 -1.17243 0)
(5.15302 1.98296 0)
(7.18168 -1.38566 0)
(5.40227 1.92503 0)
(8.00363 -0.954968 0)
(5.21763 2.24082 0)
(8.95845 -1.02451 0)
(5.52001 2.42244 0)
(10.7476 -0.532403 0)
(5.78093 2.82075 0)
(12.8673 -0.0983743 0)
(6.66166 3.31217 0)
(14.9153 0.772018 0)
(6.80291 4.41437 0)
(14.2116 1.24369 0)
(6.89688 6.27854 0)
(10.377 1.23194 0)
(8.57947 8.21512 0)
(13.2003 -0.235025 0)
(13.2985 0.0472359 0)
(13.1067 -0.119972 0)
(13.1756 -0.697179 0)
(13.1947 -0.190499 0)
(13.1521 0.571497 0)
(14.112 0.260249 0)
(14.0634 -0.515202 0)
(13.5061 -0.754611 0)
(14.389 -0.860883 0)
(14.9967 -1.65708 0)
(15.1508 -2.39138 0)
(14.4122 -3.00477 0)
(14.3045 -3.60723 0)
(14.3555 -3.95336 0)
(13.9997 -4.13388 0)
(14.1427 -4.4494 0)
(13.8469 -4.90191 0)
(14.0398 -4.94492 0)
(13.5521 -4.73888 0)
(12.9392 -3.9071 0)
(12.4064 -2.58416 0)
(11.7973 -1.12724 0)
(10.9939 0.345082 0)
(9.7901 1.35254 0)
(8.64841 1.78654 0)
(7.75591 1.86383 0)
(6.86671 1.75266 0)
(6.03986 1.53429 0)
(5.49352 1.23645 0)
(5.26311 0.910027 0)
(5.24387 0.635061 0)
(5.30251 0.453439 0)
(5.35188 0.348539 0)
(5.37049 0.284216 0)
(5.37104 0.236467 0)
(5.36779 0.196119 0)
(5.36678 0.161073 0)
(5.36856 0.131119 0)
(5.37194 0.10612 0)
(5.37584 0.0856703 0)
(5.37968 0.0692036 0)
(5.38324 0.0560847 0)
(5.38646 0.0456764 0)
(5.38938 0.0374258 0)
(5.39197 0.0308733 0)
(5.3943 0.0256573 0)
(5.39632 0.0214952 0)
(5.3982 0.0181905 0)
(5.39967 0.0155609 0)
(5.4014 0.0135327 0)
(5.40209 0.0119247 0)
(5.4046 0.0108233 0)
(5.4031 0.0099083 0)
(5.40965 0.00950663 0)
(5.40012 0.00919117 0)
(5.42241 0.0088395 0)
(5.38373 0.0103358 0)
(5.46044 0.00616957 0)
(5.32591 0.0174408 0)
(5.56882 -0.00911801 0)
(5.16152 0.0463454 0)
(5.8331 -0.0721272 0)
(4.79313 0.144666 0)
(6.3337 -0.274164 0)
(4.21103 0.435828 0)
(6.96268 -0.776318 0)
(3.77621 1.11613 0)
(7.16561 -1.59208 0)
(4.28068 1.92748 0)
(6.2557 -2.13819 0)
(5.48331 2.02771 0)
(5.19858 -1.90648 0)
(5.7576 1.58262 0)
(5.48891 -1.33112 0)
(5.15389 1.38843 0)
(5.97787 -1.34051 0)
(5.17495 1.77978 0)
(5.67391 -1.81552 0)
(5.42615 1.92642 0)
(5.79853 -1.48509 0)
(5.12655 1.61079 0)
(6.16781 -1.32466 0)
(5.16525 2.18707 0)
(6.09319 -1.69299 0)
(5.15409 2.11492 0)
(6.73191 -1.1044 0)
(4.86804 2.4438 0)
(7.06509 -1.33977 0)
(4.88274 2.6788 0)
(8.13435 -0.81573 0)
(4.56561 3.26485 0)
(9.22879 -0.765196 0)
(5.25928 3.73729 0)
(11.676 -0.126744 0)
(7.05351 4.812 0)
(13.2216 0.465128 0)
(9.0009 6.3425 0)
(13.2692 1.77751 0)
(9.36218 7.19681 0)
(13.1395 -0.259568 0)
(13.2453 0.0184938 0)
(13.6537 -0.0836893 0)
(13.4901 -0.605808 0)
(13.0331 -0.166904 0)
(13.109 0.339865 0)
(14.0068 0.0827661 0)
(14.1751 -0.397223 0)
(13.983 -0.819678 0)
(14.5756 -1.11604 0)
(14.6054 -1.72419 0)
(14.4919 -2.27611 0)
(14.1466 -2.9146 0)
(14.0407 -3.63838 0)
(13.9672 -3.88767 0)
(13.6391 -4.10197 0)
(14.15 -4.54703 0)
(13.9189 -4.96916 0)
(13.8188 -4.85414 0)
(13.0661 -4.50953 0)
(12.2923 -3.59811 0)
(11.5045 -2.22722 0)
(10.7808 -0.82593 0)
(10.1526 0.712547 0)
(9.1245 1.82957 0)
(8.14169 2.21408 0)
(7.31059 2.22272 0)
(6.54677 2.0975 0)
(5.93283 1.81942 0)
(5.50215 1.40781 0)
(5.29867 0.973714 0)
(5.29178 0.638795 0)
(5.36657 0.444012 0)
(5.42789 0.344049 0)
(5.44512 0.282085 0)
(5.43135 0.23096 0)
(5.40809 0.185824 0)
(5.38845 0.148105 0)
(5.37664 0.118266 0)
(5.37192 0.095251 0)
(5.37202 0.0774263 0)
(5.37472 0.06336 0)
(5.37849 0.0520684 0)
(5.38242 0.0429129 0)
(5.38612 0.0354658 0)
(5.3894 0.0294119 0)
(5.39228 0.0245131 0)
(5.39474 0.0205577 0)
(5.39695 0.0174036 0)
(5.3987 0.0148655 0)
(5.40064 0.0129467 0)
(5.40154 0.0113242 0)
(5.40416 0.0104141 0)
(5.40288 0.00918188 0)
(5.40939 0.00948445 0)
(5.40019 0.00768867 0)
(5.4222 0.0102032 0)
(5.38399 0.00598558 0)
(5.46031 0.012258 0)
(5.32564 0.00463344 0)
(5.56919 0.0100445 0)
(5.15836 0.0142613 0)
(5.83267 -0.0268354 0)
(4.78359 0.0834976 0)
(6.32034 -0.201635 0)
(4.19312 0.359381 0)
(6.9143 -0.728393 0)
(3.73824 1.10398 0)
(7.08546 -1.69256 0)
(4.22996 2.13033 0)
(6.14873 -2.38274 0)
(5.49109 2.27903 0)
(5.19703 -1.9907 0)
(5.65932 1.62717 0)
(5.65634 -1.31065 0)
(4.98261 1.45896 0)
(6.16503 -1.52564 0)
(5.09985 2.01921 0)
(5.88559 -2.02768 0)
(5.30855 1.97289 0)
(6.28994 -1.54017 0)
(4.90712 1.75245 0)
(6.52443 -1.65462 0)
(5.218 2.34833 0)
(6.43957 -1.91709 0)
(5.06455 2.13077 0)
(7.11995 -1.42133 0)
(4.96447 2.59267 0)
(6.97595 -1.71952 0)
(5.20571 2.61603 0)
(7.48095 -1.16548 0)
(5.03552 3.28282 0)
(7.16586 -1.34702 0)
(5.66906 3.8662 0)
(7.77068 -0.946059 0)
(6.46758 5.42302 0)
(9.42916 -0.327994 0)
(8.05198 6.48124 0)
(12.9592 1.97137 0)
(10.4419 6.65817 0)
(12.8853 -0.181679 0)
(13.117 -0.0885731 0)
(13.7969 -0.203404 0)
(13.2719 -0.390686 0)
(12.896 -0.0530233 0)
(13.2677 0.122365 0)
(13.8191 -0.129755 0)
(14.3456 -0.507747 0)
(14.3564 -0.958734 0)
(14.2219 -1.13634 0)
(13.9793 -1.55305 0)
(13.9764 -2.20079 0)
(14.0245 -2.87796 0)
(13.7472 -3.53958 0)
(13.4206 -3.75717 0)
(13.2435 -4.11665 0)
(13.64 -4.67949 0)
(13.256 -4.91714 0)
(12.95 -4.58554 0)
(11.941 -4.1035 0)
(11.0724 -3.21617 0)
(10.4085 -1.86475 0)
(9.48638 -0.487289 0)
(9.04093 1.00165 0)
(8.39126 2.08146 0)
(7.55709 2.47716 0)
(6.92685 2.50189 0)
(6.4008 2.3437 0)
(5.7628 2.01251 0)
(5.29438 1.51619 0)
(5.18975 0.980699 0)
(5.26087 0.588113 0)
(5.34011 0.391291 0)
(5.37937 0.321424 0)
(5.38587 0.293717 0)
(5.38037 0.264182 0)
(5.37532 0.225356 0)
(5.37305 0.183545 0)
(5.37241 0.14515 0)
(5.37262 0.113157 0)
(5.3736 0.0879659 0)
(5.37547 0.0687264 0)
(5.37811 0.0542164 0)
(5.38125 0.0432744 0)
(5.38455 0.034951 0)
(5.38777 0.0285413 0)
(5.39077 0.0235574 0)
(5.39342 0.019635 0)
(5.39585 0.0165655 0)
(5.39782 0.0141016 0)
(5.39993 0.0122901 0)
(5.40104 0.0106635 0)
(5.40368 0.00994422 0)
(5.40278 0.00841471 0)
(5.40888 0.00941059 0)
(5.40079 0.00616096 0)
(5.42084 0.0115526 0)
(5.38652 0.00155137 0)
(5.45571 0.0185844 0)
(5.33386 -0.00872322 0)
(5.55499 0.0306311 0)
(5.18149 -0.0201923 0)
(5.79485 0.0238796 0)
(4.83863 0.0156329 0)
(6.23331 -0.113012 0)
(4.30052 0.265653 0)
(6.74248 -0.637849 0)
(3.89562 1.02932 0)
(6.82251 -1.69605 0)
(4.32872 2.1772 0)
(5.95752 -2.47825 0)
(5.51257 2.34257 0)
(5.15101 -1.92311 0)
(5.64952 1.5351 0)
(5.5746 -1.20626 0)
(4.96249 1.45838 0)
(5.99472 -1.65627 0)
(5.15321 2.1761 0)
(5.56946 -2.25043 0)
(5.36463 2.11246 0)
(5.73012 -1.69099 0)
(4.98703 1.8819 0)
(5.86561 -1.90181 0)
(5.21862 2.5982 0)
(5.85473 -2.13434 0)
(4.99094 2.2791 0)
(6.4383 -1.65814 0)
(4.93738 2.91573 0)
(6.37105 -2.17705 0)
(5.20187 2.81919 0)
(7.0793 -1.51175 0)
(5.13884 3.66807 0)
(7.12642 -1.95436 0)
(5.92134 3.96207 0)
(7.7473 -1.53555 0)
(6.82872 5.32125 0)
(8.47794 -0.807161 0)
(7.49289 5.94717 0)
(10.5795 1.22516 0)
(10.7879 6.01441 0)
(13.1289 -0.203985 0)
(12.9993 -0.230859 0)
(12.9165 -0.0816506 0)
(13.1605 -0.178807 0)
(13.952 -0.228406 0)
(13.9899 -0.173741 0)
(13.5503 -0.310703 0)
(13.8071 -0.558671 0)
(13.9215 -0.857431 0)
(13.9454 -1.01689 0)
(14.0784 -1.484 0)
(14.0302 -2.19406 0)
(13.8165 -2.81814 0)
(13.3229 -3.36021 0)
(12.9279 -3.68031 0)
(12.8684 -4.13847 0)
(12.7394 -4.61958 0)
(11.8534 -4.69587 0)
(11.2429 -4.24544 0)
(10.1851 -3.70759 0)
(9.26987 -2.81029 0)
(8.8532 -1.49138 0)
(8.05049 -0.288193 0)
(7.73451 1.13603 0)
(7.28008 2.37536 0)
(6.59848 2.81714 0)
(6.14592 2.72273 0)
(5.6502 2.55404 0)
(5.24709 2.23431 0)
(5.34629 1.62709 0)
(5.61384 0.993761 0)
(5.6413 0.586246 0)
(5.45831 0.39873 0)
(5.2639 0.319261 0)
(5.16076 0.268236 0)
(5.1446 0.220132 0)
(5.1764 0.175625 0)
(5.22342 0.138923 0)
(5.26804 0.110757 0)
(5.30389 0.0893412 0)
(5.33042 0.0726263 0)
(5.3493 0.0592204 0)
(5.3626 0.0483398 0)
(5.37207 0.0395115 0)
(5.37901 0.0323864 0)
(5.38427 0.0266639 0)
(5.38843 0.0220942 0)
(5.39178 0.0184389 0)
(5.39463 0.0155624 0)
(5.39692 0.0132279 0)
(5.39921 0.0115451 0)
(5.40058 0.00994507 0)
(5.40317 0.00939983 0)
(5.40278 0.00764437 0)
(5.40815 0.00921409 0)
(5.40184 0.00477525 0)
(5.41851 0.0125545 0)
(5.39099 -0.00228926 0)
(5.44725 0.0238344 0)
(5.34943 -0.0202729 0)
(5.52801 0.0482668 0)
(5.22768 -0.0502872 0)
(5.72421 0.068098 0)
(4.9498 -0.0435323 0)
(6.08706 -0.034675 0)
(4.50319 0.188534 0)
(6.50747 -0.554319 0)
(4.13195 0.970411 0)
(6.58215 -1.68363 0)
(4.35003 2.22559 0)
(5.98472 -2.57088 0)
(5.30007 2.44546 0)
(5.25918 -1.90343 0)
(5.5711 1.44362 0)
(5.43705 -1.12175 0)
(4.98514 1.4568 0)
(5.84217 -1.79825 0)
(5.15215 2.35555 0)
(5.52094 -2.25481 0)
(5.36221 2.07345 0)
(5.69425 -1.63252 0)
(4.9914 1.95432 0)
(5.87516 -2.09797 0)
(5.21274 2.69848 0)
(5.95102 -2.25752 0)
(4.99977 2.3602 0)
(6.26951 -1.97017 0)
(5.09674 3.08855 0)
(6.23906 -2.42686 0)
(5.21733 3.00904 0)
(6.50454 -1.91093 0)
(5.5515 3.91229 0)
(6.52787 -2.30618 0)
(6.03466 4.113 0)
(6.97409 -1.73612 0)
(6.82641 5.28551 0)
(7.54797 -0.598028 0)
(7.47358 5.51644 0)
(8.39657 0.783279 0)
(10.2729 5.25471 0)
(13.1049 -0.037972 0)
(12.7229 0.102258 0)
(13.0515 -0.286422 0)
(13.9547 -0.762406 0)
(14.0083 -0.328981 0)
(13.3691 0.18141 0)
(13.0271 -0.130043 0)
(13.2309 -0.639854 0)
(13.6141 -1.02692 0)
(14.004 -1.25422 0)
(14.0818 -1.52266 0)
(13.7585 -1.96676 0)
(13.4359 -2.58746 0)
(13.0961 -3.1848 0)
(12.7785 -3.58296 0)
(12.3831 -4.05099 0)
(11.5336 -4.3347 0)
(10.1664 -4.27553 0)
(9.29168 -3.80781 0)
(8.18253 -3.21928 0)
(7.37945 -2.43367 0)
(7.09494 -1.19126 0)
(6.31451 -0.0103878 0)
(6.04663 1.33965 0)
(5.99722 2.50721 0)
(5.81273 2.89192 0)
(5.45498 2.86771 0)
(5.0152 2.74033 0)
(5.0835 2.23604 0)
(5.51358 1.48489 0)
(5.74275 0.931441 0)
(5.70888 0.671713 0)
(5.60717 0.549135 0)
(5.54653 0.450255 0)
(5.52353 0.354122 0)
(5.50538 0.270274 0)
(5.47674 0.204455 0)
(5.44183 0.155573 0)
(5.41047 0.119699 0)
(5.38851 0.0931175 0)
(5.37654 0.0731553 0)
(5.37224 0.0579953 0)
(5.37273 0.0463772 0)
(5.37568 0.0373995 0)
(5.37959 0.0304087 0)
(5.38362 0.0249195 0)
(5.38739 0.0205933 0)
(5.39072 0.0171555 0)
(5.39369 0.0144661 0)
(5.39616 0.0122746 0)
(5.39855 0.0107237 0)
(5.40017 0.00918106 0)
(5.40266 0.00877587 0)
(5.40285 0.00689749 0)
(5.40728 0.00884879 0)
(5.4032 0.0036395 0)
(5.41547 0.0130005 0)
(5.39687 -0.00512914 0)
(5.43583 0.0272785 0)
(5.37078 -0.0288569 0)
(5.49011 0.0611597 0)
(5.294 -0.0742239 0)
(5.62052 0.103984 0)
(5.11767 -0.0963718 0)
(5.86629 0.0395544 0)
(4.82411 0.104792 0)
(6.15531 -0.441382 0)
(4.5379 0.860285 0)
(6.21078 -1.56312 0)
(4.54021 2.12044 0)
(5.88143 -2.50527 0)
(5.16624 2.4129 0)
(5.28897 -1.81521 0)
(5.60992 1.3101 0)
(5.2687 -0.911784 0)
(5.12529 1.26752 0)
(5.81874 -1.66889 0)
(5.08707 2.42259 0)
(5.50006 -2.26818 0)
(5.43374 2.17793 0)
(5.47853 -1.62937 0)
(5.07914 2.07271 0)
(5.72268 -2.23733 0)
(5.18664 2.84762 0)
(5.74175 -2.3948 0)
(5.07144 2.47399 0)
(5.99889 -2.19628 0)
(5.17742 3.32715 0)
(6.23422 -2.73822 0)
(5.33568 3.18827 0)
(6.41276 -2.27194 0)
(5.79258 4.05248 0)
(6.79706 -2.51028 0)
(6.19655 4.12767 0)
(6.98545 -1.87838 0)
(7.06253 5.01522 0)
(7.59259 -0.646915 0)
(7.91278 4.84226 0)
(8.30652 0.742499 0)
(9.7842 4.27476 0)
(13.2807 0.0138493 0)
(13.7452 -0.0774499 0)
(13.6098 -0.531635 0)
(12.7675 -0.456232 0)
(12.8973 0.0691711 0)
(13.5742 0.0899967 0)
(13.4112 -0.284911 0)
(13.4867 -0.652871 0)
(13.7814 -1.08819 0)
(13.6946 -1.28742 0)
(13.4921 -1.4041 0)
(13.4542 -1.85308 0)
(13.3828 -2.44724 0)
(12.8938 -2.97642 0)
(12.2353 -3.34043 0)
(11.2399 -3.6623 0)
(9.81118 -3.80555 0)
(8.23433 -3.71047 0)
(7.34682 -3.38227 0)
(6.38906 -2.84757 0)
(5.64519 -2.09444 0)
(5.39542 -0.970811 0)
(4.68271 0.119507 0)
(4.51689 1.31403 0)
(4.91681 2.39421 0)
(5.05998 2.93375 0)
(4.7357 3.07417 0)
(4.64824 2.79539 0)
(5.10557 2.07928 0)
(5.47737 1.3508 0)
(5.4849 0.893443 0)
(5.33419 0.648797 0)
(5.21236 0.494376 0)
(5.15849 0.38119 0)
(5.15102 0.300613 0)
(5.1689 0.243758 0)
(5.19983 0.199439 0)
(5.23546 0.161057 0)
(5.26986 0.127209 0)
(5.29966 0.098656 0)
(5.32364 0.0758779 0)
(5.34207 0.0584739 0)
(5.35593 0.0454902 0)
(5.36632 0.0358639 0)
(5.37423 0.028677 0)
(5.38037 0.0232341 0)
(5.38528 0.0190614 0)
(5.38926 0.0158062 0)
(5.39262 0.0132935 0)
(5.39537 0.0112536 0)
(5.39791 0.00983207 0)
(5.39979 0.00837913 0)
(5.40216 0.00806938 0)
(5.40297 0.00619255 0)
(5.40636 0.00828278 0)
(5.40466 0.00283715 0)
(5.41218 0.0127159 0)
(5.40327 -0.006573 0)
(5.42319 0.0280868 0)
(5.39445 -0.0327529 0)
(5.44694 0.0660179 0)
(5.36953 -0.0858923 0)
(5.49736 0.1212 0)
(5.31496 -0.126962 0)
(5.59322 0.0867194 0)
(5.21134 0.0412016 0)
(5.72945 -0.341188 0)
(5.01935 0.75585 0)
(5.84687 -1.41568 0)
(4.72919 2.00306 0)
(5.92017 -2.39804 0)
(4.8528 2.40284 0)
(5.56355 -1.75945 0)
(5.41302 1.21867 0)
(5.21372 -0.720685 0)
(5.25346 1.04877 0)
(5.55575 -1.59529 0)
(5.08087 2.42332 0)
(5.27985 -2.28051 0)
(5.49591 2.12541 0)
(5.16911 -1.5319 0)
(5.20037 2.01586 0)
(5.39515 -2.24765 0)
(5.23106 2.86836 0)
(5.53571 -2.19556 0)
(5.13186 2.50091 0)
(5.68274 -2.23647 0)
(5.30282 3.34296 0)
(5.92939 -2.67227 0)
(5.3818 3.23916 0)
(6.02921 -2.3516 0)
(5.87776 4.12583 0)
(6.46652 -2.34106 0)
(6.28967 4.11556 0)
(6.88869 -1.7949 0)
(7.14312 4.60322 0)
(7.65554 -0.3711 0)
(7.99237 4.24165 0)
(8.86139 0.865325 0)
(9.63418 3.37892 0)
(13.3735 -0.195797 0)
(13.463 0.0792855 0)
(13.0107 0.0713188 0)
(12.7974 -0.444148 0)
(13.4374 -0.515773 0)
(13.46 -0.114728 0)
(13.2884 -0.170672 0)
(13.908 -0.705289 0)
(13.6091 -1.11888 0)
(12.945 -1.17325 0)
(12.9341 -1.30031 0)
(13.0109 -1.76542 0)
(12.6635 -2.26382 0)
(11.8052 -2.70861 0)
(10.8524 -3.00025 0)
(9.55059 -3.0961 0)
(7.86472 -3.13462 0)
(6.36043 -3.15931 0)
(5.43134 -2.98073 0)
(4.60064 -2.54 0)
(3.97216 -1.81777 0)
(3.65167 -0.729552 0)
(2.96425 0.295196 0)
(2.8466 1.33902 0)
(3.38979 2.3501 0)
(3.69695 2.97017 0)
(3.79546 3.04677 0)
(4.28038 2.57729 0)
(4.85714 1.87463 0)
(5.07267 1.31586 0)
(5.03396 0.974489 0)
(4.97652 0.754711 0)
(4.98331 0.582309 0)
(5.0352 0.437618 0)
(5.10069 0.322268 0)
(5.16336 0.235953 0)
(5.21696 0.173614 0)
(5.25962 0.12918 0)
(5.29194 0.0976525 0)
(5.31585 0.0752152 0)
(5.33359 0.0590051 0)
(5.3471 0.046991 0)
(5.35773 0.0378395 0)
(5.36632 0.0307128 0)
(5.37339 0.0250864 0)
(5.37926 0.0206112 0)
(5.38417 0.0170508 0)
(5.38828 0.014201 0)
(5.39178 0.0119697 0)
(5.39471 0.0101388 0)
(5.39735 0.0088643 0)
(5.39946 0.00754086 0)
(5.4017 0.00728517 0)
(5.40309 0.0055327 0)
(5.40549 0.00752557 0)
(5.40604 0.00236286 0)
(5.40908 0.0117299 0)
(5.40918 -0.00666003 0)
(5.41143 0.0263857 0)
(5.41615 -0.0321263 0)
(5.40669 0.0633103 0)
(5.43864 -0.0858864 0)
(5.38 0.121631 0)
(5.49816 -0.138799 0)
(5.31987 0.115068 0)
(5.58742 -0.0200017 0)
(5.27817 -0.224728 0)
(5.54074 0.593302 0)
(5.41214 -1.16931 0)
(5.08028 1.74269 0)
(5.76568 -2.1442 0)
(4.72739 2.26339 0)
(5.63397 -1.69099 0)
(5.33627 1.16895 0)
(4.9272 -0.603717 0)
(5.65015 0.7801 0)
(5.09585 -1.29907 0)
(5.12477 2.19184 0)
(5.39006 -2.13226 0)
(5.54399 2.12488 0)
(5.03429 -1.44652 0)
(5.3357 1.92583 0)
(5.46487 -2.05104 0)
(5.16424 2.82308 0)
(5.55227 -2.22113 0)
(5.29635 2.50855 0)
(5.67647 -2.21573 0)
(5.30066 3.31809 0)
(6.01341 -2.60487 0)
(5.5052 3.33776 0)
(6.22372 -2.34231 0)
(6.09003 3.94275 0)
(6.70906 -2.34152 0)
(6.31495 3.80808 0)
(7.14551 -1.66231 0)
(7.08002 4.10719 0)
(7.98476 -0.200259 0)
(7.99954 3.47911 0)
(9.11305 0.827898 0)
(9.65322 2.69347 0)
(12.7694 -0.0529016 0)
(12.7951 0.176429 0)
(13.1323 -0.174783 0)
(13.1731 -0.570169 0)
(12.9665 -0.178619 0)
(12.7805 0.00990188 0)
(12.9183 -0.488956 0)
(13.0574 -0.677955 0)
(12.6878 -0.712722 0)
(12.4894 -1.04771 0)
(12.3848 -1.39311 0)
(11.8448 -1.63938 0)
(11.0764 -1.95229 0)
(10.2487 -2.36079 0)
(9.19892 -2.54184 0)
(7.58434 -2.47466 0)
(5.80117 -2.51103 0)
(4.49946 -2.67241 0)
(3.64579 -2.62182 0)
(2.84924 -2.23126 0)
(2.25639 -1.52696 0)
(1.85993 -0.490673 0)
(1.21655 0.426442 0)
(1.09412 1.27972 0)
(1.61178 2.13973 0)
(2.2027 2.70108 0)
(2.88031 2.71336 0)
(3.67526 2.28045 0)
(4.20863 1.73976 0)
(4.43268 1.29607 0)
(4.55003 0.962461 0)
(4.67592 0.705017 0)
(4.81398 0.507863 0)
(4.93923 0.36617 0)
(5.04014 0.271012 0)
(5.11867 0.207733 0)
(5.18016 0.162835 0)
(5.22863 0.128208 0)
(5.26674 0.100256 0)
(5.2965 0.0777119 0)
(5.31959 0.05999 0)
(5.33744 0.0464398 0)
(5.35125 0.0362639 0)
(5.362 0.0286593 0)
(5.37046 0.0229463 0)
(5.37721 0.0185986 0)
(5.38269 0.0152529 0)
(5.38718 0.0126377 0)
(5.39093 0.0106193 0)
(5.39408 0.00898026 0)
(5.39683 0.00784073 0)
(5.39915 0.00667314 0)
(5.40128 0.00643123 0)
(5.40318 0.00491309 0)
(5.40473 0.00660022 0)
(5.40721 0.0021752 0)
(5.40642 0.0101448 0)
(5.41415 -0.00558109 0)
(5.40151 0.0225694 0)
(5.43403 -0.0275839 0)
(5.37308 0.0541604 0)
(5.49487 -0.0751184 0)
(5.28121 0.106294 0)
(5.64782 -0.128346 0)
(5.08094 0.114668 0)
(5.907 -0.0517033 0)
(4.85261 -0.138244 0)
(6.02944 0.439263 0)
(4.96921 -0.918296 0)
(5.46885 1.45325 0)
(5.64001 -1.83126 0)
(4.60181 2.07998 0)
(5.89957 -1.58027 0)
(5.0051 1.16163 0)
(5.0289 -0.510859 0)
(5.80599 0.582486 0)
(4.83602 -1.01767 0)
(5.2844 1.94642 0)
(5.30184 -2.0291 0)
(5.45258 1.9985 0)
(4.62984 -1.26322 0)
(5.62505 1.60217 0)
(5.05248 -1.8906 0)
(5.18645 2.6698 0)
(5.20154 -2.0462 0)
(5.35624 2.30751 0)
(5.28523 -1.98327 0)
(5.38409 3.16789 0)
(5.73718 -2.47072 0)
(5.63729 3.05929 0)
(5.93628 -2.17414 0)
(5.85102 3.67539 0)
(6.47646 -2.03393 0)
(6.37229 3.36837 0)
(7.18101 -1.43864 0)
(7.02614 3.43034 0)
(8.03876 0.0249918 0)
(7.98041 2.81428 0)
(9.09355 0.745369 0)
(9.71196 2.18844 0)
(12.0436 -0.100454 0)
(12.2118 0.0356164 0)
(12.2901 -0.0821214 0)
(12.0123 -0.333936 0)
(11.959 -0.23433 0)
(11.9599 -0.12397 0)
(11.8039 -0.371953 0)
(11.9398 -0.609456 0)
(11.7163 -0.792938 0)
(11.1415 -0.983903 0)
(10.8325 -1.1307 0)
(10.407 -1.34585 0)
(9.67463 -1.65292 0)
(8.53647 -1.91752 0)
(6.93123 -1.89812 0)
(5.22918 -1.77244 0)
(3.84207 -1.96389 0)
(2.80013 -2.2781 0)
(1.95653 -2.30433 0)
(1.1369 -1.95897 0)
(0.541213 -1.254 0)
(0.142922 -0.262685 0)
(-0.329845 0.553603 0)
(-0.338979 1.18893 0)
(0.199777 1.86212 0)
(1.03729 2.31515 0)
(1.99779 2.33637 0)
(2.84822 2.01096 0)
(3.42805 1.58476 0)
(3.82319 1.19678 0)
(4.14155 0.881723 0)
(4.41539 0.639625 0)
(4.64189 0.460152 0)
(4.81994 0.330604 0)
(4.95679 0.238978 0)
(5.06232 0.17466 0)
(5.14413 0.12925 0)
(5.20701 0.096916 0)
(5.25444 0.0737847 0)
(5.28959 0.0571317 0)
(5.31545 0.044969 0)
(5.33457 0.0358854 0)
(5.34895 0.0289328 0)
(5.36 0.0235028 0)
(5.36868 0.0192074 0)
(5.37563 0.0157828 0)
(5.38129 0.0130523 0)
(5.38596 0.010866 0)
(5.38986 0.00915034 0)
(5.39316 0.00775067 0)
(5.39598 0.0067601 0)
(5.39847 0.00577792 0)
(5.40053 0.00551798 0)
(5.40283 0.00432408 0)
(5.40372 0.00553928 0)
(5.40768 0.0022123 0)
(5.404 0.00809921 0)
(5.41743 -0.00361271 0)
(5.39369 0.0172068 0)
(5.44673 -0.0201687 0)
(5.34763 0.0405929 0)
(5.53545 -0.056697 0)
(5.20615 0.0808593 0)
(5.75758 -0.102323 0)
(4.89133 0.0972658 0)
(6.15441 -0.0667908 0)
(4.47524 -0.0610628 0)
(6.47056 0.2618 0)
(4.47957 -0.614574 0)
(5.96678 1.0566 0)
(5.31961 -1.38666 0)
(4.73713 1.75304 0)
(5.84122 -1.41567 0)
(4.84389 1.1511 0)
(4.97947 -0.539307 0)
(5.90324 0.470132 0)
(4.18994 -0.696845 0)
(5.84038 1.48884 0)
(4.86525 -1.7307 0)
(5.30341 1.98334 0)
(4.58622 -1.15272 0)
(5.9022 1.28387 0)
(4.81546 -1.47576 0)
(5.09554 2.35523 0)
(5.29483 -1.85489 0)
(5.58205 2.08172 0)
(5.29261 -1.74397 0)
(5.41947 2.68465 0)
(5.80927 -2.21738 0)
(5.63363 2.77895 0)
(6.04471 -1.88541 0)
(5.8986 3.12718 0)
(6.73557 -1.8448 0)
(6.52241 2.7005 0)
(7.18625 -1.15178 0)
(6.86713 2.84898 0)
(8.03757 0.179945 0)
(8.12411 2.21871 0)
(9.06179 0.625523 0)
(9.79577 1.69679 0)
(10.7347 -0.0616316 0)
(10.8095 0.0646522 0)
(10.8143 -0.0773644 0)
(10.6193 -0.304717 0)
(10.6062 -0.142286 0)
(10.5518 -0.0751487 0)
(10.3711 -0.416809 0)
(10.3428 -0.550841 0)
(10.025 -0.519655 0)
(9.61102 -0.764179 0)
(9.14337 -1.00222 0)
(8.46589 -1.10871 0)
(7.72942 -1.239 0)
(6.3966 -1.292 0)
(4.72785 -1.22046 0)
(3.39031 -1.23 0)
(2.22208 -1.51245 0)
(1.11778 -1.85139 0)
(0.197088 -1.90681 0)
(-0.627082 -1.65839 0)
(-1.13966 -1.0342 0)
(-1.39062 -0.122325 0)
(-1.57073 0.589918 0)
(-1.3762 1.04922 0)
(-0.786883 1.56003 0)
(0.116755 1.91353 0)
(1.11891 1.94048 0)
(2.00423 1.69908 0)
(2.72166 1.3537 0)
(3.30777 1.01576 0)
(3.7922 0.729984 0)
(4.18511 0.509997 0)
(4.49272 0.351913 0)
(4.72528 0.244747 0)
(4.89684 0.175241 0)
(5.02208 0.130524 0)
(5.11339 0.100513 0)
(5.18005 0.0788665 0)
(5.22885 0.0623067 0)
(5.26477 0.0493012 0)
(5.29146 0.0390731 0)
(5.31152 0.0310868 0)
(5.32681 0.0248795 0)
(5.33865 0.0200526 0)
(5.34797 0.0162832 0)
(5.35541 0.0133197 0)
(5.36145 0.0109805 0)
(5.36641 0.00912268 0)
(5.37053 0.00766793 0)
(5.37402 0.00649604 0)
(5.37698 0.00564635 0)
(5.37962 0.00486112 0)
(5.38174 0.00455867 0)
(5.38425 0.00374184 0)
(5.38499 0.00437272 0)
(5.3895 0.00238033 0)
(5.38494 0.00572238 0)
(5.40024 -0.00104528 0)
(5.37293 0.0107322 0)
(5.43273 -0.010636 0)
(5.32041 0.0235789 0)
(5.53197 -0.0317713 0)
(5.1569 0.0458182 0)
(5.78651 -0.0588772 0)
(4.77482 0.0559804 0)
(6.27269 -0.0446288 0)
(4.18817 -0.0292973 0)
(6.80307 0.130045 0)
(3.92939 -0.355217 0)
(6.59077 0.653964 0)
(4.80287 -0.920081 0)
(5.06398 1.38679 0)
(5.75445 -1.12509 0)
(4.64098 1.07864 0)
(4.94937 -0.577107 0)
(5.99337 0.408013 0)
(3.87061 -0.53225 0)
(6.20346 1.07991 0)
(4.69308 -1.3652 0)
(5.1603 1.82362 0)
(4.63045 -1.0744 0)
(6.12827 0.957041 0)
(4.41777 -1.10455 0)
(5.24597 1.99562 0)
(5.12859 -1.68594 0)
(5.78228 1.65187 0)
(4.87138 -1.38538 0)
(5.26509 2.30409 0)
(5.55815 -1.94317 0)
(5.78345 2.23769 0)
(5.88832 -1.57859 0)
(5.76333 2.52926 0)
(6.48075 -1.54273 0)
(6.18405 2.2606 0)
(7.10957 -0.865042 0)
(6.9615 2.15635 0)
(8.00529 0.261642 0)
(8.38038 1.66554 0)
(9.16726 0.506584 0)
(9.77217 1.29085 0)
(8.96895 -0.0423682 0)
(8.99829 0.0225614 0)
(8.97643 -0.0487017 0)
(8.82828 -0.210726 0)
(8.79659 -0.154016 0)
(8.72587 -0.0947421 0)
(8.55666 -0.303121 0)
(8.40179 -0.434307 0)
(8.07473 -0.460068 0)
(7.65184 -0.591166 0)
(7.14326 -0.708044 0)
(6.41552 -0.796846 0)
(5.47929 -0.805949 0)
(4.27449 -0.68847 0)
(2.83984 -0.634468 0)
(1.63472 -0.791512 0)
(0.703247 -1.11944 0)
(-0.266462 -1.4686 0)
(-1.23545 -1.56957 0)
(-2.11885 -1.38379 0)
(-2.60684 -0.819717 0)
(-2.73459 -0.0448953 0)
(-2.67012 0.5181 0)
(-2.2977 0.872348 0)
(-1.64275 1.25152 0)
(-0.71591 1.51979 0)
(0.327887 1.53213 0)
(1.32759 1.34122 0)
(2.2109 1.05515 0)
(2.94891 0.77053 0)
(3.53402 0.532307 0)
(3.97666 0.357377 0)
(4.29808 0.239494 0)
(4.52542 0.164237 0)
(4.68533 0.117265 0)
(4.79946 0.0873998 0)
(4.88287 0.0673462 0)
(4.94509 0.0530579 0)
(4.99216 0.0424397 0)
(5.02809 0.0343168 0)
(5.05575 0.027962 0)
(5.07728 0.0228977 0)
(5.09422 0.0188048 0)
(5.1077 0.0154716 0)
(5.11854 0.0127524 0)
(5.12735 0.010536 0)
(5.13457 0.00873753 0)
(5.14053 0.00728364 0)
(5.1455 0.00612801 0)
(5.14968 0.00519958 0)
(5.15325 0.00450232 0)
(5.15636 0.00390849 0)
(5.159 0.00357988 0)
(5.16168 0.00310355 0)
(5.16327 0.00321175 0)
(5.16704 0.00242591 0)
(5.16498 0.00344622 0)
(5.17614 0.00123598 0)
(5.15768 0.00458977 0)
(5.20177 -0.00159418 0)
(5.11782 0.00705885 0)
(5.28273 -0.00679947 0)
(4.98073 0.00985471 0)
(5.5081 -0.0106962 0)
(4.62376 0.00515177 0)
(5.99615 0.000613384 0)
(3.96116 -0.0335889 0)
(6.70329 0.056218 0)
(3.28142 -0.14839 0)
(7.12199 0.242353 0)
(3.55573 -0.389776 0)
(6.19454 0.798327 0)
(5.06079 -0.743949 0)
(4.66719 1.09683 0)
(4.98169 -0.546152 0)
(5.55511 0.452613 0)
(3.44277 -0.298862 0)
(6.62965 0.601628 0)
(3.48248 -0.896862 0)
(5.5274 1.4967 0)
(4.54256 -0.949058 0)
(5.7357 0.858947 0)
(3.68036 -0.681429 0)
(6.01327 1.29853 0)
(4.80157 -1.35957 0)
(5.41365 1.49564 0)
(4.53308 -0.955633 0)
(5.82455 1.57536 0)
(5.51697 -1.58346 0)
(5.70983 1.73639 0)
(5.59403 -1.10729 0)
(5.64308 1.96861 0)
(6.42473 -1.23165 0)
(6.3585 1.53398 0)
(7.03168 -0.634172 0)
(6.88229 1.62471 0)
(7.94136 0.28235 0)
(8.44589 1.19814 0)
(9.05383 0.414787 0)
(9.72943 0.928367 0)
(6.87503 -0.00618547 0)
(6.88262 0.0127262 0)
(6.84778 -0.0408993 0)
(6.74164 -0.148806 0)
(6.68145 -0.103679 0)
(6.58663 -0.0715948 0)
(6.42029 -0.22935 0)
(6.20533 -0.308875 0)
(5.85955 -0.298585 0)
(5.41233 -0.38539 0)
(4.87807 -0.450723 0)
(4.14493 -0.425056 0)
(3.20789 -0.329839 0)
(2.27014 -0.197372 0)
(1.46566 -0.194368 0)
(0.749347 -0.40721 0)
(-0.0926674 -0.752022 0)
(-1.16557 -1.07066 0)
(-2.26878 -1.18738 0)
(-3.20967 -1.08072 0)
(-3.71678 -0.647001 0)
(-3.75683 -0.0572113 0)
(-3.52698 0.363424 0)
(-3.02885 0.62561 0)
(-2.28425 0.884199 0)
(-1.29647 1.05303 0)
(-0.188669 1.0431 0)
(0.879751 0.892252 0)
(1.80156 0.675679 0)
(2.52456 0.472717 0)
(3.04974 0.309581 0)
(3.41372 0.197673 0)
(3.65907 0.127587 0)
(3.82485 0.0861561 0)
(3.94021 0.062215 0)
(4.02416 0.0479142 0)
(4.08796 0.0385053 0)
(4.13794 0.0315525 0)
(4.17777 0.0259906 0)
(4.20981 0.0213911 0)
(4.23571 0.0175724 0)
(4.25676 0.0144203 0)
(4.27393 0.0118328 0)
(4.28797 0.00971855 0)
(4.2995 0.00799833 0)
(4.30899 0.00660315 0)
(4.31683 0.00547708 0)
(4.32335 0.00457189 0)
(4.3288 0.00385623 0)
(4.33339 0.003287 0)
(4.33733 0.00286016 0)
(4.34072 0.00251045 0)
(4.34375 0.00229993 0)
(4.34647 0.00206393 0)
(4.34887 0.0020341 0)
(4.35162 0.00180062 0)
(4.35266 0.00189804 0)
(4.35796 0.00165022 0)
(4.35236 0.00139943 0)
(4.37156 0.002056 0)
(4.33595 -0.0011144 0)
(4.41348 0.00556586 0)
(4.26545 -0.00991519 0)
(4.54289 0.0189067 0)
(4.0524 -0.0322559 0)
(4.87158 0.0481666 0)
(3.57774 -0.0752163 0)
(5.47105 0.0864505 0)
(2.85101 -0.126212 0)
(6.21365 0.124278 0)
(2.19235 -0.108325 0)
(6.76302 0.232139 0)
(2.60277 -0.189082 0)
(6.14083 0.55981 0)
(3.82757 -0.411165 0)
(5.70226 0.618793 0)
(3.2757 -0.378549 0)
(6.61923 0.517812 0)
(2.76463 -0.416781 0)
(6.36096 0.798455 0)
(4.15744 -0.611675 0)
(5.63348 0.848291 0)
(3.83176 -0.523372 0)
(6.31068 0.775998 0)
(4.36178 -0.794821 0)
(5.29406 1.19089 0)
(4.65879 -0.732267 0)
(6.02787 0.957861 0)
(4.99542 -1.04972 0)
(5.13858 1.39788 0)
(5.32817 -0.770264 0)
(5.85422 1.2402 0)
(6.11097 -0.932445 0)
(6.00232 1.147 0)
(6.40267 -0.36292 0)
(6.85726 1.09759 0)
(7.59803 0.226209 0)
(8.49993 0.772956 0)
(9.03185 0.21559 0)
(9.84251 0.515183 0)
(4.52883 -0.00640575 0)
(4.50779 -0.00808495 0)
(4.46862 -0.0332416 0)
(4.37271 -0.091653 0)
(4.27701 -0.0688513 0)
(4.17041 -0.0475858 0)
(3.9977 -0.135166 0)
(3.74489 -0.17527 0)
(3.40997 -0.154098 0)
(3.00741 -0.175236 0)
(2.50639 -0.154763 0)
(1.94263 -0.0663377 0)
(1.41651 0.0142365 0)
(1.01954 0.0648095 0)
(0.738894 0.0211214 0)
(0.363743 -0.14342 0)
(-0.30526 -0.39267 0)
(-1.35212 -0.634179 0)
(-2.61828 -0.76694 0)
(-3.76074 -0.731982 0)
(-4.42792 -0.471298 0)
(-4.50231 -0.10612 0)
(-4.21592 0.155308 0)
(-3.67064 0.32063 0)
(-2.88054 0.473299 0)
(-1.88717 0.566566 0)
(-0.818007 0.554304 0)
(0.167566 0.461956 0)
(0.97383 0.343438 0)
(1.56722 0.241153 0)
(1.97259 0.154665 0)
(2.24208 0.0975902 0)
(2.41835 0.0626555 0)
(2.53631 0.0422502 0)
(2.61924 0.0304372 0)
(2.68101 0.0232964 0)
(2.72924 0.018551 0)
(2.76798 0.0150587 0)
(2.7995 0.0123139 0)
(2.82528 0.0100938 0)
(2.84641 0.00828258 0)
(2.86375 0.00680106 0)
(2.87799 0.00558775 0)
(2.88969 0.00459487 0)
(2.89933 0.00378525 0)
(2.90728 0.00312797 0)
(2.91386 0.00259813 0)
(2.91934 0.00217361 0)
(2.92394 0.00184063 0)
(2.92783 0.0015781 0)
(2.93119 0.00138498 0)
(2.93411 0.00122836 0)
(2.93674 0.00114111 0)
(2.93911 0.00104335 0)
(2.94136 0.00103294 0)
(2.94355 0.000946563 0)
(2.94527 0.000927862 0)
(2.9482 0.000946949 0)
(2.94746 0.00042356 0)
(2.95536 0.00152804 0)
(2.9428 -0.00176692 0)
(2.97353 0.00481191 0)
(2.91471 -0.00901225 0)
(3.02955 0.0158977 0)
(2.82201 -0.0265621 0)
(3.1816 0.0383952 0)
(2.59959 -0.0576175 0)
(3.48218 0.0670973 0)
(2.2209 -0.0972472 0)
(3.91292 0.108324 0)
(1.75813 -0.105176 0)
(4.52795 0.165292 0)
(1.39103 -0.0322641 0)
(5.25435 0.130734 0)
(1.44987 -0.0371116 0)
(5.5838 0.191434 0)
(1.64701 -0.187611 0)
(5.84131 0.313209 0)
(1.76927 -0.21159 0)
(6.13962 0.304056 0)
(2.29358 -0.203757 0)
(6.08979 0.363188 0)
(2.79423 -0.305268 0)
(6.29849 0.404135 0)
(2.97048 -0.312696 0)
(6.18722 0.5186 0)
(3.74496 -0.422912 0)
(6.32219 0.529685 0)
(3.92288 -0.4491 0)
(5.92669 0.702953 0)
(4.73236 -0.453277 0)
(6.3867 0.631021 0)
(5.31424 -0.413567 0)
(6.28527 0.655986 0)
(5.89489 -0.169398 0)
(7.18325 0.508482 0)
(7.03607 0.137319 0)
(8.5579 0.267468 0)
(8.27828 0.0928556 0)
(9.43845 0.211741 0)
(1.69031 0.0228827 0)
(1.66943 0.00106772 0)
(1.64356 -0.0058498 0)
(1.5529 -0.0234389 0)
(1.44546 -0.0157593 0)
(1.36779 -0.0047723 0)
(1.24406 -0.0240916 0)
(1.04428 -0.0256409 0)
(0.836422 -0.00311497 0)
(0.645712 0.0130119 0)
(0.479409 0.0286358 0)
(0.401258 0.0521765 0)
(0.458195 0.0768314 0)
(0.643378 0.0959167 0)
(0.856427 0.0917979 0)
(0.918058 0.0411804 0)
(0.644665 -0.0445522 0)
(-0.110085 -0.139364 0)
(-1.31199 -0.229285 0)
(-2.66501 -0.282348 0)
(-3.73855 -0.244196 0)
(-4.24719 -0.129841 0)
(-4.27833 -0.0307 0)
(-3.99141 0.0375871 0)
(-3.41087 0.100196 0)
(-2.61259 0.139838 0)
(-1.73583 0.141123 0)
(-0.933186 0.113862 0)
(-0.294653 0.0828813 0)
(0.152827 0.0580105 0)
(0.444352 0.0338846 0)
(0.632882 0.0193198 0)
(0.750949 0.0111037 0)
(0.827004 0.00677556 0)
(0.87895 0.00457352 0)
(0.917037 0.00341407 0)
(0.946649 0.00271723 0)
(0.970478 0.00222177 0)
(0.98994 0.00182886 0)
(1.00591 0.00150342 0)
(1.01902 0.0012321 0)
(1.02979 0.00100782 0)
(1.03863 0.000823812 0)
(1.04589 0.000673716 0)
(1.05186 0.00055227 0)
(1.05678 0.000454586 0)
(1.06085 0.000376638 0)
(1.06423 0.000314595 0)
(1.06708 0.000266765 0)
(1.06949 0.000228899 0)
(1.07158 0.000202522 0)
(1.07341 0.000179695 0)
(1.07507 0.000170774 0)
(1.07658 0.000153431 0)
(1.078 0.000151614 0)
(1.07934 0.000129037 0)
(1.08053 0.000101441 0)
(1.08196 0.000125196 0)
(1.08227 -0.000125824 0)
(1.08487 0.000335339 0)
(1.08141 -0.000970717 0)
(1.09024 0.00155913 0)
(1.07251 -0.00361354 0)
(1.1062 0.00555135 0)
(1.04145 -0.00997712 0)
(1.15101 0.0130885 0)
(0.962146 -0.0210973 0)
(1.23172 0.0215679 0)
(0.81784 -0.0339494 0)
(1.32923 0.0311666 0)
(0.657764 -0.0352773 0)
(1.51343 0.0563813 0)
(0.623938 -0.0432587 0)
(1.86061 0.0943011 0)
(0.670883 -0.0878862 0)
(2.16486 0.0610494 0)
(0.649617 -0.070218 0)
(2.28608 0.0210705 0)
(0.656787 -0.0647859 0)
(2.41252 0.0549662 0)
(0.827449 -0.0648452 0)
(2.66895 0.042753 0)
(0.972584 -0.0722273 0)
(2.77788 0.0622433 0)
(1.06685 -0.0867101 0)
(3.02126 0.0727365 0)
(1.40883 -0.109915 0)
(3.11189 0.09593 0)
(1.61183 -0.133057 0)
(3.23897 0.113848 0)
(2.2337 -0.165318 0)
(3.35144 0.153304 0)
(2.72344 -0.152828 0)
(3.50197 0.141553 0)
(3.41953 -0.124555 0)
(3.9925 0.0913095 0)
(4.10016 -0.0408906 0)
(4.73102 0.000131937 0)
(4.52028 0.0220294 0)
(5.27292 -0.082013 0)
(0.504023 -0.214947 0)
(1.47378 -0.189745 0)
(2.38438 -0.134242 0)
(3.11744 -0.0488854 0)
(3.41208 0.0698558 0)
(3.26653 0.112851 0)
(3.00797 0.00510352 0)
(2.9955 -0.0824474 0)
(2.03019 0.0783641 0)
(-0.083082 0.302848 0)
(-1.99316 0.351606 0)
(-3.3177 0.295613 0)
(-4.15308 0.198119 0)
(-4.79808 0.198142 0)
(-5.22938 0.189825 0)
(-5.26991 0.0786985 0)
(-5.17763 0.0978763 0)
(-5.12292 0.0292565 0)
(-4.43996 -0.0668846 0)
(-3.70028 -0.0809437 0)
(-2.83364 -0.14326 0)
(-1.82987 -0.13533 0)
(-0.916313 -0.116142 0)
(-0.126717 -0.089292 0)
(0.485434 -0.0601385 0)
(0.930853 -0.0367285 0)
(1.22691 -0.0210183 0)
(1.40264 -0.0112754 0)
(1.48881 -0.00511419 0)
(1.51274 -0.00085014 0)
(1.49698 0.0036104 0)
(1.45926 0.00535357 0)
(1.41095 0.00570066 0)
(1.36014 0.00550193 0)
(1.31202 0.00505688 0)
(1.26908 0.0044392 0)
(1.23228 0.00375863 0)
(1.2015 0.00310497 0)
(1.17624 0.00251854 0)
(1.15575 0.00201828 0)
(1.13924 0.00160671 0)
(1.12599 0.00127533 0)
(1.11538 0.00101231 0)
(1.10686 0.000806168 0)
(1.10001 0.000645351 0)
(1.09448 0.000520656 0)
(1.08997 0.000425769 0)
(1.08625 0.000354683 0)
(1.08315 0.000302322 0)
(1.0805 0.000267011 0)
(1.07817 0.000246848 0)
(1.07604 0.000240916 0)
(1.07403 0.000249014 0)
(1.07204 0.000269559 0)
(1.06996 0.000298828 0)
(1.0677 0.000345177 0)
(1.06516 0.000402037 0)
(1.0622 0.000488239 0)
(1.05874 0.000580215 0)
(1.05455 0.000714496 0)
(1.04959 0.000841365 0)
(1.04358 0.00102176 0)
(1.03654 0.0011675 0)
(1.0282 0.00135366 0)
(1.01872 0.00147603 0)
(1.00798 0.00158348 0)
(0.996228 0.0016361 0)
(0.983691 0.0015879 0)
(0.9704 0.00156395 0)
(0.956922 0.00140205 0)
(0.942811 0.00135237 0)
(0.928574 0.00129045 0)
(0.913365 0.00127455 0)
(0.897123 0.00158175 0)
(0.879007 0.00162179 0)
(0.858303 0.00242017 0)
(0.834211 0.00255742 0)
(0.806138 0.00376214 0)
(0.772409 0.00407953 0)
(0.733465 0.00572168 0)
(0.686055 0.00609804 0)
(0.631442 0.00862419 0)
(0.565121 0.0087647 0)
(0.488668 0.0126352 0)
(0.396161 0.0125409 0)
(0.290601 0.0177869 0)
(0.163114 0.0174756 0)
(0.0207258 0.0240525 0)
(-0.148086 0.0226069 0)
(-0.330072 0.0301959 0)
(-0.533921 0.0240856 0)
(-0.734006 0.0265872 0)
(-0.926181 0.0135323 0)
(-1.08288 0.0169132 0)
(-1.21838 0.0106336 0)
(-1.31583 0.0164678 0)
(-1.33684 -0.00431521 0)
(-1.1935 -0.0358129 0)
(-0.822054 -0.100109 0)
(-0.293029 -0.126522 0)
(0.444674 -0.651388 0)
(1.3101 -0.66967 0)
(2.24755 -0.610396 0)
(3.0898 -0.437369 0)
(3.64219 -0.0777707 0)
(3.8731 0.110542 0)
(3.28537 0.141518 0)
(1.37387 0.58685 0)
(-1.67957 1.24928 0)
(-4.46201 1.35625 0)
(-5.96375 1.02546 0)
(-6.84829 0.66159 0)
(-7.30097 0.361124 0)
(-7.5376 0.30506 0)
(-7.30845 0.0321325 0)
(-6.7391 -0.263043 0)
(-6.53201 0.0302345 0)
(-5.58374 -0.368847 0)
(-4.99424 -0.547625 0)
(-3.73261 -0.515384 0)
(-2.73896 -0.665402 0)
(-1.51704 -0.632182 0)
(-0.399984 -0.567031 0)
(0.623406 -0.473507 0)
(1.49641 -0.361979 0)
(2.20478 -0.252828 0)
(2.74051 -0.15859 0)
(3.11222 -0.0846523 0)
(3.34096 -0.0321499 0)
(3.45689 0.00155652 0)
(3.49045 0.0230211 0)
(3.47002 0.0338568 0)
(3.42018 0.0369863 0)
(3.35785 0.0355681 0)
(3.29372 0.0320227 0)
(3.23374 0.0276702 0)
(3.1807 0.0232619 0)
(3.13543 0.0191928 0)
(3.09765 0.0156396 0)
(3.0666 0.0126398 0)
(3.04129 0.0101682 0)
(3.02079 0.0081637 0)
(3.00422 0.00655427 0)
(2.99082 0.00527385 0)
(2.97997 0.00426065 0)
(2.97115 0.00346232 0)
(2.96395 0.00284038 0)
(2.95801 0.00236162 0)
(2.95305 0.00199708 0)
(2.94885 0.00173189 0)
(2.9452 0.0015521 0)
(2.94193 0.00144577 0)
(2.9389 0.00140755 0)
(2.93596 0.00144235 0)
(2.933 0.00153382 0)
(2.92984 0.00170531 0)
(2.92641 0.00193598 0)
(2.92245 0.00228887 0)
(2.91794 0.0026906 0)
(2.91245 0.00326666 0)
(2.90611 0.00386321 0)
(2.89826 0.00468971 0)
(2.88925 0.00546684 0)
(2.87826 0.00645175 0)
(2.86584 0.00731205 0)
(2.85138 0.00819912 0)
(2.8353 0.00900664 0)
(2.81779 0.00948866 0)
(2.79846 0.010194 0)
(2.77864 0.0102485 0)
(2.75677 0.0110043 0)
(2.73458 0.0111046 0)
(2.71018 0.0122407 0)
(2.68385 0.0130202 0)
(2.65518 0.0150235 0)
(2.62168 0.0165867 0)
(2.58492 0.0202441 0)
(2.54092 0.0220196 0)
(2.49078 0.0283441 0)
(2.43184 0.0302016 0)
(2.36278 0.0394045 0)
(2.28143 0.0426353 0)
(2.187 0.0544186 0)
(2.07313 0.0600468 0)
(1.94318 0.0755276 0)
(1.78538 0.0825168 0)
(1.60575 0.103486 0)
(1.39035 0.10985 0)
(1.14789 0.134698 0)
(0.861771 0.136761 0)
(0.551262 0.156283 0)
(0.198767 0.141784 0)
(-0.160197 0.14044 0)
(-0.527833 0.107643 0)
(-0.842694 0.0894807 0)
(-1.07121 0.035683 0)
(-1.13283 -0.031509 0)
(-1.00309 -0.185012 0)
(-0.662714 -0.307472 0)
(-0.261588 -0.374436 0)
(0.326918 -0.944619 0)
(0.910595 -0.984302 0)
(1.52318 -0.928337 0)
(2.06793 -0.70564 0)
(2.47006 -0.209653 0)
(2.3129 0.294669 0)
(0.892084 0.936268 0)
(-1.77766 1.77993 0)
(-4.87455 2.2696 0)
(-6.69776 1.94 0)
(-7.2549 1.37024 0)
(-7.72933 0.894879 0)
(-7.76736 0.386092 0)
(-7.77125 0.264062 0)
(-7.2339 -0.0954514 0)
(-6.9783 -0.507795 0)
(-6.74986 -0.184568 0)
(-5.0586 -0.713737 0)
(-5.32716 -0.877608 0)
(-3.60219 -1.03801 0)
(-2.76967 -1.14786 0)
(-1.50606 -1.14589 0)
(-0.373659 -1.05451 0)
(0.688671 -0.913485 0)
(1.63721 -0.742593 0)
(2.46029 -0.56866 0)
(3.14946 -0.406757 0)
(3.70274 -0.265163 0)
(4.12153 -0.148929 0)
(4.41391 -0.0608571 0)
(4.59673 2.99696e-05 0)
(4.69213 0.0375411 0)
(4.72486 0.0562557 0)
(4.7173 0.0622956 0)
(4.68694 0.0605758 0)
(4.64621 0.0547246 0)
(4.60304 0.047249 0)
(4.56198 0.0396334 0)
(4.52519 0.0326305 0)
(4.49339 0.0265513 0)
(4.46654 0.0214594 0)
(4.44419 0.0172868 0)
(4.42574 0.0139145 0)
(4.41059 0.011216 0)
(4.39816 0.00906862 0)
(4.38797 0.00736815 0)
(4.37958 0.00603434 0)
(4.37264 0.00499626 0)
(4.36684 0.00419525 0)
(4.36194 0.00359794 0)
(4.35772 0.00317196 0)
(4.354 0.00288996 0)
(4.35061 0.00273331 0)
(4.3474 0.00271831 0)
(4.34426 0.002815 0)
(4.34099 0.00306068 0)
(4.33754 0.0034113 0)
(4.3336 0.00398339 0)
(4.32926 0.00463477 0)
(4.32392 0.00560598 0)
(4.31793 0.00659207 0)
(4.31036 0.00802658 0)
(4.30187 0.00933529 0)
(4.29128 0.0111168 0)
(4.27941 0.0125967 0)
(4.26545 0.014327 0)
(4.24971 0.0157455 0)
(4.23275 0.0169374 0)
(4.21334 0.0181318 0)
(4.19402 0.0188492 0)
(4.17165 0.0197943 0)
(4.14973 0.0212212 0)
(4.12452 0.0218371 0)
(4.0982 0.0259189 0)
(4.06842 0.0258859 0)
(4.03511 0.0341698 0)
(3.99651 0.0334874 0)
(3.95379 0.0461249 0)
(3.90062 0.0459491 0)
(3.84456 0.0628983 0)
(3.77117 0.0637081 0)
(3.69494 0.0874515 0)
(3.59299 0.0880387 0)
(3.49001 0.122279 0)
(3.34262 0.122498 0)
(3.20817 0.168642 0)
(2.9913 0.170233 0)
(2.81468 0.226734 0)
(2.5072 0.228761 0)
(2.2681 0.289208 0)
(1.85764 0.283484 0)
(1.53942 0.328281 0)
(1.03881 0.296324 0)
(0.666185 0.297397 0)
(0.176896 0.21548 0)
(-0.112269 0.141595 0)
(-0.34859 -0.0202248 0)
(-0.405375 -0.220432 0)
(-0.278088 -0.426052 0)
(-0.18762 -0.525879 0)
(0.24421 -1.13921 0)
(0.485902 -1.14764 0)
(0.785309 -1.10206 0)
(0.972614 -0.825181 0)
(0.927036 -0.090724 0)
(0.109756 0.838961 0)
(-1.71578 1.89211 0)
(-4.33255 2.84936 0)
(-6.60563 3.01533 0)
(-7.25474 2.25633 0)
(-7.62603 1.58907 0)
(-7.92179 1.0008 0)
(-7.7839 0.303004 0)
(-7.53256 0.063015 0)
(-6.97869 -0.154625 0)
(-6.7395 -0.656011 0)
(-6.66322 -0.569761 0)
(-4.9391 -1.03586 0)
(-4.99026 -1.14484 0)
(-3.51069 -1.56699 0)
(-2.56115 -1.61052 0)
(-1.34415 -1.63679 0)
(-0.236202 -1.51587 0)
(0.787124 -1.32975 0)
(1.69728 -1.10732 0)
(2.48896 -0.882474 0)
(3.16338 -0.672682 0)
(3.72767 -0.485966 0)
(4.18946 -0.326185 0)
(4.55554 -0.195163 0)
(4.83288 -0.0940952 0)
(5.03107 -0.0226206 0)
(5.16307 0.023006 0)
(5.24304 0.0484532 0)
(5.28499 0.0595342 0)
(5.3013 0.0612132 0)
(5.3017 0.057507 0)
(5.29306 0.0512093 0)
(5.28 0.0440741 0)
(5.2654 0.0371014 0)
(5.25092 0.030792 0)
(5.23747 0.0253295 0)
(5.22543 0.0207303 0)
(5.2149 0.0169333 0)
(5.20584 0.0138365 0)
(5.19811 0.0113326 0)
(5.19154 0.00933296 0)
(5.18595 0.00775219 0)
(5.18119 0.00651238 0)
(5.17709 0.00556835 0)
(5.17352 0.00487619 0)
(5.17034 0.00439741 0)
(5.16745 0.00410002 0)
(5.1647 0.00400811 0)
(5.16204 0.00407657 0)
(5.15927 0.00436594 0)
(5.15641 0.00479105 0)
(5.15312 0.00554409 0)
(5.14958 0.00637905 0)
(5.14517 0.00771313 0)
(5.14031 0.00900003 0)
(5.13407 0.0110153 0)
(5.12712 0.0127482 0)
(5.11836 0.0152902 0)
(5.10848 0.017345 0)
(5.09688 0.0197654 0)
(5.08364 0.0220336 0)
(5.0694 0.0233212 0)
(5.05324 0.0260338 0)
(5.03668 0.0255799 0)
(5.01877 0.0295687 0)
(4.99923 0.027822 0)
(4.98053 0.0345363 0)
(4.95561 0.0321519 0)
(4.93604 0.0437358 0)
(4.90139 0.0398565 0)
(4.88107 0.0594611 0)
(4.82862 0.0514254 0)
(4.8128 0.0826766 0)
(4.72518 0.0694957 0)
(4.72773 0.112812 0)
(4.5793 0.0989751 0)
(4.61181 0.152135 0)
(4.3853 0.141946 0)
(4.43518 0.208674 0)
(4.13689 0.198306 0)
(4.16307 0.289335 0)
(3.80679 0.271994 0)
(3.7649 0.388626 0)
(3.3422 0.364322 0)
(3.20565 0.48422 0)
(2.68148 0.447669 0)
(2.44552 0.530485 0)
(1.80986 0.448423 0)
(1.5159 0.444924 0)
(0.890235 0.259592 0)
(0.666935 0.118733 0)
(0.294746 -0.210965 0)
(0.110404 -0.347019 0)
(0.00884227 -0.561894 0)
(0.152979 -1.21472 0)
(-0.0189221 -1.19295 0)
(0.0519945 -1.11604 0)
(-0.156971 -0.744893 0)
(-0.671337 0.248918 0)
(-1.82376 1.51434 0)
(-3.70796 2.78912 0)
(-5.75191 3.65821 0)
(-7.03655 3.49756 0)
(-7.22408 2.51951 0)
(-7.64753 1.76447 0)
(-7.79021 1.07253 0)
(-7.72495 0.208858 0)
(-7.2831 -0.231214 0)
(-6.93112 -0.324154 0)
(-5.9903 -0.778539 0)
(-6.22711 -0.840756 0)
(-4.88686 -1.37311 0)
(-4.36901 -1.526 0)
(-3.23626 -2.00208 0)
(-2.16898 -2.11438 0)
(-0.991392 -2.12075 0)
(0.0836781 -1.96863 0)
(1.05139 -1.73108 0)
(1.90825 -1.4542 0)
(2.65587 -1.17601 0)
(3.29428 -0.916968 0)
(3.82608 -0.686387 0)
(4.25861 -0.487925 0)
(4.60225 -0.323473 0)
(4.86811 -0.194076 0)
(5.06759 -0.0975847 0)
(5.21208 -0.0303492 0)
(5.31217 0.0125137 0)
(5.3777 0.0365852 0)
(5.4176 0.047706 0)
(5.43947 0.0505138 0)
(5.44921 0.0484781 0)
(5.45123 0.0439712 0)
(5.44867 0.0385053 0)
(5.44363 0.0329648 0)
(5.43747 0.0278088 0)
(5.43103 0.0232416 0)
(5.42478 0.0193223 0)
(5.41899 0.0160268 0)
(5.41375 0.0132984 0)
(5.40909 0.0110764 0)
(5.40499 0.00928995 0)
(5.40138 0.00786993 0)
(5.39819 0.00677766 0)
(5.39536 0.00596691 0)
(5.39281 0.00540443 0)
(5.39046 0.00505513 0)
(5.38821 0.00495245 0)
(5.38605 0.00502766 0)
(5.3838 0.00538736 0)
(5.38149 0.00587914 0)
(5.37885 0.00682084 0)
(5.37602 0.00778026 0)
(5.37252 0.00949157 0)
(5.36862 0.0109493 0)
(5.36367 0.0136162 0)
(5.35795 0.0155247 0)
(5.35102 0.0190445 0)
(5.34263 0.0211926 0)
(5.33348 0.0248614 0)
(5.32191 0.0269361 0)
(5.31102 0.0297557 0)
(5.29634 0.0314046 0)
(5.28507 0.0336663 0)
(5.26681 0.0339945 0)
(5.25813 0.0392201 0)
(5.23174 0.0358187 0)
(5.2326 0.050169 0)
(5.18478 0.0397954 0)
(5.21055 0.0676621 0)
(5.11619 0.0504702 0)
(5.19169 0.0893095 0)
(5.02106 0.0723273 0)
(5.16433 0.116001 0)
(4.90892 0.104548 0)
(5.09937 0.157126 0)
(4.79882 0.142992 0)
(4.96645 0.224053 0)
(4.68625 0.190556 0)
(4.76634 0.318911 0)
(4.52499 0.261632 0)
(4.51001 0.43564 0)
(4.26454 0.370032 0)
(4.17923 0.561892 0)
(3.84949 0.50797 0)
(3.71801 0.673874 0)
(3.2293 0.613137 0)
(3.03015 0.714427 0)
(2.36095 0.567789 0)
(2.13977 0.54335 0)
(1.32973 0.222485 0)
(1.21584 0.0517228 0)
(0.401148 -0.389371 0)
(0.302126 -0.423664 0)
(-0.0223235 -1.15352 0)
(-0.460988 -1.0996 0)
(-0.542115 -1.05715 0)
(-1.14679 -0.510153 0)
(-1.98123 0.730273 0)
(-3.25889 2.18933 0)
(-4.8398 3.47805 0)
(-6.27403 4.18205 0)
(-7.05699 3.73507 0)
(-7.2471 2.66163 0)
(-7.27795 1.7665 0)
(-7.38842 1.13705 0)
(-7.15922 0.127578 0)
(-6.6715 -0.462661 0)
(-6.59792 -0.644849 0)
(-5.25951 -1.0126 0)
(-5.32141 -1.08478 0)
(-4.29993 -1.657 0)
(-3.71177 -1.94476 0)
(-2.64277 -2.43719 0)
(-1.60655 -2.60729 0)
(-0.448632 -2.5882 0)
(0.589367 -2.3903 0)
(1.47173 -2.0971 0)
(2.21839 -1.77248 0)
(2.87059 -1.45113 0)
(3.44613 -1.1501 0)
(3.94168 -0.878531 0)
(4.3512 -0.642065 0)
(4.676 -0.444134 0)
(4.92436 -0.28569 0)
(5.10806 -0.165049 0)
(5.23972 -0.0786026 0)
(5.33071 -0.0207451 0)
(5.39082 0.0147425 0)
(5.4283 0.034247 0)
(5.44967 0.0429979 0)
(5.46001 0.045 0)
(5.46316 0.0431049 0)
(5.46185 0.039234 0)
(5.458 0.0345851 0)
(5.45289 0.0298569 0)
(5.44731 0.0254286 0)
(5.44175 0.0214755 0)
(5.4365 0.0180515 0)
(5.43169 0.0151494 0)
(5.42736 0.0127386 0)
(5.42352 0.0107696 0)
(5.42012 0.00918457 0)
(5.4171 0.00794926 0)
(5.41442 0.00701806 0)
(5.412 0.00636886 0)
(5.40979 0.00595732 0)
(5.40768 0.00583056 0)
(5.40568 0.00588759 0)
(5.4036 0.00630137 0)
(5.40152 0.00681737 0)
(5.39912 0.00793202 0)
(5.39661 0.00894124 0)
(5.39344 0.0110265 0)
(5.38999 0.0125441 0)
(5.38549 0.0158745 0)
(5.38035 0.0178565 0)
(5.37388 0.0222796 0)
(5.36628 0.02468 0)
(5.35728 0.0289571 0)
(5.34731 0.032104 0)
(5.33506 0.0337894 0)
(5.32517 0.0389432 0)
(5.30731 0.0358704 0)
(5.30377 0.0450652 0)
(5.27324 0.0375668 0)
(5.28728 0.0523216 0)
(5.22855 0.0434256 0)
(5.27778 0.0634614 0)
(5.16752 0.0565039 0)
(5.27024 0.0817533 0)
(5.09397 0.0752241 0)
(5.244 0.112422 0)
(5.03031 0.097675 0)
(5.16481 0.159516 0)
(4.99429 0.128353 0)
(5.02972 0.224583 0)
(4.94568 0.175242 0)
(4.887 0.311958 0)
(4.83164 0.244262 0)
(4.73601 0.429417 0)
(4.66672 0.344005 0)
(4.53974 0.569669 0)
(4.41784 0.49614 0)
(4.29555 0.710443 0)
(4.05745 0.67005 0)
(3.87929 0.84041 0)
(3.54368 0.766299 0)
(3.21316 0.863258 0)
(2.6913 0.630941 0)
(2.2845 0.604072 0)
(1.44972 0.1179 0)
(1.04439 0.141606 0)
(0.184708 -0.404002 0)
(-0.109438 -1.00793 0)
(-0.646822 -0.979164 0)
(-1.08973 -0.820041 0)
(-1.97421 -0.15748 0)
(-2.90378 1.22362 0)
(-4.18231 2.74241 0)
(-5.46858 3.92826 0)
(-6.34735 4.4457 0)
(-6.91604 3.84837 0)
(-6.87701 2.70438 0)
(-6.45328 1.69888 0)
(-6.84445 1.13304 0)
(-6.06879 -0.0202259 0)
(-5.75029 -0.638061 0)
(-5.28407 -0.943875 0)
(-4.43217 -1.30777 0)
(-4.00276 -1.38773 0)
(-3.24077 -1.91432 0)
(-2.66839 -2.31987 0)
(-1.7905 -2.87052 0)
(-0.842017 -3.08886 0)
(0.246978 -3.05175 0)
(1.27114 -2.78603 0)
(2.10615 -2.41421 0)
(2.73642 -2.03403 0)
(3.24255 -1.68026 0)
(3.69469 -1.35414 0)
(4.10911 -1.05454 0)
(4.47093 -0.786448 0)
(4.76591 -0.556917 0)
(4.99219 -0.370333 0)
(5.15759 -0.226598 0)
(5.27398 -0.121922 0)
(5.35295 -0.0502305 0)
(5.40421 -0.00416539 0)
(5.43556 0.02289 0)
(5.45296 0.0368959 0)
(5.4609 0.0424172 0)
(5.46271 0.0427755 0)
(5.46076 0.0402608 0)
(5.45668 0.0363575 0)
(5.45157 0.0319728 0)
(5.44613 0.0276314 0)
(5.44076 0.0236139 0)
(5.43572 0.0200463 0)
(5.43111 0.0169644 0)
(5.42697 0.0143624 0)
(5.42329 0.0122115 0)
(5.42004 0.010463 0)
(5.41716 0.00908627 0)
(5.4146 0.00803526 0)
(5.41229 0.0072972 0)
(5.41019 0.00681323 0)
(5.40818 0.00665587 0)
(5.40631 0.00667999 0)
(5.40433 0.00714538 0)
(5.40241 0.00765179 0)
(5.40013 0.00895603 0)
(5.39785 0.00993749 0)
(5.39482 0.0124775 0)
(5.39166 0.0138601 0)
(5.38734 0.0181257 0)
(5.38236 0.0196988 0)
(5.37631 0.0257882 0)
(5.36816 0.0272384 0)
(5.36056 0.0340499 0)
(5.3478 0.0352855 0)
(5.3404 0.0404746 0)
(5.32159 0.0419423 0)
(5.31885 0.0442904 0)
(5.29015 0.0461787 0)
(5.30113 0.0490564 0)
(5.25151 0.0495829 0)
(5.28974 0.0605999 0)
(5.20374 0.0556056 0)
(5.27573 0.082236 0)
(5.1562 0.0676432 0)
(5.23319 0.113042 0)
(5.13019 0.0891165 0)
(5.14385 0.152137 0)
(5.11043 0.125014 0)
(5.05288 0.200386 0)
(5.02248 0.183661 0)
(5.00676 0.263095 0)
(4.87945 0.258961 0)
(4.90248 0.372847 0)
(4.78752 0.335847 0)
(4.71232 0.527496 0)
(4.62307 0.468899 0)
(4.58071 0.673638 0)
(4.33753 0.66626 0)
(4.34549 0.837323 0)
(4.04207 0.84865 0)
(3.90038 0.974358 0)
(3.58104 0.914291 0)
(3.12658 0.977077 0)
(2.71367 0.650932 0)
(2.00489 0.680608 0)
(1.19951 -0.0182647 0)
(0.934747 0.225733 0)
(-0.163622 -0.834169 0)
(-0.853352 -0.717733 0)
(-1.40148 -0.519273 0)
(-2.41774 0.258994 0)
(-3.51499 1.69811 0)
(-4.55249 3.21561 0)
(-5.42613 4.24066 0)
(-5.98248 4.59992 0)
(-6.342 3.97489 0)
(-5.92337 2.78564 0)
(-5.58343 1.7752 0)
(-6.3096 1.17898 0)
(-5.00523 -0.197697 0)
(-5.03771 -0.862383 0)
(-3.62321 -1.21308 0)
(-3.1163 -1.50521 0)
(-2.39862 -1.62127 0)
(-1.82272 -2.07711 0)
(-1.26271 -2.60733 0)
(-0.616239 -3.19934 0)
(0.138504 -3.50423 0)
(1.05265 -3.49332 0)
(2.00544 -3.17574 0)
(2.82883 -2.70313 0)
(3.3984 -2.23645 0)
(3.76666 -1.84124 0)
(4.05897 -1.5034 0)
(4.3469 -1.19537 0)
(4.62918 -0.910171 0)
(4.87775 -0.656816 0)
(5.07434 -0.445686 0)
(5.21758 -0.280649 0)
(5.31615 -0.159174 0)
(5.381 -0.0748403 0)
(5.42165 -0.019693 0)
(5.44545 0.0138256 0)
(5.45784 0.0322723 0)
(5.46261 0.0407167 0)
(5.46255 0.0429321 0)
(5.45959 0.0415235 0)
(5.45504 0.0382113 0)
(5.44979 0.0340819 0)
(5.44439 0.0297867 0)
(5.43917 0.0256874 0)
(5.43431 0.0219697 0)
(5.42989 0.0187104 0)
(5.42594 0.0159224 0)
(5.42245 0.0135932 0)
(5.41936 0.011685 0)
(5.41663 0.0101708 0)
(5.41421 0.0090022 0)
(5.41202 0.00817781 0)
(5.41005 0.00762045 0)
(5.40816 0.00743463 0)
(5.40642 0.007417 0)
(5.40454 0.00793993 0)
(5.40282 0.00841148 0)
(5.40062 0.00992841 0)
(5.39865 0.0108194 0)
(5.39566 0.0138827 0)
(5.39297 0.0150103 0)
(5.38854 0.0203551 0)
(5.38428 0.021383 0)
(5.37764 0.0292459 0)
(5.37072 0.0299353 0)
(5.3611 0.0386629 0)
(5.35164 0.0397236 0)
(5.33763 0.0449829 0)
(5.32987 0.0489897 0)
(5.30743 0.0464134 0)
(5.31079 0.0566661 0)
(5.27257 0.0471089 0)
(5.29512 0.0644315 0)
(5.23797 0.0543221 0)
(5.27095 0.0769532 0)
(5.21363 0.0699225 0)
(5.22015 0.100999 0)
(5.19869 0.0903189 0)
(5.15763 0.136836 0)
(5.14419 0.127248 0)
(5.14172 0.167501 0)
(5.00974 0.201818 0)
(5.13399 0.203508 0)
(4.91974 0.277304 0)
(4.95861 0.317137 0)
(4.95466 0.316177 0)
(4.74188 0.486061 0)
(4.78171 0.433124 0)
(4.76974 0.606909 0)
(4.40641 0.648425 0)
(4.70693 0.762531 0)
(4.11845 0.866995 0)
(4.45876 0.93925 0)
(3.78925 1.0628 0)
(3.8837 1.08909 0)
(3.40118 1.06027 0)
(2.73279 1.09295 0)
(2.5231 0.682005 0)
(0.827715 0.845645 0)
(-0.186546 0.247594 0)
(-0.248057 -0.582402 0)
(-0.873299 -0.458868 0)
(-1.54199 -0.164157 0)
(-2.57588 0.701641 0)
(-3.67947 2.05381 0)
(-4.58592 3.57665 0)
(-5.02213 4.47081 0)
(-5.26158 4.67007 0)
(-5.56273 4.01108 0)
(-5.14689 2.77676 0)
(-5.37879 1.74829 0)
(-5.90308 0.953831 0)
(-4.2704 -0.554196 0)
(-4.32341 -1.33439 0)
(-2.62025 -1.73501 0)
(-1.66312 -1.79693 0)
(-0.886807 -1.85214 0)
(-0.211994 -2.25601 0)
(0.276666 -2.80267 0)
(0.763895 -3.43321 0)
(1.29207 -3.82255 0)
(1.97431 -3.87104 0)
(2.76736 -3.54785 0)
(3.55268 -2.99063 0)
(4.12524 -2.41023 0)
(4.42003 -1.94135 0)
(4.55976 -1.58538 0)
(4.68546 -1.2843 0)
(4.84668 -1.00149 0)
(5.02082 -0.737779 0)
(5.1733 -0.508909 0)
(5.2878 -0.325742 0)
(5.36529 -0.189339 0)
(5.41401 -0.0939758 0)
(5.44258 -0.0311706 0)
(5.45776 0.00761864 0)
(5.46429 0.0295433 0)
(5.4653 0.040216 0)
(5.46297 0.0438016 0)
(5.45872 0.0431773 0)
(5.45354 0.0402522 0)
(5.44804 0.0362503 0)
(5.44262 0.0319249 0)
(5.43751 0.0277045 0)
(5.43282 0.0238181 0)
(5.42859 0.0203751 0)
(5.42484 0.0174045 0)
(5.42153 0.014904 0)
(5.41862 0.0128419 0)
(5.41604 0.0111956 0)
(5.41378 0.00991343 0)
(5.41172 0.00900691 0)
(5.40989 0.00837518 0)
(5.40811 0.00816591 0)
(5.40652 0.00809622 0)
(5.40475 0.00868991 0)
(5.40325 0.00908531 0)
(5.40114 0.0108664 0)
(5.39951 0.0115458 0)
(5.39657 0.015315 0)
(5.39437 0.0158482 0)
(5.39001 0.0228196 0)
(5.38606 0.022437 0)
(5.37995 0.0334786 0)
(5.37198 0.031412 0)
(5.36492 0.0450968 0)
(5.35008 0.0418974 0)
(5.34473 0.0528925 0)
(5.32202 0.0519522 0)
(5.32128 0.0541933 0)
(5.2938 0.0597268 0)
(5.29611 0.0550294 0)
(5.27152 0.0648283 0)
(5.26568 0.0681765 0)
(5.25461 0.0680312 0)
(5.22942 0.099212 0)
(5.2224 0.0797594 0)
(5.2112 0.128137 0)
(5.13715 0.128839 0)
(5.22798 0.133044 0)
(5.0239 0.21574 0)
(5.17969 0.160795 0)
(5.02748 0.268642 0)
(4.95538 0.289537 0)
(5.07658 0.284705 0)
(4.85907 0.432975 0)
(4.75644 0.427377 0)
(5.08114 0.498324 0)
(4.31876 0.651435 0)
(5.05452 0.655571 0)
(4.09119 0.85385 0)
(4.90617 0.850177 0)
(3.73806 1.10463 0)
(4.59974 1.06152 0)
(3.39563 1.26993 0)
(3.84123 1.25181 0)
(2.88734 1.19601 0)
(2.32553 1.31766 0)
(2.01721 0.719796 0)
(1.09672 0.827419 0)
(-0.248354 -0.375437 0)
(-0.79 -0.168184 0)
(-1.53498 0.186189 0)
(-2.41659 1.13083 0)
(-3.35503 2.39515 0)
(-4.1893 3.75398 0)
(-4.33297 4.5465 0)
(-4.37789 4.59881 0)
(-4.62747 3.97558 0)
(-4.29595 2.8202 0)
(-4.63648 1.77204 0)
(-4.71921 0.675399 0)
(-3.20827 -0.866818 0)
(-2.78067 -1.82793 0)
(-1.54832 -2.40406 0)
(-0.35302 -2.3312 0)
(0.624639 -2.22573 0)
(1.34399 -2.49053 0)
(1.87748 -2.97505 0)
(2.21673 -3.5912 0)
(2.50707 -4.04811 0)
(2.95888 -4.16162 0)
(3.54029 -3.8674 0)
(4.19662 -3.27311 0)
(4.77956 -2.58492 0)
(5.09152 -2.00712 0)
(5.14994 -1.60269 0)
(5.12368 -1.30726 0)
(5.13663 -1.04424 0)
(5.20567 -0.788627 0)
(5.29402 -0.554035 0)
(5.36947 -0.359045 0)
(5.42104 -0.211068 0)
(5.45122 -0.10686 0)
(5.46631 -0.0380497 0)
(5.47193 0.00462107 0)
(5.47193 0.0289231 0)
(5.46872 0.041051 0)
(5.4638 0.0454643 0)
(5.45808 0.0452618 0)
(5.45212 0.0425037 0)
(5.4463 0.0384976 0)
(5.44081 0.0340614 0)
(5.43578 0.0296765 0)
(5.43125 0.0256005 0)
(5.42722 0.021963 0)
(5.42366 0.0188084 0)
(5.42054 0.0161404 0)
(5.41782 0.0139293 0)
(5.41541 0.0121572 0)
(5.4133 0.0107655 0)
(5.41138 0.00978157 0)
(5.4097 0.00907509 0)
(5.40804 0.00884693 0)
(5.40663 0.00871088 0)
(5.40495 0.00938895 0)
(5.40373 0.00966435 0)
(5.40164 0.0117633 0)
(5.40051 0.0121034 0)
(5.39743 0.0167545 0)
(5.39613 0.0163684 0)
(5.39123 0.0254537 0)
(5.38881 0.0229417 0)
(5.38127 0.0382413 0)
(5.37568 0.0321119 0)
(5.36547 0.0525064 0)
(5.35456 0.0433929 0)
(5.34296 0.061544 0)
(5.32768 0.0554905 0)
(5.31623 0.0599963 0)
(5.30115 0.0678724 0)
(5.29068 0.0526891 0)
(5.27813 0.0822234 0)
(5.26593 0.0546925 0)
(5.26064 0.0960881 0)
(5.22505 0.0832378 0)
(5.25943 0.101206 0)
(5.1467 0.140961 0)
(5.26989 0.106614 0)
(5.06888 0.203876 0)
(5.20481 0.153652 0)
(5.08747 0.234778 0)
(5.03953 0.26407 0)
(5.05239 0.283681 0)
(5.07471 0.337191 0)
(4.69352 0.460494 0)
(5.23952 0.390191 0)
(4.48639 0.61692 0)
(4.99453 0.608302 0)
(4.47327 0.7597 0)
(4.83845 0.799037 0)
(4.13038 1.04552 0)
(4.69154 1.01064 0)
(3.72216 1.32057 0)
(4.36361 1.21843 0)
(3.14408 1.53865 0)
(3.41244 1.47875 0)
(2.44585 1.29838 0)
(0.871811 1.82889 0)
(0.175964 1.02776 0)
(-0.311845 -0.154247 0)
(-0.708204 0.0850871 0)
(-1.32264 0.513676 0)
(-2.05087 1.44024 0)
(-2.80028 2.65084 0)
(-3.47829 3.92531 0)
(-3.32229 4.61458 0)
(-3.25718 4.5602 0)
(-3.35434 3.96724 0)
(-2.96444 2.96882 0)
(-2.95262 1.81868 0)
(-2.70807 0.417626 0)
(-1.56907 -1.17642 0)
(-0.835474 -2.1627 0)
(0.124436 -2.83466 0)
(1.08047 -2.81472 0)
(2.04705 -2.58696 0)
(2.77813 -2.66662 0)
(3.29163 -3.07626 0)
(3.57467 -3.64805 0)
(3.69821 -4.16367 0)
(3.9683 -4.354 0)
(4.37818 -4.09784 0)
(4.81392 -3.51632 0)
(5.30754 -2.77381 0)
(5.67039 -2.08132 0)
(5.74534 -1.58704 0)
(5.62933 -1.27057 0)
(5.49929 -1.02982 0)
(5.44083 -0.798961 0)
(5.44262 -0.574113 0)
(5.46514 -0.376942 0)
(5.4838 -0.222651 0)
(5.49215 -0.112645 0)
(5.49219 -0.039873 0)
(5.48738 0.00508801 0)
(5.48034 0.0306317 0)
(5.47259 0.0433758 0)
(5.46487 0.0480368 0)
(5.45753 0.0478604 0)
(5.45072 0.0450028 0)
(5.44451 0.0408362 0)
(5.43894 0.0362035 0)
(5.43398 0.0316041 0)
(5.4296 0.0273152 0)
(5.42576 0.0234746 0)
(5.42241 0.020133 0)
(5.4195 0.0172988 0)
(5.41696 0.0149421 0)
(5.41473 0.0130494 0)
(5.41279 0.0115525 0)
(5.41102 0.0104967 0)
(5.4095 0.00971388 0)
(5.40795 0.00947335 0)
(5.40675 0.00925477 0)
(5.40515 0.0100391 0)
(5.40424 0.0101328 0)
(5.40215 0.012632 0)
(5.4016 0.0124413 0)
(5.39833 0.0182633 0)
(5.39803 0.0164186 0)
(5.39267 0.0284668 0)
(5.39154 0.0224783 0)
(5.38352 0.0441366 0)
(5.37841 0.0310428 0)
(5.36877 0.062399 0)
(5.35542 0.0419805 0)
(5.34709 0.0745137 0)
(5.32577 0.0540888 0)
(5.31979 0.0730761 0)
(5.29951 0.0659344 0)
(5.29262 0.0646544 0)
(5.27829 0.0788829 0)
(5.2762 0.0667945 0)
(5.24093 0.0951241 0)
(5.28566 0.0897771 0)
(5.16302 0.119135 0)
(5.30837 0.121769 0)
(5.08978 0.159066 0)
(5.26054 0.163504 0)
(5.09342 0.206394 0)
(5.14719 0.225613 0)
(5.04281 0.291874 0)
(5.16148 0.263869 0)
(4.83822 0.442666 0)
(5.12053 0.361079 0)
(4.88643 0.509085 0)
(4.7622 0.610413 0)
(4.87422 0.644944 0)
(4.77008 0.739803 0)
(4.4591 0.957256 0)
(4.72424 0.965635 0)
(4.07853 1.22013 0)
(4.63989 1.2127 0)
(3.4342 1.60729 0)
(4.18681 1.41226 0)
(2.73979 1.84376 0)
(2.80225 1.88613 0)
(2.06237 1.36131 0)
(1.02259 1.82022 0)
(-0.406566 0.0593049 0)
(-0.514438 0.288068 0)
(-1.10248 0.772063 0)
(-1.56131 1.74357 0)
(-2.01204 2.84992 0)
(-2.48715 3.9577 0)
(-2.19986 4.55982 0)
(-1.87883 4.47914 0)
(-1.83098 3.9098 0)
(-1.4167 2.97786 0)
(-1.0443 1.72193 0)
(-0.593283 0.185608 0)
(0.265516 -1.45772 0)
(0.988851 -2.46996 0)
(1.71747 -3.19046 0)
(2.42359 -3.24857 0)
(3.23788 -2.92289 0)
(3.87881 -2.86817 0)
(4.25829 -3.21214 0)
(4.51042 -3.73253 0)
(4.64616 -4.26295 0)
(4.85178 -4.51489 0)
(5.22755 -4.25607 0)
(5.48998 -3.66747 0)
(5.75973 -2.93382 0)
(6.09225 -2.17728 0)
(6.24049 -1.57606 0)
(6.12813 -1.19796 0)
(5.90512 -0.960592 0)
(5.72207 -0.760977 0)
(5.62155 -0.561185 0)
(5.57667 -0.37444 0)
(5.55392 -0.221563 0)
(5.53635 -0.110161 0)
(5.51951 -0.0361497 0)
(5.50349 0.00936153 0)
(5.48906 0.0348622 0)
(5.47658 0.0472796 0)
(5.46595 0.0515565 0)
(5.45693 0.0509991 0)
(5.44923 0.0477829 0)
(5.44264 0.043285 0)
(5.43697 0.0383534 0)
(5.43207 0.0334847 0)
(5.42786 0.0289542 0)
(5.42423 0.0249004 0)
(5.42109 0.0213719 0)
(5.41838 0.0183758 0)
(5.41605 0.0158793 0)
(5.414 0.0138724 0)
(5.41224 0.0122736 0)
(5.41062 0.0111493 0)
(5.40927 0.0102876 0)
(5.40785 0.010043 0)
(5.40687 0.00972303 0)
(5.40532 0.0106382 0)
(5.40481 0.0104783 0)
(5.40259 0.0134807 0)
(5.40288 0.012524 0)
(5.39906 0.0198817 0)
(5.40043 0.0158759 0)
(5.39369 0.0320138 0)
(5.39542 0.0207049 0)
(5.38483 0.0516243 0)
(5.38322 0.0274982 0)
(5.37054 0.0756157 0)
(5.35866 0.0370614 0)
(5.34985 0.0916965 0)
(5.3247 0.0502982 0)
(5.32321 0.0868146 0)
(5.2979 0.0679718 0)
(5.28934 0.0667654 0)
(5.29705 0.0908958 0)
(5.23767 0.0587232 0)
(5.32502 0.110062 0)
(5.16511 0.0914073 0)
(5.34374 0.117297 0)
(5.11484 0.147212 0)
(5.29429 0.146206 0)
(5.12253 0.18823 0)
(5.19375 0.207446 0)
(5.11001 0.254003 0)
(5.14229 0.254371 0)
(5.03501 0.374215 0)
(5.02414 0.349385 0)
(5.10266 0.442234 0)
(4.78405 0.54312 0)
(4.97397 0.602148 0)
(4.91132 0.643325 0)
(4.62918 0.85714 0)
(4.75605 0.934465 0)
(4.46515 1.04435 0)
(4.69927 1.23008 0)
(3.91414 1.40627 0)
(4.47362 1.51763 0)
(3.1436 1.92053 0)
(3.74279 1.76464 0)
(2.24043 2.19279 0)
(1.38368 2.59512 0)
(0.494817 1.74778 0)
(-0.299959 0.222155 0)
(-0.383653 0.387612 0)
(-0.721844 0.956664 0)
(-1.04659 1.86918 0)
(-1.18313 2.96341 0)
(-1.30151 3.95463 0)
(-0.904994 4.46783 0)
(-0.37321 4.34906 0)
(-0.258215 3.73686 0)
(0.17503 2.73916 0)
(0.854713 1.42894 0)
(1.43192 -0.0981217 0)
(2.07858 -1.70343 0)
(2.64014 -2.75045 0)
(3.14545 -3.47304 0)
(3.46361 -3.58997 0)
(4.1497 -3.21691 0)
(4.74059 -2.99243 0)
(4.91944 -3.26647 0)
(5.13604 -3.81145 0)
(5.46641 -4.36752 0)
(5.68033 -4.67998 0)
(6.02082 -4.41169 0)
(6.23162 -3.74308 0)
(6.24966 -3.01474 0)
(6.40494 -2.26961 0)
(6.58591 -1.5938 0)
(6.54375 -1.1257 0)
(6.30272 -0.856469 0)
(6.02881 -0.677172 0)
(5.82651 -0.510627 0)
(5.70409 -0.34689 0)
(5.63147 -0.205 0)
(5.58336 -0.0980579 0)
(5.54763 -0.0262711 0)
(5.51966 0.0176121 0)
(5.49758 0.0416682 0)
(5.48032 0.0528206 0)
(5.46682 0.0560591 0)
(5.45614 0.0546894 0)
(5.44758 0.0508423 0)
(5.44062 0.0458484 0)
(5.43487 0.0405156 0)
(5.43006 0.0353243 0)
(5.42602 0.0305264 0)
(5.4226 0.0262462 0)
(5.41969 0.0225262 0)
(5.41721 0.0193685 0)
(5.41508 0.0167359 0)
(5.41322 0.0146209 0)
(5.41165 0.0129248 0)
(5.41019 0.0117379 0)
(5.40904 0.0107951 0)
(5.40772 0.0105543 0)
(5.407 0.0101108 0)
(5.40546 0.0111864 0)
(5.40543 0.0106917 0)
(5.40298 0.0143166 0)
(5.40431 0.0123165 0)
(5.39965 0.0216436 0)
(5.40324 0.0146263 0)
(5.39444 0.0362403 0)
(5.4002 0.0172515 0)
(5.38568 0.0612725 0)
(5.38958 0.020333 0)
(5.37159 0.0941492 0)
(5.36364 0.0252527 0)
(5.35232 0.118974 0)
(5.32248 0.0348734 0)
(5.33261 0.115785 0)
(5.2794 0.0530435 0)
(5.32298 0.0869329 0)
(5.24233 0.0856165 0)
(5.3281 0.0618292 0)
(5.20379 0.123447 0)
(5.33494 0.0817325 0)
(5.16145 0.136266 0)
(5.30872 0.152656 0)
(5.15916 0.136922 0)
(5.21057 0.2296 0)
(5.18966 0.188051 0)
(5.12085 0.260659 0)
(5.15235 0.325103 0)
(5.04396 0.29864 0)
(5.16506 0.43147 0)
(4.87663 0.453184 0)
(5.08347 0.545203 0)
(4.91148 0.604684 0)
(4.93157 0.710333 0)
(4.62611 0.90972 0)
(4.92843 0.895422 0)
(4.59716 1.14427 0)
(4.47505 1.2604 0)
(4.45363 1.53105 0)
(3.73642 1.70592 0)
(4.3591 1.8233 0)
(2.83934 2.34476 0)
(3.28248 2.26267 0)
(2.01244 2.33371 0)
(0.945485 3.01766 0)
(-0.0160696 0.364962 0)
(-0.275577 0.493733 0)
(-0.386936 1.06093 0)
(-0.440282 1.94697 0)
(-0.307056 2.92806 0)
(-0.208394 3.81271 0)
(0.421231 4.25393 0)
(1.13937 4.25391 0)
(1.42432 3.70868 0)
(1.93044 2.61056 0)
(2.72938 1.21046 0)
(3.35665 -0.300162 0)
(3.94815 -1.84597 0)
(4.48331 -2.92971 0)
(4.49544 -3.68768 0)
(4.23413 -3.8755 0)
(4.58375 -3.44937 0)
(5.15874 -3.00648 0)
(5.40559 -3.22421 0)
(5.78481 -3.91144 0)
(6.44597 -4.49648 0)
(6.76301 -4.78252 0)
(6.90953 -4.51753 0)
(7.02121 -3.75635 0)
(6.83019 -2.98852 0)
(6.69832 -2.30473 0)
(6.79673 -1.62696 0)
(6.82736 -1.07701 0)
(6.6342 -0.743759 0)
(6.32439 -0.559902 0)
(6.04192 -0.423318 0)
(5.84245 -0.29132 0)
(5.71479 -0.170344 0)
(5.63219 -0.074925 0)
(5.57569 -0.00945164 0)
(5.53518 0.0300385 0)
(5.50542 0.0510266 0)
(5.48349 0.0599157 0)
(5.46723 0.0614754 0)
(5.45501 0.0588795 0)
(5.44567 0.0541403 0)
(5.43839 0.0484981 0)
(5.43261 0.042678 0)
(5.42792 0.0371099 0)
(5.42408 0.0320143 0)
(5.42089 0.0274961 0)
(5.41823 0.0235845 0)
(5.41597 0.0202703 0)
(5.41407 0.0175064 0)
(5.41241 0.0152891 0)
(5.41103 0.0135011 0)
(5.40973 0.0122586 0)
(5.40878 0.0112325 0)
(5.40756 0.0110054 0)
(5.40714 0.0104156 0)
(5.40555 0.0116874 0)
(5.40613 0.0107606 0)
(5.40325 0.0151571 0)
(5.40597 0.0117686 0)
(5.39995 0.0236225 0)
(5.40667 0.0124921 0)
(5.39454 0.0413796 0)
(5.40641 0.0116334 0)
(5.3854 0.0736565 0)
(5.39854 0.00867141 0)
(5.37086 0.118907 0)
(5.37277 0.00583733 0)
(5.34985 0.156602 0)
(5.33094 0.00897231 0)
(5.32072 0.157639 0)
(5.30114 0.0248924 0)
(5.28116 0.123254 0)
(5.31186 0.0617898 0)
(5.22641 0.0871577 0)
(5.34808 0.11561 0)
(5.17995 0.0851939 0)
(5.31894 0.167584 0)
(5.21847 0.106426 0)
(5.18159 0.225494 0)
(5.28774 0.150429 0)
(5.10062 0.24892 0)
(5.22307 0.287001 0)
(5.09347 0.254242 0)
(5.20966 0.399992 0)
(4.92343 0.406047 0)
(5.2134 0.460135 0)
(4.91324 0.566902 0)
(5.08222 0.618508 0)
(4.71472 0.799497 0)
(5.08072 0.823069 0)
(4.71089 0.984989 0)
(4.79446 1.16422 0)
(4.43757 1.41628 0)
(4.38777 1.52137 0)
(4.50798 1.81657 0)
(3.40976 2.12166 0)
(4.04101 2.26603 0)
(2.33549 3.03521 0)
(1.84752 3.28222 0)
(0.577252 2.72703 0)
(0.16436 0.339811 0)
(0.00395317 0.530032 0)
(-0.0656273 1.02904 0)
(0.127706 1.86581 0)
(0.557694 2.79799 0)
(0.964108 3.61856 0)
(1.62499 3.90936 0)
(2.48462 3.9458 0)
(3.1654 3.52595 0)
(3.76212 2.40803 0)
(4.48836 1.002 0)
(5.11738 -0.558972 0)
(5.67073 -2.08318 0)
(6.41677 -2.99258 0)
(6.51616 -3.4902 0)
(5.69528 -3.71407 0)
(5.14908 -3.49128 0)
(5.39141 -3.16838 0)
(6.07547 -3.50478 0)
(6.89655 -4.32944 0)
(7.74147 -4.83707 0)
(8.12633 -4.89651 0)
(8.01432 -4.53481 0)
(7.89526 -3.68895 0)
(7.51569 -2.84842 0)
(7.05985 -2.23781 0)
(6.9428 -1.63999 0)
(6.98095 -1.05573 0)
(6.86191 -0.646292 0)
(6.57011 -0.428915 0)
(6.24408 -0.307656 0)
(5.98112 -0.208709 0)
(5.7997 -0.116362 0)
(5.68102 -0.039713 0)
(5.60257 0.0144497 0)
(5.54917 0.0468209 0)
(5.51198 0.0630078 0)
(5.48571 0.0685535 0)
(5.46697 0.0677747 0)
(5.45341 0.0635477 0)
(5.44342 0.0576692 0)
(5.43592 0.0512203 0)
(5.43016 0.0448202 0)
(5.42564 0.0388259 0)
(5.42203 0.0334115 0)
(5.4191 0.0286469 0)
(5.41669 0.0245422 0)
(5.41468 0.0210778 0)
(5.41301 0.0181905 0)
(5.41156 0.0158773 0)
(5.41039 0.0140019 0)
(5.40924 0.0127096 0)
(5.40851 0.0115982 0)
(5.40738 0.0113939 0)
(5.40729 0.0106354 0)
(5.40559 0.0121378 0)
(5.4069 0.0106803 0)
(5.40337 0.0160052 0)
(5.40791 0.0108547 0)
(5.39981 0.0258583 0)
(5.41093 0.0093225 0)
(5.39363 0.0476674 0)
(5.4146 0.00325213 0)
(5.38344 0.089715 0)
(5.41073 -0.00936487 0)
(5.36945 0.152502 0)
(5.38225 -0.0247612 0)
(5.35583 0.208486 0)
(5.32162 -0.0301254 0)
(5.34779 0.211693 0)
(5.25562 -0.0101444 0)
(5.34732 0.156386 0)
(5.22218 0.0481912 0)
(5.33289 0.0935321 0)
(5.24905 0.114461 0)
(5.25327 0.112617 0)
(5.32923 0.11765 0)
(5.12959 0.208961 0)
(5.36606 0.120794 0)
(5.10591 0.247476 0)
(5.26166 0.23814 0)
(5.14376 0.23988 0)
(5.23941 0.351738 0)
(4.99466 0.361364 0)
(5.25373 0.424923 0)
(5.00827 0.472951 0)
(5.0991 0.592692 0)
(4.88355 0.6755 0)
(5.13531 0.741425 0)
(4.82013 0.871875 0)
(5.02702 1.04834 0)
(4.44179 1.24586 0)
(4.96035 1.38182 0)
(4.41995 1.63505 0)
(4.38459 1.84574 0)
(4.4518 2.27958 0)
(3.12622 2.65723 0)
(3.61557 2.8301 0)
(1.94663 3.45783 0)
(0.963828 4.17792 0)
(0.0438144 0.30648 0)
(0.0186419 0.636581 0)
(0.129897 1.02397 0)
(0.634724 1.73514 0)
(1.3352 2.60584 0)
(1.89477 3.41388 0)
(2.70377 3.64952 0)
(3.66527 3.57915 0)
(4.71839 3.18029 0)
(5.39756 2.18705 0)
(6.04986 0.863954 0)
(6.66217 -0.725164 0)
(7.3018 -2.25185 0)
(7.80617 -3.1732 0)
(7.83825 -3.48576 0)
(7.22345 -3.42204 0)
(6.32987 -3.25278 0)
(6.27863 -3.28561 0)
(7.39683 -3.85041 0)
(8.54129 -4.69901 0)
(9.22252 -5.1162 0)
(9.44098 -4.9564 0)
(9.09948 -4.46059 0)
(8.75494 -3.54064 0)
(8.24336 -2.60482 0)
(7.51616 -2.04197 0)
(7.09944 -1.58418 0)
(7.04273 -1.04015 0)
(6.97573 -0.572831 0)
(6.73542 -0.30236 0)
(6.40622 -0.176432 0)
(6.10424 -0.10432 0)
(5.87873 -0.044118 0)
(5.72639 0.00778752 0)
(5.62659 0.0455038 0)
(5.5608 0.0677129 0)
(5.51668 0.077357 0)
(5.48659 0.0785648 0)
(5.46578 0.0748425 0)
(5.45117 0.068612 0)
(5.44075 0.0613543 0)
(5.43315 0.0539642 0)
(5.4275 0.0469131 0)
(5.4232 0.0404553 0)
(5.41986 0.0347072 0)
(5.41721 0.0296942 0)
(5.41508 0.0253976 0)
(5.41333 0.0217863 0)
(5.4119 0.0187819 0)
(5.41067 0.0163802 0)
(5.40972 0.0144234 0)
(5.40873 0.0130875 0)
(5.40823 0.0118906 0)
(5.40716 0.0117182 0)
(5.40745 0.0107702 0)
(5.40556 0.0125372 0)
(5.40776 0.0104516 0)
(5.40327 0.0168627 0)
(5.41019 0.00956344 0)
(5.39909 0.0283629 0)
(5.41627 0.00504578 0)
(5.39118 0.0551538 0)
(5.42586 -0.00825405 0)
(5.37773 0.109904 0)
(5.43058 -0.0352126 0)
(5.35971 0.197302 0)
(5.40814 -0.0713761 0)
(5.34352 0.283927 0)
(5.34489 -0.0977687 0)
(5.33401 0.30689 0)
(5.27519 -0.0944768 0)
(5.33421 0.253039 0)
(5.24003 -0.0401601 0)
(5.34687 0.16865 0)
(5.21447 0.0628863 0)
(5.38786 0.113379 0)
(5.13031 0.168738 0)
(5.42391 0.11857 0)
(5.10432 0.21717 0)
(5.31845 0.200928 0)
(5.17315 0.223777 0)
(5.26118 0.305858 0)
(5.08319 0.302021 0)
(5.27022 0.406855 0)
(5.08249 0.385139 0)
(5.15677 0.543103 0)
(4.98956 0.582193 0)
(5.1796 0.6579 0)
(4.966 0.75336 0)
(5.07004 0.948505 0)
(4.70484 1.06224 0)
(5.05575 1.26253 0)
(4.60824 1.39782 0)
(4.92509 1.73098 0)
(4.18777 2.0403 0)
(4.00002 2.36613 0)
(4.20979 2.85644 0)
(2.54675 3.67538 0)
(2.4169 4.01163 0)
(0.755416 3.98215 0)
(-0.0673494 0.344594 0)
(0.0106855 0.52185 0)
(0.570597 0.83935 0)
(0.931613 1.38959 0)
(2.11896 2.21769 0)
(2.82553 3.04898 0)
(3.71384 3.25568 0)
(4.47895 3.06248 0)
(5.74405 2.62836 0)
(6.60812 1.83016 0)
(7.24975 0.673329 0)
(7.83328 -0.965471 0)
(8.59974 -2.52253 0)
(9.20389 -3.25811 0)
(8.98038 -3.38625 0)
(8.16675 -3.212 0)
(7.4528 -3.13246 0)
(7.68017 -3.54876 0)
(8.97488 -4.29011 0)
(9.99192 -4.97596 0)
(10.2643 -5.22296 0)
(10.1832 -4.90503 0)
(9.69352 -4.32195 0)
(9.29995 -3.36337 0)
(8.84367 -2.31616 0)
(8.01264 -1.73889 0)
(7.31459 -1.42934 0)
(7.07165 -0.997978 0)
(6.99619 -0.51709 0)
(6.80873 -0.192059 0)
(6.50665 -0.0427112 0)
(6.19442 0.0132052 0)
(5.94188 0.0426938 0)
(5.76356 0.066224 0)
(5.64548 0.083487 0)
(5.56885 0.092483 0)
(5.51886 0.0937628 0)
(5.48573 0.0896537 0)
(5.46344 0.0824645 0)
(5.44817 0.0739261 0)
(5.43756 0.0651343 0)
(5.43004 0.0566951 0)
(5.42461 0.0489323 0)
(5.42059 0.0419868 0)
(5.41756 0.0358874 0)
(5.41523 0.0306221 0)
(5.4134 0.0261407 0)
(5.41192 0.0223901 0)
(5.41076 0.0192762 0)
(5.40974 0.0167945 0)
(5.40902 0.0147635 0)
(5.40819 0.0133904 0)
(5.40795 0.0121093 0)
(5.40691 0.0119751 0)
(5.40764 0.0108222 0)
(5.40545 0.0128819 0)
(5.40873 0.0100801 0)
(5.40293 0.0177244 0)
(5.41286 0.00789436 0)
(5.39764 0.0311414 0)
(5.42278 -0.000375893 0)
(5.38703 0.0638927 0)
(5.44014 -0.0232208 0)
(5.36904 0.134111 0)
(5.45624 -0.0689915 0)
(5.34772 0.251289 0)
(5.44028 -0.130151 0)
(5.33506 0.371148 0)
(5.36688 -0.171797 0)
(5.329 0.40187 0)
(5.2865 -0.160235 0)
(5.30076 0.322767 0)
(5.29658 -0.083268 0)
(5.20247 0.218408 0)
(5.42228 0.0159028 0)
(5.06587 0.212012 0)
(5.48117 0.0597223 0)
(5.08175 0.254107 0)
(5.32701 0.145886 0)
(5.19919 0.224721 0)
(5.24743 0.269044 0)
(5.13767 0.265207 0)
(5.27552 0.365417 0)
(5.12307 0.344949 0)
(5.18379 0.497336 0)
(5.08819 0.465696 0)
(5.16421 0.643876 0)
(5.10786 0.615546 0)
(5.06652 0.842927 0)
(4.98202 0.934797 0)
(5.03509 1.06927 0)
(4.98133 1.2465 0)
(5.12704 1.45614 0)
(4.49978 1.75077 0)
(5.09032 2.09805 0)
(4.17227 2.5994 0)
(3.56808 3.00867 0)
(4.13523 3.48967 0)
(2.38388 4.48288 0)
(1.3227 5.62136 0)
(-0.119387 0.26132 0)
(0.0668644 0.401277 0)
(0.719311 0.636838 0)
(1.34592 1.14131 0)
(2.3969 1.69865 0)
(3.63162 2.60765 0)
(4.70741 3.01359 0)
(5.45057 2.7462 0)
(6.8022 2.144 0)
(7.62812 1.52513 0)
(8.1709 0.511891 0)
(8.81586 -1.17483 0)
(9.51494 -2.78043 0)
(10.0507 -3.36673 0)
(9.89974 -3.23496 0)
(9.07938 -2.94606 0)
(8.72133 -3.01748 0)
(9.43689 -3.80208 0)
(10.7357 -4.73008 0)
(11.3836 -5.24537 0)
(11.1439 -5.25817 0)
(10.6807 -4.77345 0)
(9.8987 -4.15027 0)
(9.37955 -3.22532 0)
(9.10747 -2.0739 0)
(8.40686 -1.39672 0)
(7.56579 -1.17915 0)
(7.11039 -0.897773 0)
(6.9573 -0.459757 0)
(6.79588 -0.0969069 0)
(6.53308 0.0818872 0)
(6.23574 0.133056 0)
(5.97777 0.13714 0)
(5.78631 0.132108 0)
(5.65645 0.126882 0)
(5.5721 0.120499 0)
(5.51788 0.111886 0)
(5.48279 0.101576 0)
(5.45971 0.0904607 0)
(5.44428 0.0793648 0)
(5.43379 0.0689043 0)
(5.42655 0.05935 0)
(5.42146 0.0508351 0)
(5.41781 0.0433802 0)
(5.41515 0.0369287 0)
(5.41316 0.0314158 0)
(5.41165 0.0267583 0)
(5.41047 0.022882 0)
(5.40957 0.0196713 0)
(5.40879 0.0171184 0)
(5.4083 0.0150219 0)
(5.40762 0.0136179 0)
(5.40765 0.0122571 0)
(5.40662 0.0121633 0)
(5.40784 0.0107985 0)
(5.40523 0.013162 0)
(5.40983 0.00958756 0)
(5.40225 0.0185596 0)
(5.41603 0.00590289 0)
(5.39517 0.0341135 0)
(5.43102 -0.00692413 0)
(5.37991 0.0737951 0)
(5.45957 -0.0419156 0)
(5.35363 0.162783 0)
(5.49423 -0.113236 0)
(5.32586 0.31835 0)
(5.49147 -0.212163 0)
(5.32869 0.485859 0)
(5.39305 -0.287192 0)
(5.38448 0.540572 0)
(5.22713 -0.29074 0)
(5.47565 0.44696 0)
(5.09768 -0.197231 0)
(5.5355 0.295097 0)
(5.09329 -0.0469157 0)
(5.46623 0.255305 0)
(5.17978 0.0191626 0)
(5.32513 0.324005 0)
(5.21659 0.0657014 0)
(5.27961 0.329841 0)
(5.16626 0.186621 0)
(5.26948 0.356343 0)
(5.18714 0.272547 0)
(5.18501 0.497186 0)
(5.13323 0.357879 0)
(5.2106 0.606203 0)
(5.09098 0.532973 0)
(5.15038 0.738606 0)
(5.02922 0.797547 0)
(5.04432 0.976463 0)
(5.08197 1.07678 0)
(5.0105 1.27332 0)
(4.84409 1.57409 0)
(4.89557 1.8767 0)
(4.25261 2.14313 0)
(4.84179 2.66094 0)
(4.52751 3.28681 0)
(3.24815 4.14629 0)
(3.52181 4.67671 0)
(1.16123 5.7452 0)
(-0.177438 0.454091 0)
(0.036497 0.173209 0)
(0.981394 0.282583 0)
(1.75395 0.762285 0)
(2.78248 1.26208 0)
(3.99052 1.90598 0)
(5.27557 2.51167 0)
(6.37785 2.24584 0)
(7.72291 1.67617 0)
(8.50427 1.30669 0)
(9.0105 0.379665 0)
(9.47029 -1.33017 0)
(9.85803 -3.04215 0)
(10.3839 -3.5169 0)
(10.3001 -3.1465 0)
(9.5093 -2.86959 0)
(9.52278 -3.1832 0)
(10.5598 -4.16438 0)
(11.9343 -5.01156 0)
(12.4717 -5.26979 0)
(11.9236 -5.09719 0)
(11.4071 -4.44777 0)
(10.4622 -3.7792 0)
(9.48694 -3.01773 0)
(9.12691 -1.89481 0)
(8.61584 -1.09277 0)
(7.79122 -0.878902 0)
(7.17027 -0.732124 0)
(6.89333 -0.378977 0)
(6.71526 -0.0120836 0)
(6.48391 0.190894 0)
(6.21849 0.245641 0)
(5.97644 0.231179 0)
(5.78827 0.200773 0)
(5.65633 0.17306 0)
(5.56919 0.15031 0)
(5.51326 0.131011 0)
(5.47754 0.113903 0)
(5.45449 0.0985011 0)
(5.4394 0.084718 0)
(5.42938 0.0725121 0)
(5.42264 0.0618291 0)
(5.41803 0.0525692 0)
(5.41485 0.0446051 0)
(5.41261 0.037815 0)
(5.41101 0.0320702 0)
(5.40985 0.0272479 0)
(5.40897 0.0232566 0)
(5.40836 0.0199613 0)
(5.40781 0.0173473 0)
(5.40756 0.0151946 0)
(5.40703 0.0137648 0)
(5.40734 0.012333 0)
(5.40629 0.012277 0)
(5.40807 0.0107072 0)
(5.40491 0.0133648 0)
(5.41105 0.00900454 0)
(5.40124 0.0193244 0)
(5.4197 0.00368176 0)
(5.3916 0.0371332 0)
(5.44099 -0.0143482 0)
(5.36961 0.0843183 0)
(5.48463 -0.0636217 0)
(5.32964 0.194394 0)
(5.54939 -0.166535 0)
(5.28211 0.395264 0)
(5.59002 -0.313227 0)
(5.26656 0.622567 0)
(5.53495 -0.42552 0)
(5.30419 0.704684 0)
(5.42431 -0.427933 0)
(5.35665 0.581874 0)
(5.40024 -0.296353 0)
(5.35038 0.383049 0)
(5.47813 -0.115199 0)
(5.31329 0.32648 0)
(5.45289 -0.0432441 0)
(5.34861 0.390913 0)
(5.33852 -0.00198686 0)
(5.34671 0.391961 0)
(5.28844 0.129371 0)
(5.34258 0.360555 0)
(5.2597 0.323746 0)
(5.24521 0.419962 0)
(5.31926 0.445114 0)
(5.18515 0.516845 0)
(5.30527 0.643419 0)
(5.18186 0.644567 0)
(5.26292 0.876754 0)
(5.21308 0.893937 0)
(5.27984 1.06456 0)
(5.20737 1.31668 0)
(5.11906 1.50596 0)
(5.08505 1.94227 0)
(5.15343 2.29199 0)
(4.33025 2.75817 0)
(4.79256 3.15417 0)
(4.81665 4.24647 0)
(3.44909 5.29761 0)
(2.04277 7.63422 0)
(1.19143 0.173041 0)
(0.628913 -0.0238609 0)
(1.75594 -0.0948232 0)
(1.59964 0.346069 0)
(3.24072 0.765942 0)
(4.5049 1.29854 0)
(5.48305 1.98395 0)
(6.63899 1.67266 0)
(8.19406 1.16988 0)
(9.16721 1.01218 0)
(9.48458 0.299622 0)
(9.6353 -1.39921 0)
(9.72822 -3.23695 0)
(10.1595 -3.69546 0)
(10.4249 -3.08318 0)
(10.1691 -2.76052 0)
(10.4784 -3.36511 0)
(11.201 -4.64097 0)
(12.217 -5.38528 0)
(12.8432 -5.23525 0)
(12.0495 -4.92698 0)
(11.569 -4.21399 0)
(11.0717 -3.3383 0)
(9.91063 -2.63901 0)
(9.18721 -1.67455 0)
(8.70107 -0.825863 0)
(7.95013 -0.566261 0)
(7.235 -0.509152 0)
(6.82113 -0.258557 0)
(6.58617 0.0753131 0)
(6.36794 0.287139 0)
(6.13958 0.345034 0)
(5.93074 0.317573 0)
(5.76328 0.266443 0)
(5.64145 0.218559 0)
(5.55861 0.180198 0)
(5.50455 0.150179 0)
(5.46991 0.126142 0)
(5.44779 0.106372 0)
(5.43358 0.0898382 0)
(5.42436 0.075891 0)
(5.41832 0.0640871 0)
(5.41434 0.054092 0)
(5.41171 0.045641 0)
(5.40995 0.038528 0)
(5.40877 0.0325703 0)
(5.40799 0.0276034 0)
(5.40744 0.0235114 0)
(5.40712 0.0201447 0)
(5.4068 0.0174811 0)
(5.40681 0.0152838 0)
(5.40643 0.0138311 0)
(5.40703 0.0123404 0)
(5.40593 0.0123115 0)
(5.40831 0.0105612 0)
(5.40448 0.0134702 0)
(5.41241 0.00838147 0)
(5.39982 0.0199382 0)
(5.42393 0.00141308 0)
(5.38672 0.0398875 0)
(5.4529 -0.021979 0)
(5.35563 0.0943487 0)
(5.51526 -0.0864009 0)
(5.29798 0.224609 0)
(5.61701 -0.223011 0)
(5.23083 0.467667 0)
(5.70749 -0.42026 0)
(5.21424 0.748652 0)
(5.69221 -0.575925 0)
(5.2614 0.862687 0)
(5.61004 -0.600462 0)
(5.32199 0.745003 0)
(5.59505 -0.458865 0)
(5.35553 0.538322 0)
(5.6601 -0.252727 0)
(5.31442 0.511576 0)
(5.66232 -0.192783 0)
(5.31579 0.59434 0)
(5.50741 -0.122199 0)
(5.31247 0.55631 0)
(5.41223 0.0123461 0)
(5.23962 0.54793 0)
(5.27534 0.162188 0)
(5.22356 0.623822 0)
(5.12142 0.269816 0)
(5.18994 0.719423 0)
(5.05654 0.462914 0)
(5.21419 0.862249 0)
(5.04695 0.708308 0)
(5.28516 1.10306 0)
(5.06473 0.981791 0)
(5.17002 1.48308 0)
(5.01367 1.51554 0)
(4.87939 1.94369 0)
(5.26899 2.12534 0)
(5.708 2.93858 0)
(4.77875 3.2771 0)
(4.28647 4.68237 0)
(5.21294 5.03026 0)
(2.03159 8.11194 0)
(4.93217 0.490687 0)
(-2.64818 -0.0133693 0)
(1.51889 -0.049455 0)
(0.490936 -0.00980187 0)
(1.35641 -0.00718275 0)
(1.41104 -0.000230684 0)
(1.52396 -0.000509038 0)
(1.60609 0.000589889 0)
(1.64468 -0.000194915 0)
(1.67537 -0.00040179 0)
(9.7879 0.698559 0)
(-2.13995 0.26436 0)
(3.99403 -0.293678 0)
(2.32167 -0.0197035 0)
(3.51757 -0.0773418 0)
(3.80071 -0.0296154 0)
(4.03603 -0.0222264 0)
(4.24386 -0.0126159 0)
(4.35347 -0.00861633 0)
(4.4304 -0.00443248 0)
(12.9103 1.21043 0)
(0.560476 0.51467 0)
(5.90051 -0.499951 0)
(4.35645 -0.0422535 0)
(5.43504 -0.148253 0)
(5.86587 -0.0799188 0)
(6.15322 -0.0553311 0)
(6.43039 -0.0355336 0)
(6.5924 -0.0233232 0)
(6.70493 -0.0108568 0)
(15.1329 1.56303 0)
(3.83887 0.793307 0)
(7.87541 -0.615486 0)
(6.59818 -0.075732 0)
(7.3905 -0.207943 0)
(7.84164 -0.137797 0)
(8.12355 -0.0943585 0)
(8.40089 -0.0646013 0)
(8.58668 -0.0434427 0)
(8.72098 -0.019542 0)
(16.7966 1.78356 0)
(7.26323 1.07834 0)
(9.9621 -0.627863 0)
(8.91089 -0.106858 0)
(9.37585 -0.24152 0)
(9.74342 -0.187755 0)
(9.98257 -0.129194 0)
(10.1924 -0.0916517 0)
(10.3589 -0.0650103 0)
(10.4895 -0.0291907 0)
(17.1135 1.70397 0)
(10.1162 1.30144 0)
(11.8423 -0.569326 0)
(11.0442 -0.129579 0)
(11.2615 -0.247154 0)
(11.4939 -0.222075 0)
(11.6852 -0.154 0)
(11.7939 -0.109149 0)
(11.9 -0.0824023 0)
(11.9945 -0.0374837 0)
(16.5446 1.34542 0)
(12.0759 1.31978 0)
(13.2216 -0.522995 0)
(12.7158 -0.173526 0)
(12.831 -0.243928 0)
(12.9353 -0.245061 0)
(13.1051 -0.171773 0)
(13.1297 -0.115509 0)
(13.1543 -0.0918863 0)
(13.1917 -0.042434 0)
(15.7748 1.30033 0)
(13.3107 1.31923 0)
(14.1035 -0.436398 0)
(13.7977 -0.214869 0)
(13.8704 -0.234106 0)
(13.8724 -0.255268 0)
(14.0105 -0.185785 0)
(14.0207 -0.11311 0)
(13.9669 -0.0919618 0)
(13.9589 -0.0438463 0)
(14.7602 1.18701 0)
(13.9116 1.2348 0)
(14.4761 -0.357209 0)
(14.2568 -0.253337 0)
(14.251 -0.225955 0)
(14.2031 -0.253625 0)
(14.2331 -0.194558 0)
(14.2817 -0.107072 0)
(14.1912 -0.08417 0)
(14.1745 -0.0422117 0)
(13.42 0.976921 0)
(13.7756 1.04999 0)
(14.2695 -0.303055 0)
(14.1332 -0.280163 0)
(14.059 -0.220085 0)
(14.058 -0.243738 0)
(13.9763 -0.195016 0)
(14.082 -0.102625 0)
(14.027 -0.0764813 0)
(14.0434 -0.041084 0)
(12.2834 0.740274 0)
(13.1646 0.819853 0)
(13.743 -0.273031 0)
(13.7436 -0.298767 0)
(13.655 -0.224936 0)
(13.7645 -0.23662 0)
(13.6215 -0.194636 0)
(13.7971 -0.107906 0)
(13.8112 -0.078358 0)
(13.8717 -0.0442234 0)
(11.7364 0.580079 0)
(12.5766 0.615579 0)
(13.2801 -0.255226 0)
(13.413 -0.313781 0)
(13.3506 -0.241618 0)
(13.5524 -0.23577 0)
(13.4013 -0.195655 0)
(13.6337 -0.122105 0)
(13.6966 -0.0867275 0)
(13.7776 -0.0491668 0)
(11.6358 0.460195 0)
(12.3153 0.44898 0)
(13.0915 -0.251702 0)
(13.2808 -0.332508 0)
(13.2836 -0.269891 0)
(13.4834 -0.245037 0)
(13.4018 -0.203655 0)
(13.6124 -0.143284 0)
(13.6598 -0.0992058 0)
(13.7001 -0.0551707 0)
(11.6143 0.336516 0)
(12.3477 0.287678 0)
(13.1117 -0.258746 0)
(13.2953 -0.352868 0)
(13.3689 -0.300758 0)
(13.4603 -0.259394 0)
(13.4391 -0.213821 0)
(13.4689 -0.154219 0)
(13.4316 -0.101709 0)
(13.3442 -0.0553426 0)
(11.5359 0.180863 0)
(12.4415 0.125024 0)
(13.1523 -0.274365 0)
(13.3431 -0.376436 0)
(13.341 -0.324177 0)
(13.1937 -0.262428 0)
(13.0006 -0.204178 0)
(12.7758 -0.140557 0)
(12.6286 -0.0858303 0)
(12.4282 -0.0450979 0)
(11.4304 0.0253457 0)
(12.4849 -0.0292693 0)
(13.1427 -0.297909 0)
(13.0771 -0.378934 0)
(12.6668 -0.306097 0)
(12.1674 -0.223737 0)
(11.7626 -0.160467 0)
(11.3937 -0.104102 0)
(11.2048 -0.0583029 0)
(10.987 -0.0300109 0)
(11.3988 -0.168606 0)
(12.3566 -0.175366 0)
(12.4642 -0.306488 0)
(11.7877 -0.324927 0)
(10.9974 -0.232189 0)
(10.328 -0.152142 0)
(9.87006 -0.10291 0)
(9.49672 -0.0644603 0)
(9.3296 -0.0333617 0)
(9.14851 -0.0171309 0)
(10.8939 -0.323248 0)
(10.9871 -0.211645 0)
(10.4118 -0.22529 0)
(9.42894 -0.20737 0)
(8.5603 -0.13318 0)
(7.93424 -0.0798949 0)
(7.54257 -0.0521893 0)
(7.24543 -0.0325711 0)
(7.12564 -0.0154743 0)
(6.99986 -0.00785835 0)
(8.72876 -0.282593 0)
(7.996 -0.129306 0)
(7.19473 -0.108973 0)
(6.29856 -0.0915482 0)
(5.60081 -0.0505592 0)
(5.16213 -0.0265455 0)
(4.90758 -0.0169939 0)
(4.72081 -0.0111127 0)
(4.65263 -0.00451737 0)
(4.5825 -0.00218752 0)
(3.81583 -0.140948 0)
(3.24315 -0.0124396 0)
(2.77369 -0.00631946 0)
(2.3384 -0.0041844 0)
(2.0341 0.00139096 0)
(1.88119 0.00177547 0)
(1.8031 0.00068402 0)
(1.74226 -0.000263145 0)
(1.72056 0.000171094 0)
(1.70031 0.00017034 0)
)
;

boundaryField
{
    inlet
    {
        type            fixedValue;
        value           uniform (10 0 0);
    }
    outlet
    {
        type            zeroGradient;
    }
    walls
    {
        type            fixedValue;
        value           uniform (0 0 0);
    }
    frontAndBack
    {
        type            empty;
    }
}


// ************************************************************************* //
