/*--------------------------------*- C++ -*----------------------------------*\
| =========                 |                                                 |
| \\      /  F ield         | OpenFOAM: The Open Source CFD Toolbox           |
|  \\    /   O peration     | Version:  2.4.0                                 |
|   \\  /    A nd           | Web:      www.OpenFOAM.org                      |
|    \\/     M anipulation  |                                                 |
\*---------------------------------------------------------------------------*/
FoamFile
{
    version     2.0;
    format      ascii;
    class       volVectorField;
    location    "0.189";
    object      U;
}
// * * * * * * * * * * * * * * * * * * * * * * * * * * * * * * * * * * * * * //

dimensions      [0 1 -1 0 0 0 0];

internalField   nonuniform List<vector> 
4400
(
(5.40489 0.316763 0)
(3.314 0.0607095 0)
(2.58516 0.00145082 0)
(2.23433 -0.00222834 0)
(2.08246 -0.00129135 0)
(1.99953 -0.000895419 0)
(1.95879 -0.000297767 0)
(1.91794 -0.000276877 0)
(1.94298 0.000451961 0)
(1.62482 -0.0577137 0)
(8.68952 0.857386 0)
(7.53403 0.344569 0)
(6.63476 0.116095 0)
(5.91236 0.0547706 0)
(5.52154 0.0271767 0)
(5.27828 0.0141913 0)
(5.15631 0.0104418 0)
(5.02671 0.00334154 0)
(5.07892 0.017975 0)
(4.55406 -0.0869671 0)
(9.89996 0.937389 0)
(9.97829 0.477083 0)
(9.50125 0.21246 0)
(8.75504 0.129636 0)
(8.26952 0.0757705 0)
(7.92029 0.0424495 0)
(7.74951 0.0307995 0)
(7.54256 0.0107865 0)
(7.62298 0.0369081 0)
(6.92395 -0.105526 0)
(10.1401 0.807751 0)
(11.0955 0.498135 0)
(11.2814 0.264254 0)
(10.8307 0.197203 0)
(10.4453 0.131728 0)
(10.0872 0.078952 0)
(9.92677 0.0586636 0)
(9.68119 0.0222908 0)
(9.76139 0.0613697 0)
(9.02194 -0.125356 0)
(10.081 0.647816 0)
(11.2976 0.437075 0)
(11.9894 0.24296 0)
(11.9714 0.218291 0)
(11.8713 0.167583 0)
(11.6462 0.110094 0)
(11.583 0.0846958 0)
(11.3903 0.0377692 0)
(11.4147 0.0866086 0)
(10.8543 -0.146025 0)
(10.0669 0.516215 0)
(11.2153 0.362701 0)
(12.0449 0.1809 0)
(12.2751 0.186745 0)
(12.4429 0.160858 0)
(12.4348 0.113727 0)
(12.5579 0.0932118 0)
(12.5253 0.047852 0)
(12.4848 0.103594 0)
(12.3159 -0.156495 0)
(10.0782 0.395662 0)
(11.1479 0.29697 0)
(11.9712 0.126283 0)
(12.2839 0.142821 0)
(12.4993 0.12881 0)
(12.5949 0.0904784 0)
(12.8783 0.0693256 0)
(12.933 0.0538808 0)
(12.9674 0.0779683 0)
(13.2182 -0.13439 0)
(10.0604 0.273775 0)
(11.0969 0.229562 0)
(11.9232 0.0728409 0)
(12.2685 0.105711 0)
(12.4556 0.0938508 0)
(12.604 0.0640771 0)
(12.8495 0.0404782 0)
(12.8903 0.0508483 0)
(13.172 0.0185446 0)
(13.4217 -0.135581 0)
(10.0013 0.167624 0)
(11.1193 0.139581 0)
(11.9034 0.0328916 0)
(12.1842 0.0642399 0)
(12.4101 0.0634628 0)
(12.6223 0.0318006 0)
(12.7718 0.0299017 0)
(12.9556 0.00889421 0)
(13.1998 -0.0113984 0)
(13.248 -0.165769 0)
(9.99108 0.0519799 0)
(11.1513 0.0532544 0)
(11.8387 -0.000197068 0)
(12.1527 0.0318124 0)
(12.4034 0.0174697 0)
(12.6297 0.00613001 0)
(12.7722 -0.00318769 0)
(12.9626 -0.00745705 0)
(13.105 -0.0379504 0)
(13.2553 -0.200787 0)
(9.99945 -0.0583226 0)
(11.1179 -0.0324786 0)
(11.8478 -0.0284864 0)
(12.1853 -0.0146032 0)
(12.4092 -0.0205456 0)
(12.6061 -0.0252706 0)
(12.7583 -0.0181176 0)
(12.9326 -0.0358709 0)
(13.1416 -0.0761685 0)
(13.2507 -0.201162 0)
(9.99763 -0.169563 0)
(11.1231 -0.120825 0)
(11.9021 -0.0673431 0)
(12.1868 -0.050075 0)
(12.3979 -0.0554571 0)
(12.6113 -0.0539591 0)
(12.7877 -0.0443795 0)
(12.9751 -0.0653414 0)
(13.1464 -0.0947132 0)
(13.242 -0.222148 0)
(10.0247 -0.281199 0)
(11.1397 -0.209181 0)
(11.9314 -0.100343 0)
(12.1764 -0.0867021 0)
(12.4654 -0.0959601 0)
(12.6456 -0.0864087 0)
(12.841 -0.0688538 0)
(12.9714 -0.0849965 0)
(13.1611 -0.125074 0)
(13.2449 -0.244506 0)
(10.0422 -0.398476 0)
(11.1501 -0.284722 0)
(11.9893 -0.14267 0)
(12.2125 -0.12952 0)
(12.5576 -0.135294 0)
(12.6215 -0.112811 0)
(12.8573 -0.0913162 0)
(12.883 -0.107246 0)
(13.0681 -0.145414 0)
(12.9673 -0.251741 0)
(10.0211 -0.517439 0)
(11.2293 -0.355344 0)
(12.0541 -0.194223 0)
(12.2476 -0.177012 0)
(12.498 -0.169134 0)
(12.4114 -0.132167 0)
(12.5598 -0.106066 0)
(12.4003 -0.114316 0)
(12.473 -0.142972 0)
(12.146 -0.237687 0)
(10.0453 -0.647345 0)
(11.327 -0.433786 0)
(11.9844 -0.2513 0)
(11.9599 -0.211531 0)
(11.9037 -0.17517 0)
(11.6025 -0.123888 0)
(11.5711 -0.0964625 0)
(11.2703 -0.0945309 0)
(11.2327 -0.128348 0)
(10.7805 -0.171234 0)
(10.1187 -0.80739 0)
(11.1203 -0.496699 0)
(11.269 -0.269148 0)
(10.8255 -0.193419 0)
(10.4642 -0.137232 0)
(10.0366 -0.0891847 0)
(9.90589 -0.0677467 0)
(9.5635 -0.0663657 0)
(9.48331 -0.0974591 0)
(8.97173 -0.103377 0)
(9.88888 -0.937372 0)
(9.99531 -0.476432 0)
(9.4882 -0.215039 0)
(8.75292 -0.127906 0)
(8.27829 -0.0789936 0)
(7.87232 -0.0490771 0)
(7.72493 -0.0373896 0)
(7.42024 -0.0392882 0)
(7.33376 -0.060175 0)
(6.82052 -0.0640341 0)
(8.68417 -0.857394 0)
(7.5432 -0.344244 0)
(6.62599 -0.117135 0)
(5.91086 -0.0543318 0)
(5.52321 -0.0283469 0)
(5.24127 -0.0177426 0)
(5.12898 -0.013969 0)
(4.91529 -0.0170247 0)
(4.83291 -0.0279568 0)
(4.41352 -0.0288941 0)
(5.40373 -0.316837 0)
(3.3163 -0.0606561 0)
(2.58266 -0.00159083 0)
(2.23232 0.00219174 0)
(2.08129 0.00140765 0)
(1.98166 0.000135241 0)
(1.9375 9.38306e-05 0)
(1.85476 -0.00125074 0)
(1.79965 -0.00264841 0)
(1.60275 0.00755903 0)
(2.71055 0.0200488 0)
(2.59088 -0.173192 0)
(3.77183 -0.242901 0)
(3.15349 -0.403435 0)
(4.12679 -0.348139 0)
(3.06043 0.196037 0)
(3.71647 0.0551816 0)
(3.89186 0.348505 0)
(4.51278 0.0868201 0)
(4.48506 0.337922 0)
(5.45093 0.485138 0)
(6.10205 -0.0163062 0)
(6.35377 -0.0087361 0)
(7.62033 -0.187091 0)
(8.2936 -0.693872 0)
(8.01444 -0.925279 0)
(8.78679 -1.31938 0)
(9.73293 -1.75809 0)
(9.9031 -1.9657 0)
(10.8044 -2.54035 0)
(11.8735 -3.44072 0)
(11.7937 -3.37551 0)
(11.9245 -3.44776 0)
(12.3427 -4.15677 0)
(11.3309 -3.43304 0)
(10.4092 -2.23876 0)
(10.2254 -1.0319 0)
(8.96928 0.578083 0)
(8.87752 2.3109 0)
(10.1446 3.03182 0)
(10.5987 3.0776 0)
(11.1657 2.32605 0)
(11.5506 1.11542 0)
(11.4868 -0.0879538 0)
(11.5033 -1.66233 0)
(11.0271 -2.86363 0)
(10.2211 -3.32337 0)
(9.3868 -3.7526 0)
(8.47634 -4.28768 0)
(7.18402 -4.04021 0)
(5.57271 -2.76641 0)
(3.79734 -2.21513 0)
(2.60744 -3.71461 0)
(1.73838 -6.91634 0)
(0.500206 -10.1004 0)
(2.11378 -9.23438 0)
(2.80844 -6.45841 0)
(3.31541 -4.52295 0)
(4.05174 -2.94542 0)
(4.8838 -1.57288 0)
(6.374 -0.393508 0)
(7.63479 0.721271 0)
(8.32429 1.73955 0)
(8.75127 2.5301 0)
(9.13942 3.93724 0)
(10.4239 6.11188 0)
(11.3743 8.0758 0)
(11.6488 9.04831 0)
(11.3835 8.77843 0)
(10.6298 7.53762 0)
(10.2015 5.91751 0)
(9.60135 4.64839 0)
(8.8547 2.70144 0)
(8.18989 1.8215 0)
(7.38516 0.155391 0)
(7.72459 1.06734 0)
(7.1492 0.509611 0)
(7.61648 1.70392 0)
(6.30518 1.21751 0)
(8.2623 2.84218 0)
(7.26017 2.67182 0)
(8.83469 2.43051 0)
(8.78495 1.17283 0)
(9.72191 1.42162 0)
(9.77075 -0.802231 0)
(10.1505 -1.58267 0)
(9.26359 -2.401 0)
(9.4054 -2.17572 0)
(7.43326 -2.89381 0)
(9.03394 -2.69188 0)
(7.045 -4.23534 0)
(8.15722 -3.78787 0)
(8.1599 -3.60295 0)
(7.68951 -4.89437 0)
(7.49204 -3.44342 0)
(7.06169 -1.21857 0)
(7.05176 -3.00209 0)
(8.1775 -4.34766 0)
(8.40737 -3.88511 0)
(8.79393 -2.87427 0)
(8.8076 -1.96491 0)
(9.18974 0.419195 0)
(9.09297 2.25877 0)
(8.67314 3.16199 0)
(8.66141 4.89327 0)
(8.51426 7.02475 0)
(8.02978 8.59607 0)
(7.0854 9.29268 0)
(6.84047 9.55694 0)
(3.74905 13.1018 0)
(5.47208 0.00450904 0)
(5.08006 -0.217905 0)
(5.87786 -0.345204 0)
(5.59193 -0.382792 0)
(5.96845 -0.354745 0)
(5.79086 0.137866 0)
(5.72912 0.0384455 0)
(6.00595 0.247111 0)
(6.69819 0.0107895 0)
(6.2323 0.103493 0)
(7.16741 0.248062 0)
(7.92498 -0.13 0)
(7.7477 -0.236799 0)
(8.75417 -0.521253 0)
(9.5716 -0.925633 0)
(9.5468 -1.042 0)
(10.3872 -1.5378 0)
(11.1594 -2.07268 0)
(11.3821 -2.31072 0)
(12.2069 -2.86163 0)
(12.9106 -3.59088 0)
(12.6813 -3.47799 0)
(12.6693 -3.36798 0)
(12.9399 -4.00057 0)
(11.7827 -3.18482 0)
(10.7174 -1.86254 0)
(10.6134 -0.841204 0)
(9.66587 0.684226 0)
(9.61344 2.16847 0)
(10.657 2.77468 0)
(11.1349 2.85721 0)
(11.6199 2.13911 0)
(11.9666 1.03865 0)
(11.8838 -0.056009 0)
(11.7635 -1.53356 0)
(11.2556 -2.62548 0)
(10.3472 -2.93645 0)
(9.42342 -3.34953 0)
(8.43882 -3.84188 0)
(7.20933 -3.43373 0)
(5.54623 -2.0664 0)
(3.74946 -1.54887 0)
(2.43302 -3.24648 0)
(1.44715 -6.5708 0)
(0.308978 -10.0688 0)
(0.683376 -9.65281 0)
(1.97969 -6.68999 0)
(2.61713 -4.78559 0)
(3.21735 -3.31984 0)
(4.03973 -2.1225 0)
(5.53729 -0.977229 0)
(6.96168 0.325548 0)
(7.75649 1.52674 0)
(8.20714 2.35788 0)
(8.48685 3.6034 0)
(9.60412 5.66133 0)
(10.4738 7.79806 0)
(11.0575 8.9978 0)
(11.1979 8.8463 0)
(10.5528 7.73473 0)
(10.1203 6.07515 0)
(10.0318 4.96927 0)
(9.22902 2.9588 0)
(8.89319 2.18102 0)
(7.67812 0.19491 0)
(8.2498 1.15203 0)
(7.43811 0.535527 0)
(8.37298 1.75537 0)
(6.901 1.19182 0)
(8.52327 2.47617 0)
(8.20715 2.66728 0)
(9.12487 2.166 0)
(9.05808 0.953087 0)
(10.25 1.2549 0)
(9.9187 -0.822006 0)
(10.315 -1.58232 0)
(9.54401 -2.21158 0)
(9.56783 -1.79506 0)
(7.86522 -2.78002 0)
(9.08246 -2.65243 0)
(7.79068 -4.05767 0)
(8.52445 -3.99595 0)
(8.56165 -3.44885 0)
(7.96738 -4.67055 0)
(7.61942 -3.23838 0)
(7.11395 -1.18444 0)
(6.77291 -3.25751 0)
(8.20341 -4.44627 0)
(8.26517 -4.06338 0)
(8.52636 -2.97113 0)
(8.5574 -2.03388 0)
(8.88884 0.384529 0)
(8.7644 2.38716 0)
(8.64541 3.14032 0)
(8.64428 4.84359 0)
(8.70225 7.09801 0)
(8.21328 8.70847 0)
(7.38668 9.76421 0)
(8.44977 9.66654 0)
(5.37687 14.0403 0)
(7.97095 -0.145962 0)
(7.65978 -0.257594 0)
(8.0173 -0.423832 0)
(8.07277 -0.38108 0)
(7.83687 -0.350854 0)
(8.24821 0.0221876 0)
(7.90418 0.0551097 0)
(7.96347 0.121814 0)
(8.88017 -0.0772221 0)
(8.35232 0.00806775 0)
(8.95796 -0.0247902 0)
(9.86986 -0.34221 0)
(9.60957 -0.36916 0)
(10.5075 -0.716868 0)
(11.2314 -1.14414 0)
(11.0916 -1.26448 0)
(11.9401 -1.7663 0)
(12.6586 -2.24949 0)
(12.7606 -2.4975 0)
(13.4034 -3.00055 0)
(13.6394 -3.54677 0)
(13.2387 -3.49927 0)
(13.0555 -3.32291 0)
(13.2055 -3.75949 0)
(12.1318 -2.84433 0)
(11.0676 -1.43813 0)
(10.9054 -0.637894 0)
(10.0564 0.725552 0)
(10.1188 2.02293 0)
(11.0644 2.55455 0)
(11.4845 2.6811 0)
(11.9386 2.00616 0)
(12.2392 1.00766 0)
(12.0681 -0.000166343 0)
(11.9291 -1.38079 0)
(11.2966 -2.30863 0)
(10.2113 -2.54518 0)
(9.35779 -2.96191 0)
(8.38207 -3.40293 0)
(7.19512 -2.87795 0)
(5.49029 -1.40652 0)
(3.78313 -0.865394 0)
(2.30538 -2.74651 0)
(1.29517 -6.19402 0)
(-0.00337892 -9.73304 0)
(-0.621375 -9.97482 0)
(1.25297 -7.06015 0)
(1.73783 -5.04997 0)
(2.53554 -3.64914 0)
(3.50163 -2.61587 0)
(4.82561 -1.56297 0)
(6.1407 -0.101448 0)
(7.13708 1.24496 0)
(7.57065 2.19746 0)
(7.69719 3.43074 0)
(8.70564 5.32336 0)
(9.71132 7.38072 0)
(10.3851 8.72795 0)
(10.6699 8.87291 0)
(10.3781 7.94949 0)
(9.95195 6.12838 0)
(10.2552 5.1582 0)
(9.48042 3.16457 0)
(9.4768 2.56873 0)
(7.90707 0.354466 0)
(8.62754 1.18224 0)
(7.71241 0.589169 0)
(8.76265 1.7492 0)
(7.74781 1.29904 0)
(8.52107 2.05361 0)
(8.73344 2.52427 0)
(9.62283 2.08481 0)
(8.88704 0.721228 0)
(10.6919 0.983348 0)
(9.90502 -0.66324 0)
(10.3124 -1.57526 0)
(9.63602 -2.08306 0)
(9.601 -1.5416 0)
(8.47724 -2.58874 0)
(9.10124 -2.61987 0)
(8.45309 -3.88829 0)
(8.58833 -4.19396 0)
(8.82456 -3.44202 0)
(8.12096 -4.35753 0)
(7.67584 -2.99179 0)
(7.19492 -1.08961 0)
(6.43652 -3.54452 0)
(8.11927 -4.58607 0)
(8.03128 -4.21914 0)
(8.09114 -3.01112 0)
(7.96213 -1.99658 0)
(8.35771 0.361416 0)
(8.56737 2.40055 0)
(8.47515 3.27321 0)
(8.40777 4.94176 0)
(8.67233 7.23365 0)
(8.57017 8.74862 0)
(7.36983 10.1675 0)
(9.66301 9.32825 0)
(6.89011 14.2863 0)
(10.0401 -0.278077 0)
(9.86874 -0.258943 0)
(9.94407 -0.419512 0)
(10.2358 -0.373872 0)
(9.71793 -0.264106 0)
(10.2347 -0.122881 0)
(9.94579 0.094205 0)
(9.73215 0.0800822 0)
(10.6411 -0.228168 0)
(10.1972 -0.0542481 0)
(10.5971 -0.223914 0)
(11.5055 -0.571155 0)
(11.2775 -0.495198 0)
(11.9769 -0.899589 0)
(12.6757 -1.32269 0)
(12.6272 -1.39489 0)
(13.1864 -1.90324 0)
(13.665 -2.40064 0)
(13.6485 -2.73041 0)
(13.996 -3.12907 0)
(13.9231 -3.4112 0)
(13.4721 -3.42247 0)
(13.3629 -3.23538 0)
(13.3 -3.43365 0)
(12.0913 -2.5328 0)
(11.2166 -1.12849 0)
(11.3451 -0.44206 0)
(10.575 0.743056 0)
(10.5253 1.85956 0)
(11.3685 2.36968 0)
(11.6247 2.52722 0)
(12.0886 1.84237 0)
(12.3188 0.989038 0)
(12.0767 0.0932065 0)
(11.8902 -1.20602 0)
(11.0689 -1.95757 0)
(9.94393 -2.14969 0)
(9.23527 -2.62085 0)
(8.37216 -2.9849 0)
(7.28508 -2.27995 0)
(5.48091 -0.720363 0)
(3.83356 -0.219877 0)
(2.39673 -2.21687 0)
(1.25808 -5.68082 0)
(-0.262908 -9.28073 0)
(-1.42578 -10.1961 0)
(0.851778 -7.46389 0)
(0.923473 -5.34254 0)
(2.07908 -4.14847 0)
(3.10379 -3.17218 0)
(4.2141 -2.06033 0)
(5.29422 -0.497144 0)
(6.28143 0.975272 0)
(6.79428 2.01189 0)
(7.05102 3.18615 0)
(7.82978 4.97135 0)
(8.65687 7.05452 0)
(9.56068 8.47551 0)
(10.0821 8.69718 0)
(10.1723 8.0153 0)
(9.57068 6.1736 0)
(10.2684 5.24374 0)
(9.51627 3.26172 0)
(9.93121 2.86368 0)
(8.05767 0.576935 0)
(8.95662 1.15218 0)
(7.95262 0.666265 0)
(8.90016 1.52638 0)
(8.5439 1.43577 0)
(8.79319 1.8334 0)
(8.85665 2.26931 0)
(10.0436 2.00294 0)
(8.65351 0.650478 0)
(10.7143 0.690418 0)
(9.78819 -0.590899 0)
(10.2963 -1.51841 0)
(9.70864 -1.86056 0)
(9.56508 -1.38316 0)
(8.91665 -2.47598 0)
(8.9635 -2.6878 0)
(9.13829 -3.74975 0)
(8.48744 -4.17694 0)
(8.93274 -3.38333 0)
(8.09248 -4.12472 0)
(7.38989 -2.69768 0)
(7.22369 -1.10669 0)
(6.1876 -3.87442 0)
(8.02768 -4.66732 0)
(7.75237 -4.2656 0)
(7.56256 -2.8623 0)
(7.37918 -1.92365 0)
(8.06481 0.225794 0)
(8.52813 2.16567 0)
(8.21673 3.29359 0)
(8.30471 4.87695 0)
(8.34135 7.29031 0)
(8.85068 8.69665 0)
(7.31619 10.4681 0)
(10.3361 8.74573 0)
(7.9165 14.218 0)
(11.7112 -0.397388 0)
(11.5554 -0.285739 0)
(11.5085 -0.389856 0)
(11.808 -0.378875 0)
(11.3098 -0.167548 0)
(11.7827 -0.211931 0)
(11.5737 0.0973734 0)
(11.2866 0.0909871 0)
(12.0673 -0.353747 0)
(11.6814 -0.111235 0)
(12.0233 -0.341731 0)
(12.6914 -0.781359 0)
(12.5186 -0.663771 0)
(13.1205 -0.999104 0)
(13.5983 -1.45201 0)
(13.5921 -1.58668 0)
(13.9487 -2.01206 0)
(14.196 -2.42785 0)
(14.1693 -2.76706 0)
(14.0976 -3.1223 0)
(13.7911 -3.24084 0)
(13.4999 -3.32627 0)
(13.3963 -3.24263 0)
(13.2746 -3.11446 0)
(12.1837 -2.16457 0)
(11.5229 -0.958653 0)
(11.7176 -0.341736 0)
(10.991 0.794648 0)
(10.9479 1.7751 0)
(11.5039 2.26945 0)
(11.5943 2.37456 0)
(12.111 1.68577 0)
(12.0524 1.01965 0)
(11.8021 0.182821 0)
(11.5982 -1.01751 0)
(10.6192 -1.60497 0)
(9.69288 -1.80114 0)
(9.23108 -2.296 0)
(8.37798 -2.60236 0)
(7.29821 -1.75595 0)
(5.55231 -0.0732159 0)
(3.93504 0.402114 0)
(2.72015 -1.6473 0)
(1.37989 -5.14046 0)
(-0.10227 -8.77742 0)
(-1.68984 -10.4062 0)
(0.675618 -7.92529 0)
(0.447795 -5.60159 0)
(1.61054 -4.73262 0)
(2.39667 -3.71965 0)
(3.49355 -2.45711 0)
(4.33784 -0.857042 0)
(5.355 0.659402 0)
(5.89446 1.83469 0)
(6.09163 3.09963 0)
(6.78145 4.74414 0)
(7.77783 6.61951 0)
(8.60807 8.08978 0)
(9.15954 8.52036 0)
(9.74238 8.06153 0)
(9.11781 6.12518 0)
(10.2096 5.23807 0)
(9.43118 3.34867 0)
(10.2514 3.13254 0)
(8.04893 0.853493 0)
(9.19141 1.07641 0)
(8.05355 0.811092 0)
(8.94245 1.24649 0)
(8.92742 1.43749 0)
(9.33584 1.76828 0)
(8.94293 2.11693 0)
(10.3626 1.96698 0)
(8.6823 0.582991 0)
(10.4774 0.419936 0)
(9.81907 -0.452874 0)
(10.1973 -1.54573 0)
(9.73882 -1.79731 0)
(9.49983 -1.23297 0)
(9.31813 -2.28562 0)
(9.03857 -2.74501 0)
(9.49444 -3.58336 0)
(8.29763 -4.14976 0)
(9.05971 -3.3596 0)
(7.883 -3.70524 0)
(7.0663 -2.312 0)
(7.19053 -0.91918 0)
(5.91207 -4.03188 0)
(7.77729 -4.79982 0)
(7.33321 -4.32096 0)
(7.22198 -2.82348 0)
(7.20535 -2.10659 0)
(7.7713 0.0614553 0)
(7.7757 2.15916 0)
(7.85425 3.40125 0)
(8.18375 4.71447 0)
(8.05239 7.23591 0)
(9.42126 8.42311 0)
(7.33494 10.7894 0)
(11.1293 7.96318 0)
(8.73694 13.7907 0)
(12.8993 -0.467416 0)
(12.6911 -0.338141 0)
(12.6401 -0.383569 0)
(12.7678 -0.387058 0)
(12.3786 -0.117363 0)
(12.8236 -0.231725 0)
(12.6035 0.0783877 0)
(12.4348 0.0848765 0)
(13.0695 -0.404805 0)
(12.7513 -0.195175 0)
(13.0728 -0.438648 0)
(13.5484 -0.85244 0)
(13.4291 -0.79494 0)
(13.7932 -1.0945 0)
(14.1077 -1.51061 0)
(14.0748 -1.70791 0)
(14.1798 -2.04376 0)
(14.2066 -2.44979 0)
(14.1132 -2.78169 0)
(13.864 -3.03314 0)
(13.5343 -3.14706 0)
(13.5764 -3.28772 0)
(13.5138 -3.13049 0)
(13.1276 -2.81932 0)
(12.3803 -2.0015 0)
(12.1634 -0.943166 0)
(12.1557 -0.165956 0)
(11.4488 0.911097 0)
(11.3746 1.71345 0)
(11.4416 2.25792 0)
(11.4959 2.24822 0)
(11.8604 1.57276 0)
(11.4891 1.11202 0)
(11.3497 0.280501 0)
(11.1621 -0.807494 0)
(10.2446 -1.21511 0)
(9.56428 -1.50741 0)
(9.24502 -2.06007 0)
(8.41839 -2.21229 0)
(7.28846 -1.20294 0)
(5.65098 0.543222 0)
(4.11016 0.974448 0)
(3.09046 -1.11166 0)
(1.79935 -4.60575 0)
(0.447052 -8.17481 0)
(-1.52369 -10.4927 0)
(-0.00300321 -8.34711 0)
(0.176724 -5.76134 0)
(0.970819 -5.09381 0)
(1.37081 -4.07764 0)
(2.54765 -2.79955 0)
(3.32211 -1.18226 0)
(4.29855 0.347769 0)
(4.78762 1.65534 0)
(5.11342 2.93464 0)
(5.88297 4.44996 0)
(6.50953 6.30222 0)
(7.66079 7.76273 0)
(8.26678 8.12116 0)
(9.2863 7.93383 0)
(8.5379 6.05957 0)
(9.89654 5.15653 0)
(9.07961 3.30799 0)
(10.5214 3.35267 0)
(7.95211 1.16114 0)
(9.23717 0.977269 0)
(8.23449 0.953174 0)
(8.84172 0.950134 0)
(8.98284 1.27112 0)
(9.94581 1.80277 0)
(9.05491 1.97306 0)
(10.5713 1.95553 0)
(9.05185 0.744032 0)
(10.1483 0.208324 0)
(9.92159 -0.498276 0)
(10.2295 -1.44104 0)
(9.87365 -1.5944 0)
(9.52794 -1.23719 0)
(9.48194 -2.23014 0)
(9.20535 -2.87003 0)
(9.72711 -3.44456 0)
(8.49707 -3.86428 0)
(9.19668 -3.31706 0)
(7.5876 -3.30289 0)
(6.52362 -2.01165 0)
(7.12584 -0.983386 0)
(5.50245 -4.11526 0)
(7.37049 -4.82251 0)
(6.80733 -4.3434 0)
(6.87346 -2.73636 0)
(6.73123 -2.20949 0)
(6.98937 0.190281 0)
(7.18524 2.08769 0)
(7.38826 3.56329 0)
(7.9526 4.5339 0)
(7.33189 7.43936 0)
(9.4999 7.94296 0)
(7.32346 11.0902 0)
(11.3389 7.15833 0)
(9.3412 13.2953 0)
(13.3966 -0.444591 0)
(13.1436 -0.381595 0)
(13.1882 -0.391835 0)
(13.1268 -0.36526 0)
(12.9021 -0.113481 0)
(13.2864 -0.238915 0)
(13.0308 0.0321785 0)
(13.0859 0.0121036 0)
(13.5216 -0.435199 0)
(13.4182 -0.313515 0)
(13.6702 -0.52765 0)
(13.8847 -0.880781 0)
(13.9103 -0.933883 0)
(13.9927 -1.14193 0)
(14.1154 -1.49733 0)
(14.0754 -1.79657 0)
(13.9637 -2.03516 0)
(13.8833 -2.4075 0)
(13.7915 -2.77404 0)
(13.6233 -2.95568 0)
(13.5 -3.06016 0)
(13.5989 -3.29962 0)
(13.4683 -3.12357 0)
(13.1323 -2.60479 0)
(12.7109 -1.92135 0)
(12.5775 -0.954189 0)
(12.3314 -0.013367 0)
(11.9108 0.969442 0)
(11.6522 1.7919 0)
(11.2808 2.34906 0)
(11.3627 2.1759 0)
(11.3604 1.65222 0)
(10.8821 1.22309 0)
(10.9834 0.306718 0)
(10.7841 -0.581912 0)
(9.97122 -0.904699 0)
(9.52489 -1.3096 0)
(9.25127 -1.83155 0)
(8.3817 -1.81789 0)
(7.26932 -0.687385 0)
(5.74635 1.10934 0)
(4.42404 1.49238 0)
(3.53956 -0.579061 0)
(2.45049 -4.02977 0)
(0.984755 -7.5282 0)
(-1.24022 -10.1907 0)
(-1.36455 -8.61166 0)
(0.0353 -5.99155 0)
(0.281091 -5.25087 0)
(0.464465 -4.37536 0)
(1.61302 -3.15804 0)
(2.17562 -1.52777 0)
(3.15355 0.0853064 0)
(3.63691 1.469 0)
(4.06881 2.79725 0)
(4.63701 4.21327 0)
(5.47467 5.84436 0)
(6.78297 7.32554 0)
(6.99367 7.7561 0)
(8.61617 7.76297 0)
(7.95237 5.96294 0)
(9.58244 5.03617 0)
(8.50512 3.14528 0)
(10.6701 3.44675 0)
(8.029 1.53124 0)
(8.96475 0.859101 0)
(8.43005 1.10491 0)
(8.69824 0.843698 0)
(8.70986 0.916945 0)
(10.3257 1.79239 0)
(9.3352 2.00049 0)
(10.6068 1.80219 0)
(9.63287 0.871773 0)
(10.0262 0.08051 0)
(10.1399 -0.594835 0)
(10.3198 -1.42532 0)
(9.87833 -1.49782 0)
(9.69715 -1.15372 0)
(9.79468 -2.09911 0)
(9.51931 -2.80126 0)
(9.70194 -3.32164 0)
(8.61134 -3.83722 0)
(9.12773 -3.19815 0)
(7.62449 -2.6812 0)
(6.0035 -1.64052 0)
(7.22259 -1.04113 0)
(5.07926 -4.13129 0)
(6.9277 -4.88476 0)
(6.03276 -4.40518 0)
(6.44793 -2.57284 0)
(6.07086 -2.39328 0)
(6.49652 0.17714 0)
(7.09037 1.60246 0)
(7.07774 3.43199 0)
(7.76242 4.07961 0)
(6.9917 7.5816 0)
(9.3646 7.37251 0)
(7.35728 11.304 0)
(11.3089 6.22961 0)
(9.67268 12.7624 0)
(13.2728 -0.365651 0)
(13.0915 -0.377941 0)
(13.2357 -0.355052 0)
(13.0706 -0.308988 0)
(13.08 -0.156388 0)
(13.3052 -0.192255 0)
(13.1144 -0.0299568 0)
(13.3402 -0.113575 0)
(13.6037 -0.420919 0)
(13.7326 -0.425044 0)
(13.8094 -0.592048 0)
(13.8386 -0.841689 0)
(13.912 -1.00273 0)
(13.7376 -1.14024 0)
(13.7692 -1.43989 0)
(13.7651 -1.82442 0)
(13.601 -2.03744 0)
(13.5868 -2.3583 0)
(13.6142 -2.71121 0)
(13.5258 -2.94929 0)
(13.5036 -3.11925 0)
(13.632 -3.23 0)
(13.3192 -3.02053 0)
(12.9491 -2.51968 0)
(12.8098 -1.88609 0)
(12.6465 -0.876293 0)
(12.2563 0.154984 0)
(11.9159 1.08022 0)
(11.4415 1.97126 0)
(11.1054 2.45969 0)
(11.1138 2.21021 0)
(10.8186 1.78613 0)
(10.5958 1.28906 0)
(10.8708 0.3443 0)
(10.5198 -0.377216 0)
(9.79551 -0.674948 0)
(9.51918 -1.16039 0)
(9.24006 -1.59864 0)
(8.28032 -1.40154 0)
(7.18047 -0.199983 0)
(5.74569 1.60098 0)
(4.71113 1.92495 0)
(4.02808 -0.135816 0)
(3.09803 -3.44361 0)
(1.45689 -6.80131 0)
(-0.997037 -9.46472 0)
(-2.34581 -8.83349 0)
(-0.0539398 -6.3316 0)
(-0.36157 -5.34277 0)
(-0.229098 -4.62699 0)
(0.554767 -3.48167 0)
(0.939119 -1.86196 0)
(1.96211 -0.142067 0)
(2.30375 1.27112 0)
(2.87611 2.60976 0)
(3.52068 3.88894 0)
(4.20078 5.49038 0)
(5.5384 7.08917 0)
(5.99521 7.23964 0)
(7.8327 7.42606 0)
(7.20244 5.80141 0)
(9.35487 4.88794 0)
(7.75648 2.93057 0)
(10.2945 3.47248 0)
(8.20147 1.93791 0)
(8.64886 0.765586 0)
(8.45778 1.09616 0)
(8.65548 0.902661 0)
(8.59039 0.495214 0)
(10.2175 1.60199 0)
(9.73471 2.04522 0)
(10.6822 1.73898 0)
(10.2387 1.04055 0)
(10.2443 0.0754375 0)
(10.3283 -0.702398 0)
(10.443 -1.27632 0)
(9.86294 -1.34181 0)
(9.77978 -1.14318 0)
(9.89887 -2.14157 0)
(9.72976 -2.81765 0)
(9.70652 -3.15391 0)
(9.05172 -3.51025 0)
(8.86601 -2.90553 0)
(7.34972 -2.16837 0)
(5.48929 -1.43422 0)
(7.15753 -1.12997 0)
(4.64456 -3.9967 0)
(6.33101 -4.88611 0)
(5.02184 -4.44328 0)
(5.89284 -2.55398 0)
(5.35247 -2.59517 0)
(5.94479 0.265977 0)
(6.57911 1.3443 0)
(6.16807 3.71543 0)
(7.45215 3.82033 0)
(6.51644 7.68913 0)
(9.73018 6.56817 0)
(7.26656 11.3501 0)
(11.3825 5.51724 0)
(9.96795 12.0477 0)
(13.1346 -0.328011 0)
(13.0756 -0.347783 0)
(13.1768 -0.301125 0)
(13.0828 -0.272003 0)
(13.1342 -0.171769 0)
(13.1796 -0.164343 0)
(13.2659 -0.135196 0)
(13.4739 -0.224543 0)
(13.6423 -0.451897 0)
(13.829 -0.540404 0)
(13.6299 -0.598417 0)
(13.6396 -0.775217 0)
(13.6888 -1.01362 0)
(13.3825 -1.1163 0)
(13.5457 -1.40179 0)
(13.6741 -1.82949 0)
(13.5442 -2.01079 0)
(13.5159 -2.32297 0)
(13.5255 -2.72052 0)
(13.4815 -2.92507 0)
(13.3448 -3.11021 0)
(13.2507 -3.20739 0)
(12.9257 -2.93157 0)
(12.5591 -2.40763 0)
(12.3822 -1.78679 0)
(12.0352 -0.765311 0)
(11.6326 0.324088 0)
(11.4451 1.25668 0)
(11.0308 2.11454 0)
(10.8429 2.51777 0)
(10.7862 2.31502 0)
(10.5722 1.90846 0)
(10.5831 1.264 0)
(10.7528 0.371409 0)
(10.2277 -0.15363 0)
(9.60975 -0.479746 0)
(9.42375 -1.04643 0)
(9.1007 -1.33894 0)
(8.10928 -0.961611 0)
(7.02277 0.26926 0)
(5.70625 2.02345 0)
(4.91212 2.26238 0)
(4.48928 0.240143 0)
(3.77097 -2.83739 0)
(2.07847 -5.93592 0)
(-0.543811 -8.55516 0)
(-2.4019 -9.06797 0)
(-0.228582 -6.61816 0)
(-0.904748 -5.29525 0)
(-0.859286 -4.69358 0)
(-0.642915 -3.62616 0)
(-0.322166 -2.0615 0)
(0.606169 -0.359509 0)
(0.946366 1.04992 0)
(1.60011 2.39887 0)
(2.19603 3.60372 0)
(2.84696 5.07241 0)
(4.78612 6.59405 0)
(4.71083 6.73502 0)
(6.90713 7.0363 0)
(6.49586 5.46365 0)
(8.90244 4.75329 0)
(7.081 2.73279 0)
(9.74443 3.32107 0)
(8.48582 2.23097 0)
(8.55044 0.821162 0)
(8.17102 1.02856 0)
(8.41529 0.912819 0)
(8.77074 0.198902 0)
(9.84087 1.38216 0)
(9.83238 1.96919 0)
(10.6472 1.60251 0)
(10.4688 1.10342 0)
(10.6331 0.122568 0)
(10.435 -0.747132 0)
(10.5429 -1.15802 0)
(9.7971 -1.21936 0)
(9.84201 -1.2005 0)
(10.056 -2.06634 0)
(9.92364 -2.67714 0)
(9.51995 -3.10527 0)
(9.13665 -3.38163 0)
(8.4598 -2.59475 0)
(7.17244 -1.61442 0)
(5.32015 -1.06424 0)
(6.58128 -1.1464 0)
(4.20073 -3.83953 0)
(5.46887 -4.80302 0)
(4.02491 -4.29688 0)
(5.2039 -2.56895 0)
(4.55004 -2.85862 0)
(5.2729 0.340147 0)
(5.68805 0.880492 0)
(5.40459 4.06221 0)
(6.94196 3.04368 0)
(5.89636 8.0103 0)
(9.55623 5.67603 0)
(7.35318 11.4658 0)
(10.8716 5.12803 0)
(10.2126 11.3226 0)
(13.1687 -0.290729 0)
(13.1026 -0.254744 0)
(13.1715 -0.216822 0)
(13.0982 -0.230292 0)
(13.1189 -0.147121 0)
(13.3008 -0.189389 0)
(13.4404 -0.279269 0)
(13.4572 -0.326293 0)
(13.5432 -0.445067 0)
(13.5338 -0.534278 0)
(13.2841 -0.58291 0)
(13.4639 -0.725582 0)
(13.562 -0.985359 0)
(13.4272 -1.1365 0)
(13.6974 -1.38698 0)
(13.6758 -1.8031 0)
(13.4875 -2.00897 0)
(13.3906 -2.24452 0)
(13.241 -2.64364 0)
(13.1216 -2.93452 0)
(12.934 -3.07723 0)
(12.6022 -3.05615 0)
(12.1128 -2.777 0)
(11.7348 -2.27774 0)
(11.4235 -1.58766 0)
(10.9022 -0.559497 0)
(10.628 0.441185 0)
(10.6801 1.31706 0)
(10.4854 2.18615 0)
(10.4365 2.56656 0)
(10.4434 2.33794 0)
(10.4179 1.90521 0)
(10.4595 1.26588 0)
(10.3193 0.496286 0)
(9.69641 0.0570075 0)
(9.32913 -0.34183 0)
(9.21703 -0.906009 0)
(8.78922 -1.03916 0)
(7.80303 -0.538037 0)
(6.78914 0.70227 0)
(5.65883 2.35732 0)
(5.09198 2.48034 0)
(4.91559 0.50082 0)
(4.50225 -2.30602 0)
(2.90745 -5.03527 0)
(0.307548 -7.67703 0)
(-2.03791 -9.02407 0)
(-0.76351 -6.86035 0)
(-1.26856 -5.18226 0)
(-1.43234 -4.64365 0)
(-1.72038 -3.66217 0)
(-1.47974 -2.2338 0)
(-0.773228 -0.617072 0)
(-0.34362 0.786734 0)
(0.358796 2.12937 0)
(1.02213 3.2907 0)
(1.51688 4.66238 0)
(3.63652 6.28366 0)
(3.55709 6.22144 0)
(6.17937 6.48436 0)
(5.38383 5.12947 0)
(8.46719 4.58215 0)
(6.78886 2.55394 0)
(8.80615 3.07966 0)
(8.52641 2.35245 0)
(8.45564 0.995857 0)
(7.73703 1.02637 0)
(8.15247 0.764457 0)
(8.91691 -0.111613 0)
(9.45919 1.12522 0)
(9.61563 1.79234 0)
(10.5257 1.39127 0)
(10.1889 1.07099 0)
(10.8863 0.114751 0)
(10.3196 -0.694828 0)
(10.5624 -0.984145 0)
(9.78515 -1.02694 0)
(9.84957 -1.28664 0)
(9.99852 -2.12815 0)
(9.91717 -2.61981 0)
(9.61104 -2.86581 0)
(9.09236 -2.98632 0)
(7.93294 -2.1416 0)
(6.71976 -1.11116 0)
(5.41499 -0.707907 0)
(5.62632 -1.01115 0)
(3.79037 -3.6015 0)
(4.68841 -4.73197 0)
(3.47609 -4.1168 0)
(4.76227 -2.63858 0)
(3.6134 -2.9929 0)
(4.56576 0.349586 0)
(4.77313 0.542809 0)
(4.80554 3.97927 0)
(6.11114 2.46026 0)
(5.15658 8.13598 0)
(8.73064 4.66712 0)
(7.41363 11.4852 0)
(9.68309 4.85373 0)
(10.1542 10.6022 0)
(13.1021 -0.248125 0)
(13.0764 -0.195014 0)
(13.2548 -0.196396 0)
(13.1919 -0.230153 0)
(13.23 -0.199337 0)
(13.4021 -0.274942 0)
(13.3193 -0.324819 0)
(13.2046 -0.325196 0)
(13.2728 -0.396925 0)
(13.3334 -0.510377 0)
(13.3177 -0.629769 0)
(13.5393 -0.74409 0)
(13.6694 -0.994728 0)
(13.5867 -1.21284 0)
(13.5797 -1.36461 0)
(13.342 -1.67924 0)
(13.0827 -1.95037 0)
(12.9519 -2.18365 0)
(12.8555 -2.56386 0)
(12.5835 -2.85535 0)
(12.0786 -2.92601 0)
(11.5323 -2.83205 0)
(10.8955 -2.54473 0)
(10.3307 -2.05247 0)
(9.87211 -1.34547 0)
(9.43927 -0.419589 0)
(9.45806 0.432478 0)
(9.66175 1.31512 0)
(9.6282 2.20903 0)
(9.75688 2.519 0)
(9.85652 2.29669 0)
(9.84153 1.91945 0)
(9.84068 1.31066 0)
(9.60689 0.668499 0)
(9.17755 0.239973 0)
(9.05407 -0.256709 0)
(8.88813 -0.763167 0)
(8.35473 -0.734069 0)
(7.34143 -0.141915 0)
(6.4423 1.0787 0)
(5.58844 2.61457 0)
(5.29157 2.6038 0)
(5.35858 0.669245 0)
(5.20823 -1.85375 0)
(3.86031 -4.17328 0)
(1.3122 -6.67348 0)
(-1.81103 -8.44516 0)
(-1.85868 -6.96301 0)
(-1.59063 -5.15333 0)
(-1.98347 -4.51805 0)
(-2.5725 -3.64119 0)
(-2.45507 -2.35984 0)
(-1.93256 -0.80698 0)
(-1.65083 0.523781 0)
(-0.868637 1.93306 0)
(-0.188018 3.02594 0)
(0.163011 4.18979 0)
(2.55618 5.70646 0)
(2.58152 5.62636 0)
(5.02646 6.09701 0)
(4.67421 4.64103 0)
(7.7765 4.16773 0)
(6.52643 2.51574 0)
(7.77558 2.79541 0)
(8.29172 2.21385 0)
(8.26228 1.2084 0)
(7.15335 1.03364 0)
(8.10511 0.462916 0)
(8.84782 -0.291125 0)
(8.96811 0.934465 0)
(9.19303 1.54643 0)
(10.309 1.28411 0)
(9.68748 0.997204 0)
(10.7968 0.0636044 0)
(10.0838 -0.64282 0)
(10.3715 -0.860487 0)
(9.61214 -0.9589 0)
(9.88414 -1.34348 0)
(10.0279 -2.06236 0)
(9.76092 -2.53066 0)
(9.42698 -2.7836 0)
(8.79965 -2.61515 0)
(7.56529 -1.61068 0)
(6.07139 -0.624374 0)
(5.25598 -0.345072 0)
(4.69286 -0.849354 0)
(3.61549 -3.58128 0)
(3.91018 -4.68016 0)
(3.11337 -4.08885 0)
(4.20337 -2.81682 0)
(2.48848 -2.92601 0)
(3.58082 0.414768 0)
(3.92352 0.0755774 0)
(3.8422 4.22356 0)
(5.52276 1.80701 0)
(4.45572 8.29041 0)
(7.94552 3.35457 0)
(7.53412 11.2803 0)
(9.04969 4.78684 0)
(9.9508 9.75947 0)
(13.1729 -0.253378 0)
(13.1828 -0.172366 0)
(13.2757 -0.172717 0)
(13.1953 -0.228464 0)
(13.1834 -0.171092 0)
(13.2152 -0.217849 0)
(13.1263 -0.314634 0)
(13.1176 -0.337856 0)
(13.2353 -0.415704 0)
(13.4265 -0.593075 0)
(13.4694 -0.716419 0)
(13.5088 -0.762052 0)
(13.5247 -0.966953 0)
(13.2837 -1.14125 0)
(13.0304 -1.22362 0)
(12.8404 -1.53642 0)
(12.6866 -1.8738 0)
(12.477 -2.12718 0)
(12.135 -2.44311 0)
(11.506 -2.64097 0)
(10.6873 -2.64553 0)
(9.90968 -2.52782 0)
(9.17443 -2.23988 0)
(8.54301 -1.7493 0)
(8.09161 -1.10439 0)
(7.89616 -0.391176 0)
(8.05191 0.377762 0)
(8.12204 1.3337 0)
(8.30672 2.15386 0)
(8.71002 2.38974 0)
(8.82867 2.26673 0)
(8.89968 1.92479 0)
(8.99209 1.36858 0)
(8.80295 0.804977 0)
(8.65873 0.291147 0)
(8.60928 -0.213332 0)
(8.31462 -0.564742 0)
(7.66351 -0.378809 0)
(6.69821 0.235516 0)
(5.9999 1.3739 0)
(5.45431 2.75858 0)
(5.4457 2.62777 0)
(5.74607 0.737106 0)
(5.77911 -1.52251 0)
(4.78076 -3.36325 0)
(2.16563 -5.47751 0)
(-1.52728 -7.48966 0)
(-2.96393 -6.89809 0)
(-1.89962 -5.19811 0)
(-2.56222 -4.30078 0)
(-3.25618 -3.49255 0)
(-3.40747 -2.37702 0)
(-2.92196 -0.938154 0)
(-2.94737 0.273447 0)
(-2.08378 1.69878 0)
(-1.2507 2.74918 0)
(-1.10469 3.68186 0)
(1.57614 5.17644 0)
(1.16868 5.0892 0)
(4.38226 5.46626 0)
(4.02057 4.11626 0)
(6.78178 3.74445 0)
(6.18831 2.4519 0)
(6.76391 2.48023 0)
(7.68762 2.00222 0)
(7.94672 1.40058 0)
(6.84449 1.0268 0)
(8.29621 0.0713633 0)
(8.55952 -0.375304 0)
(8.44307 0.849386 0)
(8.73143 1.22119 0)
(9.85441 1.18533 0)
(9.27154 0.878759 0)
(10.5159 -0.0338624 0)
(9.83717 -0.607714 0)
(9.99841 -0.699578 0)
(9.44096 -0.896729 0)
(9.68054 -1.46925 0)
(9.9315 -2.09368 0)
(9.62196 -2.37167 0)
(9.20876 -2.51204 0)
(8.39459 -2.11512 0)
(7.06357 -1.0048 0)
(5.35694 -0.172319 0)
(4.75377 -0.0196082 0)
(4.25596 -0.601584 0)
(3.4223 -3.39852 0)
(2.95718 -4.61527 0)
(2.06159 -3.92631 0)
(3.0831 -2.93403 0)
(0.810598 -2.69384 0)
(2.68865 0.205284 0)
(2.70107 -0.14038 0)
(2.43212 4.28149 0)
(4.44942 0.971963 0)
(3.91069 8.37057 0)
(5.64051 1.71898 0)
(7.49194 10.7815 0)
(8.83984 4.68083 0)
(9.70098 8.64192 0)
(13.1433 -0.248436 0)
(13.0708 -0.111926 0)
(13.1189 -0.0992437 0)
(13.0545 -0.187761 0)
(13.0265 -0.121877 0)
(13.0825 -0.216132 0)
(13.1028 -0.382054 0)
(13.13 -0.395959 0)
(13.2291 -0.473663 0)
(13.3171 -0.634997 0)
(13.155 -0.694277 0)
(13.0679 -0.700155 0)
(12.9385 -0.874097 0)
(12.6049 -1.03151 0)
(12.4317 -1.12536 0)
(12.2654 -1.45651 0)
(11.9388 -1.79519 0)
(11.4225 -1.97896 0)
(10.7171 -2.17628 0)
(9.82198 -2.29503 0)
(8.90359 -2.28365 0)
(8.01178 -2.16407 0)
(7.21649 -1.89667 0)
(6.68033 -1.50892 0)
(6.39927 -1.01064 0)
(6.2696 -0.377058 0)
(6.2175 0.438771 0)
(6.32817 1.29805 0)
(6.93148 1.91546 0)
(7.34519 2.21575 0)
(7.51357 2.20627 0)
(7.8316 1.86519 0)
(7.95862 1.3778 0)
(7.94389 0.831335 0)
(8.02907 0.298078 0)
(7.86782 -0.113159 0)
(7.45726 -0.312942 0)
(6.77052 -0.0459586 0)
(5.98757 0.549967 0)
(5.50895 1.57415 0)
(5.23754 2.7627 0)
(5.54123 2.54982 0)
(5.99399 0.699851 0)
(6.19116 -1.32849 0)
(5.61904 -2.62957 0)
(3.03292 -4.19294 0)
(-0.915034 -6.25945 0)
(-3.32113 -6.73854 0)
(-2.336 -5.31271 0)
(-3.12593 -4.11398 0)
(-3.73056 -3.34195 0)
(-4.26988 -2.33665 0)
(-3.8472 -0.968039 0)
(-4.04743 0.0907652 0)
(-3.21073 1.37592 0)
(-2.35748 2.42212 0)
(-2.2405 3.19271 0)
(0.536888 4.7183 0)
(0.0552359 4.39475 0)
(3.69641 4.86849 0)
(3.27169 3.74153 0)
(6.02812 3.22547 0)
(5.4121 2.49845 0)
(6.39674 2.20274 0)
(7.17213 1.6789 0)
(7.31248 1.53692 0)
(6.8952 0.93595 0)
(8.53536 -0.187951 0)
(7.97716 -0.323336 0)
(8.1245 0.776677 0)
(8.33988 0.959751 0)
(9.10578 1.09302 0)
(9.00739 0.70849 0)
(10.0843 -0.137683 0)
(9.50041 -0.521491 0)
(9.47842 -0.599276 0)
(9.28021 -0.875114 0)
(9.53836 -1.58841 0)
(9.84599 -2.04896 0)
(9.09578 -2.24643 0)
(8.72639 -2.279 0)
(7.72052 -1.63266 0)
(6.38911 -0.414625 0)
(4.79678 0.262721 0)
(4.18852 0.267083 0)
(4.16615 -0.401122 0)
(2.97732 -2.90272 0)
(1.54105 -4.27979 0)
(0.663353 -3.71377 0)
(1.38804 -2.58566 0)
(-0.513123 -2.53063 0)
(1.96256 -0.0912817 0)
(0.758447 -0.131885 0)
(1.50406 4.0542 0)
(2.6825 0.302531 0)
(3.88052 8.66803 0)
(2.52378 0.597948 0)
(7.29257 10.2435 0)
(8.41539 4.46383 0)
(9.43767 7.5601 0)
(12.7556 -0.201165 0)
(12.6991 -0.0516033 0)
(12.7535 -0.0688598 0)
(12.6917 -0.175222 0)
(12.7125 -0.133314 0)
(12.775 -0.24179 0)
(12.7612 -0.399959 0)
(12.7057 -0.411591 0)
(12.6901 -0.462194 0)
(12.5965 -0.577082 0)
(12.3353 -0.632428 0)
(12.1978 -0.635278 0)
(11.9722 -0.752543 0)
(11.651 -0.92768 0)
(11.4508 -1.07023 0)
(11.1198 -1.32444 0)
(10.5412 -1.57157 0)
(9.7756 -1.69182 0)
(8.94828 -1.81481 0)
(7.94295 -1.89738 0)
(6.88106 -1.87246 0)
(5.98223 -1.7945 0)
(5.33683 -1.63837 0)
(4.91441 -1.34516 0)
(4.61748 -0.889339 0)
(4.43223 -0.287923 0)
(4.43415 0.3956 0)
(4.79742 1.07485 0)
(5.34241 1.70107 0)
(5.64149 2.08411 0)
(6.19588 2.04138 0)
(6.64475 1.73698 0)
(6.7875 1.31828 0)
(7.05901 0.773768 0)
(7.16093 0.306258 0)
(6.82704 0.0311413 0)
(6.33494 -0.0587258 0)
(5.80218 0.243056 0)
(5.21658 0.776792 0)
(5.02959 1.65861 0)
(5.06957 2.63346 0)
(5.63185 2.37023 0)
(6.1493 0.614993 0)
(6.45184 -1.27294 0)
(6.36182 -2.02831 0)
(4.02027 -2.94324 0)
(0.112782 -4.9081 0)
(-3.06023 -6.20764 0)
(-3.14431 -5.21321 0)
(-3.62212 -3.86113 0)
(-4.13642 -3.09446 0)
(-4.95616 -2.23865 0)
(-4.70419 -1.0175 0)
(-4.8795 -0.0296464 0)
(-4.26391 1.09977 0)
(-3.26636 2.11075 0)
(-3.23189 2.68828 0)
(-0.277117 4.11708 0)
(-0.763617 3.67949 0)
(2.90586 4.1609 0)
(2.93065 3.16344 0)
(5.29319 2.81806 0)
(4.70607 2.3081 0)
(6.38688 1.82702 0)
(6.15437 1.67525 0)
(6.59895 1.49505 0)
(7.29213 0.531113 0)
(8.43411 -0.309028 0)
(7.29446 -0.125244 0)
(7.89562 0.657617 0)
(7.84135 0.821104 0)
(8.43657 0.939621 0)
(8.84815 0.431839 0)
(9.59686 -0.195994 0)
(9.07927 -0.424607 0)
(9.05458 -0.537847 0)
(9.14233 -0.961049 0)
(9.39031 -1.67795 0)
(9.52955 -1.91244 0)
(8.33547 -1.97281 0)
(7.95554 -1.92495 0)
(6.68912 -1.07713 0)
(5.53167 0.149583 0)
(4.31029 0.623545 0)
(3.65846 0.472992 0)
(3.98327 -0.317732 0)
(2.39879 -2.20308 0)
(0.562411 -3.65656 0)
(-0.311754 -3.58229 0)
(0.734701 -2.57744 0)
(-1.0714 -2.7742 0)
(1.11778 -0.321851 0)
(-0.990771 0.0214303 0)
(0.532459 3.889 0)
(1.10174 -0.722142 0)
(3.47817 8.76081 0)
(0.463076 -0.355533 0)
(6.34983 9.71996 0)
(7.47059 4.0683 0)
(9.04319 6.67411 0)
(11.8907 -0.148561 0)
(11.8603 -0.000851267 0)
(11.909 -0.0270261 0)
(11.8526 -0.141589 0)
(11.8721 -0.128291 0)
(11.8792 -0.235516 0)
(11.7772 -0.374869 0)
(11.6354 -0.37805 0)
(11.5123 -0.41728 0)
(11.3338 -0.499635 0)
(11.0572 -0.527984 0)
(10.8583 -0.531507 0)
(10.6286 -0.648048 0)
(10.3223 -0.825159 0)
(9.97186 -0.950524 0)
(9.43938 -1.11011 0)
(8.74881 -1.26593 0)
(7.93605 -1.36277 0)
(6.94902 -1.41652 0)
(5.82753 -1.44318 0)
(4.86539 -1.48899 0)
(4.11663 -1.51506 0)
(3.55413 -1.42932 0)
(3.13997 -1.18293 0)
(2.8451 -0.789934 0)
(2.71847 -0.278408 0)
(2.77116 0.31887 0)
(3.08682 0.953891 0)
(3.54656 1.51222 0)
(4.13581 1.77519 0)
(4.83695 1.76564 0)
(5.18137 1.5879 0)
(5.615 1.18605 0)
(6.08604 0.685653 0)
(5.97081 0.369331 0)
(5.52133 0.224696 0)
(5.1297 0.155726 0)
(4.83275 0.455818 0)
(4.52482 0.903453 0)
(4.58205 1.60499 0)
(4.93222 2.3626 0)
(5.73542 2.11657 0)
(6.42744 0.491777 0)
(6.74518 -1.35514 0)
(6.953 -1.61229 0)
(5.09998 -1.81735 0)
(1.38637 -3.50052 0)
(-2.37018 -5.18546 0)
(-3.99666 -4.9418 0)
(-3.98372 -3.68912 0)
(-4.54106 -2.77688 0)
(-5.46103 -1.95816 0)
(-5.46812 -0.946833 0)
(-5.50973 -0.11398 0)
(-5.07053 0.766904 0)
(-3.88175 1.74258 0)
(-4.14859 2.14908 0)
(-0.751811 3.5258 0)
(-1.39022 3.02383 0)
(2.38912 3.35108 0)
(2.2886 2.68745 0)
(4.39142 2.49147 0)
(4.13488 2.02741 0)
(5.63105 1.6566 0)
(5.41676 1.61207 0)
(6.60182 1.05237 0)
(7.22606 0.2247 0)
(7.87992 -0.167748 0)
(7.03595 -0.0621702 0)
(7.65842 0.491475 0)
(7.14299 0.701604 0)
(8.20811 0.702593 0)
(8.54946 0.208837 0)
(9.17002 -0.17664 0)
(8.55636 -0.360639 0)
(8.80488 -0.538237 0)
(8.94522 -1.08908 0)
(9.11665 -1.66081 0)
(8.57954 -1.63506 0)
(7.30874 -1.65208 0)
(6.67335 -1.50264 0)
(5.36071 -0.487191 0)
(4.53624 0.536635 0)
(3.80406 0.894973 0)
(3.44824 0.556386 0)
(3.73156 -0.0774905 0)
(2.16045 -1.63668 0)
(0.791668 -3.0873 0)
(-0.473069 -3.53764 0)
(0.76035 -2.49907 0)
(-1.1974 -2.75503 0)
(-0.033989 -0.275676 0)
(-2.75434 0.382233 0)
(0.0408245 3.24664 0)
(-0.516628 -1.33194 0)
(3.38063 9.03982 0)
(-0.352438 -0.763095 0)
(5.37804 8.34557 0)
(6.75909 3.37309 0)
(8.76166 5.7794 0)
(10.5273 -0.0979916 0)
(10.5244 -0.00980416 0)
(10.566 -0.0458272 0)
(10.4878 -0.133317 0)
(10.4846 -0.136171 0)
(10.413 -0.214139 0)
(10.2269 -0.30671 0)
(10.0576 -0.315285 0)
(9.91006 -0.347272 0)
(9.70229 -0.399403 0)
(9.43669 -0.434706 0)
(9.24245 -0.464804 0)
(8.95628 -0.546615 0)
(8.55321 -0.666368 0)
(8.09755 -0.744171 0)
(7.51391 -0.849552 0)
(6.78922 -0.957346 0)
(5.87673 -0.969347 0)
(4.84702 -0.968833 0)
(3.85286 -1.04846 0)
(3.02763 -1.17309 0)
(2.3513 -1.26007 0)
(1.81988 -1.22689 0)
(1.3973 -1.02357 0)
(1.09198 -0.684034 0)
(0.974237 -0.244402 0)
(1.03158 0.264709 0)
(1.35584 0.787086 0)
(1.89202 1.2288 0)
(2.54919 1.50751 0)
(3.19409 1.57965 0)
(3.79869 1.34574 0)
(4.52996 0.937888 0)
(4.81551 0.637893 0)
(4.46514 0.516108 0)
(4.16096 0.399824 0)
(4.06172 0.298264 0)
(3.95751 0.542467 0)
(3.95286 0.906646 0)
(4.21052 1.44318 0)
(4.89648 1.98388 0)
(5.92198 1.82889 0)
(7.11496 0.339783 0)
(7.29521 -1.46207 0)
(7.40413 -1.3599 0)
(6.08115 -0.860049 0)
(2.72189 -2.04548 0)
(-1.34949 -3.89045 0)
(-4.2552 -4.44299 0)
(-4.3016 -3.57487 0)
(-4.79023 -2.6052 0)
(-5.52948 -1.81906 0)
(-5.79055 -0.942546 0)
(-5.81428 -0.209341 0)
(-5.54024 0.514661 0)
(-4.50169 1.50703 0)
(-4.61928 1.56935 0)
(-1.2771 2.78183 0)
(-1.66047 2.35611 0)
(1.64006 2.66777 0)
(1.51897 2.22649 0)
(3.53574 2.08287 0)
(3.58633 1.74082 0)
(4.79017 1.37178 0)
(5.236 1.27935 0)
(6.56614 0.65811 0)
(6.81839 0.0423941 0)
(7.47287 -0.224756 0)
(6.53415 0.0199765 0)
(6.99224 0.529568 0)
(6.7429 0.548659 0)
(8.22914 0.371687 0)
(8.07589 0.0351771 0)
(8.6928 -0.158592 0)
(7.93426 -0.318859 0)
(8.60093 -0.617574 0)
(8.52923 -1.15641 0)
(8.26525 -1.45367 0)
(7.13028 -1.20399 0)
(5.89797 -1.20402 0)
(4.94327 -1.02466 0)
(4.04018 -0.0447093 0)
(3.52169 0.77201 0)
(3.42809 0.980826 0)
(3.62303 0.659677 0)
(3.43441 0.159184 0)
(2.5937 -1.15227 0)
(1.6228 -2.72686 0)
(-0.364564 -3.47603 0)
(-0.136352 -2.38602 0)
(-2.41433 -2.18875 0)
(-1.03829 -0.0386882 0)
(-3.65481 0.525859 0)
(0.231248 2.48833 0)
(-2.11698 -1.83915 0)
(3.06073 9.20401 0)
(-0.135345 -1.1109 0)
(4.30749 5.98662 0)
(6.04191 2.5895 0)
(8.39996 4.65461 0)
(8.79057 -0.0764355 0)
(8.80647 -0.0635032 0)
(8.78243 -0.0668758 0)
(8.6708 -0.10517 0)
(8.63897 -0.108611 0)
(8.5292 -0.15553 0)
(8.36583 -0.232722 0)
(8.22455 -0.261937 0)
(8.03869 -0.278425 0)
(7.79448 -0.303801 0)
(7.52707 -0.334148 0)
(7.27097 -0.350536 0)
(6.94479 -0.394723 0)
(6.54155 -0.476372 0)
(6.04811 -0.527156 0)
(5.42783 -0.568662 0)
(4.6662 -0.590629 0)
(3.80019 -0.572245 0)
(2.93812 -0.596289 0)
(2.14693 -0.723025 0)
(1.43149 -0.8934 0)
(0.752629 -1.01369 0)
(0.160036 -1.01137 0)
(-0.316822 -0.86174 0)
(-0.619111 -0.591592 0)
(-0.719425 -0.233375 0)
(-0.64466 0.182414 0)
(-0.278758 0.610264 0)
(0.272837 0.984103 0)
(1.01356 1.20738 0)
(1.82495 1.19384 0)
(2.59133 0.97218 0)
(3.06415 0.814221 0)
(3.12789 0.755909 0)
(2.96511 0.634389 0)
(3.0802 0.415969 0)
(3.23187 0.286602 0)
(3.41019 0.51595 0)
(3.56136 0.819794 0)
(4.07528 1.1481 0)
(4.82942 1.52556 0)
(5.97917 1.39797 0)
(8.0114 0.117132 0)
(7.98432 -1.43885 0)
(7.52979 -1.15115 0)
(6.73834 -0.0613625 0)
(4.06083 -0.670453 0)
(0.307239 -2.48338 0)
(-3.33705 -3.62174 0)
(-4.71249 -3.30335 0)
(-5.24808 -2.31842 0)
(-5.70089 -1.52647 0)
(-5.9428 -0.799154 0)
(-5.99909 -0.259351 0)
(-5.76084 0.245161 0)
(-4.61004 1.10374 0)
(-4.6259 0.975998 0)
(-2.01395 2.14095 0)
(-2.05074 1.77094 0)
(0.953039 2.06358 0)
(0.96963 1.7884 0)
(2.78793 1.71087 0)
(3.06828 1.45883 0)
(4.45517 0.978029 0)
(5.16159 0.815545 0)
(6.41075 0.347405 0)
(6.12058 -0.0468251 0)
(6.81142 -0.0749607 0)
(5.73416 0.169614 0)
(6.78211 0.336859 0)
(6.60326 0.229797 0)
(7.73433 0.187945 0)
(7.23718 0.0275781 0)
(7.89571 -0.121622 0)
(7.43897 -0.396175 0)
(8.15261 -0.723434 0)
(7.55209 -1.02523 0)
(6.59552 -1.00366 0)
(5.32449 -0.728497 0)
(4.35366 -0.744779 0)
(3.13805 -0.533535 0)
(2.69549 0.269326 0)
(2.71062 0.752272 0)
(2.92735 0.835358 0)
(3.6955 0.602716 0)
(3.23187 0.361813 0)
(3.25694 -0.775258 0)
(1.53322 -1.85618 0)
(-0.881068 -2.63471 0)
(-1.88523 -1.95178 0)
(-3.47203 -1.82167 0)
(-2.10637 -0.164745 0)
(-3.91554 0.507575 0)
(0.000791469 1.46394 0)
(-3.65413 -2.38328 0)
(2.65975 9.00743 0)
(1.2339 -0.736584 0)
(3.03774 3.83963 0)
(5.89488 2.20012 0)
(8.07249 3.48744 0)
(6.7465 -0.0338665 0)
(6.72123 -0.0379815 0)
(6.64073 -0.0268149 0)
(6.56748 -0.0588 0)
(6.53931 -0.0746644 0)
(6.4296 -0.106421 0)
(6.2737 -0.163328 0)
(6.09208 -0.179611 0)
(5.8698 -0.178758 0)
(5.63132 -0.194756 0)
(5.37493 -0.21554 0)
(5.09907 -0.223313 0)
(4.76652 -0.244656 0)
(4.36789 -0.280109 0)
(3.88972 -0.286334 0)
(3.32354 -0.278544 0)
(2.69324 -0.270067 0)
(2.06412 -0.266107 0)
(1.44511 -0.315453 0)
(0.794671 -0.445684 0)
(0.083027 -0.615144 0)
(-0.649969 -0.748658 0)
(-1.32497 -0.786363 0)
(-1.87753 -0.705377 0)
(-2.22647 -0.506318 0)
(-2.35565 -0.233397 0)
(-2.26833 0.075757 0)
(-1.88302 0.407432 0)
(-1.33809 0.690365 0)
(-0.526504 0.856974 0)
(0.246749 0.887423 0)
(0.884284 0.81213 0)
(1.28336 0.783575 0)
(1.78888 0.701764 0)
(2.17123 0.517824 0)
(2.59926 0.304131 0)
(2.8263 0.19053 0)
(3.04087 0.387765 0)
(3.35801 0.641143 0)
(4.16781 0.837486 0)
(4.95839 1.02395 0)
(6.27894 0.643089 0)
(8.47382 -0.292786 0)
(8.0142 -1.23542 0)
(6.76458 -0.871483 0)
(6.67384 0.446863 0)
(5.22638 0.406495 0)
(2.55869 -1.03336 0)
(-1.19761 -2.3721 0)
(-4.29123 -2.67091 0)
(-5.50897 -2.06653 0)
(-5.9999 -1.38844 0)
(-6.21283 -0.750297 0)
(-6.3137 -0.348393 0)
(-6.07528 0.0111534 0)
(-4.93192 0.850397 0)
(-5.2048 0.73213 0)
(-2.54099 1.47564 0)
(-2.45257 1.11288 0)
(0.164049 1.51747 0)
(0.283193 1.32886 0)
(2.22684 1.25522 0)
(2.81657 0.967992 0)
(4.29485 0.543033 0)
(4.66088 0.443723 0)
(5.64645 0.20492 0)
(5.2721 -0.0544477 0)
(5.91521 -0.0649146 0)
(5.23232 0.0865831 0)
(6.28486 0.137663 0)
(5.90116 0.146256 0)
(6.86073 0.106043 0)
(6.49654 -0.0175612 0)
(7.28539 -0.192056 0)
(6.78267 -0.505672 0)
(6.9064 -0.644633 0)
(5.47386 -0.573601 0)
(4.48418 -0.464524 0)
(3.68838 -0.369512 0)
(2.94111 -0.356555 0)
(1.88059 -0.212708 0)
(1.90472 0.256282 0)
(2.47759 0.592067 0)
(3.00717 0.53737 0)
(3.45866 0.597121 0)
(3.69316 0.389662 0)
(3.76317 -0.513214 0)
(1.98521 -1.12779 0)
(-0.546377 -1.78455 0)
(-2.163 -1.58386 0)
(-3.46236 -1.57731 0)
(-3.11767 -0.470097 0)
(-4.47994 0.689592 0)
(-0.368713 1.10295 0)
(-4.72035 -2.37489 0)
(2.38498 7.55342 0)
(2.72907 -0.268852 0)
(1.77812 2.77526 0)
(5.94441 1.68083 0)
(8.07759 2.30336 0)
(4.41484 -0.0205813 0)
(4.35408 -0.0327563 0)
(4.29262 -0.0238533 0)
(4.24434 -0.0416129 0)
(4.18454 -0.0450816 0)
(4.07049 -0.0576557 0)
(3.91793 -0.0892613 0)
(3.73129 -0.0956742 0)
(3.52753 -0.0918812 0)
(3.31695 -0.0971467 0)
(3.08881 -0.102675 0)
(2.84567 -0.097194 0)
(2.57135 -0.0946698 0)
(2.26009 -0.0966131 0)
(1.91787 -0.0777502 0)
(1.56341 -0.052777 0)
(1.20117 -0.0380495 0)
(0.833819 -0.0369634 0)
(0.44757 -0.0805243 0)
(-0.0168437 -0.192524 0)
(-0.645161 -0.335321 0)
(-1.42189 -0.451905 0)
(-2.24284 -0.499845 0)
(-2.96624 -0.465452 0)
(-3.47657 -0.351002 0)
(-3.71711 -0.179417 0)
(-3.67277 0.0213865 0)
(-3.31281 0.257937 0)
(-2.73536 0.446495 0)
(-1.92547 0.578367 0)
(-1.004 0.633629 0)
(-0.196879 0.586445 0)
(0.553544 0.517567 0)
(1.43363 0.389065 0)
(2.124 0.258962 0)
(2.58274 0.151859 0)
(2.82895 0.123416 0)
(2.99786 0.255702 0)
(3.53319 0.363351 0)
(4.36462 0.436291 0)
(5.42066 0.470386 0)
(6.62789 0.00476981 0)
(7.40603 -0.574205 0)
(6.24161 -0.743608 0)
(4.48747 -0.371247 0)
(4.68966 0.484548 0)
(5.26063 0.892322 0)
(4.79722 0.236097 0)
(2.05303 -0.951412 0)
(-1.77467 -1.65423 0)
(-4.42411 -1.49415 0)
(-5.83106 -1.03748 0)
(-6.55455 -0.595579 0)
(-6.8817 -0.338141 0)
(-6.76041 -0.0840362 0)
(-5.92467 0.46416 0)
(-5.43649 0.329228 0)
(-3.10851 0.834046 0)
(-3.52424 0.684595 0)
(-0.525077 1.01161 0)
(-0.271477 0.823447 0)
(1.74156 0.712754 0)
(2.54696 0.521497 0)
(3.61803 0.294934 0)
(4.00649 0.228871 0)
(4.67781 0.0794895 0)
(4.54178 -0.0789817 0)
(4.82774 -0.0656569 0)
(4.54527 0.00851989 0)
(5.13187 0.0175085 0)
(4.98308 -0.00377046 0)
(5.56529 -0.0686748 0)
(5.30553 -0.15353 0)
(5.62339 -0.241835 0)
(4.57045 -0.240018 0)
(4.16318 -0.181289 0)
(3.16611 -0.156196 0)
(2.85988 -0.211903 0)
(2.174 -0.0941689 0)
(1.86638 -0.0302026 0)
(1.40369 -0.0580063 0)
(1.61705 0.0302787 0)
(2.27936 0.203431 0)
(2.74173 0.348101 0)
(3.11446 0.42993 0)
(4.11271 0.261286 0)
(3.80783 0.0379253 0)
(2.65871 -0.359702 0)
(0.871709 -1.00479 0)
(-1.14486 -1.0873 0)
(-3.08127 -1.06027 0)
(-3.26389 -0.35559 0)
(-5.62717 0.419313 0)
(1.31334 0.78252 0)
(-5.69478 -1.67265 0)
(0.826263 4.42574 0)
(3.14148 0.360846 0)
(2.70251 1.77691 0)
(5.82189 0.949645 0)
(9.17116 1.01167 0)
(1.61738 0.0180269 0)
(1.56619 -0.00419024 0)
(1.53 0.000751478 0)
(1.49439 -0.00323986 0)
(1.44657 -0.00338528 0)
(1.38343 -0.00464981 0)
(1.29229 -0.0108652 0)
(1.17517 -0.0101222 0)
(1.05697 -0.00744021 0)
(0.940933 -0.00759214 0)
(0.819577 -0.00666249 0)
(0.702909 -0.000555175 0)
(0.596179 0.00559622 0)
(0.495089 0.00908781 0)
(0.410682 0.0174567 0)
(0.366911 0.0321397 0)
(0.369552 0.0472941 0)
(0.402507 0.0550027 0)
(0.419757 0.0436503 0)
(0.327956 0.0024204 0)
(0.0054982 -0.0547665 0)
(-0.594121 -0.114599 0)
(-1.38761 -0.160722 0)
(-2.23189 -0.183333 0)
(-2.97225 -0.174227 0)
(-3.49733 -0.137081 0)
(-3.72314 -0.0810183 0)
(-3.59347 0.0073123 0)
(-3.14861 0.0766865 0)
(-2.4667 0.119589 0)
(-1.57882 0.139768 0)
(-0.730377 0.111026 0)
(0.0541861 0.060011 0)
(0.652512 0.0237057 0)
(1.06171 0.0241001 0)
(1.33443 0.0228201 0)
(1.52951 0.0187541 0)
(1.78295 0.0077126 0)
(2.19379 -0.0250541 0)
(2.66586 -0.043955 0)
(3.23878 -0.0752409 0)
(3.47586 -0.164254 0)
(2.97365 -0.143306 0)
(1.92468 -0.022501 0)
(1.1052 0.0523388 0)
(1.44451 0.221625 0)
(2.53921 0.343399 0)
(3.77716 0.360391 0)
(4.19224 0.173324 0)
(2.4322 -0.251802 0)
(-0.364026 -0.472129 0)
(-2.51624 -0.445902 0)
(-3.90656 -0.333123 0)
(-4.8546 -0.269409 0)
(-5.37997 -0.223448 0)
(-5.40618 -0.0506116 0)
(-5.01049 -0.036042 0)
(-3.90597 0.242538 0)
(-3.24189 0.17745 0)
(-1.42 0.191593 0)
(-0.531311 0.199616 0)
(0.947771 0.13511 0)
(1.70886 0.0700411 0)
(2.28376 -0.000898657 0)
(2.59274 -0.0221047 0)
(2.7636 -0.0360151 0)
(2.65861 -0.0654627 0)
(2.53993 -0.0620965 0)
(2.38641 -0.0564655 0)
(2.41165 -0.0462697 0)
(2.30336 -0.0369082 0)
(2.32369 -0.0348644 0)
(2.05656 -0.00165287 0)
(2.0202 0.0427694 0)
(1.62664 0.0488838 0)
(1.61072 -0.0175427 0)
(1.22066 -0.0150047 0)
(1.08967 -5.88478e-05 0)
(0.801126 -0.003699 0)
(0.837143 -0.0559711 0)
(0.577907 -0.0915253 0)
(0.53408 -0.0373224 0)
(0.701652 0.0834943 0)
(1.2178 0.137575 0)
(1.76058 0.0752991 0)
(2.43737 0.0812267 0)
(2.63631 0.0345294 0)
(2.63427 0.00804604 0)
(1.67876 -0.20712 0)
(0.115378 -0.259283 0)
(-1.7381 -0.386714 0)
(-2.58087 -0.204347 0)
(-4.50012 -0.141231 0)
(0.285756 -0.109565 0)
(-5.88689 -0.640244 0)
(-1.93142 1.24187 0)
(3.23529 0.0789581 0)
(2.3708 0.284979 0)
(5.14491 -0.0809291 0)
(6.90413 -0.180773 0)
(0.250271 -0.0193489 0)
(-0.0346997 0.00513077 0)
(0.331506 -0.0680393 0)
(1.25955 0.0772504 0)
(0.524667 0.0662231 0)
(0.355871 -0.128637 0)
(0.809084 -0.0708465 0)
(0.791147 -0.0241663 0)
(1.18265 -0.0693787 0)
(1.83558 -0.0564844 0)
(1.668 0.0739583 0)
(1.6312 0.0689271 0)
(1.01785 0.199293 0)
(-0.208278 0.313438 0)
(-2.20144 0.1826 0)
(-3.20977 0.0423441 0)
(-3.39591 0.106485 0)
(-3.16629 0.140208 0)
(-3.25201 -0.0232677 0)
(-2.69049 -0.0881934 0)
(-1.98182 -0.0287859 0)
(-1.28617 -0.191893 0)
(0.278877 -0.189518 0)
(1.58749 0.0360073 0)
(1.88021 0.125331 0)
(1.19661 0.0955954 0)
(0.543247 0.0111166 0)
(0.891236 -0.158032 0)
(1.80292 -0.261985 0)
(2.7907 -0.278966 0)
(3.06053 -0.105707 0)
(1.30874 0.278488 0)
(-1.59962 0.475974 0)
(-3.90662 0.447578 0)
(-5.40216 0.351595 0)
(-6.36042 0.275363 0)
(-6.45283 0.0958182 0)
(-5.51264 -0.148261 0)
(-4.03829 -0.210344 0)
(-2.45998 -0.30279 0)
(-0.117995 -0.349542 0)
(1.84342 -0.21164 0)
(3.43376 -0.0646694 0)
(4.49667 0.0570457 0)
(5.05175 0.12571 0)
(5.22867 0.150313 0)
(5.06494 0.157347 0)
(4.51635 0.142157 0)
(3.70357 0.100146 0)
(2.81048 0.0407089 0)
(2.04472 -0.0200977 0)
(1.54273 -0.0718471 0)
(1.30054 -0.0705833 0)
(1.16077 -0.00990678 0)
(0.888428 0.0592593 0)
(0.405739 0.107783 0)
(-0.177904 0.111889 0)
(-0.662872 0.0874963 0)
(-0.99763 0.063656 0)
(-1.33259 0.0552238 0)
(-1.43126 0.00772337 0)
(-1.12326 -0.0795728 0)
(-0.393103 -0.123483 0)
(0.439512 -0.0707238 0)
(1.05373 -0.0113474 0)
(1.41024 0.0294768 0)
(1.4832 0.0456479 0)
(1.2799 -0.00183194 0)
(1.04593 -0.0855294 0)
(0.985474 -0.0648003 0)
(0.688235 0.0579586 0)
(-0.147423 0.139628 0)
(-1.18697 0.177382 0)
(-2.43726 0.283097 0)
(-2.97531 0.0859996 0)
(-3.41686 0.222039 0)
(-3.82564 -0.00209591 0)
(-3.48743 0.0964463 0)
(-3.81084 0.000268032 0)
(-3.05887 -0.0768958 0)
(-2.69272 -0.0324507 0)
(-2.12474 -0.0716129 0)
(-1.59745 -0.0593458 0)
(-1.0229 -0.0536283 0)
(-0.472002 -0.0380578 0)
(0.0646649 -0.0221349 0)
(0.558764 -0.00915512 0)
(0.93863 -0.0112098 0)
(1.10988 -0.0241935 0)
(1.05521 -0.00553945 0)
(0.852833 0.0179078 0)
(0.574569 0.026852 0)
(0.309419 0.0245397 0)
(0.156145 0.0106103 0)
(0.185879 -0.0154007 0)
(0.374517 -0.0378667 0)
(0.531904 -0.0566646 0)
(0.563767 -0.046229 0)
(0.497978 0.0101525 0)
(0.17092 0.0482985 0)
(0.186867 -0.0895175 0)
(0.147074 0.00281771 0)
(0.440861 -0.536234 0)
(1.87274 -0.0568773 0)
(1.34614 0.325001 0)
(0.540785 -0.0186149 0)
(0.355767 -0.0660385 0)
(0.473423 -0.172899 0)
(1.13631 -0.372995 0)
(1.62231 -0.182205 0)
(1.57716 0.0400697 0)
(2.08588 0.209932 0)
(0.780536 0.585642 0)
(0.14256 1.05513 0)
(-2.4659 1.01374 0)
(-4.0844 0.409431 0)
(-4.83782 -0.0642168 0)
(-3.77919 -0.0765665 0)
(-4.02797 -0.225958 0)
(-3.47658 -0.48485 0)
(-2.11258 -0.385034 0)
(-1.22284 -0.748176 0)
(0.236404 -1.07648 0)
(2.25233 -0.604259 0)
(3.72811 0.0719258 0)
(3.12812 0.402311 0)
(2.41312 0.205525 0)
(3.01603 -0.429251 0)
(3.60109 -0.686185 0)
(3.27355 -0.148773 0)
(0.910273 0.841855 0)
(-2.55381 1.62201 0)
(-5.42568 1.58938 0)
(-6.87614 1.08952 0)
(-7.54802 0.625799 0)
(-7.60087 0.211934 0)
(-6.7484 -0.427599 0)
(-5.30901 -0.96189 0)
(-3.72275 -1.058 0)
(-1.58999 -1.3517 0)
(0.791452 -1.45932 0)
(3.05394 -1.23365 0)
(5.07482 -0.95033 0)
(6.77998 -0.655221 0)
(8.112 -0.379647 0)
(9.1312 -0.122377 0)
(9.78065 0.180061 0)
(9.79149 0.490922 0)
(9.15942 0.683244 0)
(7.93948 0.709482 0)
(6.36639 0.609819 0)
(4.78211 0.418335 0)
(3.34212 0.231731 0)
(2.26306 0.196406 0)
(1.45038 0.293054 0)
(0.700041 0.361492 0)
(0.037556 0.337329 0)
(-0.43628 0.255803 0)
(-0.772173 0.181025 0)
(-1.10667 0.126127 0)
(-1.14592 -0.0620016 0)
(-0.877366 -0.360009 0)
(-0.21665 -0.589194 0)
(0.66487 -0.543759 0)
(1.5296 -0.401636 0)
(2.25593 -0.207086 0)
(2.70389 0.0717375 0)
(2.40298 0.225783 0)
(1.33667 0.192847 0)
(0.286174 0.220848 0)
(-0.618169 0.464159 0)
(-1.84542 0.684141 0)
(-3.13718 0.667716 0)
(-4.13911 0.699744 0)
(-4.11627 0.00373276 0)
(-4.53563 0.482469 0)
(-4.40725 -0.347473 0)
(-4.08566 0.177335 0)
(-3.96938 -0.252699 0)
(-3.14344 -0.476441 0)
(-2.47442 -0.288095 0)
(-1.7746 -0.406678 0)
(-1.12688 -0.377007 0)
(-0.400223 -0.393974 0)
(0.331071 -0.384764 0)
(1.07548 -0.374936 0)
(1.88621 -0.338188 0)
(2.7457 -0.204559 0)
(3.43814 -0.007936 0)
(3.56263 0.133932 0)
(3.16317 0.194988 0)
(2.58188 0.206866 0)
(2.06069 0.157221 0)
(1.72684 0.0454401 0)
(1.65003 -0.0823667 0)
(1.82049 -0.122658 0)
(1.85929 -0.032293 0)
(1.37496 0.0695809 0)
(0.924318 0.186347 0)
(0.302937 0.249909 0)
(0.111141 -0.178372 0)
(0.254881 -0.0573016 0)
(0.951149 -0.960054 0)
(1.92174 -0.198217 0)
(1.70929 0.589151 0)
(0.672365 0.241087 0)
(0.178057 -0.0218946 0)
(0.477235 -0.395061 0)
(0.983307 -0.535323 0)
(1.23026 -0.322781 0)
(1.42563 -0.10123 0)
(1.52417 0.371849 0)
(0.376607 0.965423 0)
(-0.0258837 1.62834 0)
(-2.14193 1.70636 0)
(-3.76593 0.889308 0)
(-5.20269 0.0583803 0)
(-4.81091 -0.0030632 0)
(-5.03997 -0.186956 0)
(-5.00673 -0.919631 0)
(-3.14067 -0.791244 0)
(-2.16067 -1.22191 0)
(-0.896252 -1.84702 0)
(1.21303 -1.49961 0)
(3.55953 -0.31151 0)
(3.61241 0.621397 0)
(3.73747 0.261942 0)
(4.26311 -0.566924 0)
(3.46719 -0.391415 0)
(1.73373 0.841622 0)
(-1.39111 2.11533 0)
(-4.60098 2.69212 0)
(-6.24194 2.20769 0)
(-6.65986 1.35629 0)
(-6.75824 0.638103 0)
(-6.37934 0.0506245 0)
(-5.25023 -0.832575 0)
(-4.11304 -1.51855 0)
(-2.76946 -1.8238 0)
(-0.608216 -2.36383 0)
(1.5812 -2.43157 0)
(3.74417 -2.12315 0)
(5.74691 -1.69615 0)
(7.47395 -1.27983 0)
(8.90702 -0.889748 0)
(10.1914 -0.525923 0)
(11.1889 -0.111029 0)
(11.7459 0.418137 0)
(11.873 0.904193 0)
(11.2122 1.22355 0)
(9.80246 1.32327 0)
(7.94595 1.19604 0)
(5.92777 0.964987 0)
(4.09199 0.775706 0)
(2.63456 0.706622 0)
(1.57413 0.699261 0)
(0.729386 0.602643 0)
(0.134135 0.432764 0)
(-0.304467 0.312511 0)
(-0.643333 0.212416 0)
(-0.70396 -0.0495485 0)
(-0.627689 -0.467937 0)
(-0.198992 -0.855382 0)
(0.376883 -0.871641 0)
(1.06528 -0.74052 0)
(1.75105 -0.490415 0)
(2.45072 0.0273259 0)
(2.38981 0.512821 0)
(1.35074 0.676831 0)
(0.0942767 0.691274 0)
(-1.12452 0.932855 0)
(-2.50111 1.24598 0)
(-3.56041 0.968101 0)
(-4.23333 0.965568 0)
(-3.56099 -0.229479 0)
(-4.52687 0.806488 0)
(-3.70385 -0.652549 0)
(-4.32656 0.21815 0)
(-3.0501 -0.43779 0)
(-3.05232 -0.83885 0)
(-1.83504 -0.554025 0)
(-1.34327 -0.683165 0)
(-0.634473 -0.655286 0)
(0.0241346 -0.690125 0)
(0.724728 -0.695482 0)
(1.42148 -0.706906 0)
(2.17831 -0.749059 0)
(2.9405 -0.695739 0)
(3.9477 -0.383251 0)
(4.9102 0.112295 0)
(5.04196 0.445146 0)
(4.40151 0.51207 0)
(3.61666 0.417035 0)
(3.03389 0.210606 0)
(2.6149 -0.0518868 0)
(2.39792 -0.143527 0)
(2.27325 0.0926753 0)
(1.59059 0.32724 0)
(1.02012 0.452844 0)
(0.333783 0.529415 0)
(-0.0222666 -0.260043 0)
(0.446332 -0.263015 0)
(1.16678 -1.33131 0)
(1.80007 -0.29885 0)
(1.75674 0.853047 0)
(0.67398 0.529217 0)
(0.175423 0.0461708 0)
(0.396756 -0.554764 0)
(0.665241 -0.656494 0)
(0.799991 -0.418898 0)
(0.589006 -0.0353759 0)
(0.400616 0.63146 0)
(-0.58881 1.3025 0)
(-0.774107 2.16382 0)
(-2.2987 2.48437 0)
(-3.72644 1.55108 0)
(-5.67465 0.40872 0)
(-6.42877 0.12358 0)
(-5.44601 -0.363138 0)
(-6.51876 -1.29995 0)
(-4.43224 -1.41756 0)
(-3.41242 -1.81045 0)
(-2.03509 -2.52908 0)
(-0.317814 -2.33574 0)
(2.12357 -0.862652 0)
(3.31795 0.386012 0)
(4.29639 0.10926 0)
(4.40538 -0.351604 0)
(2.83301 0.273976 0)
(0.395076 1.90822 0)
(-2.72777 3.26495 0)
(-4.94915 3.45441 0)
(-5.57326 2.53529 0)
(-5.55157 1.4654 0)
(-5.38304 0.474414 0)
(-4.96024 -0.303887 0)
(-3.68438 -1.30379 0)
(-2.98814 -2.07453 0)
(-1.32674 -2.61814 0)
(0.44552 -3.29604 0)
(2.41598 -3.43021 0)
(4.34936 -3.0485 0)
(6.20735 -2.51461 0)
(7.87584 -1.96119 0)
(9.25277 -1.49173 0)
(10.4996 -1.04551 0)
(11.6836 -0.460331 0)
(12.4107 0.206086 0)
(12.8509 0.871478 0)
(12.7904 1.48821 0)
(11.9942 1.90827 0)
(10.4728 1.97732 0)
(8.37694 1.79865 0)
(6.19531 1.54167 0)
(4.30151 1.33027 0)
(2.81995 1.16158 0)
(1.70339 0.956975 0)
(0.897373 0.702057 0)
(0.202541 0.487843 0)
(-0.182506 0.283327 0)
(-0.356532 -0.0409534 0)
(-0.402389 -0.553959 0)
(-0.168234 -1.02166 0)
(0.153034 -1.04926 0)
(0.573009 -0.970876 0)
(1.04842 -0.788933 0)
(1.87135 -0.0887166 0)
(2.00219 0.70269 0)
(1.16939 1.08642 0)
(0.0479277 1.23136 0)
(-1.26492 1.45283 0)
(-2.55703 1.74671 0)
(-3.05763 1.07933 0)
(-3.90478 1.1522 0)
(-2.88645 -0.356376 0)
(-4.52721 1.07042 0)
(-2.78991 -0.771352 0)
(-4.69659 0.050098 0)
(-1.95037 -0.694144 0)
(-2.65552 -1.13545 0)
(-1.12497 -0.894128 0)
(-0.665743 -0.937089 0)
(0.126506 -0.940167 0)
(0.747328 -0.964143 0)
(1.35773 -0.986708 0)
(1.93662 -1.00065 0)
(2.68679 -1.00196 0)
(3.31443 -0.966876 0)
(3.87543 -0.818348 0)
(4.86168 -0.331426 0)
(5.84259 0.390856 0)
(5.84988 0.821303 0)
(5.0042 0.780453 0)
(4.03471 0.50161 0)
(3.2243 0.187352 0)
(2.53158 -0.0116715 0)
(2.16522 0.292208 0)
(1.49668 0.607638 0)
(0.87554 0.735917 0)
(0.299746 0.793327 0)
(-0.0734742 -0.352446 0)
(0.583976 -0.553348 0)
(1.19249 -1.60243 0)
(1.64066 -0.387595 0)
(1.67583 1.12545 0)
(0.561613 0.797859 0)
(0.143933 0.143091 0)
(0.148687 -0.622547 0)
(0.213171 -0.662304 0)
(0.0466144 -0.318356 0)
(-0.404411 0.116661 0)
(-0.720319 0.872523 0)
(-1.57398 1.52924 0)
(-1.61131 2.48794 0)
(-2.57004 3.00489 0)
(-3.98395 2.24322 0)
(-6.04082 0.975917 0)
(-6.75413 0.17692 0)
(-5.2777 -0.434752 0)
(-6.8666 -1.45386 0)
(-5.16499 -2.03953 0)
(-4.512 -2.44988 0)
(-2.77603 -3.24578 0)
(-1.57378 -3.1362 0)
(0.762154 -1.75422 0)
(2.8985 -0.294195 0)
(4.16459 -0.101535 0)
(4.0245 0.010039 0)
(2.07827 1.1277 0)
(-0.617276 2.99429 0)
(-3.27603 4.1831 0)
(-4.28976 3.89864 0)
(-4.41552 2.66057 0)
(-4.24305 1.46691 0)
(-3.84066 0.287027 0)
(-3.49274 -0.578118 0)
(-1.97562 -1.57801 0)
(-1.74195 -2.46017 0)
(-0.0746941 -3.2694 0)
(1.5993 -4.04119 0)
(3.24626 -4.24496 0)
(4.89229 -3.82673 0)
(6.54971 -3.21205 0)
(8.03489 -2.58042 0)
(9.37295 -2.0241 0)
(10.5214 -1.55422 0)
(11.6937 -0.871152 0)
(12.6675 -0.0187718 0)
(13.1869 0.745045 0)
(13.392 1.54465 0)
(13.2171 2.25806 0)
(12.2306 2.6382 0)
(10.3892 2.65235 0)
(8.21433 2.40694 0)
(6.11163 2.0914 0)
(4.32818 1.78666 0)
(2.92884 1.44196 0)
(1.87715 1.05475 0)
(0.989868 0.73925 0)
(0.49435 0.432952 0)
(0.179029 0.0496034 0)
(0.0615601 -0.532442 0)
(0.018112 -1.07629 0)
(0.138154 -1.13437 0)
(0.420864 -1.08692 0)
(0.57639 -1.0261 0)
(1.22732 -0.291375 0)
(1.77831 0.823113 0)
(1.162 1.44568 0)
(0.0150241 1.62646 0)
(-1.22857 1.84652 0)
(-2.22308 2.17379 0)
(-2.09329 1.19036 0)
(-3.47684 1.46455 0)
(-2.24562 -0.412804 0)
(-4.70486 1.18237 0)
(-1.81322 -0.856277 0)
(-4.40612 -0.19249 0)
(-1.26655 -1.02354 0)
(-1.88407 -1.4201 0)
(-0.509998 -1.27642 0)
(0.0613113 -1.2338 0)
(0.963694 -1.23374 0)
(1.67887 -1.20369 0)
(2.22686 -1.20037 0)
(2.67741 -1.27237 0)
(3.18596 -1.33939 0)
(3.90359 -1.20142 0)
(4.38112 -1.04533 0)
(4.77942 -0.710542 0)
(5.75187 0.0377037 0)
(6.56938 0.859756 0)
(6.20389 1.19726 0)
(4.97959 0.990098 0)
(3.83026 0.563829 0)
(2.89633 0.3072 0)
(1.97748 0.539983 0)
(1.30036 0.883381 0)
(0.670559 0.951402 0)
(0.275958 1.03657 0)
(-0.0683432 -0.456738 0)
(0.582127 -0.856132 0)
(1.08205 -1.82856 0)
(1.39258 -0.448296 0)
(1.50924 1.3548 0)
(0.448807 1.06123 0)
(0.0942524 0.247006 0)
(-0.148891 -0.60858 0)
(-0.296064 -0.608014 0)
(-0.676392 -0.201651 0)
(-1.38872 0.349093 0)
(-1.9312 1.07795 0)
(-2.57209 1.7022 0)
(-2.58689 2.73461 0)
(-3.22204 3.36863 0)
(-4.25095 2.75078 0)
(-5.91123 1.36191 0)
(-6.10189 0.0844441 0)
(-4.74397 -0.456595 0)
(-5.85098 -1.44895 0)
(-5.27416 -2.32331 0)
(-4.66009 -3.15499 0)
(-3.6462 -3.96329 0)
(-2.51539 -3.84546 0)
(-0.463247 -2.83501 0)
(2.18964 -1.14164 0)
(3.57264 -0.27674 0)
(3.43967 0.465251 0)
(1.45007 2.01324 0)
(-1.10186 3.96324 0)
(-3.1975 4.753 0)
(-3.30566 3.99367 0)
(-3.17759 2.6176 0)
(-2.91473 1.39202 0)
(-2.26145 0.0394259 0)
(-2.14964 -0.999326 0)
(-0.441947 -1.98788 0)
(-0.483368 -2.87638 0)
(1.15169 -3.98741 0)
(2.57203 -4.74057 0)
(3.86247 -4.93715 0)
(5.28349 -4.50368 0)
(6.67731 -3.83848 0)
(8.0165 -3.14043 0)
(9.17984 -2.54666 0)
(10.3847 -2.00808 0)
(11.4478 -1.31564 0)
(12.5605 -0.343913 0)
(13.2223 0.598831 0)
(13.5391 1.46446 0)
(13.7241 2.36078 0)
(13.2976 3.09351 0)
(11.9517 3.39804 0)
(10.004 3.27133 0)
(7.84054 2.92121 0)
(5.90735 2.51503 0)
(4.33749 2.03366 0)
(3.05994 1.52464 0)
(1.99647 1.05055 0)
(1.30076 0.609209 0)
(0.832101 0.166795 0)
(0.650855 -0.443773 0)
(0.366647 -1.05888 0)
(0.277097 -1.2224 0)
(0.584063 -1.14931 0)
(0.569604 -1.09718 0)
(0.660631 -0.51162 0)
(1.36173 0.778015 0)
(1.26141 1.72418 0)
(0.317829 2.1592 0)
(-0.742714 2.29145 0)
(-1.78959 2.48782 0)
(-1.49008 1.26207 0)
(-3.2184 1.69153 0)
(-1.46545 -0.413127 0)
(-4.59058 1.3186 0)
(-0.909396 -0.984535 0)
(-3.94004 -0.404229 0)
(-0.407669 -1.42012 0)
(-1.07761 -1.62499 0)
(0.224197 -1.6383 0)
(0.800245 -1.60044 0)
(1.7431 -1.60441 0)
(2.64873 -1.47873 0)
(3.11153 -1.39713 0)
(3.54339 -1.40552 0)
(3.86196 -1.5289 0)
(4.32985 -1.46342 0)
(5.0287 -1.14664 0)
(5.01862 -0.924473 0)
(5.6544 -0.361114 0)
(6.6694 0.65506 0)
(6.89291 1.46056 0)
(6.03156 1.48393 0)
(4.72007 1.08368 0)
(3.28498 0.714228 0)
(2.21398 0.956501 0)
(1.29906 1.18406 0)
(0.616466 1.22713 0)
(0.187167 1.18863 0)
(-0.0691146 -0.540038 0)
(0.46246 -1.10779 0)
(0.836333 -1.97911 0)
(1.04254 -0.506709 0)
(1.23894 1.57841 0)
(0.096284 1.30561 0)
(0.0206847 0.429159 0)
(-0.506862 -0.450668 0)
(-0.991337 -0.404751 0)
(-1.68895 0.115525 0)
(-2.63121 0.695609 0)
(-3.28566 1.33253 0)
(-3.79852 1.92158 0)
(-3.64704 2.93751 0)
(-3.82303 3.61605 0)
(-4.17272 3.19945 0)
(-5.25472 1.66553 0)
(-4.69428 -0.0955126 0)
(-4.10401 -0.492627 0)
(-4.33812 -1.31744 0)
(-4.29427 -2.29314 0)
(-3.66934 -3.32807 0)
(-4.15134 -4.30281 0)
(-2.93587 -4.41813 0)
(-1.55665 -3.8183 0)
(1.18468 -2.04299 0)
(2.80362 -0.481513 0)
(2.84853 0.884432 0)
(1.0014 2.84909 0)
(-1.1474 4.84503 0)
(-2.41878 5.15455 0)
(-2.18968 4.02254 0)
(-1.91129 2.57353 0)
(-1.60254 1.29869 0)
(-0.527282 -0.159832 0)
(-0.759074 -1.34774 0)
(0.911713 -2.3044 0)
(0.935893 -3.10683 0)
(2.20035 -4.50012 0)
(3.45055 -5.33381 0)
(4.36751 -5.46336 0)
(5.5456 -5.03098 0)
(6.67946 -4.35073 0)
(7.88933 -3.59508 0)
(8.81429 -3.02098 0)
(10.0584 -2.48657 0)
(11.1909 -1.72465 0)
(12.1834 -0.677412 0)
(13.0384 0.377049 0)
(13.395 1.30826 0)
(13.7233 2.32242 0)
(13.8708 3.33117 0)
(13.0724 3.96269 0)
(11.4875 4.06613 0)
(9.4025 3.78705 0)
(7.41874 3.27814 0)
(5.70739 2.67857 0)
(4.33916 2.07097 0)
(3.1706 1.46428 0)
(2.26442 0.891676 0)
(1.59878 0.343081 0)
(1.28463 -0.302471 0)
(0.816247 -0.9459 0)
(0.486418 -1.25004 0)
(0.711061 -1.22691 0)
(0.824049 -1.07494 0)
(0.55137 -0.578689 0)
(0.909562 0.7042 0)
(1.14607 1.88667 0)
(0.351748 2.52602 0)
(-0.472946 2.58247 0)
(-1.29043 2.79929 0)
(-0.917138 1.35845 0)
(-2.80231 1.86013 0)
(-0.618728 -0.258114 0)
(-4.51246 1.32064 0)
(0.464569 -1.12622 0)
(-3.35249 -0.642964 0)
(0.460464 -2.10739 0)
(-0.233718 -1.8292 0)
(0.98325 -1.94761 0)
(1.65662 -1.92969 0)
(2.53228 -2.01483 0)
(3.50962 -1.77287 0)
(4.08706 -1.55839 0)
(4.17588 -1.57127 0)
(4.43579 -1.70129 0)
(4.72959 -1.69488 0)
(5.46603 -1.3294 0)
(5.80231 -0.933606 0)
(5.60749 -0.66011 0)
(6.5437 0.317688 0)
(7.35603 1.43964 0)
(6.73406 1.92444 0)
(5.14076 1.62534 0)
(4.20341 1.2663 0)
(2.72972 1.30298 0)
(1.84643 1.61717 0)
(0.72401 1.41336 0)
(0.417593 1.42586 0)
(-0.0670707 -0.589507 0)
(0.238268 -1.28149 0)
(0.479925 -2.07091 0)
(0.575815 -0.52577 0)
(0.821007 1.80935 0)
(-0.326382 1.46973 0)
(-0.322534 0.532035 0)
(-0.971719 -0.249678 0)
(-1.57618 -0.0865228 0)
(-2.5725 0.455351 0)
(-3.64956 1.05062 0)
(-4.57461 1.55413 0)
(-5.02625 2.03135 0)
(-4.73828 2.90706 0)
(-4.28389 3.59905 0)
(-3.93859 3.42725 0)
(-4.38384 1.7588 0)
(-3.33527 -0.219611 0)
(-3.51334 -0.595996 0)
(-2.92643 -1.38993 0)
(-2.94183 -2.22766 0)
(-2.67619 -3.16162 0)
(-3.1145 -4.38221 0)
(-3.0411 -4.72561 0)
(-2.10426 -4.53225 0)
(0.16606 -2.97361 0)
(2.12089 -0.781098 0)
(2.31456 1.24193 0)
(0.713496 3.53822 0)
(-1.12036 5.38637 0)
(-1.36122 5.22375 0)
(-1.223 3.87942 0)
(-0.728626 2.34264 0)
(-0.560839 0.943323 0)
(1.02025 -0.352025 0)
(0.65587 -1.49203 0)
(1.94544 -2.52336 0)
(2.00674 -3.35744 0)
(3.21378 -4.92955 0)
(4.02988 -5.84863 0)
(4.81177 -5.89676 0)
(5.67977 -5.44257 0)
(6.61182 -4.78738 0)
(7.61203 -3.99527 0)
(8.56366 -3.46429 0)
(9.6563 -2.98478 0)
(10.9517 -2.13617 0)
(11.8592 -1.03458 0)
(12.6051 0.148365 0)
(13.0587 1.17461 0)
(13.4585 2.1481 0)
(13.9442 3.31428 0)
(13.7597 4.31775 0)
(12.6152 4.75383 0)
(10.7967 4.60421 0)
(8.82561 4.06652 0)
(6.9966 3.37513 0)
(5.52776 2.62659 0)
(4.28764 1.92617 0)
(3.30498 1.24817 0)
(2.46499 0.601802 0)
(2.0217 -0.0766134 0)
(1.4176 -0.759065 0)
(0.892092 -1.1902 0)
(0.862647 -1.2861 0)
(1.01387 -1.07946 0)
(0.743621 -0.549385 0)
(0.721549 0.618203 0)
(1.01811 1.99801 0)
(0.312207 2.82561 0)
(-0.234239 2.84269 0)
(-1.12255 2.94668 0)
(-0.501705 1.47296 0)
(-2.4601 2.15474 0)
(0.280159 -0.0853494 0)
(-4.27798 1.16766 0)
(1.14111 -1.44578 0)
(-1.93523 -0.715621 0)
(1.18615 -2.55796 0)
(0.954763 -2.12191 0)
(1.87136 -2.30106 0)
(2.44011 -2.32571 0)
(3.34753 -2.39234 0)
(4.11331 -2.12034 0)
(4.89048 -1.64777 0)
(4.87418 -1.54168 0)
(4.92179 -1.75511 0)
(4.97781 -1.93996 0)
(5.74725 -1.5568 0)
(6.23852 -0.980716 0)
(6.1389 -0.686683 0)
(6.32439 -0.0373438 0)
(7.4159 1.45392 0)
(7.17974 2.35365 0)
(5.99826 2.23744 0)
(4.20617 1.72597 0)
(2.95595 1.94794 0)
(1.64936 1.99333 0)
(1.18264 1.87425 0)
(-0.0543515 1.58658 0)
(-0.10702 -0.585509 0)
(-0.0347783 -1.36686 0)
(0.0514339 -2.09282 0)
(0.00968554 -0.577874 0)
(0.488634 1.99232 0)
(-0.534836 1.67162 0)
(-0.617079 0.736163 0)
(-1.44901 0.0140951 0)
(-2.07117 0.289638 0)
(-3.27627 0.879281 0)
(-4.45084 1.49223 0)
(-5.50772 1.86506 0)
(-5.83905 2.09397 0)
(-5.43759 2.66355 0)
(-4.53714 3.20765 0)
(-3.67816 3.19376 0)
(-3.36083 1.50063 0)
(-2.34779 -0.311381 0)
(-2.51627 -0.807297 0)
(-1.67245 -1.61049 0)
(-1.73341 -2.24588 0)
(-1.7172 -3.13655 0)
(-1.61406 -4.28025 0)
(-2.60618 -4.74381 0)
(-1.95373 -5.02447 0)
(-0.5979 -3.87339 0)
(1.6429 -1.15517 0)
(1.95246 1.50252 0)
(0.727239 4.18766 0)
(-0.8431 5.76481 0)
(-0.0907597 5.19075 0)
(0.0561293 3.8582 0)
(0.627291 2.28515 0)
(0.460873 0.593449 0)
(2.01282 -0.694265 0)
(1.80894 -1.77773 0)
(2.7218 -2.76164 0)
(2.95003 -3.64117 0)
(4.20886 -5.24267 0)
(4.50322 -6.18385 0)
(5.21233 -6.25649 0)
(5.80836 -5.7262 0)
(6.47904 -5.11713 0)
(7.30396 -4.37625 0)
(8.27926 -3.86611 0)
(9.42033 -3.45375 0)
(10.7218 -2.53498 0)
(11.6205 -1.29144 0)
(12.2023 -0.0675403 0)
(12.6557 0.99104 0)
(12.9753 1.9466 0)
(13.6477 3.16142 0)
(14.0138 4.44148 0)
(13.4581 5.23483 0)
(11.9687 5.33079 0)
(10.0543 4.87323 0)
(8.24181 4.08883 0)
(6.60993 3.23078 0)
(5.28564 2.41037 0)
(4.27266 1.62455 0)
(3.34079 0.909691 0)
(2.8069 0.203047 0)
(2.12337 -0.51023 0)
(1.42181 -1.04659 0)
(1.15354 -1.25168 0)
(1.16858 -1.04611 0)
(0.994583 -0.476318 0)
(0.790804 0.586753 0)
(1.02961 1.9955 0)
(0.632211 3.19512 0)
(0.406641 3.07329 0)
(-0.811448 3.07035 0)
(-0.0780125 1.58161 0)
(-2.58254 2.02173 0)
(0.764802 0.0211017 0)
(-3.47635 1.08344 0)
(0.919329 -2.00624 0)
(-0.902857 -0.759917 0)
(1.57368 -2.84171 0)
(2.12948 -2.41193 0)
(3.12713 -2.41997 0)
(3.49212 -2.58971 0)
(3.9883 -2.77001 0)
(4.81924 -2.41725 0)
(5.30424 -1.82727 0)
(5.50876 -1.5896 0)
(5.42627 -1.76157 0)
(5.39112 -2.02384 0)
(5.73473 -1.89258 0)
(6.82535 -1.06341 0)
(6.58141 -0.629626 0)
(6.46617 -0.229892 0)
(7.23995 1.03938 0)
(7.7701 2.48346 0)
(6.42388 2.74378 0)
(4.97558 2.4182 0)
(3.32938 2.28344 0)
(2.81796 2.48496 0)
(1.14727 2.06799 0)
(0.983294 2.02248 0)
(-0.150303 -0.50904 0)
(-0.319712 -1.36189 0)
(-0.416438 -2.08718 0)
(-0.590835 -0.649584 0)
(0.197616 2.06109 0)
(-0.865382 1.85777 0)
(-0.722478 0.965241 0)
(-1.72126 0.335976 0)
(-2.45863 0.698665 0)
(-3.66207 1.34261 0)
(-4.89982 1.88473 0)
(-5.77555 2.10256 0)
(-5.8415 2.04837 0)
(-5.33054 2.29526 0)
(-4.23488 2.62891 0)
(-3.11467 2.71917 0)
(-1.90023 1.23736 0)
(-1.12869 -0.358947 0)
(-0.862503 -1.00239 0)
(-0.291245 -1.76947 0)
(-0.386623 -2.27754 0)
(-0.50843 -3.02391 0)
(-0.627467 -4.0148 0)
(-1.49382 -4.64458 0)
(-1.3388 -5.21261 0)
(-0.996156 -4.64686 0)
(1.33965 -1.61891 0)
(1.64957 1.62884 0)
(1.11846 4.70587 0)
(-0.249608 5.90424 0)
(1.04549 4.90224 0)
(1.31605 3.74063 0)
(2.14855 2.32755 0)
(1.74102 0.518103 0)
(2.6655 -0.89416 0)
(2.81805 -2.00499 0)
(3.43733 -2.82153 0)
(3.78691 -3.91993 0)
(4.81711 -5.46054 0)
(5.00912 -6.44447 0)
(5.45686 -6.53477 0)
(6.02001 -5.89996 0)
(6.1193 -5.36635 0)
(7.12813 -4.74828 0)
(7.97917 -4.34066 0)
(9.21225 -3.96115 0)
(10.5864 -2.93676 0)
(11.59 -1.54293 0)
(11.8834 -0.226424 0)
(12.2303 0.874161 0)
(12.4821 1.74399 0)
(13.1236 2.85421 0)
(13.9051 4.3352 0)
(13.9097 5.53902 0)
(12.8578 5.96048 0)
(11.1847 5.6183 0)
(9.3087 4.83193 0)
(7.6279 3.87799 0)
(6.19305 2.91577 0)
(5.11544 2.04539 0)
(4.10088 1.22882 0)
(3.50992 0.500188 0)
(2.86172 -0.203445 0)
(2.03231 -0.819342 0)
(1.60681 -1.16104 0)
(1.40979 -1.0167 0)
(1.26112 -0.43683 0)
(1.09371 0.599865 0)
(1.16651 1.92659 0)
(0.880054 3.24737 0)
(1.45684 3.29286 0)
(-0.0621602 3.48929 0)
(0.933359 1.94319 0)
(-2.43735 1.90783 0)
(1.24112 -0.010414 0)
(-2.33801 1.01571 0)
(1.16635 -2.3673 0)
(0.126453 -1.21528 0)
(1.95063 -3.45076 0)
(2.38061 -3.08844 0)
(3.70764 -2.72131 0)
(4.55883 -2.63741 0)
(4.53528 -3.00232 0)
(5.30475 -2.72388 0)
(5.86628 -1.87768 0)
(6.01796 -1.58754 0)
(6.11582 -1.73572 0)
(5.83931 -2.04218 0)
(5.85492 -2.16562 0)
(6.93929 -1.28235 0)
(7.22787 -0.583006 0)
(6.83502 -0.283783 0)
(7.08181 0.993809 0)
(7.75586 2.65428 0)
(7.07393 3.3419 0)
(5.46613 2.99757 0)
(3.90052 2.9442 0)
(2.73904 2.86714 0)
(2.03582 2.73003 0)
(-0.158377 2.29678 0)
(-0.216645 -0.354861 0)
(-0.588791 -1.2869 0)
(-0.864067 -2.01533 0)
(-1.17475 -0.682085 0)
(-0.206428 2.19423 0)
(-1.12301 1.94 0)
(-0.856119 1.211 0)
(-1.63141 0.692772 0)
(-2.49645 1.08124 0)
(-3.57048 1.73222 0)
(-4.55677 2.2522 0)
(-5.11017 2.29576 0)
(-4.85583 2.00555 0)
(-4.28519 1.95815 0)
(-3.21506 2.0352 0)
(-2.15118 2.01997 0)
(-0.466799 0.873739 0)
(0.217874 -0.548392 0)
(0.813428 -1.1869 0)
(1.34268 -1.77403 0)
(0.974403 -2.1836 0)
(0.718726 -2.80736 0)
(0.488612 -3.73632 0)
(-0.401305 -4.46484 0)
(-0.332654 -5.097 0)
(-0.868372 -5.06561 0)
(1.12604 -2.04546 0)
(1.5149 1.62762 0)
(1.40757 4.94677 0)
(0.682073 5.83487 0)
(1.85698 4.46801 0)
(1.84857 3.35301 0)
(3.08934 2.12964 0)
(2.77365 0.469133 0)
(3.20116 -0.98042 0)
(3.52678 -2.23762 0)
(3.96188 -2.96259 0)
(4.64786 -4.20616 0)
(5.26099 -5.66591 0)
(5.63433 -6.63789 0)
(5.56696 -6.77797 0)
(6.29518 -5.90373 0)
(5.61793 -5.53011 0)
(6.82616 -5.14635 0)
(7.84569 -4.79557 0)
(8.98174 -4.53985 0)
(10.4235 -3.41395 0)
(11.5601 -1.73165 0)
(11.6994 -0.312804 0)
(11.859 0.773211 0)
(12.0226 1.59167 0)
(12.4578 2.56997 0)
(13.4238 4.08352 0)
(14.0381 5.58749 0)
(13.4925 6.40407 0)
(12.0739 6.32171 0)
(10.3208 5.59558 0)
(8.60011 4.54068 0)
(6.97641 3.46554 0)
(5.86188 2.45878 0)
(4.73229 1.56656 0)
(4.09236 0.807411 0)
(3.57433 0.0903934 0)
(2.68423 -0.545298 0)
(2.12868 -0.973703 0)
(1.74443 -0.899328 0)
(1.5391 -0.362047 0)
(1.37847 0.663262 0)
(1.48038 1.94767 0)
(0.993188 3.13221 0)
(1.83362 3.29002 0)
(-0.112355 3.62177 0)
(2.28963 2.2973 0)
(-1.5018 2.13192 0)
(1.9878 -0.124331 0)
(-0.981762 1.0548 0)
(1.43714 -2.62875 0)
(1.5706 -1.62569 0)
(3.09613 -3.42642 0)
(2.98741 -3.51397 0)
(3.85066 -3.27266 0)
(5.02259 -2.80945 0)
(5.01088 -3.16797 0)
(5.56699 -3.03816 0)
(6.12016 -2.06876 0)
(6.47653 -1.6093 0)
(6.58543 -1.71678 0)
(6.39136 -1.90064 0)
(6.03572 -2.33294 0)
(6.87045 -1.67143 0)
(7.8825 -0.481581 0)
(7.21326 -0.183469 0)
(7.1583 0.713548 0)
(7.74201 2.58953 0)
(7.54456 3.72922 0)
(6.04806 3.70498 0)
(4.23874 3.39724 0)
(3.46764 3.46727 0)
(1.95502 3.10446 0)
(1.16364 2.98769 0)
(-0.291223 -0.164491 0)
(-0.80089 -1.12441 0)
(-1.23905 -1.9178 0)
(-1.70743 -0.780735 0)
(-0.34281 2.13629 0)
(-1.21955 2.00636 0)
(-0.755556 1.33732 0)
(-1.42867 0.967268 0)
(-1.98542 1.46413 0)
(-2.90001 2.03599 0)
(-3.58801 2.48717 0)
(-3.80999 2.37746 0)
(-3.33432 1.89235 0)
(-2.76811 1.64349 0)
(-1.75141 1.59831 0)
(-0.811857 1.41581 0)
(0.637351 0.394571 0)
(1.49471 -0.853477 0)
(1.99845 -1.45595 0)
(2.64441 -1.80214 0)
(2.19142 -1.98787 0)
(1.74361 -2.64097 0)
(1.80509 -3.59414 0)
(0.575508 -4.33348 0)
(0.988057 -4.9732 0)
(0.0128349 -5.23563 0)
(1.0513 -2.55082 0)
(2.00645 1.56805 0)
(1.42562 4.99203 0)
(1.90205 5.7734 0)
(2.93658 4.3451 0)
(2.43413 3.10294 0)
(3.53092 1.92442 0)
(3.38529 0.396208 0)
(3.78576 -1.1142 0)
(4.01233 -2.47489 0)
(4.47957 -3.23099 0)
(5.32867 -4.46304 0)
(5.75366 -5.84485 0)
(6.13644 -6.71325 0)
(5.71889 -6.89734 0)
(6.29764 -5.81177 0)
(5.29689 -5.54785 0)
(6.13084 -5.67651 0)
(7.82023 -5.30165 0)
(8.75415 -5.0452 0)
(10.1392 -3.92103 0)
(11.429 -1.98945 0)
(11.5663 -0.350619 0)
(11.529 0.731907 0)
(11.605 1.51828 0)
(11.8695 2.30748 0)
(12.7911 3.67828 0)
(13.7962 5.46143 0)
(13.8859 6.67906 0)
(12.8534 6.88852 0)
(11.1853 6.29708 0)
(9.4493 5.26477 0)
(7.77404 4.07068 0)
(6.52053 2.94907 0)
(5.33213 1.92365 0)
(4.55699 1.06768 0)
(4.12572 0.366689 0)
(3.34959 -0.251703 0)
(2.76748 -0.760438 0)
(2.20533 -0.773688 0)
(1.98181 -0.320853 0)
(1.63111 0.688866 0)
(1.96192 1.97925 0)
(1.36544 3.22931 0)
(1.74696 3.41166 0)
(-0.403307 3.37307 0)
(2.90718 2.2242 0)
(-0.415493 2.38677 0)
(2.62706 -0.209907 0)
(0.65188 1.01858 0)
(1.80648 -3.07511 0)
(2.77944 -2.42041 0)
(3.71465 -3.46608 0)
(3.90336 -3.5853 0)
(4.35378 -3.67728 0)
(5.15663 -2.973 0)
(5.27228 -3.24331 0)
(5.62493 -3.34318 0)
(6.38619 -2.2225 0)
(6.50741 -1.66202 0)
(6.72104 -1.78494 0)
(7.04673 -1.8475 0)
(6.46204 -2.35012 0)
(6.74304 -2.1251 0)
(8.25748 -0.673201 0)
(7.66561 0.0467234 0)
(7.44006 0.707493 0)
(7.77124 2.447 0)
(7.85721 4.01393 0)
(6.54512 4.21166 0)
(5.01198 3.98031 0)
(3.70118 3.77321 0)
(2.77655 3.8785 0)
(0.276835 3.40107 0)
(-0.291319 0.124553 0)
(-0.920179 -0.901695 0)
(-1.5016 -1.77638 0)
(-2.17103 -0.875132 0)
(-0.413289 2.0077 0)
(-1.30524 1.98008 0)
(-0.450915 1.43501 0)
(-1.0781 1.21171 0)
(-1.32786 1.70119 0)
(-1.90647 2.23329 0)
(-2.27787 2.59686 0)
(-2.23863 2.36012 0)
(-1.65838 1.7528 0)
(-1.2019 1.31865 0)
(-0.239339 1.17381 0)
(0.671208 0.972712 0)
(1.73312 -0.0607497 0)
(2.76486 -1.1747 0)
(3.05763 -1.64543 0)
(3.4186 -1.85513 0)
(3.09418 -1.91683 0)
(2.75441 -2.47157 0)
(3.13352 -3.34018 0)
(1.64705 -4.21524 0)
(2.29301 -4.79883 0)
(1.36508 -5.2118 0)
(1.52104 -3.10377 0)
(2.73146 1.42311 0)
(1.71841 4.84992 0)
(2.92998 5.38347 0)
(4.12459 4.26591 0)
(3.53416 3.01898 0)
(3.98805 1.8729 0)
(3.90143 0.341484 0)
(4.39807 -1.26104 0)
(4.6089 -2.65521 0)
(5.14675 -3.45833 0)
(5.99481 -4.64184 0)
(6.25366 -5.96751 0)
(6.46231 -6.76159 0)
(5.8925 -6.85876 0)
(5.92507 -5.5988 0)
(5.15727 -5.44147 0)
(5.28804 -6.24751 0)
(7.51663 -5.93881 0)
(8.54058 -5.51098 0)
(9.71952 -4.37786 0)
(11.0737 -2.27 0)
(11.4215 -0.371884 0)
(11.225 0.720272 0)
(11.3198 1.44656 0)
(11.4436 2.12263 0)
(12.0953 3.3 0)
(13.3828 5.11765 0)
(13.9567 6.73201 0)
(13.322 7.37689 0)
(11.9469 6.99218 0)
(10.2924 5.96011 0)
(8.50694 4.6878 0)
(7.1845 3.47598 0)
(5.95615 2.3166 0)
(4.96219 1.37163 0)
(4.63658 0.600915 0)
(3.98824 0.00126414 0)
(3.39552 -0.50708 0)
(2.70507 -0.568216 0)
(2.45753 -0.198161 0)
(1.9466 0.770858 0)
(2.37875 1.86782 0)
(2.18002 3.42109 0)
(2.2962 3.86493 0)
(0.191312 3.29561 0)
(3.34695 1.97779 0)
(0.552199 2.5027 0)
(2.81286 -0.450075 0)
(2.48323 0.969519 0)
(3.19504 -2.90277 0)
(4.12415 -3.04329 0)
(3.79858 -3.60376 0)
(4.11607 -3.74726 0)
(4.6989 -4.05627 0)
(5.14943 -3.07155 0)
(5.24925 -3.28666 0)
(5.665 -3.60266 0)
(6.37937 -2.38898 0)
(6.40531 -1.68884 0)
(6.79071 -1.95631 0)
(7.58063 -1.75372 0)
(7.36079 -2.20878 0)
(7.027 -2.46034 0)
(8.25703 -0.853192 0)
(8.32664 0.206762 0)
(7.55828 0.744667 0)
(7.93899 2.36631 0)
(7.89355 4.16152 0)
(7.04507 4.85 0)
(5.20384 4.6067 0)
(4.15046 4.56444 0)
(2.45454 4.34896 0)
(1.54546 4.38613 0)
(-0.321284 0.330052 0)
(-0.947336 -0.628767 0)
(-1.61162 -1.59589 0)
(-2.51587 -1.10138 0)
(-0.234825 1.80845 0)
(-1.15689 1.92675 0)
(-0.283328 1.41704 0)
(-0.603159 1.33631 0)
(-0.480582 1.85346 0)
(-0.752601 2.35171 0)
(-0.843307 2.59591 0)
(-0.583097 2.23357 0)
(0.0986539 1.57796 0)
(0.517071 1.05766 0)
(1.25579 0.74247 0)
(2.25994 0.55527 0)
(3.11958 -0.318858 0)
(4.05804 -1.37327 0)
(4.13612 -1.73205 0)
(4.30612 -1.88734 0)
(3.93993 -1.97308 0)
(3.63638 -2.43858 0)
(4.42285 -3.0762 0)
(2.97384 -4.12167 0)
(3.45856 -4.67366 0)
(2.92004 -4.97434 0)
(2.30961 -3.3521 0)
(2.98569 1.28075 0)
(2.52147 4.69865 0)
(3.61291 4.84749 0)
(4.85293 4.04716 0)
(4.45621 2.94792 0)
(4.56696 1.85047 0)
(4.58105 0.293173 0)
(5.14468 -1.43744 0)
(5.33678 -2.86716 0)
(5.87127 -3.7698 0)
(6.62179 -4.85501 0)
(6.73604 -6.0506 0)
(6.77077 -6.72458 0)
(5.94638 -6.66793 0)
(5.5423 -5.37577 0)
(5.09614 -5.30599 0)
(4.65312 -6.77075 0)
(6.90718 -6.67804 0)
(8.15539 -5.96693 0)
(9.16863 -4.80673 0)
(10.4402 -2.62503 0)
(11.0918 -0.472859 0)
(11.0003 0.710546 0)
(11.0209 1.42637 0)
(11.1437 2.01789 0)
(11.5157 2.91821 0)
(12.7304 4.70077 0)
(13.7356 6.6284 0)
(13.6562 7.64335 0)
(12.4858 7.58399 0)
(10.9984 6.68056 0)
(9.25897 5.37422 0)
(7.86497 4.04584 0)
(6.53114 2.78456 0)
(5.40999 1.6829 0)
(5.07768 0.782155 0)
(4.51123 0.255691 0)
(4.00008 -0.248291 0)
(3.33167 -0.344869 0)
(2.98798 -0.0930342 0)
(2.48365 0.867128 0)
(2.76307 1.79749 0)
(2.36688 3.37807 0)
(3.53408 4.25743 0)
(1.61585 3.41037 0)
(4.13595 1.81443 0)
(1.91442 2.59674 0)
(2.78755 -0.801314 0)
(3.89548 0.445481 0)
(4.34663 -2.83356 0)
(5.47653 -3.2086 0)
(4.40275 -3.42524 0)
(4.60332 -3.7437 0)
(5.09805 -4.31139 0)
(5.08297 -3.12309 0)
(5.21767 -3.30864 0)
(5.7937 -3.84534 0)
(6.53868 -2.53588 0)
(6.43482 -1.693 0)
(6.40071 -2.26756 0)
(7.56992 -2.09553 0)
(8.24721 -1.99487 0)
(7.60959 -2.55553 0)
(8.33605 -1.19327 0)
(8.85791 0.403789 0)
(7.82298 0.843297 0)
(8.02308 2.40808 0)
(7.86831 4.37941 0)
(7.35474 5.23819 0)
(5.82705 5.11096 0)
(4.26273 4.9545 0)
(2.97897 5.18285 0)
(0.391829 4.92855 0)
(-0.278227 0.627783 0)
(-0.832744 -0.299809 0)
(-1.54899 -1.35484 0)
(-2.70353 -1.32855 0)
(0.104265 1.22832 0)
(-0.828348 1.91233 0)
(0.115164 1.33567 0)
(-0.0694525 1.30347 0)
(0.339593 1.79305 0)
(0.453129 2.34227 0)
(0.647849 2.5597 0)
(1.06058 2.06565 0)
(1.74852 1.39578 0)
(2.30614 0.883431 0)
(2.8271 0.376827 0)
(3.55872 0.105952 0)
(4.41054 -0.610138 0)
(4.99413 -1.52269 0)
(4.90966 -1.74744 0)
(5.19132 -1.8381 0)
(4.987 -1.91463 0)
(4.36276 -2.38902 0)
(5.36825 -2.94701 0)
(4.47198 -4.04265 0)
(4.49108 -4.55906 0)
(4.44445 -4.54159 0)
(2.90747 -3.25186 0)
(2.94198 1.14925 0)
(3.61695 4.64605 0)
(4.34194 4.57591 0)
(5.37406 3.87643 0)
(5.27044 2.92226 0)
(5.3503 1.82568 0)
(5.48297 0.237697 0)
(6.06699 -1.59517 0)
(6.27475 -3.03593 0)
(6.70976 -3.96901 0)
(7.26109 -4.91447 0)
(7.19343 -6.00664 0)
(6.96279 -6.55478 0)
(5.91448 -6.2848 0)
(5.19386 -5.09629 0)
(5.00038 -5.15599 0)
(4.08256 -7.17485 0)
(6.15041 -7.46021 0)
(7.632 -6.4431 0)
(8.55499 -5.15418 0)
(9.61777 -3.01658 0)
(10.4249 -0.681541 0)
(10.6118 0.676129 0)
(10.7409 1.40608 0)
(10.8764 1.96482 0)
(11.0277 2.66912 0)
(12.0689 4.22958 0)
(13.3139 6.32401 0)
(13.685 7.79938 0)
(12.9264 8.05769 0)
(11.6247 7.29731 0)
(9.86815 6.0212 0)
(8.49358 4.64758 0)
(7.20179 3.28959 0)
(5.94729 2.03109 0)
(5.4344 0.971198 0)
(4.96873 0.441153 0)
(4.65293 -0.0482093 0)
(3.90652 -0.125224 0)
(3.70872 0.045441 0)
(3.04325 0.884536 0)
(3.53599 1.81662 0)
(2.29454 3.1929 0)
(4.45943 3.9339 0)
(2.98388 3.48837 0)
(4.74719 1.69424 0)
(3.49599 2.75763 0)
(3.58065 -0.824054 0)
(5.04241 -0.321127 0)
(4.97913 -2.98035 0)
(6.26262 -3.34813 0)
(4.97164 -3.31825 0)
(5.2258 -3.68796 0)
(5.52505 -4.48434 0)
(5.42936 -3.07723 0)
(5.18581 -3.39096 0)
(5.943 -4.24727 0)
(6.98461 -2.67485 0)
(6.81362 -1.57788 0)
(6.18133 -2.41244 0)
(7.16588 -2.52776 0)
(8.52147 -2.14629 0)
(8.06102 -2.54872 0)
(8.62894 -1.39441 0)
(9.15937 0.484711 0)
(8.28154 1.08629 0)
(8.00329 2.33491 0)
(8.1129 4.45452 0)
(7.51295 5.6364 0)
(6.05762 5.81728 0)
(4.54083 5.73021 0)
(2.78526 5.77793 0)
(1.59122 6.02157 0)
(-0.170501 0.765288 0)
(-0.622741 -0.0250446 0)
(-1.30893 -1.01486 0)
(-2.69926 -1.27189 0)
(-0.839661 0.876161 0)
(-0.76592 1.7944 0)
(0.375812 1.10084 0)
(0.476035 1.24203 0)
(1.07495 1.67073 0)
(1.58269 2.19712 0)
(2.02343 2.41945 0)
(2.61896 1.83391 0)
(3.16831 1.17989 0)
(3.82669 0.646055 0)
(4.3663 0.097912 0)
(4.83883 -0.187637 0)
(5.54639 -0.828193 0)
(5.53527 -1.66026 0)
(5.22367 -1.83466 0)
(5.53345 -1.79259 0)
(5.69924 -1.77522 0)
(5.08632 -2.32837 0)
(6.18212 -3.02294 0)
(6.11503 -4.05338 0)
(5.49474 -4.44238 0)
(5.82152 -4.10297 0)
(3.69626 -2.88908 0)
(3.14868 0.896069 0)
(4.62774 4.37739 0)
(5.44875 4.41618 0)
(6.21953 3.76008 0)
(6.21412 2.8955 0)
(6.37343 1.75734 0)
(6.63991 0.157051 0)
(7.05607 -1.70612 0)
(7.36021 -3.19916 0)
(7.54089 -4.10997 0)
(7.83834 -4.93039 0)
(7.57862 -5.92275 0)
(7.00974 -6.33923 0)
(5.89707 -5.87408 0)
(4.90193 -4.8142 0)
(4.72069 -4.96914 0)
(3.61163 -7.4247 0)
(5.27709 -8.24159 0)
(6.91151 -6.94784 0)
(7.91672 -5.45061 0)
(8.73391 -3.33646 0)
(9.49136 -0.999673 0)
(9.98768 0.510696 0)
(10.3203 1.33492 0)
(10.6139 1.92537 0)
(10.7153 2.4833 0)
(11.4392 3.79364 0)
(12.7404 5.91913 0)
(13.5318 7.73426 0)
(13.0552 8.42146 0)
(12.0036 7.91709 0)
(10.5125 6.6659 0)
(9.12945 5.23836 0)
(7.81781 3.80396 0)
(6.52268 2.45613 0)
(5.89474 1.18357 0)
(5.35291 0.593867 0)
(5.35368 0.139296 0)
(4.31423 0.123649 0)
(4.51129 0.217681 0)
(3.37915 1.01013 0)
(4.46094 1.90884 0)
(2.70989 3.17194 0)
(4.93704 3.49381 0)
(4.14851 3.54681 0)
(4.93869 1.51837 0)
(4.90981 2.8131 0)
(4.96116 -0.717504 0)
(6.09935 -0.841153 0)
(5.83121 -2.895 0)
(6.86644 -3.35953 0)
(5.52586 -3.22974 0)
(5.78084 -3.64297 0)
(5.87325 -4.62089 0)
(5.77768 -2.97735 0)
(5.55092 -3.51942 0)
(6.28155 -4.69974 0)
(7.3486 -2.89918 0)
(7.09798 -1.35424 0)
(6.44871 -2.48356 0)
(7.00011 -3.08257 0)
(8.39318 -2.39325 0)
(8.40424 -2.67716 0)
(8.86636 -1.62421 0)
(9.34579 0.528222 0)
(8.70102 1.36641 0)
(8.0513 2.40644 0)
(8.27134 4.58033 0)
(7.73547 5.91807 0)
(6.40223 6.31271 0)
(4.92661 6.2916 0)
(3.48914 6.63357 0)
(0.544505 6.6682 0)
(-0.0412803 0.931474 0)
(-0.162541 0.249259 0)
(-0.695252 -0.643946 0)
(-2.24946 -1.13214 0)
(-1.80853 0.189193 0)
(0.0831895 1.66963 0)
(0.639346 0.911958 0)
(0.88348 1.00585 0)
(1.59107 1.34626 0)
(2.3279 1.83541 0)
(3.11593 2.16507 0)
(4.05203 1.62194 0)
(4.4837 1.07287 0)
(5.12757 0.443105 0)
(5.46912 -0.189717 0)
(5.88461 -0.40341 0)
(6.63403 -0.808847 0)
(6.39142 -1.45878 0)
(5.70737 -1.7753 0)
(5.59794 -1.92518 0)
(6.1169 -1.99756 0)
(5.96173 -2.50549 0)
(7.15353 -3.25952 0)
(7.87889 -4.09584 0)
(6.66335 -4.33427 0)
(7.19314 -3.70509 0)
(5.05502 -2.47187 0)
(3.9939 0.589674 0)
(5.49832 3.82678 0)
(6.59471 4.14969 0)
(7.21733 3.62855 0)
(7.29079 2.86086 0)
(7.50028 1.64511 0)
(7.85015 0.0973788 0)
(8.14227 -1.76418 0)
(8.4216 -3.29142 0)
(8.33723 -4.11807 0)
(8.33984 -4.83752 0)
(7.86964 -5.709 0)
(7.08592 -5.98955 0)
(5.92007 -5.30794 0)
(4.58375 -4.44775 0)
(4.27315 -4.7805 0)
(3.34021 -7.53515 0)
(4.35512 -8.89509 0)
(5.95726 -7.46335 0)
(7.03441 -5.73079 0)
(7.78312 -3.58145 0)
(8.42628 -1.32605 0)
(9.09247 0.23035 0)
(9.67513 1.16577 0)
(10.2025 1.81758 0)
(10.4331 2.34818 0)
(10.9252 3.42195 0)
(12.0165 5.50018 0)
(13.0839 7.58465 0)
(13.1078 8.60154 0)
(12.3674 8.34106 0)
(10.9421 7.23338 0)
(9.61444 5.84291 0)
(8.48903 4.34387 0)
(7.14959 2.91025 0)
(6.51079 1.44731 0)
(5.61001 0.706775 0)
(6.06404 0.269888 0)
(4.83627 0.321204 0)
(5.43505 0.280409 0)
(3.95931 1.11036 0)
(5.25141 1.82545 0)
(3.77025 3.19236 0)
(5.31845 3.18797 0)
(5.45755 3.5436 0)
(5.22959 1.42774 0)
(6.09076 2.5586 0)
(6.32452 -0.696761 0)
(7.15817 -1.18359 0)
(6.55412 -2.90321 0)
(7.52599 -3.276 0)
(6.0317 -3.13262 0)
(6.61302 -3.50633 0)
(5.87548 -4.67318 0)
(6.20565 -2.90268 0)
(6.13807 -3.63636 0)
(6.51109 -5.11024 0)
(7.45293 -3.15374 0)
(7.40031 -1.23627 0)
(7.01365 -2.35239 0)
(7.2985 -3.38294 0)
(8.37377 -2.75498 0)
(8.76064 -2.71441 0)
(8.89325 -1.84174 0)
(9.37302 0.599295 0)
(9.00611 1.65489 0)
(8.20056 2.46442 0)
(8.34417 4.62981 0)
(7.96395 6.41288 0)
(6.63422 6.87169 0)
(5.39912 6.99728 0)
(3.59394 7.26313 0)
(1.89766 8.01672 0)
(0.179505 0.863208 0)
(0.27898 0.328145 0)
(0.131622 -0.27968 0)
(-1.16218 -0.765202 0)
(-1.12257 -0.495298 0)
(0.510809 0.895393 0)
(1.26025 0.819634 0)
(1.31883 0.829313 0)
(2.15165 1.04751 0)
(2.81603 1.37178 0)
(3.67701 1.66495 0)
(5.01914 1.23226 0)
(5.43177 0.93372 0)
(6.14048 0.32095 0)
(6.23393 -0.399158 0)
(6.40127 -0.664654 0)
(6.96195 -0.916183 0)
(6.92887 -1.31469 0)
(6.47515 -1.52786 0)
(6.43663 -1.93133 0)
(7.30142 -2.32119 0)
(7.50037 -2.66231 0)
(8.37371 -3.41435 0)
(9.35859 -4.10637 0)
(7.92523 -4.16345 0)
(8.289 -3.33737 0)
(6.6794 -2.00493 0)
(5.31007 0.387437 0)
(6.36871 3.27601 0)
(7.62464 3.88912 0)
(8.13373 3.52562 0)
(8.34361 2.77652 0)
(8.67149 1.50497 0)
(8.98657 0.00705311 0)
(9.23047 -1.80469 0)
(9.34987 -3.29479 0)
(9.00741 -4.04422 0)
(8.75884 -4.65232 0)
(8.09536 -5.43189 0)
(7.12162 -5.61237 0)
(5.88874 -4.73211 0)
(4.29417 -3.97928 0)
(3.73716 -4.59116 0)
(3.12909 -7.57624 0)
(3.19761 -9.34512 0)
(4.88959 -7.97883 0)
(5.86105 -6.01719 0)
(6.56984 -3.8008 0)
(7.2988 -1.65546 0)
(8.04142 -0.111065 0)
(8.80496 0.921483 0)
(9.58952 1.64779 0)
(10.0131 2.23675 0)
(10.363 3.17888 0)
(11.3359 5.02389 0)
(12.6669 7.24967 0)
(12.8707 8.67179 0)
(12.3888 8.73244 0)
(11.2737 7.77976 0)
(10.0924 6.3838 0)
(9.10654 4.83631 0)
(7.76033 3.36526 0)
(7.20708 1.76839 0)
(6.02703 0.862178 0)
(6.62108 0.303922 0)
(5.5372 0.571024 0)
(6.0764 0.369238 0)
(4.78706 1.26316 0)
(5.74584 1.67768 0)
(5.01911 3.21011 0)
(5.65831 2.99933 0)
(6.84871 3.49078 0)
(6.05653 1.466 0)
(7.17536 2.13899 0)
(7.49059 -0.743298 0)
(8.13676 -1.37501 0)
(7.45645 -2.78999 0)
(8.05008 -3.13679 0)
(6.52166 -3.06514 0)
(7.35717 -3.28172 0)
(5.92018 -4.66217 0)
(6.68245 -2.95803 0)
(6.74468 -3.60732 0)
(6.7834 -5.29944 0)
(7.41359 -3.42846 0)
(7.42608 -1.12926 0)
(7.24866 -2.39142 0)
(7.77501 -3.63547 0)
(8.56743 -3.01233 0)
(9.10084 -2.75178 0)
(8.82301 -1.89232 0)
(9.4878 0.56758 0)
(9.19831 1.85578 0)
(8.38544 2.69004 0)
(8.38332 4.5947 0)
(8.1779 6.55472 0)
(6.96436 7.33504 0)
(5.81621 7.48011 0)
(4.3011 8.13994 0)
(0.975991 8.89032 0)
(0.316826 0.782509 0)
(0.576939 0.320159 0)
(0.950399 -0.0749809 0)
(-0.0937577 -0.464166 0)
(0.406004 -0.530051 0)
(-0.297904 0.350241 0)
(1.84515 0.655166 0)
(1.60796 0.656498 0)
(2.55698 0.69805 0)
(3.33658 1.03862 0)
(4.02124 1.19589 0)
(5.40515 0.775215 0)
(5.90806 0.715378 0)
(6.82283 0.223878 0)
(6.87127 -0.509147 0)
(6.74847 -0.759732 0)
(7.1027 -0.998374 0)
(7.25583 -1.44768 0)
(7.03351 -1.58307 0)
(7.65467 -2.08562 0)
(8.77851 -2.73688 0)
(9.15621 -2.85376 0)
(9.69089 -3.50089 0)
(10.5683 -4.20213 0)
(9.19648 -3.94711 0)
(9.0227 -2.99724 0)
(8.16122 -1.57739 0)
(6.69923 0.338488 0)
(7.26837 2.85215 0)
(8.60346 3.63537 0)
(9.00254 3.42032 0)
(9.41489 2.66961 0)
(9.83523 1.35317 0)
(10.0138 -0.0573851 0)
(10.2052 -1.79365 0)
(10.0955 -3.22363 0)
(9.55881 -3.87791 0)
(9.04365 -4.41834 0)
(8.25067 -5.10633 0)
(7.20444 -5.12859 0)
(5.74317 -4.11437 0)
(4.08238 -3.44912 0)
(3.24245 -4.37719 0)
(2.73453 -7.4853 0)
(1.94089 -9.62839 0)
(3.98809 -8.42117 0)
(4.63981 -6.24275 0)
(5.23642 -4.0333 0)
(6.08553 -2.00056 0)
(6.94884 -0.491861 0)
(7.93871 0.564296 0)
(8.88558 1.37976 0)
(9.43093 2.09544 0)
(9.85885 2.93219 0)
(10.6682 4.62711 0)
(11.9537 6.90906 0)
(12.4964 8.57875 0)
(12.3318 8.94707 0)
(11.4296 8.19461 0)
(10.3398 6.84693 0)
(9.66757 5.29511 0)
(8.41222 3.84728 0)
(7.87484 2.11035 0)
(6.63039 1.09777 0)
(6.9574 0.238391 0)
(6.35353 0.777522 0)
(6.48511 0.41036 0)
(5.71629 1.40476 0)
(5.95725 1.52239 0)
(6.37958 3.20066 0)
(5.88105 2.72732 0)
(7.94647 3.25901 0)
(7.13919 1.50947 0)
(8.16671 1.80682 0)
(8.53298 -0.731044 0)
(9.06097 -1.48772 0)
(8.21903 -2.69196 0)
(8.66332 -2.88905 0)
(6.84522 -3.03687 0)
(8.11269 -3.01628 0)
(6.08209 -4.57479 0)
(7.14343 -3.21071 0)
(7.29747 -3.62313 0)
(7.06272 -5.25502 0)
(7.43766 -3.55146 0)
(7.28952 -1.18555 0)
(7.19887 -2.49536 0)
(8.10631 -3.92489 0)
(8.72622 -3.38898 0)
(9.19203 -2.7758 0)
(8.87121 -1.97469 0)
(9.6012 0.516526 0)
(9.12743 1.99704 0)
(8.74015 2.82884 0)
(8.33863 4.7341 0)
(8.3683 6.89146 0)
(7.41658 7.86214 0)
(6.12835 8.0571 0)
(4.82865 8.74346 0)
(2.4982 10.574 0)
(0.813202 0.385236 0)
(1.00732 0.122448 0)
(2.06273 -0.0654404 0)
(1.23353 -0.382425 0)
(2.25893 -0.397289 0)
(0.524047 0.211499 0)
(2.3527 0.226687 0)
(2.26413 0.477102 0)
(3.07083 0.292604 0)
(3.60592 0.659318 0)
(4.3824 0.787058 0)
(5.43531 0.32952 0)
(6.01762 0.390816 0)
(7.20652 0.0834447 0)
(7.45992 -0.573288 0)
(7.16338 -0.788452 0)
(7.75473 -1.03378 0)
(8.37093 -1.51985 0)
(8.23482 -1.76029 0)
(9.18931 -2.33438 0)
(10.3581 -3.19295 0)
(10.4985 -3.16549 0)
(10.8436 -3.52984 0)
(11.5822 -4.24075 0)
(10.4796 -3.70894 0)
(9.74332 -2.64581 0)
(9.34751 -1.26181 0)
(7.94999 0.422789 0)
(8.10874 2.51556 0)
(9.47612 3.34216 0)
(9.87226 3.27813 0)
(10.409 2.51849 0)
(10.8297 1.20963 0)
(10.8666 -0.0878049 0)
(10.9937 -1.73892 0)
(10.6465 -3.0827 0)
(9.97505 -3.62537 0)
(9.27107 -4.08953 0)
(8.37168 -4.72997 0)
(7.22325 -4.60412 0)
(5.67666 -3.43101 0)
(3.94709 -2.83341 0)
(2.86649 -4.08851 0)
(2.20062 -7.24389 0)
(0.943645 -9.87557 0)
(3.22002 -8.81844 0)
(3.64254 -6.36226 0)
(4.10221 -4.27396 0)
(4.97983 -2.47229 0)
(5.9028 -0.998968 0)
(7.1408 0.135846 0)
(8.24832 1.06629 0)
(8.85827 1.92201 0)
(9.29148 2.72619 0)
(9.95036 4.22656 0)
(11.2027 6.50967 0)
(11.9259 8.42102 0)
(12.117 9.08874 0)
(11.5164 8.51232 0)
(10.55 7.19953 0)
(10.0269 5.64693 0)
(9.0371 4.27482 0)
(8.4472 2.43702 0)
(7.45244 1.41245 0)
(7.13252 0.164136 0)
(7.11121 0.952842 0)
(6.81906 0.44773 0)
(6.6996 1.5302 0)
(6.05382 1.33758 0)
(7.49355 3.10948 0)
(6.41908 2.68761 0)
(8.4875 2.81718 0)
(8.14032 1.39031 0)
(9.00894 1.61854 0)
(9.23886 -0.826083 0)
(9.74888 -1.56602 0)
(8.91551 -2.48922 0)
(9.13898 -2.54333 0)
(7.05439 -2.9653 0)
(8.62495 -2.86784 0)
(6.47283 -4.39661 0)
(7.69759 -3.46451 0)
(7.709 -3.55373 0)
(7.325 -5.12531 0)
(7.42955 -3.59313 0)
(7.1077 -1.19619 0)
(7.17605 -2.76575 0)
(8.15682 -4.08237 0)
(8.65533 -3.63802 0)
(9.10406 -2.78814 0)
(8.94456 -2.00028 0)
(9.47841 0.444583 0)
(9.10042 2.2061 0)
(8.84937 3.0232 0)
(8.48474 4.7436 0)
(8.54828 6.92184 0)
(7.86501 8.28017 0)
(6.51656 8.6516 0)
(5.69621 9.19598 0)
(1.96029 11.5432 0)
(4.90649 0.724489 0)
(-3.87967 0.000631057 0)
(1.52003 -0.0672781 0)
(0.766784 -0.009479 0)
(1.42845 -0.0045196 0)
(1.47338 0.00084371 0)
(1.50242 0.000143113 0)
(1.53892 0.000697144 0)
(1.54194 -0.00106423 0)
(1.54069 0.000145195 0)
(9.00394 0.772558 0)
(-3.64081 0.244508 0)
(3.75522 -0.445754 0)
(2.71596 -0.0408871 0)
(3.55491 -0.0465781 0)
(3.80469 -0.0155873 0)
(3.88974 -0.00898446 0)
(4.0185 -0.00286347 0)
(4.04135 -0.00221741 0)
(4.03481 0.0017375 0)
(11.7191 1.51872 0)
(-0.859684 0.464358 0)
(5.30595 -0.759551 0)
(4.48724 -0.101243 0)
(5.21985 -0.089721 0)
(5.63872 -0.0476279 0)
(5.76011 -0.026836 0)
(5.98945 -0.0143544 0)
(6.05812 -0.00619651 0)
(6.07822 0.00315314 0)
(13.7659 2.05237 0)
(2.4785 0.706548 0)
(7.01234 -0.92074 0)
(6.25785 -0.166027 0)
(6.67314 -0.12933 0)
(7.17396 -0.0895188 0)
(7.29991 -0.0525847 0)
(7.63106 -0.0356356 0)
(7.76294 -0.0168438 0)
(7.85501 0.00137156 0)
(15.1801 2.35335 0)
(5.70714 0.918608 0)
(8.82797 -0.965922 0)
(8.04018 -0.20592 0)
(8.0051 -0.146198 0)
(8.47622 -0.133585 0)
(8.55029 -0.0846078 0)
(8.97312 -0.0671852 0)
(9.15466 -0.0367821 0)
(9.35299 -0.00569301 0)
(15.7829 2.49465 0)
(8.40583 1.07069 0)
(10.4618 -0.938501 0)
(9.70664 -0.215178 0)
(9.26927 -0.129044 0)
(9.68709 -0.165932 0)
(9.61197 -0.117855 0)
(10.0991 -0.109584 0)
(10.2652 -0.069252 0)
(10.5674 -0.0207108 0)
(15.7148 2.50865 0)
(10.4045 1.13947 0)
(11.7271 -0.862527 0)
(11.0707 -0.203964 0)
(10.4335 -0.0930119 0)
(10.9433 -0.178186 0)
(10.692 -0.137141 0)
(11.1927 -0.147842 0)
(11.275 -0.102768 0)
(11.5737 -0.0417173 0)
(15.2589 2.46472 0)
(11.6909 1.13669 0)
(12.6228 -0.769198 0)
(12.0772 -0.187605 0)
(11.4039 -0.0721871 0)
(12.1027 -0.193366 0)
(11.8046 -0.14598 0)
(12.24 -0.179195 0)
(12.335 -0.122926 0)
(12.5442 -0.0561402 0)
(14.5492 2.3856 0)
(12.3507 1.05416 0)
(13.2077 -0.686815 0)
(12.7973 -0.169962 0)
(12.259 -0.0735144 0)
(13.0746 -0.226164 0)
(12.9364 -0.150225 0)
(13.2145 -0.208041 0)
(13.3449 -0.143009 0)
(13.5196 -0.0650328 0)
(13.7489 2.27726 0)
(12.6464 0.924887 0)
(13.5783 -0.617843 0)
(13.2866 -0.159632 0)
(13.0791 -0.0958694 0)
(13.8144 -0.277949 0)
(13.9506 -0.160006 0)
(14.1443 -0.226976 0)
(14.2533 -0.163489 0)
(14.4359 -0.0742567 0)
(13.1286 2.15011 0)
(12.8313 0.756715 0)
(13.8152 -0.579237 0)
(13.5322 -0.175406 0)
(13.8012 -0.141743 0)
(14.3333 -0.338946 0)
(14.7139 -0.187306 0)
(14.9287 -0.244256 0)
(15.0123 -0.185274 0)
(15.2141 -0.0860312 0)
(12.7605 1.98395 0)
(13.0756 0.556751 0)
(14.0436 -0.557628 0)
(13.6398 -0.213432 0)
(14.3118 -0.210296 0)
(14.6608 -0.399072 0)
(15.2363 -0.23377 0)
(15.4563 -0.262932 0)
(15.5335 -0.206213 0)
(15.6943 -0.0999432 0)
(12.5512 1.83712 0)
(13.5572 0.369187 0)
(14.3368 -0.519103 0)
(13.7715 -0.24725 0)
(14.6358 -0.290563 0)
(14.8835 -0.46074 0)
(15.5377 -0.295334 0)
(15.5835 -0.281015 0)
(15.605 -0.217997 0)
(15.5743 -0.10624 0)
(12.4786 1.62346 0)
(14.1816 0.176159 0)
(14.5594 -0.478294 0)
(13.9955 -0.28245 0)
(14.9424 -0.377142 0)
(15.0119 -0.51135 0)
(15.3917 -0.333398 0)
(15.0979 -0.27256 0)
(14.9435 -0.202496 0)
(14.7033 -0.0955545 0)
(12.57 1.28385 0)
(14.575 0.00105721 0)
(14.6488 -0.434987 0)
(14.4281 -0.329802 0)
(15.125 -0.437656 0)
(14.6268 -0.50352 0)
(14.4897 -0.31347 0)
(13.9061 -0.227591 0)
(13.6028 -0.161932 0)
(13.2696 -0.0738001 0)
(12.5431 0.812395 0)
(14.5544 -0.151118 0)
(14.7297 -0.433876 0)
(14.5602 -0.371601 0)
(14.4361 -0.41718 0)
(13.332 -0.415632 0)
(12.8253 -0.243459 0)
(12.134 -0.162746 0)
(11.7776 -0.113777 0)
(11.4506 -0.0507447 0)
(12.5137 0.353303 0)
(14.3442 -0.310461 0)
(14.0253 -0.431472 0)
(13.2551 -0.330872 0)
(12.5057 -0.311983 0)
(11.1967 -0.285319 0)
(10.5902 -0.159566 0)
(9.94763 -0.0990551 0)
(9.62434 -0.0699335 0)
(9.35774 -0.0309574 0)
(12.3547 -0.131424 0)
(12.8861 -0.361058 0)
(11.7306 -0.320311 0)
(10.6218 -0.211476 0)
(9.7121 -0.177696 0)
(8.53321 -0.158598 0)
(7.994 -0.0852102 0)
(7.48878 -0.0478328 0)
(7.2506 -0.0358948 0)
(7.05922 -0.0162685 0)
(10.4197 -0.343295 0)
(9.53332 -0.239621 0)
(8.11076 -0.158282 0)
(7.09299 -0.0903861 0)
(6.35682 -0.0648741 0)
(5.53382 -0.0602937 0)
(5.15252 -0.0313194 0)
(4.83281 -0.013993 0)
(4.69536 -0.0132549 0)
(4.57571 -0.00659851 0)
(5.02754 -0.241013 0)
(3.98658 -0.0340447 0)
(3.12612 -0.0097341 0)
(2.62357 -0.000759242 0)
(2.33345 0.00384839 0)
(2.03823 -0.0013705 0)
(1.88544 -0.000886405 0)
(1.77701 0.00136512 0)
(1.73651 -0.00122125 0)
(1.68733 -0.000722524 0)
)
;

boundaryField
{
    inlet
    {
        type            fixedValue;
        value           uniform (10 0 0);
    }
    outlet
    {
        type            zeroGradient;
    }
    walls
    {
        type            fixedValue;
        value           uniform (0 0 0);
    }
    frontAndBack
    {
        type            empty;
    }
}


// ************************************************************************* //
