/*--------------------------------*- C++ -*----------------------------------*\
| =========                 |                                                 |
| \\      /  F ield         | OpenFOAM: The Open Source CFD Toolbox           |
|  \\    /   O peration     | Version:  2.4.0                                 |
|   \\  /    A nd           | Web:      www.OpenFOAM.org                      |
|    \\/     M anipulation  |                                                 |
\*---------------------------------------------------------------------------*/
FoamFile
{
    version     2.0;
    format      ascii;
    class       volScalarField;
    location    "0.04";
    object      k_0;
}
// * * * * * * * * * * * * * * * * * * * * * * * * * * * * * * * * * * * * * //

dimensions      [0 2 -2 0 0 0 0];

internalField   nonuniform List<scalar> 
4400
(
9.54188
8.4797
6.51569
5.31001
4.58291
4.29766
3.97074
3.80357
3.85755
3.16442
4.42127
6.74926
6.73215
6.32143
5.63985
5.31422
4.90819
4.68413
4.6637
4.39375
1.19214
3.15075
4.20464
4.55044
4.44767
4.32217
4.09218
3.93937
3.87985
3.80275
0.167653
0.950195
1.69003
2.3358
2.64716
2.80852
2.85202
2.84068
2.82493
2.81429
0.0177402
0.170803
0.391169
0.755323
1.08346
1.29607
1.54263
1.62161
1.74127
1.742
0.00151467
0.0199203
0.0522735
0.121927
0.272428
0.354414
0.547423
0.620303
0.782463
0.814357
0.000140768
0.0019997
0.00461028
0.0116953
0.034147
0.0505792
0.106372
0.133879
0.201403
0.247382
4.14164e-05
0.00032524
0.000500476
0.000962612
0.0024179
0.00352671
0.0103212
0.0140073
0.0223935
0.0382551
3.43041e-05
0.00013475
0.000213272
0.000284427
0.000336913
0.000345957
0.000716463
0.000877777
0.00129077
0.00233982
3.34851e-05
0.000107036
0.000185038
0.00022913
0.000233283
0.000221376
0.000224657
0.000225028
0.000236376
0.000267107
3.36219e-05
0.000101441
0.000175858
0.0002276
0.000233437
0.000229207
0.000218294
0.000234036
0.000275865
0.000424932
3.45756e-05
8.63989e-05
0.000197726
0.000288098
0.000330011
0.000460576
0.000546686
0.00118285
0.00220973
0.00508174
4.04654e-05
0.000169265
0.000478932
0.00125646
0.00216439
0.00510433
0.00794533
0.0187675
0.0300182
0.0616075
0.000136521
0.00142103
0.00494791
0.0158056
0.0284221
0.0625095
0.0899487
0.164811
0.214999
0.344617
0.00144574
0.0162601
0.0559955
0.149872
0.233487
0.397452
0.50362
0.703823
0.795978
1.00028
0.0168957
0.145669
0.435427
0.754295
1.06995
1.33509
1.52223
1.70124
1.77624
1.93577
0.160205
0.918285
1.75045
2.30406
2.67777
2.79418
2.88119
2.87587
2.88041
2.90387
1.14799
3.16225
4.25458
4.51346
4.48232
4.26537
4.1601
3.92915
3.87691
3.76951
4.38423
6.78233
6.75589
6.2604
5.74514
5.17673
4.992
4.60913
4.52678
4.24956
9.50802
8.50984
6.52176
5.26077
4.66726
4.16964
4.01366
3.67792
3.57501
3.16312
2.15899
1.77753
1.38733
1.27075
0.921365
0.463473
0.351566
0.348099
0.389017
0.405698
0.322501
0.251211
0.261897
0.370009
0.49347
0.523787
0.502998
0.428249
0.244876
0.105424
0.0590673
0.0470486
0.0471542
0.0542755
0.0613449
0.0930666
0.107238
0.102813
0.107158
0.112531
0.109181
0.0898785
0.0653425
0.048102
0.039519
0.0360033
0.0316142
0.0245291
0.0169442
0.0107387
0.00638821
0.00362332
0.00197762
0.00104362
0.000533643
0.00026476
0.000127622
5.98719e-05
2.73881e-05
1.22515e-05
5.36995e-06
2.3185e-06
9.85246e-07
4.18487e-07
1.76164e-07
7.93464e-08
3.95598e-08
3.72632e-08
6.99175e-08
1.84294e-07
1.00091e-06
2.22226e-06
1.68791e-05
1.93301e-05
0.000106579
9.74761e-05
0.000288727
0.000263936
0.000539173
0.000507356
0.00086843
0.000875298
0.00131078
0.00138091
0.00199755
0.00215055
0.00288952
0.00310383
0.00454445
0.0046828
0.00745564
0.00741958
0.0106692
0.0101815
0.012972
0.0104372
0.00994816
0.00543177
0.00362991
0.00141491
0.000821241
0.000286124
0.000291209
0.000324771
0.000656543
0.000720917
0.00217692
0.00458806
0.0360267
0.347725
3.22132
2.54042
1.86464
1.66802
1.54172
1.13464
0.744328
0.660221
0.736388
0.733639
0.477628
0.370413
0.414252
0.539059
0.552701
0.541193
0.470153
0.267404
0.109786
0.0567955
0.0447182
0.0451176
0.0521259
0.091305
0.110834
0.136544
0.155942
0.149735
0.128645
0.121256
0.113721
0.0940159
0.0692194
0.051016
0.041622
0.0362396
0.030083
0.022639
0.0155214
0.00988995
0.0059577
0.00342745
0.00189346
0.00100809
0.000518676
0.000258426
0.00012492
5.87112e-05
2.68876e-05
1.20366e-05
5.27766e-06
2.27983e-06
9.68733e-07
4.12683e-07
1.73638e-07
8.12627e-08
4.06243e-08
4.8289e-08
9.54202e-08
3.08993e-07
1.32816e-06
3.65122e-06
1.75457e-05
2.66504e-05
8.68114e-05
0.000112535
0.000132962
0.000201055
0.000299682
0.000329309
0.000923687
0.000841992
0.00170748
0.0015288
0.00254451
0.00235819
0.00334007
0.00324472
0.0034381
0.00391098
0.00434051
0.00524927
0.00576773
0.00704631
0.0105993
0.0121036
0.0198347
0.0207033
0.0245226
0.0182495
0.0127988
0.0042041
0.00270388
0.0009773
0.00142007
0.00113551
0.00327286
0.00484355
0.0362129
0.25205
3.06616
2.58416
2.04682
1.6907
1.61148
1.50683
1.2552
1.085
1.044
0.962439
0.750482
0.68788
0.664749
0.610383
0.561952
0.466536
0.256854
0.107663
0.0540785
0.0414276
0.0428636
0.0530508
0.0823404
0.175487
0.228178
0.224848
0.216139
0.203947
0.166609
0.138379
0.122455
0.0999798
0.0746441
0.0553155
0.0438466
0.0360225
0.0283549
0.0206577
0.0139714
0.00888949
0.00537971
0.00311759
0.00173696
0.000932758
0.000483565
0.000242473
0.000117847
5.56556e-05
2.56023e-05
1.15109e-05
5.06772e-06
2.19883e-06
9.37783e-07
4.02393e-07
1.69773e-07
8.29891e-08
4.41787e-08
6.20256e-08
1.33793e-07
5.53293e-07
1.87522e-06
6.36507e-06
1.66177e-05
3.41593e-05
4.96769e-05
9.22341e-05
0.000114468
0.000138307
0.000670863
0.000569712
0.00185932
0.00150994
0.00247039
0.00222867
0.0028462
0.0028784
0.00334573
0.00356396
0.00382813
0.00428737
0.0051231
0.0053428
0.00578375
0.00680097
0.00758424
0.00903848
0.012495
0.0157371
0.0318623
0.0333529
0.056893
0.0366783
0.034621
0.0123774
0.00985997
0.00312301
0.0145508
0.00758077
0.0471546
0.178614
2.41326
2.08024
1.85429
1.51666
1.33176
1.31096
1.27279
1.15474
0.995193
0.88377
0.852271
0.814397
0.717163
0.571255
0.428574
0.210387
0.0951583
0.0479104
0.0363817
0.0388561
0.0532812
0.0950179
0.183585
0.328339
0.371906
0.359941
0.313146
0.267818
0.209267
0.162825
0.130975
0.104254
0.079124
0.059105
0.0451568
0.0349775
0.0261922
0.0185657
0.0124541
0.00795052
0.00484982
0.00283309
0.00158758
0.000855107
0.000443812
0.000222601
0.00010822
5.11604e-05
2.35847e-05
1.06414e-05
4.70759e-06
2.05579e-06
8.82727e-07
3.83001e-07
1.62852e-07
8.31167e-08
4.76887e-08
7.54303e-08
1.66462e-07
7.74283e-07
2.11482e-06
9.28724e-06
1.4377e-05
4.25208e-05
4.35419e-05
6.0096e-05
0.000154488
0.000202415
0.000681422
0.000721194
0.000723316
0.00116306
0.00106083
0.00159501
0.00159877
0.00225904
0.00229773
0.00289403
0.00302029
0.0038041
0.00410859
0.00495824
0.0052771
0.00616013
0.00772952
0.00848618
0.0111778
0.013035
0.0210643
0.0268017
0.0696483
0.069239
0.150256
0.0770022
0.099109
0.0314939
0.0390223
0.0169455
0.0484729
0.127009
1.56333
1.35283
1.30246
1.20934
0.978247
0.929542
0.964027
0.948
0.819604
0.650995
0.617054
0.573284
0.46671
0.300954
0.151171
0.0703675
0.0380868
0.0294961
0.0328468
0.0494436
0.101495
0.222056
0.403593
0.504661
0.517466
0.493047
0.425336
0.341417
0.251709
0.180265
0.142475
0.11631
0.088346
0.0631231
0.0452704
0.0328783
0.0236939
0.0166136
0.0112279
0.00727645
0.00450621
0.00266252
0.00150179
0.000810503
0.000420003
0.000209855
0.000101519
4.77468e-05
2.1913e-05
9.85691e-06
4.35504e-06
1.90438e-06
8.20142e-07
3.5909e-07
1.53998e-07
8.18694e-08
5.18927e-08
8.88918e-08
2.03375e-07
9.29513e-07
2.22703e-06
1.06072e-05
1.18561e-05
3.43989e-05
3.70351e-05
5.44018e-05
0.000145819
0.000234669
0.000294739
0.000542245
0.000446285
0.000739311
0.000750434
0.00112754
0.001057
0.00158415
0.00159979
0.00204627
0.00203595
0.00272169
0.00286927
0.00384415
0.00395802
0.0050689
0.00547287
0.00692113
0.00781754
0.00998985
0.0140036
0.0175779
0.0372123
0.048969
0.199657
0.167387
0.594247
0.320689
0.402863
0.105144
0.0911122
0.11287
0.743311
0.643539
0.659615
0.669622
0.598678
0.52308
0.534984
0.531469
0.457482
0.347762
0.314015
0.263288
0.16294
0.0897988
0.044957
0.0247469
0.0216246
0.025291
0.0421463
0.0991786
0.246313
0.508832
0.619821
0.629935
0.593737
0.541097
0.48754
0.40003
0.29797
0.217472
0.164271
0.124222
0.0911279
0.064121
0.0442336
0.0309277
0.0220104
0.0155842
0.010727
0.00707201
0.00443564
0.00264237
0.00149721
0.000809512
0.000419262
0.000208859
0.000100527
4.6974e-05
2.14043e-05
9.55995e-06
4.19727e-06
1.82685e-06
7.84296e-07
3.44304e-07
1.48712e-07
8.17389e-08
6.03022e-08
1.09708e-07
2.70511e-07
1.13579e-06
2.53195e-06
1.13597e-05
1.06968e-05
2.81183e-05
2.84736e-05
4.98301e-05
9.76372e-05
0.000241284
0.000222264
0.000346061
0.000324848
0.000486157
0.000417783
0.000685665
0.000696706
0.00102535
0.00101636
0.00151879
0.00140933
0.00206238
0.00210386
0.00298318
0.00291548
0.00430524
0.00445222
0.00605797
0.00687312
0.00995949
0.0119622
0.0169129
0.0236322
0.0418345
0.0650838
0.10329
0.232617
0.276648
0.401853
0.324782
0.303118
0.151656
0.224076
0.189261
0.207255
0.241858
0.224618
0.19133
0.201294
0.199006
0.160134
0.113748
0.0946078
0.0719412
0.0431031
0.0246543
0.0147477
0.0147227
0.0181594
0.033204
0.0872223
0.240078
0.581883
0.703356
0.704955
0.676765
0.600925
0.544236
0.505886
0.428299
0.324398
0.23194
0.16816
0.128286
0.0954428
0.0643795
0.0426349
0.0297041
0.0215169
0.0155533
0.0108982
0.00729066
0.00462041
0.00276897
0.00157202
0.000848588
0.000437588
0.000216684
0.000103584
4.8059e-05
2.17452e-05
9.64674e-06
4.20956e-06
1.82203e-06
7.79124e-07
3.41001e-07
1.48011e-07
8.10418e-08
6.31252e-08
1.05376e-07
2.61032e-07
8.50541e-07
1.89795e-06
7.07769e-06
5.98633e-06
1.65051e-05
1.57674e-05
3.82124e-05
6.25425e-05
0.000201386
0.000147213
0.000235857
0.000225171
0.000329537
0.000302343
0.000487265
0.000479063
0.000700107
0.000643385
0.000961296
0.000928782
0.00138263
0.00139352
0.00206437
0.00195516
0.00283452
0.0030684
0.00435538
0.00467498
0.00762298
0.00899536
0.012397
0.0293711
0.037156
0.142144
0.121248
0.386729
0.321965
0.429871
0.37683
0.37873
0.261139
0.0349882
0.0305349
0.0362634
0.0514754
0.0466799
0.038479
0.0420883
0.0407417
0.0327987
0.022567
0.0181479
0.014888
0.0102321
0.00925877
0.00993057
0.0139035
0.0282589
0.0723334
0.212758
0.581081
0.768359
0.765782
0.726678
0.640746
0.563821
0.523228
0.496748
0.441811
0.342186
0.23785
0.178222
0.140817
0.0987783
0.0642797
0.0424916
0.0301411
0.0225769
0.0169698
0.0122772
0.00835892
0.00531475
0.00315905
0.00176484
0.000933428
0.000471015
0.000228447
0.000107242
4.90296e-05
2.194e-05
9.65732e-06
4.19412e-06
1.80973e-06
7.73797e-07
3.38152e-07
1.48102e-07
8.00911e-08
6.52055e-08
1.01901e-07
2.62263e-07
6.98293e-07
1.73803e-06
4.14329e-06
4.63237e-06
1.00211e-05
1.08591e-05
2.42208e-05
4.19446e-05
0.000136565
9.92733e-05
0.000152411
0.000177143
0.000253307
0.000227421
0.000357531
0.000368268
0.000530249
0.000579351
0.000708665
0.000732039
0.00108562
0.00119698
0.00162117
0.00168297
0.00226973
0.00270901
0.00371274
0.00380737
0.0055095
0.00639946
0.00896113
0.00971812
0.0235467
0.0284937
0.0888405
0.100222
0.23622
0.380718
0.376288
0.385357
0.309917
0.00226209
0.00221988
0.00330298
0.00514096
0.00456411
0.0037587
0.00433637
0.00423038
0.00341036
0.00287888
0.00328327
0.00463752
0.00615712
0.00874917
0.0151733
0.0320962
0.0720802
0.17403
0.508568
0.821062
0.839951
0.781233
0.651393
0.539122
0.487324
0.478569
0.474657
0.440525
0.344673
0.256704
0.196569
0.144233
0.0981533
0.0630952
0.0425511
0.0323353
0.0261143
0.0206089
0.0151585
0.010219
0.00632999
0.00363172
0.00195098
0.00099237
0.000482847
0.000226687
0.000103315
4.59684e-05
2.00911e-05
8.68141e-06
3.72889e-06
1.6016e-06
6.88185e-07
3.02663e-07
1.35731e-07
7.37804e-08
6.44153e-08
1.0165e-07
2.6739e-07
6.85901e-07
2.05656e-06
2.99658e-06
6.42479e-06
6.8582e-06
9.75584e-06
1.69001e-05
3.56361e-05
8.64929e-05
8.42449e-05
0.000101698
0.00016792
0.000203297
0.000205599
0.000262809
0.000329797
0.00038975
0.000557922
0.000574095
0.000645563
0.000841184
0.00115295
0.00125277
0.0015916
0.00184068
0.00260724
0.00293309
0.00348711
0.00465237
0.00600927
0.0082152
0.00833751
0.0171112
0.017471
0.0550694
0.0450537
0.149398
0.142867
0.2923
0.453104
0.385836
0.00030895
0.000422414
0.000480941
0.000481959
0.000645822
0.000954654
0.00114569
0.00108382
0.00114727
0.0014363
0.00221888
0.00669991
0.0152584
0.0255567
0.0474388
0.0904102
0.17639
0.388155
0.850153
0.92558
0.859027
0.658691
0.541023
0.495883
0.444009
0.439427
0.442712
0.422343
0.338846
0.258367
0.194901
0.141138
0.0944423
0.0611848
0.0441845
0.0354716
0.0286708
0.0217593
0.015105
0.00962075
0.00569041
0.00315728
0.00165786
0.000830527
0.000399916
0.000186437
8.48316e-05
3.79507e-05
1.67883e-05
7.3739e-06
3.22632e-06
1.41146e-06
6.18496e-07
2.75714e-07
1.26819e-07
6.89057e-08
6.3919e-08
1.07351e-07
2.89653e-07
8.73789e-07
2.38113e-06
4.24035e-06
1.07925e-05
9.44913e-06
2.19522e-05
1.9192e-05
5.69334e-05
6.13614e-05
0.000115471
0.000113481
0.000167572
0.000194359
0.000284938
0.000276535
0.000444116
0.000414356
0.000716345
0.000620012
0.000912244
0.000886588
0.00155617
0.0013339
0.00208865
0.00195477
0.00313042
0.00297811
0.00432609
0.00451096
0.00633582
0.00706194
0.00764449
0.0131227
0.0131588
0.0357343
0.0296626
0.100447
0.0892904
0.172813
0.296249
0.354248
0.000798049
0.00102451
0.000888046
0.000718522
0.00105314
0.00306259
0.00350915
0.0036353
0.00406443
0.00553554
0.0102874
0.0289144
0.0501508
0.0740827
0.132178
0.214323
0.379019
0.822042
1.0044
0.954525
0.723966
0.519003
0.491371
0.47729
0.425426
0.415707
0.415118
0.393543
0.324749
0.248963
0.187411
0.137808
0.0904647
0.0609807
0.0482469
0.0420269
0.03526
0.0269013
0.0185929
0.011824
0.00698681
0.00387668
0.00203842
0.00102352
0.000494232
0.000231007
0.000105124
4.68216e-05
2.05091e-05
8.876e-06
3.81254e-06
1.632e-06
7.00175e-07
3.03421e-07
1.37638e-07
7.0842e-08
6.57896e-08
1.13844e-07
3.29337e-07
1.18638e-06
3.29077e-06
8.0829e-06
1.9488e-05
2.04632e-05
4.9068e-05
3.2204e-05
0.000111545
7.40771e-05
0.000219249
0.00016051
0.000277585
0.000283851
0.000451754
0.000344378
0.00081348
0.000546664
0.00125786
0.000883694
0.00161898
0.00112446
0.0026177
0.00173141
0.00333643
0.00243715
0.00470247
0.00343438
0.00608648
0.00498716
0.00792963
0.00721225
0.00861453
0.0112079
0.0120579
0.0255438
0.0232268
0.0686336
0.0620403
0.126005
0.140166
0.240864
0.00925373
0.0101567
0.00874768
0.00799704
0.0093905
0.0182805
0.0219681
0.0241743
0.0287434
0.0369476
0.0550045
0.0985279
0.129912
0.181937
0.296864
0.431215
0.753764
1.03778
1.03939
0.858752
0.522638
0.458839
0.465638
0.453796
0.406823
0.398812
0.403268
0.379524
0.306202
0.238237
0.187129
0.134353
0.0885135
0.0633857
0.054588
0.0515541
0.0455842
0.0323107
0.0206704
0.0123428
0.00695517
0.00370924
0.00188
0.00091455
0.000430904
0.000197975
8.91398e-05
3.9512e-05
1.73293e-05
7.54913e-06
3.28431e-06
1.42753e-06
6.26237e-07
2.75785e-07
1.28629e-07
6.64048e-08
6.21621e-08
1.05419e-07
3.20358e-07
1.17159e-06
3.6777e-06
1.02571e-05
2.37594e-05
3.51782e-05
8.71101e-05
6.59173e-05
0.000259547
0.000128828
0.000520474
0.000326198
0.000543102
0.000516597
0.00086723
0.000581198
0.00171781
0.000937272
0.00230257
0.00155904
0.00305706
0.00180746
0.00479393
0.00278316
0.00558147
0.00359926
0.00785314
0.00472557
0.00928974
0.00640041
0.0116848
0.00828121
0.0132334
0.0117875
0.0140925
0.0206704
0.0210506
0.0495763
0.0465545
0.0937291
0.0980389
0.148652
0.0759396
0.0811465
0.0773092
0.0717111
0.0760108
0.10092
0.11066
0.117109
0.132265
0.163274
0.203032
0.253476
0.305723
0.420478
0.533082
0.73244
1.00834
1.09183
0.986292
0.597736
0.423781
0.408833
0.41189
0.394934
0.374355
0.353848
0.367989
0.347662
0.286423
0.234876
0.185612
0.12745
0.0880433
0.0701429
0.0662477
0.060101
0.0452403
0.0297988
0.0180553
0.0103584
0.00571866
0.00307612
0.00162124
0.000833471
0.000416596
0.000202526
9.61296e-05
4.47174e-05
2.04611e-05
9.25439e-06
4.16542e-06
1.89009e-06
8.75614e-07
4.49354e-07
2.219e-07
2.18197e-07
1.97051e-07
4.18449e-07
6.8674e-07
1.85517e-06
4.66344e-06
1.08194e-05
2.69951e-05
4.65795e-05
0.000149334
0.000132122
0.000694286
0.000309883
0.00141361
0.000841943
0.00137941
0.00120774
0.00197232
0.00132918
0.00392983
0.00198454
0.0052027
0.00344727
0.00652885
0.00361906
0.00945457
0.00519632
0.0105882
0.00635286
0.0138793
0.00749347
0.0155543
0.00957348
0.0187256
0.0111004
0.0190381
0.0141452
0.021369
0.0212504
0.0224615
0.0394398
0.0381326
0.0688225
0.0706622
0.100355
0.343474
0.344096
0.32871
0.307969
0.31754
0.349926
0.35007
0.353624
0.38001
0.406811
0.456911
0.520069
0.616795
0.71141
0.795914
0.980433
1.09748
1.06764
0.73459
0.4447
0.330254
0.304765
0.309712
0.327584
0.345746
0.312683
0.308299
0.302413
0.271109
0.228645
0.171537
0.120899
0.0927419
0.0861355
0.0751919
0.057509
0.0383868
0.0239624
0.0145907
0.0087589
0.00517573
0.00298952
0.00168243
0.000925334
0.000498908
0.000264899
0.000139606
7.42122e-05
4.07635e-05
2.40371e-05
1.55436e-05
1.15183e-05
9.07975e-06
8.47086e-06
7.30592e-06
8.96873e-06
7.92966e-06
1.38203e-05
1.21599e-05
2.62313e-05
2.80379e-05
3.78001e-05
8.36613e-05
9.76352e-05
0.000413183
0.000347295
0.00210684
0.000937997
0.0041641
0.00240574
0.00410138
0.00346366
0.00490216
0.00351641
0.009439
0.00462335
0.0115308
0.00774832
0.0128499
0.0078439
0.0182707
0.0102557
0.0188633
0.0120205
0.0240696
0.0131028
0.0260932
0.016269
0.0304015
0.0171892
0.0307663
0.0204648
0.0317953
0.0257404
0.027788
0.0372514
0.0365459
0.0520824
0.0539645
0.072021
0.956263
0.917075
0.816565
0.740517
0.750008
0.75927
0.719804
0.68991
0.703303
0.723172
0.761143
0.802636
0.886244
0.947764
1.01029
1.08988
1.08761
0.854132
0.501619
0.377155
0.274552
0.242647
0.244495
0.284079
0.309552
0.293121
0.273919
0.264055
0.240751
0.202636
0.157402
0.124569
0.111976
0.0941787
0.0713401
0.0477724
0.0311031
0.0204066
0.0134525
0.00883937
0.00581495
0.00386713
0.00261712
0.00181497
0.00130335
0.00098021
0.000776877
0.000650541
0.000569009
0.000520351
0.000482687
0.000466101
0.000442825
0.000439043
0.000422612
0.000448643
0.000422868
0.000506599
0.000457232
0.000614862
0.000559214
0.000662831
0.000837041
0.00073419
0.00217073
0.00168431
0.00745375
0.00360481
0.0135985
0.00763326
0.0134336
0.0111409
0.0142661
0.0104806
0.0231111
0.0116436
0.0266742
0.0177451
0.0261626
0.0181233
0.0357392
0.0203511
0.0354433
0.0240806
0.0426583
0.0243808
0.0450232
0.0288644
0.0506136
0.0301381
0.0506423
0.0342264
0.0504431
0.0366098
0.0416354
0.040958
0.0404382
0.0483009
0.0497336
0.0575701
1.77492
1.59852
1.3814
1.26645
1.23202
1.13173
1.00573
0.988668
0.999764
1.00137
0.999173
1.01533
1.06864
1.09327
1.09943
1.08457
0.922189
0.518044
0.41213
0.355958
0.260143
0.226933
0.222039
0.235609
0.274647
0.279787
0.255513
0.240764
0.219607
0.191335
0.162148
0.140859
0.115378
0.085382
0.0586086
0.0412108
0.0298719
0.0224848
0.0180414
0.0154736
0.0139858
0.0130964
0.0125391
0.0121653
0.0118913
0.01168
0.0115003
0.0113645
0.0112253
0.0111548
0.0110287
0.0110043
0.0109009
0.0109094
0.0107966
0.0109257
0.0106949
0.0111086
0.0106775
0.0114381
0.0109387
0.011453
0.012118
0.0108615
0.016146
0.0124325
0.0303726
0.019497
0.0475365
0.0270882
0.0472094
0.0378778
0.0445832
0.0344745
0.058345
0.0333751
0.0648477
0.0427213
0.0563211
0.0427755
0.0707529
0.0409536
0.067048
0.049307
0.0750146
0.0443913
0.0787828
0.0549991
0.085531
0.052455
0.0851637
0.0596566
0.0843083
0.0585017
0.0651152
0.0542343
0.0540209
0.0548922
0.0546664
0.0561776
2.55483
2.17951
1.84755
1.63723
1.50551
1.34425
1.2454
1.22686
1.18838
1.15988
1.1662
1.17748
1.16181
1.13605
1.07413
0.88156
0.499691
0.362172
0.388971
0.385108
0.283944
0.234869
0.220916
0.215608
0.238329
0.251655
0.249974
0.231796
0.215576
0.192462
0.165727
0.135493
0.103151
0.077629
0.0620426
0.0560421
0.0556947
0.0580041
0.0641773
0.0698068
0.0744767
0.0782287
0.0811561
0.083386
0.0850483
0.0862821
0.0871716
0.0878579
0.0883127
0.0887497
0.0889258
0.0893057
0.0893159
0.0896465
0.0893713
0.090072
0.0891222
0.0907974
0.0885673
0.0921639
0.0885747
0.0942592
0.0912838
0.0930696
0.0989205
0.0846384
0.116493
0.0860999
0.159923
0.10592
0.158354
0.119285
0.135874
0.109136
0.140645
0.0959092
0.146574
0.0979542
0.123616
0.0955516
0.133046
0.0870977
0.131376
0.0962353
0.133714
0.0881882
0.147155
0.103672
0.15032
0.0963507
0.154385
0.112259
0.15057
0.10285
0.113882
0.0899371
0.0905628
0.0847364
0.0827641
0.0725846
3.09025
2.44704
2.02707
1.77361
1.59967
1.4499
1.38266
1.35782
1.30361
1.27164
1.25494
1.21975
1.14869
1.00297
0.719528
0.420654
0.279237
0.30793
0.461642
0.566354
0.472848
0.367888
0.314514
0.245722
0.212549
0.224631
0.231826
0.226957
0.213079
0.191425
0.164798
0.138532
0.123764
0.124502
0.141903
0.17339
0.201679
0.22457
0.242067
0.255048
0.264691
0.271917
0.27737
0.28151
0.284669
0.287107
0.288996
0.290501
0.291656
0.292671
0.293308
0.29415
0.294371
0.295209
0.29496
0.296277
0.294669
0.298288
0.293144
0.30282
0.290101
0.312678
0.288715
0.329593
0.296398
0.338547
0.316417
0.292033
0.350032
0.26911
0.369494
0.281557
0.329155
0.277291
0.300578
0.237555
0.30659
0.228737
0.28433
0.225579
0.273341
0.207384
0.29225
0.213092
0.279558
0.206141
0.314067
0.218342
0.308208
0.212171
0.328602
0.236665
0.319768
0.218302
0.261521
0.210438
0.220375
0.207109
0.210022
0.190443
3.13459
2.37004
1.97173
1.76133
1.62201
1.52285
1.47539
1.41868
1.34159
1.28015
1.1756
1.0167
0.768129
0.475955
0.276346
0.199394
0.20761
0.304222
0.510004
0.725476
0.880355
0.913908
0.922124
0.755514
0.447828
0.285232
0.249046
0.239274
0.231297
0.228049
0.231541
0.25384
0.294688
0.341964
0.385593
0.419161
0.443662
0.462296
0.476672
0.487955
0.496953
0.504207
0.510091
0.51488
0.518792
0.521991
0.524622
0.52678
0.52857
0.530044
0.531265
0.532339
0.533071
0.534134
0.534278
0.535762
0.53459
0.538349
0.532335
0.544527
0.524875
0.560065
0.5106
0.594865
0.496296
0.656061
0.49846
0.728136
0.537014
0.715853
0.597291
0.662
0.595127
0.695363
0.587969
0.710911
0.645358
0.644793
0.679031
0.681868
0.665411
0.641613
0.73172
0.638745
0.71393
0.639619
0.792742
0.636291
0.786297
0.641393
0.870054
0.692823
0.87501
0.701246
0.892698
0.839152
0.942883
1.04811
1.15106
1.22626
2.0712
1.67978
1.52339
1.4355
1.34628
1.25179
1.14675
1.00711
0.84128
0.669841
0.49203
0.335388
0.219786
0.15601
0.142877
0.158837
0.206552
0.272271
0.353044
0.539482
0.935656
1.46407
2.1382
2.57331
2.62238
1.9397
1.15526
0.654194
0.380857
0.255322
0.214294
0.233627
0.280425
0.332759
0.379332
0.416574
0.445631
0.468603
0.487215
0.502587
0.515393
0.526065
0.534931
0.542267
0.548324
0.553312
0.557431
0.560822
0.563652
0.565981
0.567978
0.569618
0.571052
0.572347
0.573114
0.574782
0.573986
0.577707
0.571791
0.584462
0.56227
0.602558
0.539428
0.643269
0.503448
0.715259
0.469105
0.841853
0.46607
1.05901
0.529946
1.29072
0.63888
1.49404
0.729604
1.69935
0.834841
1.84633
0.98241
1.94814
1.07354
2.114
1.2209
2.17498
1.3696
2.32701
1.54445
2.2835
1.72051
2.42859
2.05648
2.46651
2.30523
2.736
2.98755
3.69925
3.96039
4.94265
4.98242
5.84959
0.0843747
0.161135
0.338443
0.702163
1.56989
2.01901
1.74084
1.32181
0.976446
0.607388
0.731456
2.06677
3.71202
4.96314
5.4831
5.5538
4.87347
3.7702
2.93145
1.82873
1.33936
0.677784
0.437749
0.250894
0.188658
0.187207
0.257524
0.387369
0.552523
0.710781
0.826446
0.886121
0.897519
0.88256
0.843127
0.799737
0.758304
0.72179
0.691043
0.666056
0.646126
0.630381
0.617993
0.608247
0.600558
0.594461
0.589593
0.585668
0.582463
0.579797
0.577533
0.575536
0.57373
0.571978
0.570261
0.5684
0.566446
0.564142
0.56163
0.558574
0.55521
0.551211
0.546808
0.541892
0.536472
0.530865
0.524657
0.518558
0.51182
0.505106
0.497836
0.489997
0.481681
0.472089
0.461689
0.449723
0.436068
0.420757
0.402962
0.3829
0.360171
0.33425
0.305527
0.273665
0.238607
0.202172
0.16357
0.127124
0.093035
0.0674558
0.0586848
0.0669359
0.0930741
0.136811
0.174837
0.190019
0.173252
0.104026
0.0485479
0.0217991
0.102993
0.114381
0.135043
0.179432
0.231786
0.4838
0.667706
0.581982
0.786459
1.86484
2.41102
2.57689
2.72887
2.06218
1.4946
0.976341
0.546416
0.41802
0.319218
0.233029
0.204338
0.160798
0.146275
0.144683
0.133033
0.128834
0.126619
0.136151
0.169679
0.234912
0.321938
0.416975
0.50053
0.558485
0.592972
0.60687
0.607158
0.603544
0.594625
0.585378
0.576946
0.569611
0.563416
0.558291
0.554083
0.550646
0.547847
0.545566
0.543708
0.542183
0.540935
0.539893
0.539038
0.538287
0.537673
0.537075
0.536591
0.536032
0.535569
0.534951
0.534364
0.533592
0.532698
0.531703
0.530337
0.529052
0.527165
0.525501
0.523215
0.52102
0.518457
0.515629
0.512671
0.509325
0.505547
0.501785
0.496904
0.4923
0.486355
0.480244
0.472704
0.465242
0.454199
0.446108
0.429515
0.41941
0.39709
0.382517
0.351396
0.328593
0.282795
0.246404
0.188084
0.152931
0.119861
0.0943349
0.0694899
0.058676
0.045625
0.0398698
0.10397
0.113521
0.144644
0.213035
0.225802
0.257074
0.325598
0.584878
1.66946
2.10351
2.01369
1.40245
0.709312
0.394572
0.263804
0.225281
0.219473
0.231402
0.219901
0.216111
0.215388
0.206953
0.188176
0.183282
0.159893
0.136861
0.112835
0.0912087
0.0758822
0.0679197
0.067616
0.0736565
0.0943858
0.142567
0.189897
0.229533
0.260723
0.282984
0.296984
0.304866
0.30864
0.309849
0.309593
0.308817
0.30756
0.306254
0.305021
0.303919
0.302969
0.302175
0.301524
0.301019
0.300636
0.30038
0.300245
0.30025
0.300305
0.300496
0.300746
0.30126
0.301675
0.302347
0.302942
0.303586
0.30439
0.304813
0.30578
0.306106
0.306968
0.307396
0.308355
0.308961
0.310296
0.311089
0.313307
0.314074
0.317748
0.31837
0.323895
0.324535
0.332084
0.33319
0.342804
0.344842
0.355322
0.357052
0.364997
0.363685
0.36512
0.359034
0.35955
0.344848
0.332377
0.283115
0.236022
0.168937
0.139105
0.0992222
0.060628
0.051145
0.106443
0.122301
0.184163
0.265562
0.312988
0.331589
0.439743
1.19327
1.89094
1.74274
0.887028
0.456218
0.270193
0.22853
0.249155
0.285641
0.323348
0.333161
0.306896
0.280097
0.265136
0.23876
0.235386
0.227861
0.219985
0.201755
0.170454
0.129023
0.0909194
0.0651582
0.0472582
0.034465
0.0281735
0.0276578
0.029928
0.037032
0.0501663
0.0629433
0.0735118
0.0813507
0.0866908
0.0900719
0.0920417
0.0930891
0.0935483
0.0936441
0.0935646
0.0933938
0.0931742
0.0929635
0.0927698
0.0926252
0.0925203
0.0924868
0.0924879
0.0925411
0.0926424
0.0928983
0.0930992
0.0935545
0.0938599
0.0944795
0.0949819
0.0955818
0.0963787
0.0968632
0.0978134
0.0984975
0.0991484
0.100533
0.101067
0.102864
0.103476
0.106142
0.106902
0.110472
0.111651
0.116544
0.118482
0.124983
0.128304
0.136969
0.142667
0.153702
0.166861
0.179331
0.204006
0.225119
0.256687
0.286435
0.311555
0.325028
0.330635
0.32546
0.29919
0.262358
0.181482
0.136025
0.0833778
0.0599374
0.10591
0.13143
0.221154
0.326047
0.41877
0.549658
0.936315
1.56097
1.68771
0.846323
0.386923
0.249995
0.225103
0.276755
0.357432
0.391687
0.409158
0.402437
0.404261
0.310325
0.285847
0.247545
0.240677
0.240682
0.240616
0.228937
0.205748
0.178182
0.138949
0.0980285
0.0683775
0.0475279
0.0331751
0.0231065
0.0152939
0.0105445
0.00922545
0.00930526
0.00976863
0.0108761
0.0118933
0.0125834
0.0129739
0.0130831
0.0130464
0.0129371
0.0127441
0.0125398
0.0123402
0.0121621
0.0120034
0.0118784
0.0117727
0.011706
0.0116624
0.0116647
0.0116757
0.0117271
0.0117821
0.0119255
0.0120285
0.0122487
0.0124389
0.0126181
0.0129854
0.0131382
0.013531
0.0137153
0.014171
0.0144118
0.0149406
0.0152881
0.01602
0.0164885
0.0175683
0.0181936
0.0197287
0.0207338
0.0224278
0.0251531
0.0267782
0.0310284
0.0338051
0.0405813
0.0452981
0.0555028
0.0645344
0.0820704
0.0992166
0.128249
0.160021
0.211187
0.249679
0.287019
0.281122
0.262942
0.218819
0.144488
0.0969906
0.0761703
0.104645
0.146446
0.254882
0.372328
0.536967
0.792442
1.19736
1.46466
1.07269
0.416554
0.242478
0.213506
0.259628
0.370099
0.409678
0.428691
0.439388
0.417324
0.433617
0.328941
0.295761
0.249413
0.243054
0.248779
0.255865
0.249266
0.222159
0.192996
0.166845
0.130241
0.0906878
0.0626659
0.0437953
0.0308186
0.0214086
0.0144
0.00942022
0.00605461
0.00389268
0.00258909
0.00184499
0.00143128
0.00119496
0.00104784
0.000944206
0.000863449
0.000795728
0.000738101
0.000688638
0.000647594
0.000612614
0.000585523
0.000562371
0.000547822
0.000534062
0.000530551
0.000530065
0.000534312
0.000539695
0.00055705
0.000569518
0.000599687
0.000622584
0.000650478
0.000702896
0.000724005
0.000779854
0.000807555
0.00086902
0.000927432
0.000966037
0.00107784
0.00113549
0.0012826
0.00138816
0.00152436
0.00185744
0.00201749
0.00247466
0.00278436
0.00350034
0.00413824
0.0051993
0.00684771
0.00833561
0.011789
0.014857
0.0221146
0.0283983
0.0438476
0.057075
0.0883889
0.114128
0.164606
0.206119
0.209797
0.197432
0.156514
0.0971882
0.0942685
0.104695
0.162212
0.276288
0.397056
0.605746
0.893471
1.13983
1.1566
0.528793
0.255133
0.203559
0.224566
0.324068
0.373489
0.388665
0.392733
0.391267
0.378061
0.361131
0.319594
0.275008
0.241064
0.247631
0.271546
0.28986
0.289664
0.25556
0.203343
0.172667
0.149549
0.118191
0.0822683
0.0557343
0.0379995
0.0261979
0.0180153
0.0121013
0.00782504
0.00485144
0.00291601
0.00170036
0.000959815
0.000529673
0.000290083
0.000160917
9.29186e-05
5.73769e-05
3.85218e-05
2.81205e-05
2.21194e-05
1.83527e-05
1.59821e-05
1.42429e-05
1.3262e-05
1.23451e-05
1.20667e-05
1.19203e-05
1.215e-05
1.23415e-05
1.31972e-05
1.37575e-05
1.53567e-05
1.6442e-05
1.80671e-05
2.11154e-05
2.2184e-05
2.5816e-05
2.71881e-05
3.19258e-05
3.4121e-05
3.81918e-05
4.58098e-05
5.00095e-05
6.27819e-05
7.02094e-05
9.03874e-05
0.000107412
0.000133499
0.000183889
0.000221785
0.000323122
0.000409882
0.000597143
0.000819496
0.00123115
0.00177666
0.00295631
0.00431041
0.00718881
0.0109562
0.0191094
0.0282445
0.0495967
0.0673316
0.106719
0.125685
0.131361
0.12802
0.102243
0.0932398
0.101773
0.169919
0.287679
0.406354
0.625007
0.838132
0.938693
0.660459
0.297775
0.207222
0.202888
0.265897
0.330086
0.342711
0.337403
0.349024
0.346217
0.341931
0.308014
0.261628
0.237105
0.231053
0.257074
0.315114
0.338899
0.335273
0.310043
0.230933
0.175738
0.150638
0.130358
0.10267
0.0716544
0.0481286
0.0322569
0.0217915
0.0146934
0.00973234
0.00625084
0.00384068
0.00225339
0.00126794
0.000685367
0.00035736
0.000181151
8.94435e-05
4.30785e-05
2.0398e-05
9.59315e-06
4.54579e-06
2.21116e-06
1.13872e-06
6.3661e-07
4.06623e-07
2.88138e-07
2.40179e-07
2.10561e-07
2.12745e-07
2.1307e-07
2.34395e-07
2.46662e-07
2.96706e-07
3.2432e-07
3.86976e-07
4.75214e-07
5.1705e-07
6.58159e-07
7.14195e-07
9.12599e-07
1.00248e-06
1.23218e-06
1.52435e-06
1.78436e-06
2.4411e-06
2.9127e-06
4.13348e-06
5.39646e-06
8.23818e-06
1.08779e-05
1.51231e-05
2.53067e-05
3.47039e-05
5.55296e-05
9.75767e-05
0.000157067
0.000300501
0.000462956
0.000794497
0.00138834
0.00258041
0.00462349
0.00862444
0.0153466
0.0292915
0.0432792
0.0754921
0.0793579
0.0887571
0.116398
0.0777583
0.0954024
0.173047
0.291021
0.384303
0.554766
0.651816
0.656176
0.362121
0.218712
0.194068
0.212275
0.293252
0.324164
0.327792
0.326623
0.34435
0.339476
0.337012
0.309972
0.255739
0.228607
0.228811
0.281945
0.343549
0.353154
0.345319
0.323321
0.272533
0.189426
0.145154
0.128638
0.111974
0.0871488
0.0601261
0.0397868
0.0261829
0.0173237
0.0114385
0.00742755
0.00468047
0.00283818
0.00164968
0.000918726
0.000490561
0.000251209
0.000123971
5.93127e-05
2.76254e-05
1.25821e-05
5.63383e-06
2.49596e-06
1.09912e-06
4.82918e-07
2.13464e-07
9.53399e-08
4.40247e-08
2.08673e-08
1.15104e-08
6.50252e-09
5.59253e-09
4.85178e-09
6.01515e-09
6.22174e-09
8.55467e-09
9.85484e-09
1.16715e-08
1.68878e-08
1.81747e-08
2.57486e-08
2.84894e-08
3.89646e-08
4.6923e-08
6.13875e-08
9.8152e-08
1.4745e-07
2.53917e-07
3.24495e-07
4.89354e-07
7.69671e-07
1.13724e-06
1.92178e-06
3.90663e-06
9.6877e-06
1.55625e-05
2.47736e-05
5.66206e-05
8.15773e-05
0.000174329
0.000282752
0.000578023
0.00107298
0.0022244
0.00446693
0.00951357
0.0177422
0.0311208
0.0558986
0.060877
0.0807834
0.117662
0.0931524
0.169142
0.286139
0.359828
0.459982
0.502996
0.440781
0.254974
0.203199
0.195991
0.237637
0.305095
0.329253
0.334902
0.326942
0.333067
0.316401
0.322384
0.316929
0.283192
0.249171
0.257456
0.317937
0.349351
0.35166
0.333921
0.308601
0.27887
0.216454
0.148218
0.11726
0.108296
0.0953552
0.0724126
0.0488873
0.0317129
0.0204472
0.0132228
0.00851629
0.00539218
0.00331741
0.00196798
0.00112141
0.000613164
0.000321952
0.000162662
7.93003e-05
3.74289e-05
1.71689e-05
7.68443e-06
3.36889e-06
1.4549e-06
6.22555e-07
2.65468e-07
1.13254e-07
4.87249e-08
2.1119e-08
9.42472e-09
4.17716e-09
2.20464e-09
9.4413e-10
8.70474e-10
5.36089e-10
9.02272e-10
7.04428e-10
1.13014e-09
1.09629e-09
1.12999e-09
1.49126e-09
1.58667e-09
2.38777e-09
3.7374e-09
6.56226e-09
1.41615e-08
1.58831e-08
2.8936e-08
3.60682e-08
6.21744e-08
7.64427e-08
1.51599e-07
4.53339e-07
7.04815e-07
1.89155e-06
4.98682e-06
2.4004e-05
2.60437e-05
5.59699e-05
6.77217e-05
0.00011286
0.000164864
0.000306528
0.000610601
0.0012947
0.00292668
0.00626358
0.0129718
0.027872
0.0503436
0.0754486
0.125958
0.0881354
0.158405
0.27787
0.331613
0.390211
0.410166
0.312014
0.220736
0.201969
0.201085
0.253476
0.310842
0.331226
0.344664
0.317248
0.277639
0.237135
0.243409
0.283812
0.293918
0.295819
0.314023
0.336735
0.334264
0.3223
0.291348
0.236466
0.237337
0.22233
0.163596
0.114073
0.0954887
0.089641
0.0801061
0.0585611
0.0383353
0.0242806
0.0153032
0.00964748
0.00603823
0.00371033
0.00221687
0.00127977
0.000711477
0.000380535
0.000195921
9.72561e-05
4.66566e-05
2.16922e-05
9.80678e-06
4.32689e-06
1.87119e-06
7.96572e-07
3.35717e-07
1.40662e-07
5.90404e-08
2.49056e-08
1.07576e-08
4.68923e-09
2.46377e-09
1.0478e-09
1.10661e-09
7.30059e-10
1.64911e-09
1.20467e-09
2.37098e-09
2.0416e-09
2.32189e-09
2.09039e-09
2.22332e-09
3.71452e-09
4.98989e-09
1.4562e-08
1.36147e-08
2.03948e-08
2.56525e-08
3.3025e-08
5.34794e-08
5.0985e-08
1.2492e-07
1.37208e-07
8.02781e-07
2.23201e-06
8.40061e-06
7.84958e-06
1.06374e-05
1.95786e-05
3.62448e-05
4.1475e-05
7.89234e-05
0.000108576
0.000225844
0.000414168
0.000920862
0.0022549
0.00530207
0.0129749
0.0296841
0.0600605
0.12582
0.0834688
0.141302
0.269802
0.313268
0.334972
0.342447
0.247042
0.205349
0.19383
0.205377
0.266029
0.324294
0.327735
0.345054
0.292251
0.240077
0.214958
0.218399
0.244314
0.273793
0.302492
0.331152
0.328486
0.306368
0.265376
0.245496
0.202114
0.172974
0.17777
0.168515
0.120274
0.0886858
0.078945
0.0745658
0.0654927
0.0454409
0.0288257
0.0178123
0.0109534
0.00671118
0.00406606
0.00241371
0.00139359
0.000778912
0.000420451
0.000219047
0.000110202
5.36124e-05
2.52704e-05
1.15692e-05
5.15872e-06
2.2483e-06
9.60945e-07
4.04848e-07
1.68734e-07
7.00893e-08
2.92399e-08
1.23813e-08
5.48485e-09
2.91048e-09
1.50487e-09
2.03996e-09
1.70087e-09
5.18548e-09
4.47207e-09
9.8289e-09
1.03286e-08
1.19599e-08
1.37471e-08
1.6589e-08
1.65144e-08
1.74443e-08
1.89366e-08
1.81364e-08
2.53719e-08
3.7822e-08
8.96107e-08
8.69123e-08
1.86057e-07
1.91593e-07
5.07928e-07
6.00775e-07
1.16245e-06
2.23088e-06
2.65278e-06
3.69388e-06
1.5725e-05
1.77627e-05
3.78963e-05
4.27832e-05
0.000111911
0.000122142
0.000260026
0.00040824
0.000879696
0.00242794
0.00646212
0.0195957
0.0551825
0.138422
0.0819987
0.116284
0.258396
0.308128
0.31806
0.296381
0.225843
0.201917
0.191617
0.215697
0.293915
0.374005
0.357198
0.349696
0.288377
0.235872
0.217048
0.224867
0.25318
0.271931
0.306616
0.319999
0.313333
0.296744
0.253314
0.229813
0.201526
0.159082
0.140199
0.138435
0.124345
0.0875984
0.0713425
0.0664815
0.0624306
0.0515714
0.0337214
0.0207185
0.0124866
0.00747543
0.00443832
0.00259521
0.00148388
0.000825286
0.000445066
0.00023241
0.000117501
5.75593e-05
2.73562e-05
1.26383e-05
5.68743e-06
2.50041e-06
1.07657e-06
4.56062e-07
1.90609e-07
7.91155e-08
3.30557e-08
1.38568e-08
6.51194e-09
3.45616e-09
2.62107e-09
4.26508e-09
4.76772e-09
1.81648e-08
1.86969e-08
4.56049e-08
5.01388e-08
7.1298e-08
7.18015e-08
7.58783e-08
6.6763e-08
6.21317e-08
5.25815e-08
6.6188e-08
9.77916e-08
2.04996e-07
2.18456e-07
3.66878e-07
3.32148e-07
4.3554e-07
4.46878e-07
5.29143e-07
7.85266e-07
8.79979e-07
1.14188e-06
3.67681e-06
4.35223e-06
7.24591e-06
1.4717e-05
3.94384e-05
5.44625e-05
0.000119823
0.00014311
0.000358442
0.000501409
0.00105768
0.00365526
0.0124172
0.0440606
0.149116
0.0792998
0.097525
0.229118
0.306781
0.322355
0.284829
0.225698
0.203653
0.198269
0.257471
0.346632
0.386994
0.373692
0.342553
0.283685
0.234896
0.224006
0.250009
0.32039
0.336712
0.342822
0.336841
0.321442
0.309863
0.263968
0.223449
0.203419
0.162859
0.130754
0.117984
0.110357
0.0874279
0.0667054
0.0595406
0.0566437
0.0518022
0.0381962
0.0237819
0.0142094
0.00834733
0.00485355
0.00278547
0.00156894
0.00086289
0.000461765
0.000239986
0.000121057
5.92906e-05
2.82226e-05
1.30779e-05
5.90947e-06
2.61088e-06
1.12987e-06
4.81144e-07
2.02022e-07
8.41334e-08
3.55587e-08
1.48728e-08
7.78888e-09
4.43237e-09
4.92677e-09
9.12935e-09
1.35988e-08
5.11309e-08
5.84875e-08
1.32414e-07
1.5887e-07
2.05571e-07
2.32716e-07
2.3574e-07
2.26677e-07
2.35733e-07
2.94237e-07
4.12155e-07
6.8739e-07
6.49591e-07
7.59893e-07
7.38777e-07
7.78739e-07
7.62825e-07
7.54911e-07
9.40475e-07
9.62268e-07
1.32698e-06
1.38833e-06
2.13046e-06
2.55855e-06
6.47811e-06
1.0296e-05
1.53425e-05
2.6908e-05
5.17436e-05
0.000204392
0.00023677
0.000558257
0.000863122
0.00196676
0.00905592
0.0375531
0.160325
0.0702532
0.0785499
0.178421
0.301256
0.336757
0.289046
0.233231
0.210601
0.22526
0.282737
0.369873
0.37687
0.355251
0.318653
0.272166
0.231901
0.219775
0.247354
0.356934
0.417583
0.428801
0.421227
0.392266
0.346051
0.2727
0.212067
0.19579
0.167959
0.131944
0.111029
0.100456
0.0820601
0.0630382
0.0542026
0.0512267
0.048368
0.0406862
0.0265532
0.0159742
0.00929024
0.00530981
0.00299035
0.00165467
0.000896032
0.000473358
0.000243494
0.000121864
5.93527e-05
2.8155e-05
1.30258e-05
5.88542e-06
2.6039e-06
1.12955e-06
4.82775e-07
2.03603e-07
8.51892e-08
3.67137e-08
1.54322e-08
9.46756e-09
6.76964e-09
1.02583e-08
2.2249e-08
4.59115e-08
1.559e-07
2.12722e-07
5.02069e-07
6.79081e-07
9.33304e-07
1.28523e-06
1.70496e-06
1.77337e-06
2.40421e-06
2.42241e-06
2.85755e-06
2.63604e-06
2.66703e-06
2.59102e-06
2.36299e-06
2.2519e-06
1.94649e-06
2.01296e-06
1.94909e-06
2.52765e-06
2.33656e-06
2.91652e-06
2.67284e-06
5.14684e-06
5.62486e-06
1.00045e-05
9.63316e-06
1.73681e-05
3.52043e-05
9.14253e-05
0.000258336
0.000389873
0.000812507
0.00177376
0.00603021
0.033001
0.19075
0.0636339
0.0651361
0.130228
0.275232
0.34144
0.312498
0.256028
0.231246
0.253642
0.293439
0.365719
0.355184
0.322051
0.279597
0.235529
0.217733
0.212675
0.232
0.345772
0.42719
0.446646
0.44156
0.413409
0.344488
0.256239
0.183489
0.164493
0.158868
0.135491
0.110742
0.0962585
0.0775521
0.0598089
0.0501165
0.0466609
0.0445799
0.0402753
0.0286008
0.0175332
0.0102151
0.00578657
0.00321412
0.00175126
0.00093383
0.000486141
0.0002467
0.00012196
5.87565e-05
2.76152e-05
1.26829e-05
5.69988e-06
2.51392e-06
1.08888e-06
4.65851e-07
1.96995e-07
8.28623e-08
3.67247e-08
1.55677e-08
1.19495e-08
1.11075e-08
2.32848e-08
5.33415e-08
1.3637e-07
3.77721e-07
5.99671e-07
1.36751e-06
1.76923e-06
2.25154e-06
3.2301e-06
3.38218e-06
4.07314e-06
4.43475e-06
5.2139e-06
5.01686e-06
4.59684e-06
4.59274e-06
4.33742e-06
4.029e-06
3.61318e-06
3.45264e-06
2.99175e-06
3.21943e-06
2.9922e-06
3.01211e-06
3.13834e-06
4.73815e-06
4.58157e-06
8.70867e-06
7.95579e-06
2.40437e-05
2.48204e-05
5.67103e-05
6.45977e-05
0.000128247
0.000626679
0.000742813
0.00154528
0.00567796
0.0261956
0.204416
0.0636588
0.0605409
0.0963868
0.20361
0.335064
0.351349
0.312008
0.289515
0.319584
0.331234
0.355349
0.336439
0.285012
0.249951
0.223981
0.210105
0.210749
0.232819
0.32076
0.39834
0.411782
0.396667
0.351633
0.246904
0.152503
0.111991
0.112143
0.12549
0.128684
0.114733
0.0957702
0.0759809
0.0579016
0.0472405
0.0430942
0.0412329
0.0382674
0.0296447
0.0186749
0.0109936
0.00622445
0.00343346
0.00185203
0.000976437
0.00050239
0.000251962
0.000123144
5.86678e-05
2.72682e-05
1.2391e-05
5.51419e-06
2.41156e-06
1.03731e-06
4.41942e-07
1.86642e-07
7.87685e-08
3.62107e-08
1.55626e-08
1.62397e-08
1.84615e-08
5.79365e-08
1.19018e-07
4.11323e-07
7.88321e-07
1.82025e-06
2.58294e-06
5.14797e-06
5.60046e-06
8.62944e-06
9.15126e-06
1.07914e-05
1.09579e-05
1.27205e-05
1.46004e-05
1.74008e-05
1.89633e-05
1.85058e-05
1.65759e-05
1.49479e-05
1.40742e-05
1.24174e-05
1.13087e-05
8.50993e-06
7.85645e-06
6.46119e-06
6.40722e-06
5.58422e-06
6.0394e-06
7.00696e-06
1.11892e-05
3.00214e-05
3.33963e-05
7.12583e-05
0.000100275
0.000306929
0.00130824
0.00166446
0.00464312
0.0260606
0.250496
0.0762873
0.0723117
0.0939913
0.145624
0.301054
0.354815
0.33873
0.338472
0.357493
0.360787
0.356266
0.307111
0.249148
0.23802
0.226445
0.218909
0.227862
0.281295
0.337211
0.326088
0.299711
0.233993
0.142794
0.094297
0.0727116
0.0686905
0.0721336
0.0946188
0.113494
0.112643
0.0985899
0.076726
0.0575452
0.045589
0.0405247
0.038512
0.036059
0.0293359
0.0191446
0.0114843
0.0065513
0.00361426
0.00194144
0.00101707
0.000519468
0.000258521
0.000125346
5.92591e-05
2.73467e-05
1.23394e-05
5.45324e-06
2.36952e-06
1.01297e-06
4.29646e-07
1.80923e-07
7.6635e-08
3.65231e-08
1.73095e-08
2.23977e-08
3.24519e-08
1.54934e-07
2.8736e-07
1.54041e-06
2.24045e-06
7.76733e-06
8.15744e-06
1.95149e-05
1.76224e-05
3.00558e-05
2.79474e-05
3.6976e-05
3.70868e-05
4.36461e-05
4.33326e-05
5.25701e-05
5.18302e-05
5.53228e-05
5.45984e-05
4.98398e-05
4.65429e-05
4.51276e-05
3.78579e-05
3.2309e-05
2.69885e-05
2.44273e-05
1.60375e-05
1.51503e-05
1.20698e-05
1.53601e-05
1.78614e-05
2.07834e-05
3.09383e-05
4.99099e-05
0.000200562
0.000316325
0.000802761
0.00222136
0.00479202
0.023274
0.272368
0.18468
0.189215
0.20917
0.181094
0.218154
0.305485
0.328949
0.340864
0.343132
0.350765
0.343044
0.282419
0.23722
0.238053
0.264083
0.278733
0.314752
0.390003
0.369453
0.300614
0.172708
0.0994905
0.0657241
0.0539006
0.0544727
0.0599617
0.0653022
0.0825963
0.108106
0.110622
0.102203
0.0792236
0.0588155
0.0454082
0.0390537
0.0365647
0.0341773
0.0282304
0.0188749
0.0115413
0.0066745
0.00370921
0.00199681
0.00104493
0.00053209
0.000263746
0.00012732
5.99159e-05
2.75216e-05
1.23667e-05
5.44491e-06
2.35862e-06
1.0054e-06
4.25989e-07
1.79267e-07
7.6761e-08
3.76431e-08
2.08603e-08
3.17355e-08
5.38652e-08
3.34111e-07
5.33276e-07
4.08619e-06
4.62563e-06
2.26208e-05
2.06785e-05
6.76612e-05
5.1179e-05
0.000150635
0.000105701
0.000273951
0.000188888
0.000405251
0.000277265
0.000480274
0.000338138
0.000458064
0.00034058
0.00034904
0.000273456
0.000255601
0.000180994
0.000157202
0.00011138
8.30335e-05
5.53207e-05
4.19323e-05
3.53717e-05
2.7806e-05
3.18636e-05
2.64829e-05
3.53284e-05
6.19036e-05
0.000120317
0.000352598
0.000937893
0.00176535
0.00501945
0.0253696
0.320489
0.824361
0.736201
0.701216
0.565327
0.301884
0.280236
0.294069
0.31786
0.33151
0.349272
0.326576
0.251645
0.235926
0.269922
0.357826
0.40973
0.459181
0.433495
0.365705
0.214482
0.103188
0.0608143
0.0490456
0.0486403
0.0510871
0.0673244
0.0721054
0.0799734
0.105543
0.111067
0.10546
0.0833309
0.0612199
0.0463298
0.0387335
0.0356409
0.0329565
0.0265508
0.0181467
0.0112946
0.00660609
0.00370211
0.00200548
0.00105319
0.000536879
0.000265911
0.000128104
6.01204e-05
2.75348e-05
1.23379e-05
5.4179e-06
2.34248e-06
9.96895e-07
4.22769e-07
1.77997e-07
7.77409e-08
3.88738e-08
2.69368e-08
4.6715e-08
9.48982e-08
6.28338e-07
9.89375e-07
9.46298e-06
8.56248e-06
5.78094e-05
4.03596e-05
0.000182134
0.000119762
0.00042766
0.00029416
0.000807113
0.000604466
0.00132238
0.00103137
0.00191224
0.00156019
0.00241062
0.00201172
0.00284245
0.00221103
0.0025991
0.00197995
0.00192252
0.00147758
0.00122298
0.000730822
0.000538851
0.000272543
0.000168244
8.49508e-05
6.56828e-05
5.63783e-05
0.000107209
0.000169398
0.000289645
0.000686574
0.0026914
0.00475309
0.027937
0.379153
9.62488
2.47049
2.56147
1.25929
1.91626
2.14836
2.39645
2.61755
2.75327
2.88538
5.99204
3.40598
3.30812
2.66817
2.67578
2.84639
3.05948
3.2722
3.4263
3.60336
2.97519
4.5143
3.43352
3.26228
2.90925
2.86303
2.88893
2.96207
3.03273
3.15515
1.00505
4.43053
3.41177
3.39263
3.05901
2.7935
2.67211
2.61521
2.5876
2.5969
0.326344
3.41876
2.80078
2.95027
2.76987
2.5103
2.33901
2.22531
2.154
2.0626
0.206969
1.99704
1.74025
1.99082
1.96887
1.89912
1.78192
1.68988
1.64357
1.53051
0.275434
1.07003
0.937668
1.05881
1.09336
1.09513
1.07004
1.02869
1.01495
0.965597
0.346184
0.634244
0.575848
0.582304
0.572818
0.562177
0.536831
0.505904
0.497295
0.476491
0.525492
0.519707
0.492239
0.445521
0.411614
0.377223
0.34683
0.308948
0.29386
0.261789
0.661112
0.574775
0.530363
0.448857
0.405748
0.356632
0.318578
0.273396
0.255768
0.215843
0.558821
0.549614
0.512515
0.430711
0.376968
0.324862
0.283327
0.234163
0.215128
0.175902
0.272644
0.400375
0.369953
0.302964
0.252533
0.212862
0.183051
0.159563
0.151902
0.13682
0.122379
0.204459
0.188607
0.154603
0.137811
0.133316
0.134448
0.141688
0.153585
0.187928
0.0816059
0.107896
0.100008
0.102301
0.116562
0.159236
0.21617
0.32309
0.399036
0.532076
0.0665664
0.0694889
0.0834594
0.152383
0.313908
0.563658
0.799434
1.00618
1.15957
1.27513
0.0623974
0.0982191
0.274406
0.75277
1.35962
1.78268
2.0465
2.16997
2.22913
2.19867
0.159697
0.612652
1.64328
2.79015
3.36657
3.50584
3.47403
3.34934
3.25141
3.0431
1.14706
3.40376
4.99012
5.55477
5.4022
4.99103
4.59384
4.21809
4.00636
3.72478
5.4699
7.88756
8.0623
7.50885
6.49243
5.6665
5.10265
4.63817
4.38871
4.11467
9.86557
9.10231
7.61771
6.08579
4.91135
4.20796
3.80024
3.48235
3.3144
3.13547
)
;

boundaryField
{
    inlet
    {
        type            fixedValue;
        value           uniform 2e-05;
    }
    outlet
    {
        type            inletOutlet;
        inletValue      uniform 0;
        value           nonuniform List<scalar> 
20
(
2.88538
3.60336
3.15515
2.5969
2.0626
1.53051
0.965597
0.476491
0.261789
0.215843
0.175902
0.13682
0.187928
0.532076
1.27513
2.19867
3.0431
3.72478
4.11467
3.13547
)
;
    }
    walls
    {
        type            fixedValue;
        value           uniform 0;
    }
    frontAndBack
    {
        type            empty;
    }
}


// ************************************************************************* //
