/*--------------------------------*- C++ -*----------------------------------*\
| =========                 |                                                 |
| \\      /  F ield         | OpenFOAM: The Open Source CFD Toolbox           |
|  \\    /   O peration     | Version:  2.4.0                                 |
|   \\  /    A nd           | Web:      www.OpenFOAM.org                      |
|    \\/     M anipulation  |                                                 |
\*---------------------------------------------------------------------------*/
FoamFile
{
    version     2.0;
    format      ascii;
    class       volScalarField;
    location    "0.029";
    object      nuSgs;
}
// * * * * * * * * * * * * * * * * * * * * * * * * * * * * * * * * * * * * * //

dimensions      [0 2 -1 0 0 0 0];

internalField   nonuniform List<scalar> 
4400
(
0.00205325
0.00193489
0.00170349
0.00151945
0.00143868
0.00135656
0.00132986
0.00131214
0.00125253
0.00118749
0.00139653
0.00172538
0.00173287
0.00165757
0.0015967
0.00151364
0.00147408
0.001456
0.00140006
0.00136977
0.000720922
0.0011741
0.00137872
0.00140617
0.00140715
0.00137697
0.00134212
0.00132899
0.00130966
0.00127176
0.000269408
0.000627817
0.000890146
0.00100333
0.00108787
0.00111505
0.00111764
0.00111864
0.00113429
0.00111722
8.74587e-05
0.000252135
0.000443586
0.000577775
0.000684268
0.00077405
0.000812704
0.000840505
0.000896892
0.000898227
2.55789e-05
8.46676e-05
0.000155751
0.000262622
0.00032295
0.000427995
0.00046553
0.000530417
0.00059387
0.000626942
7.7364e-06
2.50149e-05
4.53144e-05
9.10106e-05
0.000116281
0.000175529
0.000198385
0.000255072
0.000300204
0.000352285
4.25592e-06
8.96441e-06
1.34796e-05
2.7619e-05
3.36811e-05
5.41078e-05
6.08793e-05
8.7188e-05
0.000110464
0.00014317
4.05184e-06
6.72332e-06
7.73736e-06
1.18086e-05
1.26685e-05
1.65311e-05
1.70523e-05
2.30867e-05
3.0107e-05
3.98349e-05
3.89462e-06
7.10455e-06
8.04994e-06
9.70728e-06
9.91907e-06
1.00848e-05
9.94903e-06
1.02732e-05
1.10821e-05
1.21756e-05
3.88999e-06
7.13628e-06
7.97337e-06
9.48313e-06
1.00958e-05
9.92589e-06
9.82021e-06
9.95607e-06
1.05442e-05
1.35793e-05
3.91321e-06
7.45314e-06
8.65537e-06
9.68775e-06
1.37112e-05
1.34123e-05
1.46868e-05
1.89081e-05
2.61657e-05
4.69679e-05
4.25757e-06
1.03655e-05
1.32139e-05
1.90636e-05
4.0833e-05
4.44768e-05
5.39663e-05
8.0022e-05
0.000104208
0.000159914
7.6926e-06
2.63625e-05
4.38809e-05
7.11117e-05
0.000137514
0.000158075
0.000188905
0.000254647
0.000294636
0.000376223
2.52688e-05
8.89194e-05
0.000151403
0.000230801
0.000363575
0.000404685
0.000458156
0.000545373
0.000584783
0.000653038
8.67544e-05
0.000266769
0.000421322
0.000570765
0.000711747
0.00075198
0.000809901
0.000861579
0.000882624
0.000915213
0.000267612
0.00064753
0.000866323
0.00101239
0.00109224
0.001103
0.00112287
0.0011251
0.00112547
0.00112937
0.000716314
0.00118332
0.00136323
0.00141731
0.00140491
0.00137102
0.00135352
0.0013182
0.00130888
0.00129546
0.0013949
0.0017294
0.00172441
0.00167144
0.00157882
0.00152078
0.00148582
0.00143137
0.0014211
0.00138489
0.00205222
0.00193755
0.00169471
0.00153443
0.00142101
0.00136673
0.00133587
0.00128394
0.00126953
0.00120094
0.000590343
0.000483183
0.000303633
0.00026791
0.000232348
0.000197427
0.000187291
0.000190406
0.000210612
0.000246661
0.000252749
0.000243533
0.000243236
0.000255483
0.000246889
0.000214841
0.000160348
0.000121462
9.08613e-05
7.96692e-05
8.24629e-05
8.25013e-05
7.49513e-05
7.12219e-05
7.32189e-05
7.59227e-05
7.48572e-05
6.50605e-05
4.99326e-05
3.77818e-05
2.81169e-05
2.04993e-05
1.46152e-05
1.01916e-05
6.96164e-06
4.66919e-06
3.08352e-06
2.01108e-06
1.29931e-06
8.34072e-07
5.3356e-07
3.41088e-07
2.18457e-07
1.40481e-07
9.08498e-08
5.91411e-08
3.87641e-08
2.55748e-08
1.69723e-08
1.13199e-08
7.58141e-09
5.09525e-09
3.4348e-09
2.32225e-09
1.57546e-09
1.07368e-09
7.3813e-10
5.11315e-10
3.71633e-10
2.64383e-10
2.37883e-10
1.99427e-10
3.48564e-10
3.73483e-10
1.42845e-09
2.21709e-09
9.36091e-09
1.76548e-08
6.96777e-08
1.15555e-07
4.82989e-07
5.63482e-07
2.06538e-06
1.97987e-06
5.26748e-06
4.30581e-06
1.03101e-05
7.52459e-06
1.49418e-05
1.16319e-05
1.71671e-05
1.32887e-05
1.88958e-05
1.43575e-05
1.46125e-05
1.18604e-05
1.12438e-05
8.31532e-06
7.0162e-06
4.92954e-06
4.67842e-06
3.73693e-06
4.18082e-06
4.87217e-06
6.55392e-06
8.85628e-06
1.67006e-05
2.61065e-05
7.06491e-05
0.000205782
0.000668192
0.000611516
0.000490342
0.000444446
0.000391689
0.000269359
0.000204665
0.000198329
0.000235987
0.000292896
0.00029668
0.000286583
0.000281234
0.000270632
0.000242975
0.000173564
0.000129823
0.000110252
8.84265e-05
7.75575e-05
8.1258e-05
8.81582e-05
8.38295e-05
7.41763e-05
7.20824e-05
7.16526e-05
7.01864e-05
6.17853e-05
4.80733e-05
3.66465e-05
2.74267e-05
2.00998e-05
1.43989e-05
1.00815e-05
6.90742e-06
4.64136e-06
3.06713e-06
1.99967e-06
1.29065e-06
8.27559e-07
5.28943e-07
3.38071e-07
2.16656e-07
1.39507e-07
9.03795e-08
5.8946e-08
3.87022e-08
2.55682e-08
1.69834e-08
1.13331e-08
7.59182e-09
5.10218e-09
3.43895e-09
2.32455e-09
1.5766e-09
1.07419e-09
7.38128e-10
5.11377e-10
3.70762e-10
2.65207e-10
2.35301e-10
2.05854e-10
3.44703e-10
4.45501e-10
1.48659e-09
3.10507e-09
1.17766e-08
2.63484e-08
9.16059e-08
1.69432e-07
6.11108e-07
7.37713e-07
2.87514e-06
2.52137e-06
7.60749e-06
6.16119e-06
1.43272e-05
1.18995e-05
2.27483e-05
1.9882e-05
2.95677e-05
2.69042e-05
3.83062e-05
3.35823e-05
4.4198e-05
3.76057e-05
4.07268e-05
3.07524e-05
2.99326e-05
2.28814e-05
2.02233e-05
1.16196e-05
1.0479e-05
7.30286e-06
1.46653e-05
1.18038e-05
2.25053e-05
2.81176e-05
7.92697e-05
0.000180697
0.000616498
0.000593095
0.000534212
0.000484977
0.000469886
0.000412153
0.000286884
0.000266165
0.000309105
0.000324017
0.000313179
0.000300417
0.000290112
0.000263363
0.000183478
0.000115529
8.10716e-05
7.95802e-05
8.22877e-05
7.73598e-05
7.89743e-05
9.33186e-05
9.35538e-05
8.15874e-05
7.3145e-05
7.04428e-05
6.72128e-05
5.81048e-05
4.61575e-05
3.54223e-05
2.64896e-05
1.93757e-05
1.38761e-05
9.73299e-06
6.69126e-06
4.5153e-06
2.99714e-06
1.96213e-06
1.27086e-06
8.1713e-07
5.2339e-07
3.35087e-07
2.15059e-07
1.38675e-07
8.99689e-08
5.87606e-08
3.86301e-08
2.5548e-08
1.69837e-08
1.13394e-08
7.59826e-09
5.10701e-09
3.44205e-09
2.32632e-09
1.57742e-09
1.07451e-09
7.37863e-10
5.11467e-10
3.6912e-10
2.6731e-10
2.29453e-10
2.16794e-10
3.25404e-10
5.40832e-10
1.70189e-09
4.37306e-09
1.48325e-08
3.98302e-08
1.1996e-07
2.67911e-07
7.35547e-07
1.17077e-06
3.48853e-06
3.5815e-06
8.1731e-06
8.15259e-06
1.15718e-05
1.23753e-05
1.71396e-05
1.79515e-05
2.23356e-05
2.41432e-05
3.06004e-05
3.28058e-05
4.42936e-05
4.69136e-05
6.85973e-05
6.52534e-05
9.30029e-05
8.27318e-05
9.02126e-05
5.81949e-05
5.30391e-05
3.09177e-05
2.92255e-05
1.79734e-05
4.74502e-05
3.50865e-05
8.56903e-05
0.000155458
0.000551755
0.000523681
0.000508053
0.00046182
0.000444101
0.000438925
0.00040365
0.000380703
0.000369572
0.000339671
0.000311851
0.000290588
0.000258956
0.000178667
0.00011611
7.90294e-05
6.44472e-05
6.43859e-05
7.74012e-05
7.99196e-05
8.00864e-05
9.33279e-05
9.90528e-05
9.05208e-05
7.60862e-05
7.07506e-05
6.57629e-05
5.6387e-05
4.5379e-05
3.49612e-05
2.60656e-05
1.89169e-05
1.34189e-05
9.3354e-06
6.38625e-06
4.30428e-06
2.86301e-06
1.88273e-06
1.22667e-06
7.93855e-07
5.11737e-07
3.29526e-07
2.12529e-07
1.37582e-07
8.95256e-08
5.85976e-08
3.85811e-08
2.55412e-08
1.69898e-08
1.13474e-08
7.60475e-09
5.11138e-09
3.44464e-09
2.32767e-09
1.5779e-09
1.0746e-09
7.37301e-10
5.11588e-10
3.66778e-10
2.70405e-10
2.2229e-10
2.29451e-10
3.31203e-10
6.61504e-10
1.92815e-09
5.90208e-09
1.75711e-08
5.43364e-08
1.39503e-07
3.66457e-07
8.14887e-07
1.57801e-06
2.9735e-06
4.26235e-06
5.27827e-06
7.40131e-06
8.67045e-06
9.4548e-06
1.93686e-05
1.78355e-05
2.47795e-05
2.44661e-05
2.78563e-05
2.97673e-05
3.33202e-05
4.09193e-05
4.27468e-05
4.97001e-05
6.62272e-05
7.57476e-05
0.000125498
0.000116207
0.000175554
0.000121696
0.000112221
5.65386e-05
6.82326e-05
4.81262e-05
8.26132e-05
0.000130974
0.000462145
0.000430339
0.00043065
0.000416078
0.000381966
0.000390065
0.000392227
0.000386687
0.000366248
0.000312162
0.000271715
0.00021319
0.000150082
0.00010226
7.41665e-05
6.22419e-05
6.04196e-05
6.24438e-05
8.03613e-05
9.03182e-05
8.93226e-05
9.42532e-05
0.000101601
9.6919e-05
8.06488e-05
7.25425e-05
6.58176e-05
5.65997e-05
4.58523e-05
3.53622e-05
2.62576e-05
1.89255e-05
1.33116e-05
9.17227e-06
6.2122e-06
4.14905e-06
2.74116e-06
1.79647e-06
1.17074e-06
7.60299e-07
4.92979e-07
3.19715e-07
2.0772e-07
1.35375e-07
8.85836e-08
5.82289e-08
3.84536e-08
2.55067e-08
1.69866e-08
1.13523e-08
7.60991e-09
5.11498e-09
3.44665e-09
2.32854e-09
1.57798e-09
1.07439e-09
7.36383e-10
5.11657e-10
3.63835e-10
2.7348e-10
2.17653e-10
2.38995e-10
3.42926e-10
8.25009e-10
2.27971e-09
7.88986e-09
2.20575e-08
7.33601e-08
1.72636e-07
4.88809e-07
9.25738e-07
1.94925e-06
2.71694e-06
4.38425e-06
4.71768e-06
5.73545e-06
1.15547e-05
1.11926e-05
2.0878e-05
1.95928e-05
2.22597e-05
2.40546e-05
2.64865e-05
2.89026e-05
3.06668e-05
3.91955e-05
4.00759e-05
4.74631e-05
5.01432e-05
5.84222e-05
7.96669e-05
9.57605e-05
0.000181739
0.000168686
0.000300379
0.000212006
0.000237293
0.000120426
0.000111572
0.000123179
0.0003273
0.000312011
0.000324188
0.0003258
0.000303492
0.000302738
0.000329726
0.000328229
0.000297626
0.000245046
0.000189401
0.000131076
8.72056e-05
6.31486e-05
5.55817e-05
5.78605e-05
6.41483e-05
7.47858e-05
9.6856e-05
0.00010918
0.000107372
0.000103999
0.000104028
0.000100811
8.69718e-05
7.70924e-05
6.90707e-05
5.93368e-05
4.81677e-05
3.70972e-05
2.73838e-05
1.95626e-05
1.36221e-05
9.29247e-06
6.23414e-06
4.12706e-06
2.70475e-06
1.76036e-06
1.14121e-06
7.389e-07
4.78865e-07
3.11137e-07
2.02883e-07
1.32836e-07
8.73421e-08
5.7665e-08
3.82179e-08
2.54181e-08
1.69584e-08
1.13462e-08
7.61048e-09
5.11666e-09
3.44783e-09
2.32902e-09
1.57782e-09
1.07403e-09
7.35268e-10
5.11821e-10
3.60172e-10
2.77784e-10
2.11281e-10
2.52489e-10
3.5456e-10
1.05615e-09
2.75535e-09
1.06467e-08
2.88158e-08
9.84141e-08
2.21344e-07
6.29462e-07
1.04163e-06
2.62852e-06
2.64801e-06
4.33161e-06
4.98582e-06
5.97521e-06
1.07949e-05
1.17341e-05
1.16179e-05
1.6525e-05
1.52633e-05
2.07904e-05
1.97425e-05
2.55028e-05
2.4375e-05
3.26376e-05
3.10285e-05
4.12509e-05
4.30061e-05
5.52575e-05
5.84991e-05
8.30011e-05
0.00010036
0.000129147
0.000198992
0.000206264
0.000243024
0.000216044
0.000208153
0.000143419
0.000185186
0.00018033
0.000202792
0.000218237
0.00019883
0.000194429
0.000217476
0.000216201
0.000187156
0.000139702
0.000104178
7.29344e-05
5.30142e-05
5.01331e-05
5.2167e-05
5.9846e-05
8.29897e-05
0.000110112
0.000127945
0.000133888
0.000131644
0.00011946
0.000110532
0.000101506
9.24947e-05
8.49741e-05
7.58732e-05
6.4359e-05
5.17252e-05
3.95183e-05
2.89069e-05
2.04357e-05
1.40821e-05
9.51756e-06
6.33586e-06
4.1679e-06
2.71728e-06
1.76085e-06
1.13747e-06
7.34443e-07
4.75076e-07
3.08379e-07
2.01074e-07
1.31746e-07
8.67329e-08
5.7349e-08
3.80662e-08
2.53514e-08
1.69322e-08
1.13375e-08
7.6084e-09
5.11656e-09
3.44797e-09
2.32891e-09
1.57732e-09
1.07346e-09
7.33987e-10
5.11911e-10
3.56153e-10
2.82433e-10
2.03274e-10
2.83504e-10
3.56385e-10
1.25297e-09
2.98293e-09
1.21571e-08
3.15136e-08
1.01859e-07
2.25416e-07
5.71088e-07
8.99956e-07
2.26333e-06
1.94611e-06
3.86927e-06
4.21315e-06
5.54408e-06
7.4066e-06
1.0935e-05
9.88966e-06
1.29419e-05
1.21706e-05
1.66312e-05
1.6143e-05
2.05475e-05
2.08625e-05
2.60541e-05
2.5894e-05
3.22254e-05
3.63816e-05
4.36272e-05
5.57975e-05
6.86197e-05
0.000131337
0.000129623
0.00021811
0.000209668
0.000241974
0.00022932
0.000229041
0.000187546
7.93112e-05
8.0486e-05
0.000105672
0.000118915
0.00010276
9.3033e-05
0.000109865
0.000111675
9.7527e-05
6.83729e-05
5.18449e-05
4.25412e-05
4.30662e-05
4.90332e-05
6.75771e-05
8.31472e-05
0.000120837
0.000153321
0.000159766
0.000158487
0.00015468
0.000139751
0.000117422
0.000103234
9.70964e-05
9.35309e-05
8.53759e-05
7.08759e-05
5.56017e-05
4.1664e-05
3.00225e-05
2.09624e-05
1.42928e-05
9.57673e-06
6.3354e-06
4.15212e-06
2.70307e-06
1.75201e-06
1.13303e-06
7.32587e-07
4.74454e-07
3.0824e-07
2.01084e-07
1.31784e-07
8.67655e-08
5.73723e-08
3.80824e-08
2.53626e-08
1.694e-08
1.13426e-08
7.61151e-09
5.11819e-09
3.44855e-09
2.32881e-09
1.57674e-09
1.07275e-09
7.32697e-10
5.1169e-10
3.52602e-10
2.85672e-10
1.95813e-10
3.08293e-10
3.40415e-10
1.38481e-09
3.06838e-09
1.27141e-08
3.24648e-08
9.84921e-08
2.26347e-07
4.93182e-07
8.42046e-07
1.69932e-06
1.55892e-06
3.02463e-06
3.26377e-06
5.26625e-06
5.94373e-06
9.72724e-06
8.71065e-06
1.06818e-05
1.01016e-05
1.34851e-05
1.37493e-05
1.73428e-05
1.6962e-05
2.12251e-05
2.15256e-05
2.67504e-05
2.79906e-05
3.64032e-05
3.75104e-05
5.25063e-05
5.91133e-05
0.000109468
0.000119307
0.000178214
0.0002333
0.000229559
0.000232099
0.00020583
2.44689e-05
2.6141e-05
4.05631e-05
4.51749e-05
3.71281e-05
3.03451e-05
4.11667e-05
4.65515e-05
4.09893e-05
3.29661e-05
3.26494e-05
3.53027e-05
4.43386e-05
6.93246e-05
0.000111485
0.00013266
0.00017174
0.000196699
0.000195569
0.000186812
0.000173812
0.000151871
0.000126414
0.000109014
0.000102485
9.96542e-05
9.35226e-05
7.68662e-05
5.85996e-05
4.26689e-05
2.99895e-05
2.04702e-05
1.36437e-05
8.94223e-06
5.80366e-06
3.75276e-06
2.42875e-06
1.57763e-06
1.02965e-06
6.75117e-07
4.44376e-07
2.93377e-07
1.94135e-07
1.28709e-07
8.54795e-08
5.68668e-08
3.78981e-08
2.53023e-08
1.69237e-08
1.13401e-08
7.61238e-09
5.11917e-09
3.44893e-09
2.32862e-09
1.57613e-09
1.07196e-09
7.31543e-10
5.11025e-10
3.50141e-10
2.86442e-10
1.90365e-10
3.12238e-10
3.16548e-10
1.41599e-09
3.00795e-09
1.2591e-08
3.20778e-08
9.567e-08
2.23936e-07
4.5431e-07
8.18128e-07
1.28484e-06
1.39655e-06
2.07078e-06
2.59569e-06
4.90603e-06
4.79518e-06
7.80912e-06
7.74749e-06
9.23321e-06
9.00694e-06
1.17403e-05
1.25964e-05
1.53324e-05
1.58299e-05
1.84021e-05
1.99691e-05
2.41957e-05
2.50187e-05
3.13309e-05
3.30947e-05
4.44108e-05
4.43161e-05
8.51206e-05
7.64938e-05
0.000141038
0.000136422
0.000200973
0.00024619
0.00022698
7.86276e-06
8.06174e-06
1.02427e-05
1.36183e-05
1.19452e-05
1.14417e-05
1.51598e-05
2.09161e-05
2.40917e-05
3.07176e-05
3.68574e-05
4.74075e-05
6.86755e-05
0.000108599
0.000164707
0.000202668
0.000232537
0.000243737
0.000239299
0.000223526
0.000198932
0.00016613
0.000134353
0.00011407
0.000106656
0.000104784
0.00010165
8.71245e-05
6.25698e-05
4.3028e-05
2.89772e-05
1.92462e-05
1.26604e-05
8.27473e-06
5.38995e-06
3.50852e-06
2.28754e-06
1.49637e-06
9.82896e-07
6.48335e-07
4.29224e-07
2.84984e-07
1.89614e-07
1.26351e-07
8.42928e-08
5.62914e-08
3.76298e-08
2.51822e-08
1.68721e-08
1.13188e-08
7.60379e-09
5.11559e-09
3.44717e-09
2.32744e-09
1.57509e-09
1.07092e-09
7.30516e-10
5.09897e-10
3.49119e-10
2.84602e-10
1.87923e-10
3.00104e-10
2.96935e-10
1.31363e-09
2.80197e-09
1.17584e-08
3.03752e-08
9.32857e-08
2.17693e-07
4.6547e-07
8.50606e-07
1.20895e-06
1.89706e-06
1.85518e-06
2.34831e-06
3.68184e-06
4.52486e-06
6.26805e-06
7.65742e-06
7.95347e-06
8.45429e-06
1.01518e-05
1.24626e-05
1.31431e-05
1.65987e-05
1.70833e-05
1.97683e-05
2.15424e-05
2.44305e-05
2.88427e-05
3.17014e-05
4.0967e-05
3.9127e-05
6.78585e-05
6.05015e-05
0.000114646
0.000106733
0.00015935
0.000192423
0.00021535
7.84559e-06
8.60137e-06
8.34164e-06
1.08711e-05
1.20425e-05
1.4599e-05
1.73603e-05
2.31031e-05
3.72011e-05
5.948e-05
7.08993e-05
8.71043e-05
0.000115362
0.00016482
0.000230228
0.000279141
0.000294202
0.000293886
0.000283757
0.000258991
0.000228738
0.000186931
0.000146614
0.000127132
0.000126379
0.000125813
0.000112394
8.51953e-05
6.19612e-05
4.43527e-05
3.13196e-05
2.16902e-05
1.46677e-05
9.69625e-06
6.29927e-06
4.04881e-06
2.59085e-06
1.65894e-06
1.06661e-06
6.89924e-07
4.4921e-07
2.94292e-07
1.93822e-07
1.282e-07
8.50847e-08
5.66229e-08
3.77665e-08
2.52384e-08
1.68959e-08
1.13298e-08
7.60978e-09
5.11996e-09
3.45149e-09
2.33268e-09
1.58218e-09
1.08084e-09
7.44661e-10
5.29722e-10
3.7797e-10
3.18709e-10
2.41312e-10
3.36169e-10
3.48283e-10
1.1426e-09
2.53751e-09
1.01876e-08
2.75447e-08
8.62913e-08
2.07444e-07
4.83371e-07
8.90655e-07
1.44447e-06
2.27223e-06
2.21297e-06
3.3326e-06
3.3539e-06
6.10882e-06
5.79457e-06
8.42283e-06
8.50631e-06
1.02584e-05
1.03302e-05
1.47596e-05
1.34434e-05
1.91293e-05
1.77446e-05
2.29033e-05
2.18003e-05
2.89553e-05
2.90675e-05
3.15765e-05
3.6619e-05
3.73213e-05
5.63316e-05
5.27686e-05
9.32595e-05
8.90045e-05
0.000134125
0.000140995
0.00018008
2.63856e-05
2.52828e-05
2.51731e-05
2.57835e-05
3.85711e-05
4.27838e-05
4.11619e-05
4.44258e-05
6.20712e-05
0.000108648
0.000130881
0.00015108
0.000184333
0.000244955
0.000308957
0.000337657
0.000342979
0.000336085
0.000314436
0.000270704
0.000224227
0.00018115
0.00015881
0.000153457
0.000144975
0.000126898
0.00010131
7.56355e-05
5.52828e-05
3.95669e-05
2.7649e-05
1.88449e-05
1.25672e-05
8.25165e-06
5.3729e-06
3.49108e-06
2.27356e-06
1.4875e-06
9.78268e-07
6.46359e-07
4.28606e-07
2.84944e-07
1.89773e-07
1.26553e-07
8.44901e-08
5.64779e-08
3.78141e-08
2.53773e-08
1.70938e-08
1.15864e-08
7.94133e-09
5.55325e-09
4.0198e-09
3.0687e-09
2.50625e-09
2.19213e-09
2.01971e-09
1.93704e-09
1.87917e-09
1.87487e-09
1.85421e-09
1.92424e-09
1.96107e-09
2.47281e-09
3.70079e-09
9.35197e-09
2.43889e-08
7.06722e-08
1.78577e-07
4.1309e-07
8.1704e-07
1.42742e-06
2.19129e-06
2.65805e-06
4.27616e-06
3.54473e-06
8.74246e-06
6.54673e-06
1.11229e-05
1.03022e-05
1.34927e-05
1.15124e-05
2.01325e-05
1.54245e-05
2.56063e-05
2.06242e-05
2.94352e-05
2.37732e-05
3.60278e-05
3.1065e-05
3.88184e-05
3.69047e-05
4.04045e-05
4.98827e-05
5.0115e-05
7.9357e-05
7.73263e-05
0.000114375
0.000119467
0.000153121
9.06692e-05
8.92485e-05
8.24816e-05
8.32659e-05
0.000102607
0.0001078
0.000100318
0.000102909
0.000125267
0.000179658
0.000207614
0.000230261
0.000269984
0.00034168
0.00037488
0.000373461
0.000365279
0.000348079
0.000318546
0.000271983
0.000222712
0.000185981
0.000172889
0.000161179
0.00014297
0.0001181
9.3165e-05
7.17769e-05
5.42795e-05
4.01935e-05
2.91141e-05
2.05975e-05
1.42418e-05
9.64573e-06
6.42017e-06
4.21618e-06
2.74393e-06
1.77725e-06
1.14986e-06
7.45516e-07
4.85674e-07
3.18645e-07
2.11071e-07
1.41679e-07
9.69692e-08
6.83614e-08
5.03432e-08
3.92758e-08
3.2668e-08
2.87953e-08
2.65173e-08
2.51385e-08
2.42639e-08
2.36792e-08
2.32654e-08
2.2965e-08
2.27307e-08
2.25677e-08
2.24066e-08
2.23468e-08
2.2205e-08
2.22174e-08
2.21789e-08
2.28358e-08
2.35873e-08
3.09514e-08
4.168e-08
8.25859e-08
1.66205e-07
3.38408e-07
6.75792e-07
1.1515e-06
1.87979e-06
2.77386e-06
5.52294e-06
4.58028e-06
1.36982e-05
9.03094e-06
1.70032e-05
1.45521e-05
1.92283e-05
1.56107e-05
2.89964e-05
1.99769e-05
3.44056e-05
2.68286e-05
3.94195e-05
2.86509e-05
4.61532e-05
3.63167e-05
4.74621e-05
3.96091e-05
5.10247e-05
5.0799e-05
5.23315e-05
7.08368e-05
6.96668e-05
9.87609e-05
0.00010177
0.000125492
0.000205601
0.000203567
0.000188117
0.000185316
0.000200282
0.000204752
0.000196677
0.000199285
0.000225074
0.000260341
0.000278946
0.000307356
0.00036755
0.000398691
0.000398435
0.000385309
0.00036913
0.000340507
0.000315637
0.000284183
0.000245899
0.000216073
0.000187916
0.000161543
0.000136395
0.000112537
9.07627e-05
7.15829e-05
5.52298e-05
4.17128e-05
3.07957e-05
2.22542e-05
1.57759e-05
1.10015e-05
7.57206e-06
5.16307e-06
3.50337e-06
2.37965e-06
1.63104e-06
1.13998e-06
8.23019e-07
6.21824e-07
4.95909e-07
4.17518e-07
3.68232e-07
3.3644e-07
3.15205e-07
3.00487e-07
2.89932e-07
2.82148e-07
2.76278e-07
2.71779e-07
2.68281e-07
2.65532e-07
2.63328e-07
2.61572e-07
2.60095e-07
2.58979e-07
2.57831e-07
2.57261e-07
2.56121e-07
2.55863e-07
2.54644e-07
2.57127e-07
2.54546e-07
2.9312e-07
2.80739e-07
4.27551e-07
4.38686e-07
7.25652e-07
9.28769e-07
1.20092e-06
2.14632e-06
2.98198e-06
8.31429e-06
7.17025e-06
2.21023e-05
1.39078e-05
2.69459e-05
2.23098e-05
2.76588e-05
2.36411e-05
4.19946e-05
2.80805e-05
4.82692e-05
3.78814e-05
5.33598e-05
3.78219e-05
6.13272e-05
4.65514e-05
6.14084e-05
4.76548e-05
6.28801e-05
5.63775e-05
5.94257e-05
6.97786e-05
6.84371e-05
8.34455e-05
8.52857e-05
0.000102548
0.000348771
0.000337753
0.000311808
0.00030539
0.000306241
0.000299486
0.000295328
0.000301166
0.000322413
0.000334302
0.000347041
0.000380154
0.000408252
0.000411042
0.00040238
0.00037368
0.000350338
0.000326591
0.000306335
0.000287198
0.00025994
0.000225587
0.000190218
0.000159722
0.000133509
0.000110523
9.01698e-05
7.24604e-05
5.75459e-05
4.5228e-05
3.5236e-05
2.72375e-05
2.09164e-05
1.60035e-05
1.22661e-05
9.49326e-06
7.48931e-06
6.07549e-06
5.09575e-06
4.42216e-06
3.95729e-06
3.63203e-06
3.39986e-06
3.23065e-06
3.10488e-06
3.00977e-06
2.93696e-06
2.88061e-06
2.83659e-06
2.80192e-06
2.77441e-06
2.75243e-06
2.73471e-06
2.72032e-06
2.70837e-06
2.69852e-06
2.68978e-06
2.68294e-06
2.67518e-06
2.67125e-06
2.66251e-06
2.66004e-06
2.64929e-06
2.65258e-06
2.63347e-06
2.75871e-06
2.6615e-06
3.13326e-06
2.91326e-06
3.82436e-06
3.64499e-06
3.79724e-06
5.92505e-06
5.52695e-06
1.5975e-05
1.33032e-05
3.67719e-05
2.31872e-05
4.45993e-05
3.65387e-05
4.42876e-05
3.79191e-05
6.23285e-05
4.10844e-05
6.84877e-05
5.51314e-05
7.29744e-05
5.2541e-05
8.20929e-05
6.37494e-05
8.02288e-05
6.22168e-05
8.12233e-05
6.8822e-05
7.54805e-05
7.4356e-05
7.14585e-05
7.6891e-05
7.90213e-05
8.99712e-05
0.00047895
0.00044985
0.000419012
0.000406798
0.0003939
0.000376007
0.000369935
0.000372022
0.000384296
0.00039422
0.000398173
0.000408221
0.000416523
0.00040869
0.000376939
0.000343234
0.000320217
0.000302848
0.000290511
0.000279392
0.000255674
0.000222395
0.000188077
0.000157845
0.00013254
0.000110858
9.25968e-05
7.7935e-05
6.64507e-05
5.74538e-05
5.02543e-05
4.43757e-05
3.95432e-05
3.55907e-05
3.23926e-05
2.98346e-05
2.78079e-05
2.62116e-05
2.49574e-05
2.39714e-05
2.31946e-05
2.2581e-05
2.20946e-05
2.17081e-05
2.14003e-05
2.11542e-05
2.09572e-05
2.07991e-05
2.06717e-05
2.05687e-05
2.04847e-05
2.04159e-05
2.03588e-05
2.03109e-05
2.02696e-05
2.02339e-05
2.02001e-05
2.01723e-05
2.01377e-05
2.01186e-05
2.0075e-05
2.006e-05
2.00028e-05
2.00018e-05
1.99067e-05
2.00209e-05
1.97913e-05
2.0368e-05
1.98535e-05
2.1062e-05
2.05259e-05
2.06432e-05
2.38142e-05
2.09804e-05
3.68532e-05
3.04633e-05
6.43845e-05
4.25248e-05
7.69336e-05
6.17423e-05
7.41306e-05
6.35449e-05
9.15716e-05
6.32492e-05
9.86897e-05
7.96713e-05
9.80927e-05
7.55628e-05
0.000110519
8.82732e-05
0.000104844
8.29061e-05
0.000106885
9.20271e-05
9.73343e-05
8.6742e-05
8.14611e-05
8.046e-05
8.17474e-05
8.95493e-05
0.000579826
0.000532065
0.000492372
0.000471152
0.000446085
0.000421435
0.000416414
0.000419117
0.000419918
0.000419445
0.000417686
0.000415475
0.000404708
0.000364731
0.000314309
0.000294664
0.000284253
0.000273194
0.000264102
0.000256157
0.000237586
0.00020942
0.000181024
0.000156128
0.000135037
0.000119395
0.000109892
0.000105187
0.000102964
0.000101451
9.98999e-05
9.81857e-05
9.63875e-05
9.46015e-05
9.29022e-05
9.13361e-05
8.99308e-05
8.86995e-05
8.76417e-05
8.67469e-05
8.59989e-05
8.53797e-05
8.48702e-05
8.44528e-05
8.41123e-05
8.38347e-05
8.36087e-05
8.3424e-05
8.32728e-05
8.31481e-05
8.30442e-05
8.29564e-05
8.28807e-05
8.28139e-05
8.27524e-05
8.26958e-05
8.26372e-05
8.25849e-05
8.25154e-05
8.24721e-05
8.23731e-05
8.2335e-05
8.21959e-05
8.21881e-05
8.1954e-05
8.20641e-05
8.16071e-05
8.207e-05
8.11568e-05
8.2316e-05
8.13461e-05
8.21832e-05
8.46372e-05
8.0176e-05
9.38592e-05
7.96106e-05
0.000121027
9.33044e-05
0.000136929
0.000107353
0.00013043
0.000111757
0.00013837
0.000106528
0.000144185
0.00011594
0.00013591
0.00011414
0.000151798
0.000120256
0.000139816
0.000115817
0.000146047
0.000124088
0.00012928
0.000110356
0.00010411
9.76446e-05
0.000103431
0.000104463
0.000644529
0.000573977
0.000527413
0.00049627
0.000470603
0.000452442
0.000445933
0.000443514
0.00043632
0.000428059
0.000416297
0.000385226
0.000323358
0.000277124
0.000258147
0.000250975
0.000243972
0.000236995
0.000231237
0.000226404
0.000216279
0.000200515
0.000182573
0.00016924
0.000165131
0.000166802
0.000174298
0.000182537
0.00018798
0.000191112
0.000192686
0.000193295
0.000193364
0.000193062
0.000192551
0.00019201
0.000191473
0.000190973
0.000190529
0.000190146
0.000189822
0.000189553
0.000189331
0.00018915
0.000189003
0.000188884
0.000188787
0.000188708
0.000188643
0.000188588
0.000188541
0.0001885
0.000188463
0.000188427
0.000188391
0.000188355
0.000188315
0.000188277
0.000188223
0.000188188
0.000188103
0.000188076
0.000187946
0.000187964
0.000187725
0.000187964
0.000187326
0.000188344
0.000186605
0.000189674
0.00018574
0.000192806
0.000186767
0.000195637
0.000193875
0.000184285
0.00020717
0.000175532
0.000232231
0.000185572
0.00021644
0.00018809
0.00020402
0.000172877
0.000209269
0.000171193
0.00019762
0.000170948
0.000212357
0.000170291
0.000200572
0.000172864
0.000211258
0.000177421
0.000189224
0.000162177
0.000160673
0.000158825
0.000171506
0.000171499
0.00065721
0.000575592
0.000530212
0.00050214
0.000484452
0.000472429
0.000463188
0.000451404
0.000429296
0.000393408
0.000337095
0.000265597
0.000221365
0.000223072
0.000233845
0.000236481
0.000231205
0.000224326
0.000220832
0.000222154
0.000221946
0.00022109
0.000224848
0.000234195
0.000245784
0.000256688
0.000265363
0.00027131
0.000275359
0.000278114
0.000280008
0.000281325
0.000282243
0.000282888
0.000283344
0.000283671
0.000283912
0.000284093
0.000284233
0.000284345
0.000284436
0.000284512
0.000284577
0.000284632
0.000284679
0.000284721
0.000284758
0.00028479
0.000284819
0.000284844
0.000284868
0.00028489
0.00028491
0.000284931
0.000284951
0.000284972
0.000284993
0.000285019
0.000285043
0.000285081
0.000285104
0.000285173
0.000285184
0.000285336
0.000285247
0.000285698
0.000285097
0.000286695
0.000284114
0.000289518
0.000281213
0.000296903
0.000276784
0.000312021
0.000275919
0.000329247
0.000285559
0.000316009
0.000310853
0.000287818
0.000303644
0.000300328
0.000296373
0.000295459
0.000313247
0.000283597
0.00031239
0.000294852
0.000326583
0.000283626
0.000328617
0.000300809
0.000346716
0.000306281
0.000336441
0.000319654
0.000333521
0.000363018
0.000415493
0.000428143
0.000539457
0.000491102
0.000472128
0.000460409
0.00044619
0.000425229
0.000396069
0.000351974
0.000291134
0.000221257
0.000160057
0.000133564
0.000153592
0.00020162
0.000256973
0.000303509
0.000325195
0.000323959
0.000293193
0.000250231
0.000216958
0.000199599
0.00019829
0.00021084
0.000227937
0.000244414
0.000258048
0.000268522
0.000276431
0.000282474
0.000287193
0.000290944
0.000293953
0.000296381
0.00029835
0.000299951
0.000301259
0.00030233
0.00030321
0.000303933
0.000304529
0.000305021
0.000305428
0.000305766
0.000306047
0.000306284
0.000306483
0.000306654
0.000306803
0.000306934
0.000307054
0.000307167
0.000307276
0.000307385
0.000307498
0.000307618
0.000307749
0.000307894
0.000308057
0.000308245
0.000308449
0.000308709
0.000308938
0.000309347
0.000309488
0.000310288
0.000309885
0.000311893
0.000309182
0.000315714
0.000305231
0.000325459
0.000295608
0.000345658
0.000282559
0.000378597
0.000276175
0.000435286
0.00029783
0.00049095
0.000350701
0.000509817
0.000380797
0.000533061
0.000405652
0.000536606
0.000446029
0.000554882
0.000463467
0.000543136
0.000512862
0.000581385
0.00055555
0.000585119
0.000604159
0.000676553
0.000720037
0.000840415
0.000842623
0.000890453
8.37057e-05
0.000125346
0.000160797
0.000182805
0.000196703
0.000222905
0.000348548
0.00058824
0.000772047
0.000864159
0.000880688
0.000768918
0.000658109
0.000511848
0.000353849
0.000257562
0.000188557
0.00015369
0.000147235
0.000167542
0.000200236
0.000235801
0.000267572
0.000292355
0.000309827
0.000320748
0.000326438
0.000328215
0.000327983
0.000326502
0.000324266
0.000321957
0.000319742
0.000317731
0.000315968
0.000314456
0.000313179
0.00031211
0.00031122
0.000310484
0.000309875
0.000309371
0.000308955
0.00030861
0.000308324
0.000308084
0.000307881
0.000307708
0.000307557
0.000307424
0.000307301
0.000307186
0.000307073
0.000306959
0.000306838
0.000306708
0.000306561
0.000306395
0.000306201
0.000305973
0.000305702
0.000305376
0.000304986
0.000304512
0.000303941
0.000303246
0.000302408
0.000301394
0.000300182
0.000298736
0.000297036
0.000295054
0.000292772
0.000290186
0.00028727
0.000284034
0.000280434
0.000276457
0.000272029
0.000267075
0.000261496
0.000255156
0.00024789
0.000239564
0.000229903
0.000218837
0.000206014
0.000191514
0.000175083
0.000157355
0.000138742
0.000121592
0.000107724
0.000101636
0.00010101
0.00010243
9.9275e-05
8.79395e-05
6.57944e-05
3.94248e-05
0.00010798
0.000150038
0.00019705
0.000258609
0.000342508
0.000461745
0.00056456
0.000596448
0.000597839
0.000503239
0.00034058
0.000239064
0.000200146
0.000176489
0.000150765
0.000131526
0.000124674
0.000115421
0.00011051
0.000110999
0.000119041
0.000136668
0.000160138
0.000185816
0.000210225
0.000231218
0.000247938
0.000260354
0.000269012
0.000274899
0.00027883
0.000281362
0.000282958
0.00028395
0.000284558
0.000284919
0.000285126
0.000285234
0.000285282
0.000285292
0.000285281
0.00028526
0.000285231
0.000285199
0.000285168
0.000285138
0.000285109
0.000285082
0.000285058
0.000285035
0.000285013
0.000284993
0.000284973
0.000284954
0.000284934
0.000284914
0.000284892
0.000284869
0.000284843
0.000284813
0.00028478
0.000284739
0.000284693
0.000284636
0.00028457
0.000284487
0.000284386
0.000284257
0.000284096
0.000283888
0.000283622
0.000283287
0.000282857
0.000282333
0.000281677
0.000280906
0.000279968
0.000278901
0.000277654
0.000276292
0.000274669
0.000272961
0.000270816
0.000268685
0.000265796
0.000263097
0.000259101
0.000255638
0.000249894
0.000245297
0.000236761
0.000230017
0.000217182
0.0002058
0.000185994
0.000167067
0.000142143
0.000115996
9.15385e-05
5.6871e-05
0.0001177
0.000163861
0.000222475
0.000290935
0.000375338
0.000461158
0.000500076
0.00042114
0.000306088
0.000234382
0.000191177
0.00018247
0.000177316
0.000176158
0.000164424
0.00014496
0.000131488
0.000116964
0.000104963
9.39852e-05
8.46737e-05
7.73251e-05
7.31557e-05
7.35584e-05
7.86362e-05
9.24865e-05
0.000109057
0.000124574
0.000138812
0.000150639
0.000159767
0.000166788
0.000172145
0.000176185
0.000179214
0.000181481
0.000183178
0.000184452
0.000185412
0.000186139
0.000186691
0.000187113
0.000187437
0.000187686
0.00018788
0.000188031
0.000188149
0.000188243
0.000188319
0.000188381
0.000188433
0.000188478
0.00018852
0.000188558
0.000188597
0.000188638
0.000188683
0.000188733
0.00018879
0.000188859
0.000188942
0.000189041
0.000189161
0.000189308
0.000189484
0.000189703
0.000189959
0.000190277
0.000190638
0.000191074
0.00019156
0.000192111
0.000192731
0.000193372
0.00019413
0.000194847
0.000195773
0.000196596
0.000197771
0.000198673
0.000200335
0.000201332
0.000203682
0.000204878
0.000208139
0.000209401
0.000213872
0.000214922
0.00022041
0.000220446
0.000223567
0.000220469
0.000219765
0.000211355
0.000206666
0.000186
0.000170647
0.000133094
0.000105205
6.75543e-05
0.000121075
0.000164853
0.000221569
0.000285767
0.000357869
0.000392607
0.000350625
0.000255183
0.000211349
0.000200559
0.000207574
0.000212155
0.000213353
0.000206911
0.000189358
0.000185923
0.000154662
0.000138402
0.000121897
0.000107404
9.34674e-05
7.9884e-05
6.65099e-05
5.44275e-05
4.4893e-05
3.90085e-05
3.70981e-05
3.75182e-05
3.97939e-05
4.56883e-05
5.28941e-05
5.91531e-05
6.42694e-05
6.83531e-05
7.15664e-05
7.40728e-05
7.60198e-05
7.75272e-05
7.86949e-05
7.96004e-05
8.03024e-05
8.08488e-05
8.12753e-05
8.16078e-05
8.18688e-05
8.20756e-05
8.22392e-05
8.23693e-05
8.24763e-05
8.25648e-05
8.26378e-05
8.27027e-05
8.27631e-05
8.28188e-05
8.28735e-05
8.29323e-05
8.29967e-05
8.3068e-05
8.31489e-05
8.32449e-05
8.33585e-05
8.34977e-05
8.36615e-05
8.38661e-05
8.41037e-05
8.4406e-05
8.47483e-05
8.51864e-05
8.56724e-05
8.6278e-05
8.69464e-05
8.77286e-05
8.86093e-05
8.95656e-05
9.06593e-05
9.18451e-05
9.31039e-05
9.47316e-05
9.60652e-05
9.85009e-05
0.000100006
0.000103386
0.000105415
0.000110111
0.00011274
0.000119382
0.000122861
0.000131797
0.000136524
0.000147513
0.000155077
0.00016937
0.000175422
0.000186704
0.000184345
0.000178619
0.000160882
0.000142455
0.000107718
8.04703e-05
0.00012194
0.00016027
0.00020405
0.000258698
0.000298622
0.000308426
0.000244197
0.000201326
0.000192958
0.000201637
0.000208697
0.00021699
0.000222333
0.000219251
0.000204467
0.000200229
0.000179713
0.000157274
0.000134993
0.000118677
0.000105177
9.29575e-05
8.11304e-05
6.80232e-05
5.43373e-05
4.17719e-05
3.15189e-05
2.35345e-05
1.76975e-05
1.40342e-05
1.25666e-05
1.25006e-05
1.28791e-05
1.39433e-05
1.53031e-05
1.64237e-05
1.73169e-05
1.80142e-05
1.85537e-05
1.89675e-05
1.92824e-05
1.95221e-05
1.97044e-05
1.9842e-05
1.99469e-05
2.00281e-05
2.00906e-05
2.01392e-05
2.018e-05
2.02148e-05
2.02441e-05
2.02729e-05
2.03033e-05
2.03342e-05
2.03678e-05
2.04079e-05
2.04557e-05
2.05122e-05
2.05787e-05
2.06605e-05
2.07583e-05
2.08813e-05
2.10248e-05
2.12086e-05
2.14163e-05
2.16898e-05
2.19872e-05
2.23841e-05
2.28057e-05
2.33495e-05
2.39355e-05
2.46204e-05
2.54101e-05
2.62125e-05
2.72237e-05
2.81655e-05
2.93886e-05
3.05824e-05
3.20739e-05
3.36248e-05
3.56841e-05
3.75304e-05
4.07522e-05
4.30078e-05
4.75322e-05
5.09194e-05
5.66784e-05
6.28075e-05
6.89405e-05
7.94396e-05
8.68366e-05
0.0001013
0.000110311
0.000125434
0.000133674
0.000139844
0.000135731
0.000124775
0.000108703
8.52953e-05
0.000124366
0.000153374
0.000184779
0.000226813
0.000248961
0.00024877
0.00020236
0.000188795
0.00019305
0.000199331
0.000203002
0.000217652
0.000224771
0.000224486
0.000213952
0.000204611
0.000190576
0.000176945
0.000153712
0.000130449
0.000112408
9.81227e-05
8.6342e-05
7.53568e-05
6.40082e-05
5.22667e-05
4.09446e-05
3.08723e-05
2.2516e-05
1.59996e-05
1.12097e-05
7.82454e-06
5.50538e-06
3.98841e-06
3.09203e-06
2.63227e-06
2.48185e-06
2.47272e-06
2.48724e-06
2.53343e-06
2.58493e-06
2.62608e-06
2.65732e-06
2.67992e-06
2.6962e-06
2.70791e-06
2.71619e-06
2.72223e-06
2.72764e-06
2.73272e-06
2.73757e-06
2.74371e-06
2.75165e-06
2.76098e-06
2.77251e-06
2.78753e-06
2.80635e-06
2.82962e-06
2.85771e-06
2.89313e-06
2.93541e-06
2.98964e-06
3.0516e-06
3.13374e-06
3.22262e-06
3.34648e-06
3.47217e-06
3.65387e-06
3.83119e-06
4.08061e-06
4.33179e-06
4.64193e-06
4.99356e-06
5.35352e-06
5.80836e-06
6.26461e-06
6.76375e-06
7.46173e-06
7.9791e-06
8.99591e-06
9.72519e-06
1.10784e-05
1.23178e-05
1.38277e-05
1.64185e-05
1.8357e-05
2.22118e-05
2.53625e-05
3.11488e-05
3.62203e-05
4.47545e-05
5.25115e-05
6.49138e-05
7.47553e-05
8.94532e-05
9.84839e-05
0.000104638
0.000106042
0.000100641
8.91788e-05
0.000123424
0.000145433
0.000169101
0.000206537
0.00021946
0.000216528
0.000190037
0.0001859
0.000192179
0.000195121
0.000203512
0.000225378
0.000229966
0.000225781
0.000225014
0.000210592
0.000195719
0.00018288
0.000169491
0.000146855
0.000125113
0.000106511
9.14296e-05
7.91326e-05
6.818e-05
5.74832e-05
4.68642e-05
3.67858e-05
2.78258e-05
2.03574e-05
1.44764e-05
1.00628e-05
6.87818e-06
4.65139e-06
3.13193e-06
2.11236e-06
1.43571e-06
9.89929e-07
6.98611e-07
5.12385e-07
3.98159e-07
3.32737e-07
2.98042e-07
2.80905e-07
2.73338e-07
2.70426e-07
2.69312e-07
2.68876e-07
2.68886e-07
2.69431e-07
2.70212e-07
2.71275e-07
2.72739e-07
2.74551e-07
2.76843e-07
2.79852e-07
2.83649e-07
2.88419e-07
2.94187e-07
3.01575e-07
3.10305e-07
3.21872e-07
3.3471e-07
3.52902e-07
3.71308e-07
4.00276e-07
4.26402e-07
4.71581e-07
5.09983e-07
5.74715e-07
6.3612e-07
7.15738e-07
8.17491e-07
9.0559e-07
1.05207e-06
1.17586e-06
1.33322e-06
1.55664e-06
1.73462e-06
2.06527e-06
2.33989e-06
2.85226e-06
3.29615e-06
4.09266e-06
4.88066e-06
6.19822e-06
7.50016e-06
9.62222e-06
1.2344e-05
1.53962e-05
2.06724e-05
2.58924e-05
3.45557e-05
4.28034e-05
5.46192e-05
6.77408e-05
7.8061e-05
8.67616e-05
9.49907e-05
9.8643e-05
0.000120284
0.000142953
0.00015624
0.000194126
0.000206214
0.000201692
0.000186357
0.000184231
0.000188838
0.000191499
0.000213363
0.00023131
0.000235387
0.000227454
0.000227088
0.000218473
0.000205197
0.00018735
0.00017494
0.000158736
0.000137706
0.000117108
9.89487e-05
8.38599e-05
7.14809e-05
6.07267e-05
5.06563e-05
4.10074e-05
3.20426e-05
2.41575e-05
1.76157e-05
1.2473e-05
8.61548e-06
5.83477e-06
3.89523e-06
2.57754e-06
1.69977e-06
1.12244e-06
7.44968e-07
4.98024e-07
3.35551e-07
2.27819e-07
1.55863e-07
1.07628e-07
7.54253e-08
5.42653e-08
4.08055e-08
3.26981e-08
2.81972e-08
2.58954e-08
2.48137e-08
2.44563e-08
2.44436e-08
2.45196e-08
2.47487e-08
2.51609e-08
2.56813e-08
2.63443e-08
2.71448e-08
2.81934e-08
2.94135e-08
3.11256e-08
3.29217e-08
3.58158e-08
3.83819e-08
4.3321e-08
4.73698e-08
5.52927e-08
6.18947e-08
7.45041e-08
8.55058e-08
1.02072e-07
1.24962e-07
1.43862e-07
1.79504e-07
2.06084e-07
2.54481e-07
2.97125e-07
3.67019e-07
4.37329e-07
5.57379e-07
6.80494e-07
8.95595e-07
1.09789e-06
1.47001e-06
1.91655e-06
2.5496e-06
3.49815e-06
4.69677e-06
6.33799e-06
9.17372e-06
1.22352e-05
1.77467e-05
2.34597e-05
3.28825e-05
4.30028e-05
5.80743e-05
7.11739e-05
9.59278e-05
9.53045e-05
0.000118532
0.000137934
0.000149597
0.000185028
0.000201547
0.00019941
0.000185328
0.000182911
0.000184858
0.000196793
0.000222384
0.000223163
0.000221171
0.000213429
0.000223518
0.00021905
0.000216314
0.000198197
0.000179583
0.000166371
0.000148296
0.000127634
0.000107772
9.02553e-05
7.55539e-05
6.33763e-05
5.29269e-05
4.34898e-05
3.4799e-05
2.69616e-05
2.01981e-05
1.46508e-05
1.03199e-05
7.08604e-06
4.76327e-06
3.14932e-06
2.05838e-06
1.33695e-06
8.67384e-07
5.64652e-07
3.70057e-07
2.44566e-07
1.62998e-07
1.09427e-07
7.38691e-08
5.00556e-08
3.40052e-08
2.31466e-08
1.57942e-08
1.08268e-08
7.49451e-09
5.29711e-09
3.89214e-09
3.0464e-09
2.5822e-09
2.35894e-09
2.31281e-09
2.32923e-09
2.38282e-09
2.50021e-09
2.65166e-09
2.88062e-09
3.11011e-09
3.53243e-09
3.911e-09
4.65336e-09
5.34083e-09
6.70746e-09
7.92764e-09
1.05302e-08
1.25638e-08
1.70313e-08
2.05119e-08
2.72893e-08
3.29059e-08
4.25302e-08
5.16269e-08
6.67693e-08
8.18349e-08
1.10588e-07
1.35308e-07
1.88024e-07
2.44291e-07
3.4475e-07
4.91577e-07
7.0077e-07
9.20364e-07
1.34061e-06
1.94305e-06
2.76289e-06
4.05519e-06
5.94724e-06
9.15083e-06
1.31583e-05
1.96745e-05
2.82083e-05
4.21487e-05
5.41878e-05
8.49205e-05
9.89207e-05
0.000119532
0.000127338
0.000147633
0.000176551
0.000198859
0.000200148
0.000184737
0.00017987
0.000184179
0.000206282
0.000218671
0.000202309
0.000198348
0.000189096
0.000193456
0.000210427
0.000217592
0.000212567
0.000190007
0.000172863
0.000157334
0.000137685
0.000116802
9.74409e-05
8.07223e-05
6.67515e-05
5.51009e-05
4.51539e-05
3.64201e-05
2.86845e-05
2.19478e-05
1.62823e-05
1.17182e-05
8.19869e-06
5.59364e-06
3.73496e-06
2.45072e-06
1.58738e-06
1.01993e-06
6.53402e-07
4.19398e-07
2.70818e-07
1.76398e-07
1.1601e-07
7.6993e-08
5.14856e-08
3.46227e-08
2.33718e-08
1.58144e-08
1.07153e-08
7.26608e-09
4.93004e-09
3.34763e-09
2.27663e-09
1.55336e-09
1.06746e-09
7.44535e-10
5.37306e-10
4.10394e-10
3.4034e-10
3.33863e-10
3.47452e-10
3.88495e-10
4.65269e-10
5.95217e-10
7.8546e-10
1.07049e-09
1.5421e-09
2.10844e-09
3.38245e-09
4.23835e-09
7.04456e-09
8.26753e-09
1.20156e-08
1.47757e-08
1.74594e-08
2.43214e-08
2.768e-08
3.88816e-08
4.53585e-08
5.96443e-08
8.88519e-08
1.24168e-07
1.89309e-07
2.28449e-07
3.18185e-07
4.56169e-07
7.15961e-07
9.17454e-07
1.63145e-06
2.54637e-06
3.92592e-06
5.45589e-06
8.06034e-06
1.25223e-05
1.9471e-05
3.03208e-05
5.06553e-05
8.04126e-05
0.000108983
0.000127309
0.000120006
0.00014463
0.000172755
0.000197308
0.000201032
0.000185421
0.000178089
0.000186124
0.000211214
0.000210694
0.000191602
0.000194118
0.000187777
0.000185168
0.000195985
0.000213655
0.000214949
0.00020597
0.000181853
0.000166262
0.000148221
0.000126601
0.000105336
8.654e-05
7.078e-05
5.77405e-05
4.68523e-05
3.76102e-05
2.96867e-05
2.29229e-05
1.72545e-05
1.26378e-05
9.00457e-06
6.24868e-06
4.23317e-06
2.80831e-06
1.831e-06
1.17801e-06
7.51276e-07
4.77257e-07
3.03487e-07
1.9403e-07
1.25125e-07
8.15209e-08
5.36576e-08
3.56349e-08
2.38329e-08
1.6021e-08
1.0807e-08
7.30622e-09
4.94687e-09
3.3533e-09
2.27592e-09
1.54757e-09
1.05598e-09
7.25398e-10
5.04223e-10
3.62514e-10
2.69709e-10
2.19842e-10
2.16639e-10
2.36095e-10
2.82753e-10
3.89523e-10
5.50189e-10
8.324e-10
1.27599e-09
1.85394e-09
3.37355e-09
3.95742e-09
8.16287e-09
8.30002e-09
1.44201e-08
1.52668e-08
1.89262e-08
2.3974e-08
2.58195e-08
3.76769e-08
4.2847e-08
7.45597e-08
8.68252e-08
1.35753e-07
1.4563e-07
2.14983e-07
2.53108e-07
4.16467e-07
5.05271e-07
8.3461e-07
1.30007e-06
1.57769e-06
2.7806e-06
3.33194e-06
5.51319e-06
8.09091e-06
1.38504e-05
2.30644e-05
3.9717e-05
6.54458e-05
0.000111404
0.000149948
0.000116936
0.000139859
0.000167273
0.000196705
0.00020247
0.000188626
0.000178229
0.000184898
0.000210297
0.000202475
0.000185305
0.000190527
0.000191707
0.000190447
0.000198434
0.000212681
0.00021492
0.000209875
0.000191095
0.000171443
0.000157558
0.000137375
0.00011436
9.31976e-05
7.53666e-05
6.07825e-05
4.881e-05
3.88526e-05
3.0503e-05
2.35183e-05
1.77521e-05
1.30932e-05
9.42859e-06
6.62912e-06
4.55417e-06
3.0617e-06
2.01884e-06
1.30954e-06
8.38647e-07
5.32477e-07
3.3674e-07
2.13123e-07
1.35586e-07
8.69992e-08
5.64086e-08
3.69657e-08
2.4457e-08
1.63068e-08
1.09359e-08
7.36412e-09
4.97318e-09
3.36568e-09
2.28214e-09
1.55104e-09
1.05814e-09
7.26927e-10
5.05149e-10
3.63296e-10
2.69656e-10
2.19748e-10
2.14359e-10
2.35381e-10
2.77836e-10
4.01093e-10
5.43721e-10
8.75385e-10
1.31218e-09
2.0224e-09
3.61388e-09
4.41314e-09
1.00344e-08
9.49541e-09
1.91147e-08
1.78737e-08
2.5684e-08
2.75276e-08
3.22085e-08
3.99335e-08
5.50445e-08
6.50687e-08
9.75977e-08
1.04247e-07
1.71039e-07
1.98032e-07
2.75532e-07
3.47152e-07
4.26439e-07
7.40256e-07
8.64896e-07
1.93522e-06
1.99367e-06
3.23479e-06
4.00205e-06
6.3507e-06
1.02031e-05
1.86148e-05
3.84881e-05
6.3477e-05
0.000123427
0.000154463
0.00011774
0.00013799
0.000159512
0.000195704
0.000205742
0.000192676
0.000179267
0.000185683
0.000204363
0.000195425
0.000183331
0.000185033
0.000190536
0.000204306
0.000219826
0.000223902
0.000218208
0.000209684
0.000192811
0.000172812
0.000159904
0.000146467
0.000124261
0.000100929
8.06931e-05
6.42717e-05
5.10377e-05
4.02349e-05
3.13376e-05
2.40217e-05
1.80728e-05
1.33219e-05
9.61219e-06
6.78832e-06
4.69492e-06
3.18305e-06
2.11852e-06
1.38687e-06
8.95231e-07
5.71586e-07
3.62328e-07
2.28997e-07
1.44937e-07
9.22378e-08
5.92056e-08
3.83945e-08
2.51588e-08
1.66405e-08
1.10907e-08
7.43504e-09
5.00569e-09
3.38093e-09
2.2897e-09
1.55516e-09
1.06065e-09
7.28721e-10
5.06354e-10
3.64558e-10
2.69915e-10
2.21012e-10
2.13162e-10
2.37296e-10
2.74603e-10
4.33224e-10
5.4534e-10
1.01551e-09
1.39966e-09
2.34406e-09
4.13099e-09
5.43589e-09
1.33803e-08
1.23193e-08
2.77982e-08
2.41628e-08
3.82219e-08
3.56627e-08
4.01417e-08
4.88557e-08
5.08299e-08
8.52655e-08
8.9011e-08
1.16899e-07
1.98138e-07
2.21999e-07
3.81473e-07
3.67392e-07
5.89249e-07
6.42884e-07
1.27558e-06
1.43377e-06
1.89139e-06
2.63138e-06
4.23801e-06
5.40663e-06
9.00448e-06
1.47049e-05
3.12768e-05
5.85909e-05
0.000131116
0.000145326
0.000118317
0.000136928
0.00015723
0.000193628
0.000210187
0.000202495
0.000183086
0.000192203
0.000198982
0.000191846
0.00018358
0.000185156
0.000189708
0.000210218
0.000230862
0.000235168
0.000228576
0.000207116
0.000188253
0.000170136
0.000158667
0.000148427
0.000132806
0.000109305
8.68135e-05
6.82849e-05
5.35833e-05
4.18135e-05
3.22752e-05
2.45446e-05
1.8346e-05
1.34601e-05
9.68755e-06
6.83841e-06
4.73511e-06
3.21852e-06
2.15014e-06
1.41414e-06
9.17603e-07
5.88931e-07
3.75005e-07
2.37734e-07
1.50618e-07
9.57286e-08
6.12365e-08
3.95167e-08
2.57506e-08
1.69403e-08
1.12378e-08
7.50557e-09
5.03924e-09
3.39708e-09
2.29778e-09
1.55954e-09
1.06327e-09
7.30564e-10
5.07521e-10
3.65878e-10
2.69902e-10
2.22755e-10
2.11305e-10
2.44168e-10
2.69903e-10
4.85051e-10
5.51658e-10
1.28944e-09
1.5669e-09
3.21087e-09
5.3329e-09
7.91081e-09
1.99053e-08
1.87754e-08
4.61334e-08
4.02244e-08
6.3885e-08
6.14821e-08
7.06028e-08
7.16753e-08
7.22774e-08
1.02577e-07
1.0837e-07
2.35673e-07
2.52225e-07
4.29985e-07
3.99892e-07
5.45982e-07
5.88453e-07
9.50842e-07
1.09328e-06
1.31755e-06
1.69612e-06
3.08944e-06
3.70142e-06
5.68874e-06
8.10009e-06
1.47926e-05
3.09463e-05
5.66763e-05
0.000136919
0.000134695
0.000117249
0.000134394
0.000154081
0.000185207
0.000210186
0.00021073
0.000192405
0.000195032
0.000196216
0.000189482
0.000187668
0.000193279
0.000201133
0.000218615
0.000234331
0.00023623
0.000230411
0.000203843
0.000174772
0.000155111
0.000147664
0.000143955
0.00013505
0.000117079
9.34184e-05
7.27962e-05
5.64469e-05
4.35987e-05
3.33552e-05
2.5147e-05
1.86321e-05
1.35556e-05
9.68561e-06
6.8003e-06
4.69508e-06
3.18941e-06
2.13332e-06
1.40667e-06
9.15844e-07
5.90032e-07
3.77147e-07
2.39932e-07
1.52442e-07
9.70668e-08
6.21353e-08
4.00787e-08
2.60814e-08
1.71254e-08
1.13371e-08
7.55736e-09
5.06582e-09
3.41077e-09
2.30504e-09
1.56365e-09
1.06578e-09
7.32362e-10
5.086e-10
3.67225e-10
2.69612e-10
2.24975e-10
2.08816e-10
2.54917e-10
2.66308e-10
5.57325e-10
5.69691e-10
1.7324e-09
1.86786e-09
5.33978e-09
7.75826e-09
1.37174e-08
3.14562e-08
3.5471e-08
9.05031e-08
8.49484e-08
1.43174e-07
1.40176e-07
1.6942e-07
1.57684e-07
1.94536e-07
1.86125e-07
3.0749e-07
3.06984e-07
4.4809e-07
4.24058e-07
5.12093e-07
5.47509e-07
7.71705e-07
9.00594e-07
1.04003e-06
1.28445e-06
2.1527e-06
2.67872e-06
3.8309e-06
5.0282e-06
8.34555e-06
1.35373e-05
2.67618e-05
5.7196e-05
0.000149677
0.000139851
0.000119459
0.000128791
0.000148261
0.000172619
0.000206421
0.000210724
0.000198515
0.000196158
0.000194488
0.000187008
0.000188917
0.00019989
0.000222053
0.000241521
0.000243322
0.00023501
0.000222414
0.00019635
0.00015778
0.000130013
0.000124143
0.000126334
0.000128239
0.000121457
0.000100047
7.75972e-05
5.95385e-05
4.55129e-05
3.45329e-05
2.58552e-05
1.90258e-05
1.37372e-05
9.73234e-06
6.77177e-06
4.63407e-06
3.12449e-06
2.07914e-06
1.3675e-06
8.90401e-07
5.74934e-07
3.68924e-07
2.35842e-07
1.50619e-07
9.63757e-08
6.19481e-08
4.00821e-08
2.61364e-08
1.71796e-08
1.13769e-08
7.58297e-09
5.08125e-09
3.41981e-09
2.31036e-09
1.56692e-09
1.06787e-09
7.33907e-10
5.09453e-10
3.68489e-10
2.68935e-10
2.27612e-10
2.05732e-10
2.68686e-10
2.64747e-10
6.49492e-10
6.07668e-10
2.38488e-09
2.38968e-09
9.01439e-09
1.19753e-08
2.53803e-08
5.02207e-08
6.84787e-08
1.57188e-07
1.58636e-07
2.46289e-07
2.51263e-07
2.74798e-07
2.78865e-07
2.93614e-07
3.94985e-07
3.9898e-07
4.94959e-07
4.90072e-07
5.34955e-07
5.41227e-07
6.40882e-07
7.54551e-07
8.38133e-07
1.01463e-06
1.50206e-06
2.07949e-06
2.62472e-06
3.39036e-06
6.36421e-06
8.18376e-06
1.59273e-05
2.71636e-05
5.51462e-05
0.000156228
0.000163321
0.000129604
0.00012969
0.000143684
0.000172147
0.000202443
0.000208056
0.000199969
0.000195828
0.000193914
0.000187886
0.00018834
0.000197586
0.000224156
0.000248682
0.00024881
0.000232101
0.000196634
0.000174334
0.000142543
0.00011095
9.7173e-05
9.93427e-05
0.000111282
0.000114025
0.000105207
8.2335e-05
6.27167e-05
4.75093e-05
3.57526e-05
2.65858e-05
1.945e-05
1.39674e-05
9.8396e-06
6.80373e-06
4.62361e-06
3.09334e-06
2.04177e-06
1.33276e-06
8.62473e-07
5.54755e-07
3.55567e-07
2.27661e-07
1.4596e-07
9.39036e-08
6.07288e-08
3.95262e-08
2.59053e-08
1.70949e-08
1.13522e-08
7.57985e-09
5.08436e-09
3.42373e-09
2.31359e-09
1.56931e-09
1.06956e-09
7.35248e-10
5.10142e-10
3.69682e-10
2.6794e-10
2.30615e-10
2.02347e-10
2.83168e-10
2.64579e-10
7.68518e-10
6.76825e-10
3.34792e-09
3.29635e-09
1.5347e-08
1.95074e-08
4.9851e-08
8.86765e-08
1.37143e-07
2.78634e-07
3.09187e-07
4.74892e-07
5.56597e-07
6.82967e-07
7.38094e-07
9.5605e-07
8.93891e-07
9.40231e-07
9.67344e-07
9.89075e-07
9.35164e-07
9.49924e-07
9.73189e-07
9.40262e-07
9.90972e-07
1.17332e-06
1.68478e-06
1.85386e-06
2.34218e-06
3.15532e-06
5.43234e-06
9.98354e-06
1.42745e-05
2.65032e-05
5.7414e-05
0.000174384
0.000171819
0.000144619
0.000137581
0.00014473
0.000172611
0.0001944
0.000202423
0.000198714
0.000197175
0.000197704
0.000194579
0.0001893
0.000192246
0.00020967
0.000242846
0.00024694
0.000229463
0.00016737
0.000139374
0.000124303
0.000100604
8.35879e-05
8.1039e-05
8.97215e-05
0.000100946
0.000100483
8.60741e-05
6.54378e-05
4.93764e-05
3.69548e-05
2.7319e-05
1.98756e-05
1.42011e-05
9.95868e-06
6.85708e-06
4.64084e-06
3.09207e-06
2.03217e-06
1.32052e-06
8.50668e-07
5.44849e-07
3.48037e-07
2.2239e-07
1.42537e-07
9.18354e-08
5.95631e-08
3.89133e-08
2.56053e-08
1.6959e-08
1.12961e-08
7.5596e-09
5.07878e-09
3.42347e-09
2.31485e-09
1.57077e-09
1.07078e-09
7.36303e-10
5.10639e-10
3.70713e-10
2.66758e-10
2.33661e-10
1.99266e-10
2.98657e-10
2.68889e-10
9.2313e-10
8.2272e-10
4.72595e-09
4.91192e-09
2.532e-08
3.17324e-08
1.02713e-07
1.55764e-07
2.79733e-07
4.76357e-07
6.15446e-07
9.39996e-07
1.08165e-06
1.14938e-06
1.33601e-06
1.31568e-06
1.20979e-06
1.2767e-06
1.1991e-06
1.22488e-06
1.16573e-06
1.17507e-06
1.11286e-06
1.17963e-06
1.25651e-06
1.59266e-06
1.66895e-06
2.07446e-06
2.51447e-06
5.20977e-06
6.15736e-06
8.58165e-06
1.5991e-05
2.59053e-05
5.44444e-05
0.000181296
0.000207834
0.000169268
0.000146085
0.000148312
0.000170472
0.000182412
0.000197237
0.000201826
0.000207036
0.000208972
0.000204611
0.000194327
0.000194231
0.000206449
0.000230035
0.00022848
0.000213888
0.000154913
0.000111957
9.9664e-05
9.00522e-05
7.87533e-05
7.36158e-05
7.57616e-05
8.8006e-05
9.09681e-05
8.53451e-05
6.64751e-05
5.03337e-05
3.77407e-05
2.79013e-05
2.02546e-05
1.44185e-05
1.00682e-05
6.9041e-06
4.65617e-06
3.09357e-06
2.02876e-06
1.31612e-06
8.46742e-07
5.41787e-07
3.45823e-07
2.20881e-07
1.41564e-07
9.12417e-08
5.92228e-08
3.87313e-08
2.55154e-08
1.6919e-08
1.12808e-08
7.55548e-09
5.07899e-09
3.42496e-09
2.31643e-09
1.57207e-09
1.07173e-09
7.37066e-10
5.10925e-10
3.71448e-10
2.65546e-10
2.36324e-10
1.97152e-10
3.15713e-10
2.83952e-10
1.11656e-09
1.09624e-09
6.40907e-09
7.50126e-09
3.89507e-08
4.90351e-08
1.87598e-07
2.37226e-07
5.6963e-07
6.96519e-07
1.14087e-06
1.25727e-06
1.7533e-06
1.71181e-06
1.98621e-06
1.99708e-06
2.14442e-06
2.14594e-06
2.13389e-06
2.06738e-06
1.90493e-06
1.82423e-06
1.61245e-06
1.579e-06
1.48185e-06
1.53322e-06
1.5853e-06
1.98093e-06
2.83231e-06
4.67791e-06
7.28756e-06
8.57883e-06
1.32464e-05
2.50193e-05
5.80454e-05
0.000195763
0.000380209
0.000263036
0.000176139
0.000169032
0.000177712
0.000184046
0.000191755
0.000201258
0.000209629
0.000216782
0.000217512
0.000209738
0.000209463
0.000222329
0.000234392
0.000222781
0.000185034
0.000136432
9.78453e-05
8.62938e-05
8.47995e-05
7.86397e-05
7.1928e-05
7.15296e-05
7.81544e-05
8.24864e-05
8.04753e-05
6.66921e-05
5.05507e-05
3.79912e-05
2.81457e-05
2.04628e-05
1.45665e-05
1.01535e-05
6.94101e-06
4.66406e-06
3.08818e-06
2.01978e-06
1.3081e-06
8.4106e-07
5.38304e-07
3.4392e-07
2.19948e-07
1.41161e-07
9.10985e-08
5.91923e-08
3.87419e-08
2.55359e-08
1.69379e-08
1.1295e-08
7.56523e-09
5.08532e-09
3.42893e-09
2.31886e-09
1.57355e-09
1.07261e-09
7.37602e-10
5.11066e-10
3.71737e-10
2.64553e-10
2.37929e-10
1.96815e-10
3.33797e-10
3.16909e-10
1.31787e-09
1.55612e-09
8.13319e-09
1.16704e-08
5.60808e-08
7.73272e-08
3.23822e-07
3.79501e-07
1.18635e-06
1.18693e-06
2.55882e-06
2.27576e-06
3.98179e-06
3.44658e-06
4.71665e-06
4.33706e-06
4.73146e-06
4.29824e-06
4.65894e-06
4.40263e-06
4.07516e-06
3.63633e-06
3.48826e-06
3.06853e-06
2.58714e-06
2.24942e-06
2.26886e-06
2.40429e-06
3.26271e-06
3.77842e-06
5.18702e-06
9.27953e-06
1.57748e-05
2.41255e-05
5.92007e-05
0.000213794
0.00206384
0.00106244
0.00106384
0.000773788
0.000955533
0.00103821
0.00110142
0.00115063
0.00115731
0.00116951
0.00162384
0.00122934
0.00121763
0.00111504
0.0011278
0.00118487
0.00123058
0.00127681
0.0012841
0.00129789
0.00113607
0.00142354
0.00124294
0.00121983
0.00115928
0.00116148
0.00116644
0.00118745
0.00119241
0.00119675
0.000660605
0.0014149
0.00123796
0.0012345
0.001168
0.00111925
0.00108235
0.0010758
0.00107302
0.00105914
0.000375839
0.00124548
0.00111374
0.00113635
0.00109197
0.00102946
0.000977105
0.000946514
0.000940082
0.000911658
0.000303178
0.000945906
0.00086706
0.000915468
0.00090113
0.000859829
0.000814933
0.000777337
0.000774052
0.000748385
0.000349644
0.000688567
0.000636304
0.000659324
0.000652523
0.000625105
0.000590249
0.000558497
0.000561235
0.000550647
0.000398286
0.000531075
0.000506509
0.000493683
0.000478613
0.000445824
0.000415946
0.000381469
0.000375166
0.000362444
0.000502412
0.000495397
0.000473133
0.000442628
0.000415947
0.000380577
0.000349303
0.000310154
0.000296413
0.000267401
0.000533759
0.000507109
0.000475702
0.000439906
0.00040453
0.000363375
0.000327375
0.000283525
0.000267848
0.000232417
0.000477282
0.000478623
0.000457175
0.00041158
0.000368355
0.000322837
0.000284003
0.000241245
0.000226261
0.000196257
0.000336658
0.000388204
0.000369654
0.000326444
0.000284732
0.000250108
0.000227211
0.000203772
0.000189657
0.000172743
0.000245046
0.000287448
0.000274144
0.000242141
0.000228708
0.000215338
0.000213351
0.000212815
0.000212004
0.000223591
0.000202943
0.000218276
0.000207611
0.000209292
0.00022817
0.000264352
0.000325104
0.000359231
0.000372114
0.000421301
0.000175184
0.000176314
0.000192289
0.000265138
0.000409685
0.000522652
0.000609601
0.000646245
0.000660479
0.000704074
0.000172323
0.000209412
0.000352188
0.000587862
0.000815406
0.00090675
0.000953924
0.000955013
0.000954466
0.000962071
0.000272689
0.000522589
0.000862653
0.00113037
0.00124497
0.00124773
0.00123397
0.00119728
0.00117903
0.00116206
0.000705616
0.00123561
0.00149981
0.00157901
0.00155184
0.00147707
0.00141256
0.00135768
0.00133429
0.00130744
0.00154995
0.00187376
0.00189518
0.00182482
0.0016839
0.00156456
0.00148971
0.00143908
0.00141773
0.00139078
0.00207597
0.00200993
0.00183767
0.0016333
0.00145275
0.00134153
0.00128739
0.00125708
0.00124544
0.00122602
)
;

boundaryField
{
    inlet
    {
        type            zeroGradient;
    }
    outlet
    {
        type            zeroGradient;
    }
    walls
    {
        type            zeroGradient;
    }
    frontAndBack
    {
        type            empty;
    }
}


// ************************************************************************* //
