/*--------------------------------*- C++ -*----------------------------------*\
| =========                 |                                                 |
| \\      /  F ield         | OpenFOAM: The Open Source CFD Toolbox           |
|  \\    /   O peration     | Version:  2.4.0                                 |
|   \\  /    A nd           | Web:      www.OpenFOAM.org                      |
|    \\/     M anipulation  |                                                 |
\*---------------------------------------------------------------------------*/
FoamFile
{
    version     2.0;
    format      ascii;
    class       volVectorField;
    location    "0.098";
    object      UMean;
}
// * * * * * * * * * * * * * * * * * * * * * * * * * * * * * * * * * * * * * //

dimensions      [0 1 -1 0 0 0 0];

internalField   nonuniform List<vector> 
4400
(
(5.45126 0.3119 0)
(3.45857 0.0617268 0)
(2.73595 0.00161427 0)
(2.40767 -0.00236948 0)
(2.26819 -0.00143815 0)
(2.21333 -0.000833062 0)
(2.1683 -0.000147957 0)
(2.16922 -0.000496347 0)
(2.16733 -9.66196e-05 0)
(2.02917 -0.0489601 0)
(8.66538 0.83773 0)
(7.66801 0.33635 0)
(6.77639 0.111874 0)
(6.11094 0.0500392 0)
(5.73745 0.0222134 0)
(5.56817 0.01183 0)
(5.42512 0.00656025 0)
(5.42051 0.00137778 0)
(5.31196 0.0109094 0)
(5.46497 -0.150255 0)
(9.81797 0.910764 0)
(10.0592 0.461815 0)
(9.56569 0.203016 0)
(8.89332 0.118782 0)
(8.41473 0.0640574 0)
(8.16824 0.0361388 0)
(7.9612 0.0193624 0)
(7.92392 0.0116808 0)
(7.79344 -0.00253431 0)
(7.91899 -0.14883 0)
(10.0268 0.781499 0)
(11.1328 0.478479 0)
(11.2539 0.251109 0)
(10.8682 0.18063 0)
(10.4675 0.11238 0)
(10.2144 0.0693077 0)
(10.0121 0.0382526 0)
(9.91792 0.0242535 0)
(9.85537 -0.0036418 0)
(9.79813 -0.149608 0)
(9.95389 0.626863 0)
(11.3289 0.418623 0)
(11.9125 0.231889 0)
(11.9196 0.198416 0)
(11.7871 0.144478 0)
(11.6207 0.0953922 0)
(11.5376 0.0623351 0)
(11.3965 0.0309511 0)
(11.4252 0.0101347 0)
(11.2958 -0.171444 0)
(9.92459 0.498587 0)
(11.2513 0.346268 0)
(11.9693 0.176863 0)
(12.1879 0.169665 0)
(12.3093 0.138039 0)
(12.3264 0.100969 0)
(12.3933 0.0678869 0)
(12.3528 0.0410204 0)
(12.4143 0.000745136 0)
(12.3522 -0.142804 0)
(9.92142 0.384058 0)
(11.1884 0.277234 0)
(11.9066 0.129243 0)
(12.173 0.126702 0)
(12.354 0.110891 0)
(12.4901 0.0797336 0)
(12.6413 0.0598276 0)
(12.7401 0.0295137 0)
(12.845 -0.00902421 0)
(12.8868 -0.10266 0)
(9.91699 0.267096 0)
(11.1478 0.208213 0)
(11.8567 0.0840896 0)
(12.1393 0.0939156 0)
(12.313 0.0743171 0)
(12.4708 0.0613552 0)
(12.6367 0.0321779 0)
(12.7823 0.0218963 0)
(12.9098 -0.0391372 0)
(12.9875 -0.10302 0)
(9.91321 0.161576 0)
(11.1212 0.123932 0)
(11.8246 0.0506721 0)
(12.118 0.0533636 0)
(12.2827 0.0476487 0)
(12.4489 0.0309393 0)
(12.6065 0.0191246 0)
(12.7597 -0.00475178 0)
(12.8787 -0.0488281 0)
(12.9469 -0.147552 0)
(9.91557 0.0509607 0)
(11.1045 0.0451085 0)
(11.8117 0.0122624 0)
(12.1038 0.021352 0)
(12.2738 0.0110423 0)
(12.4342 0.0108904 0)
(12.5941 -0.00553508 0)
(12.7389 -0.018264 0)
(12.8597 -0.0720495 0)
(12.9088 -0.167811 0)
(9.91696 -0.0541519 0)
(11.104 -0.0394764 0)
(11.8121 -0.0193834 0)
(12.1038 -0.0174439 0)
(12.2735 -0.0186505 0)
(12.4344 -0.0171325 0)
(12.593 -0.0230992 0)
(12.7371 -0.0388337 0)
(12.8513 -0.0909078 0)
(12.8941 -0.183307 0)
(9.92083 -0.163753 0)
(11.1167 -0.119809 0)
(11.828 -0.0557735 0)
(12.1124 -0.0518122 0)
(12.2874 -0.0526049 0)
(12.4445 -0.040582 0)
(12.6054 -0.0436987 0)
(12.7433 -0.0572674 0)
(12.8556 -0.108417 0)
(12.8893 -0.197244 0)
(9.93729 -0.272096 0)
(11.1308 -0.200833 0)
(11.8696 -0.0920424 0)
(12.1221 -0.0885863 0)
(12.3241 -0.084565 0)
(12.4569 -0.0649056 0)
(12.6367 -0.0638413 0)
(12.7506 -0.0743444 0)
(12.8671 -0.124759 0)
(12.8699 -0.211569 0)
(9.94965 -0.385947 0)
(11.1546 -0.27383 0)
(11.9346 -0.133428 0)
(12.1379 -0.124964 0)
(12.3809 -0.117374 0)
(12.4543 -0.0880856 0)
(12.6538 -0.0837134 0)
(12.6795 -0.0896605 0)
(12.7837 -0.136828 0)
(12.6654 -0.219074 0)
(9.94212 -0.50215 0)
(11.2229 -0.341508 0)
(11.9944 -0.182295 0)
(12.1553 -0.16556 0)
(12.3361 -0.147258 0)
(12.2871 -0.105089 0)
(12.3971 -0.0952384 0)
(12.271 -0.0927906 0)
(12.2972 -0.135078 0)
(12.0132 -0.205491 0)
(9.96563 -0.628487 0)
(11.3077 -0.415738 0)
(11.9338 -0.235617 0)
(11.8894 -0.195633 0)
(11.8133 -0.152526 0)
(11.5722 -0.0994416 0)
(11.5358 -0.0850489 0)
(11.2843 -0.0777857 0)
(11.2462 -0.118284 0)
(10.8419 -0.164827 0)
(10.0318 -0.782834 0)
(11.1182 -0.47677 0)
(11.2706 -0.253762 0)
(10.8385 -0.178589 0)
(10.4984 -0.119372 0)
(10.1455 -0.070926 0)
(10.0315 -0.0598608 0)
(9.74019 -0.0546655 0)
(9.68225 -0.0919362 0)
(9.20303 -0.111779 0)
(9.81891 -0.911254 0)
(10.0512 -0.460899 0)
(9.57591 -0.204447 0)
(8.87163 -0.117958 0)
(8.43682 -0.068121 0)
(8.10251 -0.0382233 0)
(7.97839 -0.0334338 0)
(7.71677 -0.0327085 0)
(7.65561 -0.0604063 0)
(7.14988 -0.0625048 0)
(8.66528 -0.837949 0)
(7.66419 -0.336047 0)
(6.78108 -0.11246 0)
(6.09794 -0.0499007 0)
(5.74785 -0.0239888 0)
(5.51954 -0.0132331 0)
(5.42636 -0.012924 0)
(5.2407 -0.0148747 0)
(5.17593 -0.0287587 0)
(4.74047 -0.0264725 0)
(5.4509 -0.311929 0)
(3.45752 -0.0616808 0)
(2.73674 -0.00168776 0)
(2.40292 0.00236625 0)
(2.26933 0.00135081 0)
(2.19212 0.000432525 0)
(2.15579 -0.000297347 0)
(2.08116 -0.00129172 0)
(2.03039 -0.00281431 0)
(1.81805 0.00989117 0)
(3.2687 -0.38742 0)
(3.75031 -0.221336 0)
(4.35595 -0.262899 0)
(4.91373 -0.335917 0)
(5.36204 -0.465376 0)
(5.78315 -0.636518 0)
(6.09902 -0.679008 0)
(6.41501 -0.77469 0)
(6.89318 -0.879989 0)
(7.18924 -0.911213 0)
(7.59937 -1.02063 0)
(7.93928 -1.11528 0)
(8.30425 -1.30949 0)
(8.58419 -1.51486 0)
(8.81207 -1.70566 0)
(9.06557 -1.9037 0)
(9.31577 -2.09541 0)
(9.527 -2.25291 0)
(9.69843 -2.38158 0)
(9.81915 -2.46397 0)
(9.87108 -2.50186 0)
(9.89005 -2.4908 0)
(9.89146 -2.45567 0)
(9.93293 -2.41305 0)
(9.94226 -2.35512 0)
(9.8597 -2.23385 0)
(9.69608 -2.07343 0)
(9.48992 -1.86748 0)
(9.24155 -1.65337 0)
(8.99676 -1.40495 0)
(8.74295 -1.17711 0)
(8.53095 -0.964394 0)
(8.30845 -0.782366 0)
(8.1206 -0.605339 0)
(7.89923 -0.480176 0)
(7.74612 -0.337548 0)
(7.53055 -0.275026 0)
(7.41816 -0.168603 0)
(7.23257 -0.172665 0)
(7.15533 -0.0812014 0)
(6.98459 -0.102517 0)
(6.95555 -0.0131956 0)
(6.7619 -0.00644184 0)
(6.77569 0.110207 0)
(6.65102 0.0644257 0)
(6.64132 0.24975 0)
(6.5577 0.216691 0)
(6.45683 0.459811 0)
(6.45542 0.339799 0)
(6.3654 0.590953 0)
(6.37309 0.36087 0)
(6.28685 0.681173 0)
(6.32513 0.343827 0)
(6.18836 0.736534 0)
(6.32708 0.279005 0)
(6.14032 0.76269 0)
(6.36892 0.228144 0)
(6.06109 0.839349 0)
(6.39804 0.312361 0)
(6.00044 0.984866 0)
(6.35029 0.388147 0)
(5.86368 1.07863 0)
(6.24833 0.340695 0)
(5.68763 1.04688 0)
(6.14127 0.17826 0)
(5.52759 0.917983 0)
(6.04725 -0.0689016 0)
(5.41317 0.71829 0)
(6.00399 -0.320393 0)
(5.37077 0.554269 0)
(5.99726 -0.488677 0)
(5.39095 0.441822 0)
(5.99891 -0.599151 0)
(5.4441 0.352176 0)
(5.99331 -0.648326 0)
(5.5021 0.305389 0)
(5.98163 -0.619681 0)
(5.56371 0.312959 0)
(5.9618 -0.513825 0)
(5.62354 0.368399 0)
(5.92845 -0.346669 0)
(5.66749 0.45547 0)
(5.87411 -0.140386 0)
(5.67315 0.560418 0)
(5.80032 0.106115 0)
(5.63704 0.702044 0)
(5.71465 0.382633 0)
(5.56833 0.882941 0)
(5.63838 0.682996 0)
(5.51151 1.12551 0)
(5.60897 1.02187 0)
(5.54033 1.49556 0)
(5.64929 1.45059 0)
(5.5977 2.11788 0)
(5.66935 2.02549 0)
(5.4245 3.03678 0)
(6.0892 2.94726 0)
(5.45001 4.83253 0)
(6.37704 5.25499 0)
(3.69619 9.46737 0)
(5.67852 -0.414105 0)
(5.8804 -0.345956 0)
(6.15332 -0.409019 0)
(6.42034 -0.510844 0)
(6.72592 -0.632145 0)
(7.02614 -0.775305 0)
(7.29713 -0.832935 0)
(7.53822 -0.918029 0)
(7.8665 -1.02948 0)
(8.07405 -1.07279 0)
(8.35546 -1.172 0)
(8.63594 -1.27116 0)
(8.99719 -1.4433 0)
(9.29749 -1.63488 0)
(9.54419 -1.81776 0)
(9.77789 -2.00248 0)
(9.96684 -2.17656 0)
(10.0972 -2.31732 0)
(10.1932 -2.42821 0)
(10.2372 -2.4932 0)
(10.2251 -2.50507 0)
(10.2072 -2.48602 0)
(10.1896 -2.45487 0)
(10.1791 -2.40689 0)
(10.0834 -2.31853 0)
(9.90335 -2.16411 0)
(9.67453 -1.98236 0)
(9.42202 -1.76552 0)
(9.14597 -1.54367 0)
(8.87637 -1.29833 0)
(8.61142 -1.07969 0)
(8.37862 -0.873168 0)
(8.14607 -0.690792 0)
(7.93455 -0.517861 0)
(7.7068 -0.396001 0)
(7.54201 -0.261739 0)
(7.33187 -0.207007 0)
(7.22176 -0.112139 0)
(7.04973 -0.123548 0)
(6.96998 -0.0300033 0)
(6.81638 -0.063089 0)
(6.76106 0.0370553 0)
(6.58966 0.0271483 0)
(6.58796 0.140423 0)
(6.48783 0.081154 0)
(6.44134 0.285517 0)
(6.40268 0.243718 0)
(6.2644 0.491788 0)
(6.31652 0.342656 0)
(6.22835 0.622794 0)
(6.25283 0.359486 0)
(6.14548 0.711937 0)
(6.23479 0.342959 0)
(6.08321 0.77845 0)
(6.22622 0.253487 0)
(6.05457 0.804397 0)
(6.28543 0.193747 0)
(5.98869 0.890152 0)
(6.36102 0.263833 0)
(5.95626 1.05009 0)
(6.35305 0.357465 0)
(5.84465 1.162 0)
(6.28354 0.313216 0)
(5.68837 1.14079 0)
(6.19456 0.136928 0)
(5.53792 1.01811 0)
(6.12055 -0.129629 0)
(5.41419 0.819862 0)
(6.08421 -0.405941 0)
(5.3658 0.654727 0)
(6.08524 -0.595851 0)
(5.37696 0.549853 0)
(6.10364 -0.722624 0)
(5.41187 0.472267 0)
(6.12399 -0.787858 0)
(5.44808 0.439223 0)
(6.14585 -0.779934 0)
(5.50118 0.460465 0)
(6.17295 -0.691633 0)
(5.58366 0.528629 0)
(6.18925 -0.534863 0)
(5.6812 0.630397 0)
(6.17294 -0.329408 0)
(5.76867 0.750951 0)
(6.10815 -0.0782436 0)
(5.81736 0.910928 0)
(5.9738 0.205153 0)
(5.78908 1.10999 0)
(5.77133 0.497361 0)
(5.68804 1.35846 0)
(5.59117 0.798668 0)
(5.622 1.71984 0)
(5.66288 1.19473 0)
(5.70523 2.35038 0)
(6.02105 1.90706 0)
(5.55633 3.42311 0)
(5.93446 2.7642 0)
(4.92918 5.03858 0)
(8.30102 4.49266 0)
(5.97327 9.90833 0)
(7.98286 -0.400057 0)
(8.00192 -0.409277 0)
(8.16415 -0.481754 0)
(8.31313 -0.587491 0)
(8.47779 -0.708018 0)
(8.64147 -0.833881 0)
(8.79346 -0.91154 0)
(8.92115 -0.995225 0)
(9.09789 -1.10195 0)
(9.21716 -1.161 0)
(9.38956 -1.2596 0)
(9.58552 -1.38054 0)
(9.86863 -1.55329 0)
(10.1188 -1.7369 0)
(10.3112 -1.90726 0)
(10.4639 -2.06984 0)
(10.5573 -2.21788 0)
(10.5963 -2.33881 0)
(10.6189 -2.4321 0)
(10.5747 -2.47704 0)
(10.508 -2.47992 0)
(10.4495 -2.46641 0)
(10.3801 -2.43586 0)
(10.278 -2.36959 0)
(10.0743 -2.24579 0)
(9.82513 -2.06968 0)
(9.54643 -1.87516 0)
(9.25367 -1.64987 0)
(8.94754 -1.42311 0)
(8.65656 -1.18663 0)
(8.37995 -0.972528 0)
(8.13884 -0.771209 0)
(7.89181 -0.59325 0)
(7.68097 -0.43108 0)
(7.45404 -0.311416 0)
(7.29752 -0.190897 0)
(7.09355 -0.137175 0)
(6.99065 -0.0533161 0)
(6.81826 -0.0684844 0)
(6.74412 0.0208852 0)
(6.59466 -0.0241489 0)
(6.52375 0.0872165 0)
(6.37868 0.0564993 0)
(6.37263 0.170699 0)
(6.27837 0.101966 0)
(6.22 0.317977 0)
(6.1841 0.268941 0)
(6.06669 0.515252 0)
(6.11842 0.339332 0)
(6.07322 0.647609 0)
(6.09065 0.371513 0)
(5.97997 0.729554 0)
(6.07477 0.328431 0)
(5.96268 0.795896 0)
(6.10473 0.223664 0)
(5.96245 0.824387 0)
(6.17404 0.159005 0)
(5.93677 0.921029 0)
(6.28237 0.220224 0)
(5.91934 1.09909 0)
(6.31047 0.331164 0)
(5.84842 1.21721 0)
(6.27762 0.292537 0)
(5.72898 1.20586 0)
(6.20941 0.110816 0)
(5.59023 1.08698 0)
(6.14594 -0.168655 0)
(5.48139 0.889004 0)
(6.10794 -0.46593 0)
(5.43858 0.724434 0)
(6.11221 -0.674871 0)
(5.44908 0.625884 0)
(6.13364 -0.814566 0)
(5.46645 0.559097 0)
(6.16515 -0.897163 0)
(5.48239 0.540031 0)
(6.21139 -0.913454 0)
(5.51285 0.574232 0)
(6.28725 -0.857494 0)
(5.58469 0.654955 0)
(6.3919 -0.730216 0)
(5.70187 0.769832 0)
(6.51266 -0.544455 0)
(5.85727 0.910266 0)
(6.62536 -0.295834 0)
(6.01975 1.09173 0)
(6.68365 0.0201378 0)
(6.1034 1.3155 0)
(6.6086 0.367579 0)
(6.00906 1.56848 0)
(6.35384 0.692782 0)
(5.7185 1.87642 0)
(6.13304 0.993468 0)
(5.56559 2.36464 0)
(6.68235 1.47248 0)
(5.92121 3.50021 0)
(8.08685 2.58883 0)
(5.09299 5.43477 0)
(8.95393 3.82743 0)
(6.86877 9.99016 0)
(9.91354 -0.42696 0)
(9.84932 -0.479555 0)
(9.91983 -0.548214 0)
(10.0226 -0.638499 0)
(10.1157 -0.742972 0)
(10.1931 -0.858149 0)
(10.2489 -0.94995 0)
(10.2928 -1.03573 0)
(10.3503 -1.1315 0)
(10.4133 -1.20856 0)
(10.5213 -1.30941 0)
(10.6465 -1.43995 0)
(10.8063 -1.61564 0)
(10.9348 -1.79626 0)
(11.0156 -1.95657 0)
(11.0542 -2.10016 0)
(11.0438 -2.22158 0)
(10.9959 -2.32204 0)
(10.9275 -2.39642 0)
(10.8018 -2.4301 0)
(10.6948 -2.4414 0)
(10.5886 -2.4339 0)
(10.445 -2.38938 0)
(10.2428 -2.29096 0)
(9.9546 -2.13704 0)
(9.64919 -1.94616 0)
(9.32061 -1.74304 0)
(8.98303 -1.51407 0)
(8.64824 -1.29098 0)
(8.33888 -1.06438 0)
(8.05717 -0.861031 0)
(7.80708 -0.667334 0)
(7.56311 -0.497065 0)
(7.35409 -0.341777 0)
(7.14868 -0.228531 0)
(6.99878 -0.121234 0)
(6.8145 -0.0726797 0)
(6.71649 0.000102542 0)
(6.5462 -0.0198134 0)
(6.48084 0.0694274 0)
(6.33226 0.0136274 0)
(6.25392 0.141479 0)
(6.14491 0.0815702 0)
(6.11709 0.205324 0)
(6.05086 0.122335 0)
(5.95729 0.357294 0)
(5.95063 0.277142 0)
(5.85616 0.543558 0)
(5.90731 0.323975 0)
(5.85431 0.665359 0)
(5.92186 0.366801 0)
(5.80713 0.765594 0)
(5.91157 0.317607 0)
(5.78861 0.823395 0)
(5.9815 0.196524 0)
(5.81205 0.859623 0)
(6.0595 0.108906 0)
(5.82737 0.955789 0)
(6.19483 0.157919 0)
(5.82955 1.15021 0)
(6.26445 0.281766 0)
(5.79678 1.2812 0)
(6.27963 0.252666 0)
(5.7129 1.28439 0)
(6.24588 0.0676857 0)
(5.59475 1.17377 0)
(6.18858 -0.227365 0)
(5.49542 0.980097 0)
(6.15786 -0.544513 0)
(5.44739 0.816757 0)
(6.15571 -0.773425 0)
(5.43945 0.723194 0)
(6.17821 -0.926471 0)
(5.43009 0.671822 0)
(6.21536 -1.02379 0)
(5.41312 0.672167 0)
(6.27109 -1.06003 0)
(5.39848 0.724906 0)
(6.36851 -1.03454 0)
(5.41683 0.825281 0)
(6.52532 -0.946377 0)
(5.48272 0.958461 0)
(6.74905 -0.808501 0)
(5.6191 1.10918 0)
(7.04153 -0.609236 0)
(5.84951 1.29707 0)
(7.37079 -0.316749 0)
(6.14038 1.54585 0)
(7.63198 0.071005 0)
(6.37537 1.88084 0)
(7.62453 0.507452 0)
(6.27791 2.29868 0)
(7.13012 0.885886 0)
(5.59959 2.85633 0)
(6.65777 1.05445 0)
(4.9309 3.64696 0)
(8.61419 1.86252 0)
(5.7268 5.41235 0)
(11.1574 2.62127 0)
(8.38659 9.30014 0)
(11.3911 -0.377974 0)
(11.3563 -0.442457 0)
(11.3458 -0.541872 0)
(11.3733 -0.646741 0)
(11.4095 -0.752689 0)
(11.4266 -0.861289 0)
(11.4237 -0.95886 0)
(11.4114 -1.04538 0)
(11.4059 -1.13658 0)
(11.4311 -1.23301 0)
(11.4811 -1.34368 0)
(11.5266 -1.47126 0)
(11.5696 -1.63332 0)
(11.5754 -1.8007 0)
(11.5448 -1.95239 0)
(11.4773 -2.08431 0)
(11.3705 -2.19122 0)
(11.2448 -2.28219 0)
(11.095 -2.34523 0)
(10.9317 -2.38132 0)
(10.8014 -2.39836 0)
(10.6315 -2.37926 0)
(10.3975 -2.30297 0)
(10.1013 -2.1739 0)
(9.73612 -1.9989 0)
(9.37808 -1.80203 0)
(8.99641 -1.59432 0)
(8.62383 -1.36826 0)
(8.2632 -1.15143 0)
(7.9474 -0.940414 0)
(7.66141 -0.749293 0)
(7.41859 -0.566092 0)
(7.18121 -0.405296 0)
(6.9885 -0.261032 0)
(6.7935 -0.151193 0)
(6.65179 -0.0574487 0)
(6.48446 -0.0112514 0)
(6.39631 0.0492358 0)
(6.23188 0.0329062 0)
(6.1839 0.115564 0)
(6.02736 0.0532916 0)
(5.96445 0.190867 0)
(5.87437 0.101078 0)
(5.83544 0.235588 0)
(5.79947 0.145808 0)
(5.67781 0.392246 0)
(5.68703 0.282997 0)
(5.63124 0.557841 0)
(5.67557 0.313731 0)
(5.6603 0.684742 0)
(5.68521 0.350107 0)
(5.63835 0.778225 0)
(5.7055 0.295116 0)
(5.64337 0.823165 0)
(5.79224 0.156205 0)
(5.69705 0.872186 0)
(5.9126 0.0691062 0)
(5.73863 0.975556 0)
(6.05612 0.108048 0)
(5.76895 1.18183 0)
(6.17537 0.234563 0)
(5.77664 1.31932 0)
(6.23319 0.219325 0)
(5.73289 1.33105 0)
(6.22313 0.0390666 0)
(5.64821 1.23039 0)
(6.18389 -0.262675 0)
(5.56408 1.03811 0)
(6.15492 -0.596747 0)
(5.52791 0.875189 0)
(6.14465 -0.841491 0)
(5.51377 0.785761 0)
(6.15987 -1.00715 0)
(5.49849 0.74516 0)
(6.18582 -1.11792 0)
(5.4664 0.759024 0)
(6.22314 -1.17388 0)
(5.42871 0.824335 0)
(6.29771 -1.17663 0)
(5.40956 0.939563 0)
(6.43489 -1.12464 0)
(5.41778 1.09492 0)
(6.66289 -1.03804 0)
(5.47699 1.27175 0)
(7.03312 -0.920005 0)
(5.63496 1.47831 0)
(7.61559 -0.737501 0)
(5.94329 1.72596 0)
(8.46407 -0.450474 0)
(6.41165 2.03613 0)
(9.53123 -0.0107915 0)
(6.83604 2.46246 0)
(10.5452 0.62168 0)
(6.63514 3.11077 0)
(10.8999 1.36142 0)
(5.15439 3.95401 0)
(10.2756 1.70354 0)
(4.81073 5.92517 0)
(10.0072 1.4738 0)
(8.96682 8.63079 0)
(12.4013 -0.37884 0)
(12.3745 -0.490176 0)
(12.3414 -0.589582 0)
(12.3274 -0.678795 0)
(12.3256 -0.766223 0)
(12.2933 -0.853047 0)
(12.2464 -0.944999 0)
(12.1933 -1.03357 0)
(12.1496 -1.12927 0)
(12.1262 -1.23542 0)
(12.1032 -1.34974 0)
(12.0669 -1.46947 0)
(12.0228 -1.61197 0)
(11.9458 -1.76116 0)
(11.8386 -1.90506 0)
(11.6978 -2.03209 0)
(11.5289 -2.13655 0)
(11.3548 -2.22201 0)
(11.1726 -2.28192 0)
(11.0029 -2.32062 0)
(10.829 -2.33008 0)
(10.5625 -2.28276 0)
(10.2378 -2.17362 0)
(9.84965 -2.02009 0)
(9.42523 -1.83323 0)
(9.01996 -1.63273 0)
(8.59796 -1.42451 0)
(8.19459 -1.20558 0)
(7.82257 -1.00613 0)
(7.50332 -0.814817 0)
(7.22741 -0.63882 0)
(6.98729 -0.464317 0)
(6.7641 -0.316044 0)
(6.58233 -0.181565 0)
(6.40324 -0.0834282 0)
(6.26901 -0.00031209 0)
(6.12758 0.04289 0)
(6.0463 0.0974068 0)
(5.89751 0.0814619 0)
(5.8613 0.157728 0)
(5.70112 0.0915843 0)
(5.65759 0.233742 0)
(5.58002 0.113713 0)
(5.53853 0.266155 0)
(5.5167 0.162448 0)
(5.38157 0.428419 0)
(5.42718 0.263469 0)
(5.39226 0.586236 0)
(5.43553 0.269336 0)
(5.42712 0.707418 0)
(5.49371 0.327693 0)
(5.44242 0.811483 0)
(5.51675 0.273359 0)
(5.48171 0.846412 0)
(5.59798 0.11917 0)
(5.53568 0.878061 0)
(5.76889 0.0140366 0)
(5.60295 0.997316 0)
(5.93463 0.04263 0)
(5.66005 1.21741 0)
(6.10895 0.171757 0)
(5.70264 1.36305 0)
(6.19779 0.173009 0)
(5.69427 1.3865 0)
(6.22139 -0.00331167 0)
(5.63901 1.29558 0)
(6.20869 -0.310832 0)
(5.577 1.1106 0)
(6.18289 -0.660343 0)
(5.54337 0.952671 0)
(6.18124 -0.918094 0)
(5.5181 0.87191 0)
(6.19493 -1.09722 0)
(5.48341 0.844198 0)
(6.21921 -1.22268 0)
(5.43034 0.874271 0)
(6.25485 -1.29636 0)
(5.36931 0.954162 0)
(6.32259 -1.32166 0)
(5.31256 1.08518 0)
(6.44237 -1.29315 0)
(5.25939 1.26057 0)
(6.63783 -1.22888 0)
(5.20743 1.46448 0)
(6.95538 -1.13143 0)
(5.15417 1.71181 0)
(7.48734 -0.989245 0)
(5.11954 1.99844 0)
(8.38609 -0.797966 0)
(5.17051 2.30704 0)
(9.82712 -0.50847 0)
(5.49218 2.68569 0)
(11.7992 -0.0368038 0)
(6.20549 3.2368 0)
(13.6491 0.605821 0)
(7.05881 4.22759 0)
(13.7403 1.02828 0)
(7.76473 6.06106 0)
(10.9574 1.35339 0)
(8.92856 7.81217 0)
(12.8885 -0.393933 0)
(12.8727 -0.529589 0)
(12.8539 -0.599922 0)
(12.8326 -0.657686 0)
(12.7951 -0.728363 0)
(12.7259 -0.809282 0)
(12.6515 -0.906233 0)
(12.5748 -1.00708 0)
(12.4998 -1.11038 0)
(12.4296 -1.21804 0)
(12.3497 -1.32967 0)
(12.2614 -1.44404 0)
(12.167 -1.57341 0)
(12.0486 -1.71066 0)
(11.9084 -1.84957 0)
(11.7422 -1.97385 0)
(11.5649 -2.0761 0)
(11.3839 -2.15668 0)
(11.1935 -2.21476 0)
(10.9922 -2.24686 0)
(10.726 -2.22996 0)
(10.3597 -2.14607 0)
(9.94868 -2.00579 0)
(9.48892 -1.83616 0)
(9.01872 -1.64512 0)
(8.57982 -1.44916 0)
(8.1213 -1.24708 0)
(7.70835 -1.04607 0)
(7.33838 -0.867308 0)
(7.03851 -0.69677 0)
(6.77808 -0.534155 0)
(6.54874 -0.371002 0)
(6.32986 -0.232014 0)
(6.15324 -0.107921 0)
(5.98723 -0.018338 0)
(5.86002 0.0508294 0)
(5.73861 0.0914773 0)
(5.66528 0.136009 0)
(5.53404 0.125453 0)
(5.51508 0.194514 0)
(5.35234 0.129258 0)
(5.34127 0.269071 0)
(5.26789 0.128115 0)
(5.22584 0.292211 0)
(5.22661 0.189669 0)
(5.0795 0.457222 0)
(5.14961 0.241146 0)
(5.15896 0.598794 0)
(5.21168 0.259624 0)
(5.20001 0.715387 0)
(5.24423 0.2834 0)
(5.26266 0.813337 0)
(5.29733 0.230019 0)
(5.35447 0.839186 0)
(5.40913 0.0837076 0)
(5.42136 0.873288 0)
(5.57148 -0.0307588 0)
(5.49998 0.997476 0)
(5.77278 -0.0150417 0)
(5.5935 1.2206 0)
(5.99603 0.111789 0)
(5.67148 1.37789 0)
(6.1163 0.133567 0)
(5.70304 1.41139 0)
(6.16838 -0.0276366 0)
(5.68348 1.32596 0)
(6.17044 -0.334542 0)
(5.65213 1.14652 0)
(6.15467 -0.690372 0)
(5.62431 0.989983 0)
(6.15003 -0.957885 0)
(5.59916 0.913784 0)
(6.15445 -1.1491 0)
(5.55906 0.896626 0)
(6.1651 -1.28906 0)
(5.50412 0.941221 0)
(6.18204 -1.38112 0)
(5.43855 1.03308 0)
(6.21968 -1.42991 0)
(5.37322 1.17278 0)
(6.29277 -1.42714 0)
(5.31182 1.34934 0)
(6.41332 -1.39131 0)
(5.25336 1.54424 0)
(6.59128 -1.3207 0)
(5.18555 1.77301 0)
(6.83923 -1.19875 0)
(5.08907 2.05206 0)
(7.17503 -1.04274 0)
(4.94738 2.42264 0)
(7.65925 -0.849677 0)
(4.85763 2.95294 0)
(8.48102 -0.586758 0)
(5.27862 3.65588 0)
(9.87711 -0.2004 0)
(6.79804 4.71257 0)
(11.6516 0.319692 0)
(8.81353 6.21112 0)
(12.6657 1.78746 0)
(9.78066 6.96071 0)
(12.9461 -0.365081 0)
(12.9446 -0.510875 0)
(12.9447 -0.59359 0)
(12.9192 -0.651044 0)
(12.8631 -0.718478 0)
(12.787 -0.799379 0)
(12.7079 -0.894559 0)
(12.6196 -0.994432 0)
(12.5254 -1.09288 0)
(12.4288 -1.19297 0)
(12.3257 -1.29793 0)
(12.2205 -1.40869 0)
(12.1102 -1.53055 0)
(11.9897 -1.66089 0)
(11.8553 -1.79439 0)
(11.7019 -1.91309 0)
(11.537 -2.01182 0)
(11.3459 -2.08678 0)
(11.1206 -2.13238 0)
(10.8389 -2.13495 0)
(10.4685 -2.07648 0)
(10.0112 -1.95591 0)
(9.5308 -1.79962 0)
(9.00999 -1.62981 0)
(8.51249 -1.44615 0)
(8.04332 -1.25619 0)
(7.57167 -1.0666 0)
(7.16864 -0.887514 0)
(6.82381 -0.732614 0)
(6.54809 -0.579697 0)
(6.30546 -0.428084 0)
(6.08766 -0.278303 0)
(5.88612 -0.154106 0)
(5.71762 -0.0427865 0)
(5.57128 0.0377491 0)
(5.44987 0.0976839 0)
(5.34528 0.131418 0)
(5.27828 0.169433 0)
(5.17025 0.158208 0)
(5.15807 0.222016 0)
(5.00456 0.158187 0)
(5.02279 0.288484 0)
(4.94507 0.13387 0)
(4.92225 0.309011 0)
(4.90255 0.199638 0)
(4.80722 0.471692 0)
(4.87808 0.196081 0)
(4.92125 0.605369 0)
(4.9522 0.185614 0)
(4.97426 0.743763 0)
(5.04368 0.239645 0)
(5.0652 0.840067 0)
(5.1236 0.188513 0)
(5.18221 0.853531 0)
(5.2214 0.0353353 0)
(5.28554 0.869942 0)
(5.38376 -0.0908937 0)
(5.39075 0.992029 0)
(5.6318 -0.0813118 0)
(5.51906 1.22463 0)
(5.90135 0.0468516 0)
(5.61036 1.39788 0)
(6.05267 0.0841635 0)
(5.67411 1.43811 0)
(6.13872 -0.0587379 0)
(5.68757 1.36183 0)
(6.16568 -0.365226 0)
(5.67379 1.1899 0)
(6.16647 -0.726255 0)
(5.65388 1.03971 0)
(6.16686 -1.00219 0)
(5.62375 0.971956 0)
(6.17452 -1.20337 0)
(5.57735 0.968969 0)
(6.18332 -1.35587 0)
(5.51118 1.02915 0)
(6.19738 -1.46649 0)
(5.42908 1.13618 0)
(6.23091 -1.54192 0)
(5.34195 1.29246 0)
(6.29598 -1.56984 0)
(5.25753 1.48816 0)
(6.40801 -1.56919 0)
(5.18171 1.70079 0)
(6.57541 -1.53756 0)
(5.11553 1.93466 0)
(6.80357 -1.46002 0)
(5.08654 2.19382 0)
(7.08116 -1.34927 0)
(5.14588 2.51596 0)
(7.33956 -1.20828 0)
(5.36057 2.98341 0)
(7.45482 -1.08552 0)
(5.81944 3.75849 0)
(7.60296 -1.00227 0)
(6.68306 5.00373 0)
(8.94304 -0.433047 0)
(8.07441 6.11893 0)
(11.7151 1.6741 0)
(10.5039 6.35638 0)
(12.8944 -0.35518 0)
(12.898 -0.466765 0)
(12.9112 -0.542926 0)
(12.8969 -0.602606 0)
(12.8438 -0.670037 0)
(12.7669 -0.750743 0)
(12.6739 -0.843163 0)
(12.5717 -0.941544 0)
(12.4649 -1.04056 0)
(12.3628 -1.14249 0)
(12.2589 -1.24948 0)
(12.1613 -1.36323 0)
(12.0561 -1.48255 0)
(11.9488 -1.60939 0)
(11.8157 -1.73421 0)
(11.6606 -1.8461 0)
(11.468 -1.93637 0)
(11.2265 -1.99631 0)
(10.918 -2.0098 0)
(10.5307 -1.96991 0)
(10.0498 -1.87286 0)
(9.51544 -1.73385 0)
(8.97479 -1.57805 0)
(8.41608 -1.41882 0)
(7.90395 -1.24106 0)
(7.41898 -1.05991 0)
(6.95388 -0.889181 0)
(6.579 -0.737177 0)
(6.26092 -0.605718 0)
(6.00851 -0.470869 0)
(5.77162 -0.331149 0)
(5.5699 -0.192771 0)
(5.39074 -0.0774309 0)
(5.24288 0.0185514 0)
(5.11999 0.0887331 0)
(5.02239 0.139478 0)
(4.9351 0.169605 0)
(4.88391 0.196402 0)
(4.80277 0.187302 0)
(4.80171 0.246119 0)
(4.66747 0.189309 0)
(4.71542 0.306052 0)
(4.62724 0.149616 0)
(4.63437 0.331785 0)
(4.59592 0.221163 0)
(4.55495 0.479068 0)
(4.6066 0.151413 0)
(4.72359 0.621357 0)
(4.72344 0.177188 0)
(4.76523 0.72987 0)
(4.79806 0.177326 0)
(4.89427 0.816853 0)
(4.91639 0.125385 0)
(5.06952 0.841089 0)
(5.04012 0.00213001 0)
(5.18322 0.856143 0)
(5.1791 -0.132286 0)
(5.31637 0.95566 0)
(5.4343 -0.135063 0)
(5.46865 1.18654 0)
(5.74454 -0.00173764 0)
(5.57821 1.38316 0)
(5.93356 0.0529057 0)
(5.673 1.42915 0)
(6.04622 -0.0683393 0)
(5.72425 1.35716 0)
(6.09952 -0.357938 0)
(5.74468 1.18842 0)
(6.11227 -0.714075 0)
(5.74252 1.0395 0)
(6.11749 -0.992065 0)
(5.71921 0.977786 0)
(6.11536 -1.20452 0)
(5.67599 0.987693 0)
(6.10884 -1.37338 0)
(5.60853 1.06438 0)
(6.10412 -1.5031 0)
(5.5254 1.18835 0)
(6.11226 -1.60019 0)
(5.43509 1.36069 0)
(6.13966 -1.65351 0)
(5.34521 1.5684 0)
(6.19942 -1.68762 0)
(5.26238 1.7958 0)
(6.29174 -1.70185 0)
(5.18555 2.05833 0)
(6.41893 -1.68072 0)
(5.14451 2.36841 0)
(6.58562 -1.63625 0)
(5.19403 2.752 0)
(6.79993 -1.58053 0)
(5.4303 3.25693 0)
(7.07295 -1.54168 0)
(5.98701 3.98474 0)
(7.45687 -1.37551 0)
(6.85777 4.93291 0)
(8.16467 -0.684066 0)
(7.81216 5.69377 0)
(9.72488 1.1809 0)
(10.4849 5.65922 0)
(12.8489 -0.327945 0)
(12.8478 -0.411157 0)
(12.8649 -0.486976 0)
(12.8474 -0.560541 0)
(12.7881 -0.638962 0)
(12.6964 -0.723855 0)
(12.5922 -0.815202 0)
(12.4875 -0.912022 0)
(12.3923 -1.01251 0)
(12.3017 -1.11399 0)
(12.2135 -1.22036 0)
(12.121 -1.33028 0)
(12.0161 -1.44307 0)
(11.8899 -1.55826 0)
(11.7253 -1.66852 0)
(11.5196 -1.7636 0)
(11.2581 -1.83398 0)
(10.9236 -1.86223 0)
(10.507 -1.83784 0)
(10.0027 -1.76129 0)
(9.43345 -1.64002 0)
(8.85218 -1.49268 0)
(8.2855 -1.34449 0)
(7.71967 -1.19421 0)
(7.21093 -1.02405 0)
(6.72536 -0.860625 0)
(6.27958 -0.717862 0)
(5.93041 -0.592363 0)
(5.63934 -0.485683 0)
(5.41138 -0.371398 0)
(5.1985 -0.247426 0)
(5.02084 -0.121197 0)
(4.86752 -0.0163691 0)
(4.74154 0.0678066 0)
(4.63973 0.126797 0)
(4.56766 0.169948 0)
(4.5022 0.191201 0)
(4.46398 0.208891 0)
(4.41065 0.202063 0)
(4.41814 0.253151 0)
(4.30574 0.204591 0)
(4.38524 0.302769 0)
(4.28238 0.151082 0)
(4.3363 0.337206 0)
(4.24888 0.216283 0)
(4.33107 0.464292 0)
(4.30283 0.097745 0)
(4.49994 0.604017 0)
(4.39801 0.0878705 0)
(4.58796 0.751097 0)
(4.55489 0.132469 0)
(4.7135 0.830654 0)
(4.71341 0.0788642 0)
(4.89136 0.829395 0)
(4.84293 -0.0555707 0)
(5.0611 0.843196 0)
(4.96793 -0.19302 0)
(5.2278 0.926705 0)
(5.23299 -0.19036 0)
(5.38662 1.14966 0)
(5.57617 -0.0551327 0)
(5.51588 1.37097 0)
(5.82225 0.00601536 0)
(5.65089 1.42414 0)
(5.97805 -0.0850622 0)
(5.74152 1.3532 0)
(6.06591 -0.355968 0)
(5.7898 1.186 0)
(6.10367 -0.698091 0)
(5.79832 1.04191 0)
(6.11644 -0.969964 0)
(5.78039 0.990595 0)
(6.1123 -1.18129 0)
(5.73398 1.01248 0)
(6.10427 -1.35564 0)
(5.66142 1.10168 0)
(6.09842 -1.50085 0)
(5.57195 1.23858 0)
(6.10408 -1.62777 0)
(5.47159 1.42924 0)
(6.12783 -1.72743 0)
(5.37212 1.66299 0)
(6.18035 -1.80929 0)
(5.28723 1.92288 0)
(6.25965 -1.8692 0)
(5.23122 2.21293 0)
(6.36884 -1.90412 0)
(5.25594 2.53883 0)
(6.505 -1.92774 0)
(5.41665 2.92926 0)
(6.64844 -1.9318 0)
(5.75928 3.43171 0)
(6.79495 -1.86867 0)
(6.30981 4.05641 0)
(7.04567 -1.54826 0)
(7.02716 4.79587 0)
(7.59149 -0.647568 0)
(7.93448 5.16626 0)
(8.52618 0.980059 0)
(9.9811 4.8313 0)
(12.8219 -0.304126 0)
(12.8181 -0.368079 0)
(12.8393 -0.443119 0)
(12.8257 -0.523612 0)
(12.7683 -0.607479 0)
(12.6817 -0.694962 0)
(12.5836 -0.784052 0)
(12.4876 -0.877133 0)
(12.3927 -0.971244 0)
(12.2939 -1.06689 0)
(12.1872 -1.16619 0)
(12.0634 -1.26713 0)
(11.9172 -1.36821 0)
(11.7363 -1.46999 0)
(11.5058 -1.56172 0)
(11.2183 -1.63426 0)
(10.8552 -1.67419 0)
(10.4077 -1.66965 0)
(9.87168 -1.6141 0)
(9.2765 -1.51643 0)
(8.65991 -1.38691 0)
(8.06423 -1.24567 0)
(7.49333 -1.1145 0)
(6.93942 -0.97714 0)
(6.45726 -0.817314 0)
(5.99487 -0.671007 0)
(5.57303 -0.556114 0)
(5.25711 -0.461174 0)
(4.99236 -0.378654 0)
(4.79783 -0.275129 0)
(4.61684 -0.158778 0)
(4.47611 -0.0476192 0)
(4.35457 0.0481834 0)
(4.25769 0.119109 0)
(4.18279 0.170077 0)
(4.1387 0.202023 0)
(4.09931 0.21874 0)
(4.08275 0.224607 0)
(4.0499 0.222041 0)
(4.07397 0.261756 0)
(3.98362 0.22246 0)
(4.08942 0.304069 0)
(3.96955 0.167666 0)
(4.07249 0.347228 0)
(3.9337 0.217493 0)
(4.14534 0.446072 0)
(3.99675 0.0550148 0)
(4.3582 0.624389 0)
(4.10186 0.0776824 0)
(4.40863 0.720653 0)
(4.2613 0.0598683 0)
(4.57283 0.783111 0)
(4.46622 0.00204955 0)
(4.80556 0.810453 0)
(4.60545 -0.0855729 0)
(4.98156 0.81769 0)
(4.73041 -0.216934 0)
(5.1436 0.864746 0)
(4.95312 -0.231742 0)
(5.32784 1.07363 0)
(5.31607 -0.0896804 0)
(5.49239 1.31116 0)
(5.64112 -0.0213752 0)
(5.65728 1.37405 0)
(5.84234 -0.0899081 0)
(5.79086 1.3031 0)
(5.96817 -0.329587 0)
(5.87277 1.13554 0)
(6.02863 -0.649113 0)
(5.90413 0.993489 0)
(6.03861 -0.913576 0)
(5.89851 0.947267 0)
(6.02659 -1.12157 0)
(5.85836 0.978112 0)
(6.00547 -1.29235 0)
(5.78917 1.08163 0)
(5.98167 -1.43538 0)
(5.70062 1.23749 0)
(5.96224 -1.56156 0)
(5.59666 1.45031 0)
(5.95535 -1.67442 0)
(5.49253 1.69612 0)
(5.97171 -1.79278 0)
(5.40113 1.97284 0)
(6.01126 -1.91188 0)
(5.34023 2.29244 0)
(6.09105 -2.02255 0)
(5.36451 2.66002 0)
(6.2253 -2.10312 0)
(5.53079 3.07613 0)
(6.42189 -2.11977 0)
(5.88889 3.53854 0)
(6.69086 -1.99451 0)
(6.45788 4.06847 0)
(7.07821 -1.54541 0)
(7.18822 4.51818 0)
(7.67931 -0.571396 0)
(8.11779 4.50835 0)
(8.67998 1.05462 0)
(9.64907 3.92598 0)
(12.8103 -0.285206 0)
(12.8015 -0.328689 0)
(12.8163 -0.392656 0)
(12.7931 -0.470669 0)
(12.7313 -0.559867 0)
(12.6394 -0.652317 0)
(12.5348 -0.744933 0)
(12.4219 -0.836158 0)
(12.3013 -0.926447 0)
(12.1675 -1.01578 0)
(12.0181 -1.10726 0)
(11.8412 -1.19533 0)
(11.6332 -1.28227 0)
(11.3737 -1.36469 0)
(11.0545 -1.43257 0)
(10.6598 -1.47422 0)
(10.1834 -1.4801 0)
(9.62175 -1.44103 0)
(9.0014 -1.36184 0)
(8.36177 -1.25517 0)
(7.72408 -1.12937 0)
(7.12252 -1.00264 0)
(6.54666 -0.891031 0)
(6.01477 -0.770463 0)
(5.58132 -0.624418 0)
(5.15804 -0.49499 0)
(4.77475 -0.414157 0)
(4.50269 -0.351554 0)
(4.27121 -0.296567 0)
(4.10881 -0.21034 0)
(3.96179 -0.108527 0)
(3.86271 -0.00592217 0)
(3.77387 0.0816286 0)
(3.71163 0.144146 0)
(3.66579 0.189031 0)
(3.64824 0.214255 0)
(3.63528 0.228558 0)
(3.64674 0.22986 0)
(3.64254 0.227923 0)
(3.68455 0.256339 0)
(3.6374 0.227929 0)
(3.76319 0.292039 0)
(3.64812 0.171751 0)
(3.80832 0.338966 0)
(3.60315 0.199573 0)
(3.96019 0.407056 0)
(3.66735 0.0274496 0)
(4.16025 0.590133 0)
(3.72832 0.00964345 0)
(4.28324 0.72405 0)
(3.95384 0.0383187 0)
(4.43834 0.76967 0)
(4.19517 -0.0284535 0)
(4.65919 0.770463 0)
(4.32878 -0.137968 0)
(4.87172 0.781321 0)
(4.45584 -0.258342 0)
(5.06032 0.825727 0)
(4.65217 -0.264936 0)
(5.25108 0.998999 0)
(5.04337 -0.125231 0)
(5.44883 1.23853 0)
(5.44981 -0.0655885 0)
(5.64348 1.31985 0)
(5.7175 -0.104619 0)
(5.82389 1.24676 0)
(5.89201 -0.308207 0)
(5.93625 1.07154 0)
(5.98187 -0.597061 0)
(5.99169 0.931848 0)
(6.00121 -0.84635 0)
(5.99745 0.89208 0)
(5.99266 -1.04717 0)
(5.96095 0.9331 0)
(5.97257 -1.21675 0)
(5.88892 1.04739 0)
(5.95012 -1.36571 0)
(5.79569 1.21335 0)
(5.92924 -1.5026 0)
(5.68459 1.43567 0)
(5.91832 -1.62139 0)
(5.57395 1.70341 0)
(5.92415 -1.7415 0)
(5.47542 2.01273 0)
(5.95231 -1.86777 0)
(5.42205 2.35488 0)
(6.03063 -2.00548 0)
(5.47775 2.71259 0)
(6.16833 -2.11947 0)
(5.68623 3.10379 0)
(6.36233 -2.1333 0)
(6.06175 3.53789 0)
(6.64057 -1.95296 0)
(6.58491 3.93231 0)
(7.10652 -1.43916 0)
(7.22697 4.0823 0)
(7.88123 -0.382604 0)
(8.138 3.82901 0)
(9.02098 1.12343 0)
(9.63414 3.16839 0)
(12.7722 -0.264623 0)
(12.753 -0.288248 0)
(12.7497 -0.345187 0)
(12.711 -0.427615 0)
(12.6314 -0.523791 0)
(12.5186 -0.619757 0)
(12.3862 -0.70919 0)
(12.2399 -0.793217 0)
(12.079 -0.871914 0)
(11.8995 -0.947884 0)
(11.6912 -1.02307 0)
(11.4447 -1.09504 0)
(11.1491 -1.16272 0)
(10.7904 -1.22101 0)
(10.3629 -1.25977 0)
(9.85856 -1.26903 0)
(9.28211 -1.24346 0)
(8.6504 -1.18202 0)
(8.00495 -1.09719 0)
(7.36415 -0.994481 0)
(6.74311 -0.874923 0)
(6.16313 -0.759258 0)
(5.59404 -0.6663 0)
(5.09544 -0.573042 0)
(4.71094 -0.44635 0)
(4.34163 -0.337115 0)
(4.00897 -0.285061 0)
(3.78062 -0.246546 0)
(3.58415 -0.212007 0)
(3.4527 -0.144389 0)
(3.34699 -0.056113 0)
(3.2832 0.0326048 0)
(3.22925 0.108997 0)
(3.20379 0.162966 0)
(3.18364 0.201206 0)
(3.18829 0.218545 0)
(3.19632 0.229149 0)
(3.23166 0.224652 0)
(3.24706 0.225751 0)
(3.30555 0.242234 0)
(3.30215 0.227867 0)
(3.43295 0.27656 0)
(3.34096 0.182289 0)
(3.53761 0.326457 0)
(3.2962 0.20333 0)
(3.74993 0.382624 0)
(3.2727 0.032386 0)
(4.03816 0.593272 0)
(3.35809 0.0176116 0)
(4.13416 0.658082 0)
(3.58988 -0.0361078 0)
(4.32218 0.69578 0)
(3.84011 -0.103482 0)
(4.59719 0.745119 0)
(4.00141 -0.150406 0)
(4.80838 0.741321 0)
(4.12034 -0.258016 0)
(4.97049 0.750872 0)
(4.30166 -0.282703 0)
(5.19601 0.901312 0)
(4.68691 -0.15201 0)
(5.4569 1.12758 0)
(5.17274 -0.0781662 0)
(5.65067 1.22549 0)
(5.51649 -0.112366 0)
(5.87557 1.14913 0)
(5.74678 -0.274139 0)
(6.03071 0.970772 0)
(5.86594 -0.523963 0)
(6.1168 0.829518 0)
(5.8873 -0.75271 0)
(6.13789 0.788063 0)
(5.87134 -0.938542 0)
(6.10598 0.826761 0)
(5.83847 -1.09429 0)
(6.03191 0.94056 0)
(5.80026 -1.23277 0)
(5.93373 1.11293 0)
(5.75863 -1.36353 0)
(5.81381 1.35226 0)
(5.72334 -1.49087 0)
(5.68925 1.64222 0)
(5.7029 -1.63149 0)
(5.57568 1.96918 0)
(5.71918 -1.78567 0)
(5.51787 2.31965 0)
(5.81016 -1.94213 0)
(5.56951 2.68739 0)
(5.99216 -2.0623 0)
(5.76366 3.06546 0)
(6.27157 -2.07405 0)
(6.11385 3.3979 0)
(6.67258 -1.85787 0)
(6.59423 3.57737 0)
(7.24932 -1.26153 0)
(7.19096 3.51939 0)
(8.05049 -0.203528 0)
(8.14212 3.13815 0)
(9.13871 1.07323 0)
(9.72736 2.57891 0)
(12.5301 -0.234606 0)
(12.4882 -0.23946 0)
(12.4554 -0.289659 0)
(12.3869 -0.372344 0)
(12.2753 -0.468692 0)
(12.1252 -0.560852 0)
(11.9498 -0.643124 0)
(11.7504 -0.717033 0)
(11.5282 -0.78376 0)
(11.2763 -0.846697 0)
(10.9869 -0.907401 0)
(10.6487 -0.962537 0)
(10.2559 -1.00858 0)
(9.79915 -1.03934 0)
(9.2804 -1.04716 0)
(8.69909 -1.02703 0)
(8.07627 -0.980613 0)
(7.43925 -0.915479 0)
(6.81469 -0.838251 0)
(6.20964 -0.744558 0)
(5.64594 -0.636584 0)
(5.11627 -0.533683 0)
(4.59578 -0.465264 0)
(4.14886 -0.404393 0)
(3.81342 -0.303151 0)
(3.51802 -0.21424 0)
(3.24743 -0.188 0)
(3.07158 -0.172633 0)
(2.91371 -0.153631 0)
(2.8147 -0.100725 0)
(2.74866 -0.0260116 0)
(2.72043 0.0521072 0)
(2.70558 0.121333 0)
(2.71532 0.169637 0)
(2.72413 0.202077 0)
(2.75319 0.213529 0)
(2.78281 0.219033 0)
(2.83707 0.210877 0)
(2.87299 0.208675 0)
(2.94761 0.216497 0)
(2.98406 0.213046 0)
(3.11083 0.249272 0)
(3.06234 0.177078 0)
(3.253 0.302237 0)
(3.00164 0.190915 0)
(3.46233 0.35262 0)
(2.96977 0.00277777 0)
(3.88572 0.533761 0)
(2.97265 -0.0110304 0)
(4.02735 0.630539 0)
(3.09017 -0.0100466 0)
(4.21066 0.651708 0)
(3.36772 -0.112274 0)
(4.47541 0.669379 0)
(3.62061 -0.184374 0)
(4.71329 0.678299 0)
(3.78736 -0.2616 0)
(4.88738 0.694455 0)
(3.96203 -0.289672 0)
(5.13344 0.79483 0)
(4.32794 -0.174258 0)
(5.4242 0.98694 0)
(4.87173 -0.102415 0)
(5.64432 1.11888 0)
(5.32018 -0.124291 0)
(5.92267 1.05136 0)
(5.61592 -0.243876 0)
(6.1154 0.865165 0)
(5.77304 -0.454847 0)
(6.23601 0.728493 0)
(5.80693 -0.659478 0)
(6.27353 0.688208 0)
(5.80067 -0.828021 0)
(6.24557 0.723351 0)
(5.77145 -0.969991 0)
(6.16815 0.828533 0)
(5.73176 -1.09786 0)
(6.05849 0.990183 0)
(5.68307 -1.21604 0)
(5.92116 1.2167 0)
(5.63593 -1.32922 0)
(5.77083 1.49846 0)
(5.60555 -1.45738 0)
(5.63894 1.82163 0)
(5.6297 -1.61178 0)
(5.58027 2.16829 0)
(5.7443 -1.78277 0)
(5.63887 2.51268 0)
(5.95588 -1.912 0)
(5.83062 2.82536 0)
(6.27029 -1.90438 0)
(6.15036 3.0473 0)
(6.71462 -1.64769 0)
(6.56742 3.09391 0)
(7.31411 -1.02786 0)
(7.14017 2.91326 0)
(8.0922 -0.0282431 0)
(8.19044 2.52605 0)
(9.14152 0.988531 0)
(9.79016 2.09774 0)
(11.8354 -0.189805 0)
(11.768 -0.183406 0)
(11.7006 -0.230909 0)
(11.5988 -0.313625 0)
(11.4539 -0.406341 0)
(11.2683 -0.491396 0)
(11.0499 -0.564124 0)
(10.7997 -0.626229 0)
(10.5189 -0.679711 0)
(10.2028 -0.727092 0)
(9.84531 -0.769065 0)
(9.43998 -0.802343 0)
(8.98437 -0.823398 0)
(8.47356 -0.827398 0)
(7.91576 -0.8112 0)
(7.32247 -0.776097 0)
(6.72077 -0.726982 0)
(6.12347 -0.667163 0)
(5.54642 -0.59615 0)
(5.00272 -0.512717 0)
(4.5086 -0.41583 0)
(4.05688 -0.323398 0)
(3.62601 -0.27393 0)
(3.24804 -0.244559 0)
(2.97218 -0.17449 0)
(2.75648 -0.108583 0)
(2.5549 -0.104729 0)
(2.43282 -0.10913 0)
(2.31943 -0.105745 0)
(2.25372 -0.0711707 0)
(2.22152 -0.010433 0)
(2.22423 0.0580557 0)
(2.24112 0.118257 0)
(2.27981 0.161474 0)
(2.31691 0.190428 0)
(2.3714 0.198072 0)
(2.41708 0.200344 0)
(2.48598 0.190301 0)
(2.53639 0.185848 0)
(2.61936 0.185525 0)
(2.69323 0.191143 0)
(2.8139 0.213383 0)
(2.83395 0.172397 0)
(3.01066 0.2825 0)
(2.79708 0.196941 0)
(3.31688 0.315963 0)
(2.79545 -0.0275239 0)
(3.70864 0.519699 0)
(2.58673 0.0392569 0)
(3.78483 0.568011 0)
(2.67035 -0.0486163 0)
(4.14185 0.558879 0)
(2.92799 -0.15473 0)
(4.46027 0.62235 0)
(3.21077 -0.196007 0)
(4.67072 0.617044 0)
(3.44363 -0.258791 0)
(4.84627 0.608242 0)
(3.64064 -0.301619 0)
(5.08292 0.687946 0)
(3.95308 -0.191323 0)
(5.41428 0.850828 0)
(4.45328 -0.0917166 0)
(5.69436 0.972092 0)
(5.00578 -0.132078 0)
(5.99441 0.904634 0)
(5.40184 -0.210196 0)
(6.23378 0.727147 0)
(5.59539 -0.374039 0)
(6.38859 0.597648 0)
(5.64149 -0.547463 0)
(6.43028 0.55719 0)
(5.6403 -0.692838 0)
(6.39154 0.588503 0)
(5.59842 -0.813768 0)
(6.2959 0.686171 0)
(5.53199 -0.922849 0)
(6.16029 0.8393 0)
(5.44877 -1.02421 0)
(5.99498 1.05385 0)
(5.36616 -1.12477 0)
(5.82249 1.31584 0)
(5.3219 -1.24855 0)
(5.69053 1.60316 0)
(5.36728 -1.40378 0)
(5.64243 1.90223 0)
(5.5282 -1.57132 0)
(5.69643 2.19699 0)
(5.80708 -1.69322 0)
(5.85443 2.45075 0)
(6.20819 -1.67855 0)
(6.11637 2.59028 0)
(6.72181 -1.41229 0)
(6.49368 2.54671 0)
(7.32942 -0.803097 0)
(7.12095 2.31825 0)
(8.08163 0.0868885 0)
(8.28011 1.97843 0)
(9.13737 0.874434 0)
(9.81792 1.65988 0)
(10.6463 -0.138974 0)
(10.5601 -0.135678 0)
(10.4669 -0.179706 0)
(10.3445 -0.253628 0)
(10.1802 -0.33301 0)
(9.97198 -0.404119 0)
(9.72448 -0.462482 0)
(9.43931 -0.509284 0)
(9.12003 -0.546505 0)
(8.76429 -0.575826 0)
(8.36902 -0.598031 0)
(7.93121 -0.611413 0)
(7.45054 -0.612709 0)
(6.93018 -0.599728 0)
(6.38517 -0.57385 0)
(5.8305 -0.536213 0)
(5.28265 -0.489838 0)
(4.74727 -0.434979 0)
(4.24763 -0.375127 0)
(3.78947 -0.312717 0)
(3.38984 -0.23707 0)
(3.04527 -0.163301 0)
(2.71931 -0.134945 0)
(2.44013 -0.129575 0)
(2.24063 -0.0865032 0)
(2.1004 -0.0434995 0)
(1.97217 -0.0518524 0)
(1.89652 -0.0668663 0)
(1.8225 -0.0722255 0)
(1.78416 -0.0521103 0)
(1.77902 -0.00575364 0)
(1.80946 0.0499219 0)
(1.8556 0.100776 0)
(1.91827 0.139568 0)
(1.98131 0.164268 0)
(2.05602 0.171179 0)
(2.11442 0.172081 0)
(2.19658 0.162502 0)
(2.25822 0.152636 0)
(2.35006 0.145839 0)
(2.4521 0.153449 0)
(2.55733 0.167553 0)
(2.61629 0.154067 0)
(2.79314 0.245942 0)
(2.63723 0.174953 0)
(3.20945 0.267729 0)
(2.64558 -0.0425717 0)
(3.49997 0.463868 0)
(2.50143 0.0418665 0)
(3.86648 0.484229 0)
(2.82791 -0.0765205 0)
(4.22881 0.46118 0)
(2.95126 -0.16163 0)
(4.50048 0.50379 0)
(3.08098 -0.204521 0)
(4.70167 0.518212 0)
(3.30852 -0.260108 0)
(4.89509 0.512364 0)
(3.53984 -0.282446 0)
(5.07203 0.550159 0)
(3.7847 -0.193564 0)
(5.37462 0.682025 0)
(4.17528 -0.113998 0)
(5.76972 0.800707 0)
(4.70316 -0.138061 0)
(6.10279 0.755653 0)
(5.17023 -0.174946 0)
(6.36963 0.582181 0)
(5.3844 -0.303654 0)
(6.55244 0.467514 0)
(5.46343 -0.440243 0)
(6.59193 0.428325 0)
(5.47567 -0.561029 0)
(6.53516 0.458326 0)
(5.42579 -0.659384 0)
(6.41193 0.547943 0)
(5.33977 -0.746054 0)
(6.24269 0.687266 0)
(5.23822 -0.823505 0)
(6.04485 0.880585 0)
(5.15421 -0.900377 0)
(5.85919 1.10772 0)
(5.14366 -1.00603 0)
(5.73358 1.34556 0)
(5.23823 -1.14637 0)
(5.68556 1.58632 0)
(5.43722 -1.30085 0)
(5.71545 1.81861 0)
(5.73682 -1.4117 0)
(5.82622 2.00936 0)
(6.14487 -1.39079 0)
(6.04224 2.09476 0)
(6.65513 -1.13561 0)
(6.43158 2.01716 0)
(7.26362 -0.580401 0)
(7.16444 1.78854 0)
(8.04568 0.179657 0)
(8.39307 1.49779 0)
(9.15875 0.737125 0)
(9.84281 1.26686 0)
(9.02506 -0.0883768 0)
(8.93243 -0.101264 0)
(8.82812 -0.139676 0)
(8.69934 -0.195624 0)
(8.53126 -0.255573 0)
(8.31552 -0.309367 0)
(8.05484 -0.351937 0)
(7.7528 -0.383193 0)
(7.41565 -0.404614 0)
(7.04324 -0.417783 0)
(6.63639 -0.423553 0)
(6.19603 -0.421132 0)
(5.72782 -0.408045 0)
(5.24332 -0.38558 0)
(4.75582 -0.356031 0)
(4.27595 -0.318659 0)
(3.8182 -0.277817 0)
(3.39003 -0.236817 0)
(3.00591 -0.195584 0)
(2.66254 -0.152662 0)
(2.37618 -0.0966504 0)
(2.15167 -0.0413678 0)
(1.95047 -0.0303592 0)
(1.78033 -0.0403238 0)
(1.65959 -0.019641 0)
(1.59685 0.00234893 0)
(1.5385 -0.0151667 0)
(1.50133 -0.038663 0)
(1.45685 -0.0534354 0)
(1.43379 -0.0465209 0)
(1.43973 -0.0137052 0)
(1.48429 0.0314094 0)
(1.54604 0.0760686 0)
(1.62425 0.110238 0)
(1.70486 0.131511 0)
(1.79218 0.139371 0)
(1.866 0.138802 0)
(1.95991 0.127367 0)
(2.03374 0.116363 0)
(2.12658 0.10363 0)
(2.24099 0.110162 0)
(2.33962 0.121048 0)
(2.45353 0.119706 0)
(2.64279 0.178346 0)
(2.51645 0.118621 0)
(3.07102 0.211346 0)
(2.41889 -0.00710734 0)
(3.35819 0.419057 0)
(2.52983 0.0142995 0)
(3.9172 0.351651 0)
(2.79322 -0.0526135 0)
(4.21351 0.341494 0)
(2.76466 -0.135994 0)
(4.52865 0.389122 0)
(2.95224 -0.169839 0)
(4.76068 0.401349 0)
(3.15671 -0.213734 0)
(4.96538 0.375359 0)
(3.33519 -0.220477 0)
(5.17233 0.402093 0)
(3.56809 -0.156005 0)
(5.50686 0.497248 0)
(3.91227 -0.0979298 0)
(5.88667 0.60034 0)
(4.37456 -0.113744 0)
(6.22429 0.551279 0)
(4.80981 -0.12995 0)
(6.49442 0.415088 0)
(5.05494 -0.213316 0)
(6.64774 0.319288 0)
(5.15332 -0.308657 0)
(6.64426 0.290826 0)
(5.13776 -0.397347 0)
(6.53914 0.325788 0)
(5.03869 -0.466474 0)
(6.36833 0.408808 0)
(4.89814 -0.527197 0)
(6.1648 0.532131 0)
(4.7575 -0.582214 0)
(5.96619 0.695695 0)
(4.68283 -0.647932 0)
(5.82528 0.871839 0)
(4.72427 -0.748367 0)
(5.75396 1.04662 0)
(4.88164 -0.876084 0)
(5.73554 1.21932 0)
(5.13921 -1.00753 0)
(5.75314 1.38534 0)
(5.49485 -1.09657 0)
(5.81657 1.51781 0)
(5.95329 -1.07644 0)
(5.98339 1.5682 0)
(6.50576 -0.866412 0)
(6.38439 1.48959 0)
(7.15884 -0.406666 0)
(7.19999 1.29684 0)
(8.01157 0.19855 0)
(8.45487 1.06432 0)
(9.1831 0.547903 0)
(9.84601 0.907792 0)
(7.04419 -0.0339974 0)
(6.95949 -0.0634173 0)
(6.85912 -0.0952216 0)
(6.73601 -0.131282 0)
(6.57257 -0.170842 0)
(6.35772 -0.206583 0)
(6.09495 -0.232348 0)
(5.79082 -0.247679 0)
(5.45541 -0.253804 0)
(5.09365 -0.253191 0)
(4.71168 -0.247038 0)
(4.31594 -0.23558 0)
(3.91693 -0.218596 0)
(3.52229 -0.196966 0)
(3.14307 -0.17182 0)
(2.78739 -0.143912 0)
(2.46331 -0.117477 0)
(2.16779 -0.0942299 0)
(1.9127 -0.0713312 0)
(1.70185 -0.0481331 0)
(1.54522 -0.0159963 0)
(1.44474 0.0158512 0)
(1.35929 0.0145738 0)
(1.28557 -0.00217002 0)
(1.23972 0.00315663 0)
(1.23825 0.00999309 0)
(1.22796 -0.00836407 0)
(1.21319 -0.0309362 0)
(1.17937 -0.0466608 0)
(1.15012 -0.0487643 0)
(1.14538 -0.0301571 0)
(1.18181 0.000966492 0)
(1.24389 0.0361207 0)
(1.32904 0.0642898 0)
(1.42116 0.0820467 0)
(1.52237 0.0901581 0)
(1.61725 0.0893076 0)
(1.71404 0.0787431 0)
(1.79222 0.0682577 0)
(1.87479 0.0535982 0)
(1.94945 0.058084 0)
(2.0377 0.0585047 0)
(2.15707 0.0606749 0)
(2.31333 0.117265 0)
(2.20715 0.0947028 0)
(2.77005 0.174013 0)
(2.1618 -0.0135921 0)
(3.17054 0.276571 0)
(2.34421 -0.060104 0)
(3.80917 0.18887 0)
(2.37286 -0.00190823 0)
(4.09368 0.253466 0)
(2.41717 -0.130263 0)
(4.42803 0.266595 0)
(2.584 -0.123953 0)
(4.623 0.244106 0)
(2.76951 -0.173194 0)
(4.80367 0.22785 0)
(2.87798 -0.171663 0)
(4.99173 0.227499 0)
(3.00817 -0.11374 0)
(5.32983 0.303134 0)
(3.28253 -0.0689745 0)
(5.74499 0.382181 0)
(3.71506 -0.0938154 0)
(6.11042 0.351778 0)
(4.12469 -0.0893989 0)
(6.40097 0.252164 0)
(4.37105 -0.137431 0)
(6.56871 0.179522 0)
(4.44804 -0.197757 0)
(6.59745 0.172033 0)
(4.41124 -0.249833 0)
(6.52024 0.21052 0)
(4.30973 -0.284689 0)
(6.37511 0.281832 0)
(4.20199 -0.314331 0)
(6.2034 0.380047 0)
(4.14568 -0.341323 0)
(6.05781 0.498508 0)
(4.20133 -0.386549 0)
(5.95751 0.618342 0)
(4.35593 -0.458882 0)
(5.87841 0.737171 0)
(4.57826 -0.552241 0)
(5.80528 0.855031 0)
(4.85078 -0.653473 0)
(5.73909 0.968001 0)
(5.17976 -0.732115 0)
(5.72231 1.05985 0)
(5.58545 -0.73588 0)
(5.85954 1.0996 0)
(6.0989 -0.595076 0)
(6.31891 1.03918 0)
(6.77685 -0.25784 0)
(7.22954 0.854923 0)
(7.72492 0.165853 0)
(8.49659 0.663851 0)
(8.97002 0.346845 0)
(9.84533 0.561919 0)
(4.75002 -0.0134014 0)
(4.67131 -0.045949 0)
(4.57709 -0.0602244 0)
(4.45914 -0.0753081 0)
(4.30075 -0.0942352 0)
(4.09549 -0.1105 0)
(3.85044 -0.119085 0)
(3.5766 -0.12005 0)
(3.28828 -0.114708 0)
(2.99296 -0.106338 0)
(2.6983 -0.0961445 0)
(2.41068 -0.0842842 0)
(2.13225 -0.0712356 0)
(1.86981 -0.0569344 0)
(1.63623 -0.0437804 0)
(1.43341 -0.0315703 0)
(1.26846 -0.0179662 0)
(1.13629 -0.00706007 0)
(1.03521 0.000317315 0)
(0.961579 0.00707086 0)
(0.923131 0.0195247 0)
(0.923928 0.0345876 0)
(0.931908 0.0306845 0)
(0.929587 0.0147781 0)
(0.926063 0.0102026 0)
(0.946355 0.00847408 0)
(0.950138 -0.00476521 0)
(0.928736 -0.0199983 0)
(0.88104 -0.0319068 0)
(0.821359 -0.0397735 0)
(0.778535 -0.0338905 0)
(0.775745 -0.0162185 0)
(0.811308 0.00634888 0)
(0.881994 0.0254661 0)
(0.968614 0.0381032 0)
(1.06403 0.0442858 0)
(1.16011 0.046424 0)
(1.24841 0.0420237 0)
(1.32041 0.0342359 0)
(1.37846 0.0242942 0)
(1.42048 0.0242629 0)
(1.4795 0.0211138 0)
(1.5613 0.0328067 0)
(1.66339 0.061454 0)
(1.59721 0.0318102 0)
(2.17366 0.107125 0)
(1.66026 -0.0354678 0)
(2.6985 0.169992 0)
(1.75519 -0.0675814 0)
(2.94544 0.127776 0)
(1.75135 -0.0401568 0)
(3.4872 0.162388 0)
(1.998 -0.0700974 0)
(3.48716 0.13733 0)
(2.11942 -0.0775397 0)
(3.64239 0.123195 0)
(2.26606 -0.092465 0)
(3.68706 0.109242 0)
(2.33054 -0.0981426 0)
(3.80983 0.111181 0)
(2.36159 -0.0798781 0)
(4.11271 0.150615 0)
(2.51575 -0.0425681 0)
(4.47747 0.191856 0)
(2.85932 -0.0442537 0)
(4.73062 0.163422 0)
(3.14194 -0.0391326 0)
(4.99366 0.0966175 0)
(3.23373 -0.0685246 0)
(5.19086 0.0574619 0)
(3.16845 -0.097017 0)
(5.28927 0.0544259 0)
(3.0134 -0.114845 0)
(5.33558 0.0774503 0)
(2.83943 -0.121114 0)
(5.38619 0.116854 0)
(2.71785 -0.1277 0)
(5.4797 0.163397 0)
(2.71654 -0.143397 0)
(5.63229 0.216393 0)
(2.85083 -0.169213 0)
(5.80177 0.2774 0)
(3.09587 -0.209262 0)
(5.94761 0.342271 0)
(3.42674 -0.262402 0)
(6.04089 0.41133 0)
(3.82407 -0.319942 0)
(6.0728 0.481956 0)
(4.28194 -0.363923 0)
(6.08302 0.542875 0)
(4.80668 -0.365728 0)
(6.18396 0.571175 0)
(5.42265 -0.28777 0)
(6.54201 0.532007 0)
(6.16322 -0.106894 0)
(7.27806 0.395148 0)
(7.0605 0.109406 0)
(8.30896 0.26829 0)
(8.09934 0.166342 0)
(9.39678 0.204894 0)
(1.87526 0.0267409 0)
(1.82144 -0.00587805 0)
(1.75109 -0.00912514 0)
(1.66239 -0.0118103 0)
(1.55113 -0.0146579 0)
(1.41701 -0.0149995 0)
(1.26816 -0.0132134 0)
(1.11549 -0.0108185 0)
(0.968215 -0.00852459 0)
(0.830848 -0.00656658 0)
(0.7092 -0.00335755 0)
(0.606594 0.0017402 0)
(0.52246 0.00644592 0)
(0.460035 0.00996181 0)
(0.415901 0.0112582 0)
(0.384311 0.0106891 0)
(0.365448 0.0094733 0)
(0.3564 0.00754829 0)
(0.353583 0.00522108 0)
(0.351138 0.00162068 0)
(0.356649 -8.40796e-05 0)
(0.383613 0.0023502 0)
(0.420283 -9.79835e-05 0)
(0.432467 -0.00980858 0)
(0.419942 -0.0175407 0)
(0.407033 -0.0203618 0)
(0.382265 -0.0230686 0)
(0.336496 -0.0257009 0)
(0.275171 -0.0270424 0)
(0.199603 -0.0297024 0)
(0.117298 -0.0300914 0)
(0.054604 -0.0253769 0)
(0.0263365 -0.0176363 0)
(0.0384521 -0.00923104 0)
(0.0775887 -0.0021815 0)
(0.135129 0.00328316 0)
(0.20348 0.00638204 0)
(0.27452 0.00685434 0)
(0.333825 0.00647495 0)
(0.385581 0.00437531 0)
(0.42803 -0.000105494 0)
(0.447123 -0.00900356 0)
(0.495031 -0.00542863 0)
(0.579246 0.00994749 0)
(0.51853 -0.0135735 0)
(0.902251 0.0130058 0)
(0.533433 -0.0628994 0)
(1.0023 0.0538438 0)
(0.739314 -0.0212016 0)
(1.12041 0.0496884 0)
(0.83378 -0.0548153 0)
(1.24556 0.0146919 0)
(0.867422 -0.00668828 0)
(1.43278 0.035736 0)
(0.992388 -0.0393784 0)
(1.47661 0.0229959 0)
(1.03905 -0.0400272 0)
(1.49541 0.0270689 0)
(1.05789 -0.0474619 0)
(1.5046 0.0272997 0)
(1.05546 -0.0465653 0)
(1.58887 0.0293348 0)
(1.13287 -0.0353088 0)
(1.79425 0.0316318 0)
(1.34023 -0.0326052 0)
(1.95314 0.0285142 0)
(1.51951 -0.0287206 0)
(2.09809 0.0153641 0)
(1.52566 -0.0335167 0)
(2.1599 0.0120882 0)
(1.42886 -0.0350221 0)
(2.14924 0.0178315 0)
(1.30646 -0.0345741 0)
(2.14441 0.0257539 0)
(1.20623 -0.0353639 0)
(2.18381 0.0311504 0)
(1.15089 -0.0404567 0)
(2.26805 0.033414 0)
(1.13793 -0.0454121 0)
(2.39223 0.0385837 0)
(1.17739 -0.0491233 0)
(2.55773 0.0450507 0)
(1.27464 -0.0561478 0)
(2.74568 0.0525408 0)
(1.42372 -0.0679626 0)
(2.93037 0.0640619 0)
(1.63652 -0.085776 0)
(3.08878 0.082258 0)
(1.94438 -0.107383 0)
(3.21638 0.105313 0)
(2.37382 -0.124143 0)
(3.35175 0.123715 0)
(2.91759 -0.120982 0)
(3.59341 0.121096 0)
(3.52148 -0.0837511 0)
(4.04727 0.0748534 0)
(4.08291 -0.0203796 0)
(4.66046 0.00207875 0)
(4.55249 0.0138765 0)
(5.29623 -0.0848882 0)
(0.205425 -0.0877602 0)
(0.613436 -0.0936481 0)
(1.15224 -0.060989 0)
(1.46288 0.0262874 0)
(1.39454 0.052519 0)
(1.26633 0.0541609 0)
(1.01902 0.0804022 0)
(0.606332 0.0783157 0)
(0.0858406 0.0564948 0)
(-0.32694 0.0278974 0)
(-0.47892 0.0242095 0)
(-0.547164 0.0187833 0)
(-0.5098 -0.00332528 0)
(-0.515429 0.00557172 0)
(-0.551143 0.0328064 0)
(-0.600061 0.0472611 0)
(-0.611272 0.0439024 0)
(-0.611922 0.0444742 0)
(-0.611613 0.0558193 0)
(-0.682363 0.0623489 0)
(-0.883361 0.0273082 0)
(-0.911928 -0.00928194 0)
(-0.852338 -0.00423474 0)
(-0.788129 0.00351837 0)
(-0.62945 0.00738745 0)
(-0.413167 0.00376617 0)
(-0.218813 0.00197738 0)
(-0.102123 0.00787036 0)
(-0.0338792 0.00611463 0)
(0.0623416 0.00776803 0)
(0.168649 -0.0066043 0)
(0.332984 -0.00927555 0)
(0.557393 -0.0198027 0)
(0.760652 -0.00788292 0)
(0.983176 -0.00617999 0)
(1.10491 0.0168038 0)
(1.22416 0.0210742 0)
(1.252 0.033831 0)
(1.30545 0.0280241 0)
(1.27509 0.0345729 0)
(1.32514 0.014035 0)
(1.31796 0.0185404 0)
(1.3474 0.00562719 0)
(1.34796 0.00782385 0)
(1.32823 0.00541718 0)
(1.30985 0.00257499 0)
(1.29004 -0.000585271 0)
(1.27207 -0.000732165 0)
(1.24487 -0.000472054 0)
(1.21227 -0.000308559 0)
(1.17645 -0.000449238 0)
(1.14339 -0.000748444 0)
(1.11553 -0.00115812 0)
(1.0954 -0.00157994 0)
(1.08588 -0.00271583 0)
(1.08165 -0.00269886 0)
(1.08106 -0.00262206 0)
(1.07854 -0.00185273 0)
(1.07378 -0.000612524 0)
(1.06319 0.000816837 0)
(1.05325 0.00106375 0)
(1.0385 0.00230074 0)
(1.02475 0.00215282 0)
(1.00831 0.00298362 0)
(0.993682 0.00328019 0)
(0.976336 0.00364025 0)
(0.964438 0.0030216 0)
(0.950152 0.00366584 0)
(0.938606 0.00289168 0)
(0.925691 0.00358055 0)
(0.915208 0.00258084 0)
(0.90351 0.00315433 0)
(0.891509 0.00226889 0)
(0.879668 0.00245084 0)
(0.868174 0.00148714 0)
(0.856632 0.00177151 0)
(0.841614 0.00149613 0)
(0.823938 0.00201621 0)
(0.799487 0.00239429 0)
(0.769355 0.00333768 0)
(0.729303 0.00416933 0)
(0.681102 0.00553627 0)
(0.620886 0.0064304 0)
(0.551884 0.00789887 0)
(0.471306 0.00753843 0)
(0.387289 0.00655184 0)
(0.302086 0.00244392 0)
(0.225685 9.27114e-05 0)
(0.155369 -0.00275488 0)
(0.0958294 -0.000511699 0)
(0.0410067 -0.0026571 0)
(0.00349474 -0.00606076 0)
(0.00325574 -0.0188119 0)
(0.0408581 -0.0183705 0)
(0.0107892 -0.000458512 0)
(-0.182776 0.0412731 0)
(-0.618676 0.0782988 0)
(-1.01464 0.0701062 0)
(-0.951423 -0.0405609 0)
(-0.350511 -0.1495 0)
(0.181152 -0.255818 0)
(0.544231 -0.317883 0)
(1.09552 -0.312724 0)
(1.47678 -0.0989901 0)
(1.66596 0.0243479 0)
(1.52614 0.106141 0)
(1.2416 0.222781 0)
(0.777508 0.29016 0)
(0.271132 0.315039 0)
(-0.304967 0.210399 0)
(-0.694654 0.0708031 0)
(-0.919593 0.0130312 0)
(-1.07536 -0.0112542 0)
(-1.28984 0.0158317 0)
(-1.42065 0.0252372 0)
(-1.42265 0.00832938 0)
(-1.39062 -0.0149382 0)
(-1.26595 -0.0328924 0)
(-1.14093 -0.009259 0)
(-0.892057 0.0690244 0)
(-0.94248 0.075954 0)
(-0.962409 -0.0118435 0)
(-0.903824 -0.0451308 0)
(-0.753239 -0.103431 0)
(-0.544219 -0.150013 0)
(-0.183924 -0.164133 0)
(0.0645911 -0.128344 0)
(0.352657 -0.0910314 0)
(0.52865 -0.0757299 0)
(0.773029 -0.0750054 0)
(0.999497 -0.109383 0)
(1.24793 -0.137112 0)
(1.58273 -0.172805 0)
(1.81633 -0.148943 0)
(2.17018 -0.154407 0)
(2.31943 -0.0891314 0)
(2.6097 -0.0919186 0)
(2.73333 -0.0440098 0)
(2.95663 -0.0475321 0)
(3.03486 -0.0116608 0)
(3.22418 -0.0458545 0)
(3.25054 0.00217763 0)
(3.37826 -0.0285246 0)
(3.35014 0.0217373 0)
(3.35859 0.0145133 0)
(3.31556 0.0256408 0)
(3.27219 0.0211133 0)
(3.22183 0.0251846 0)
(3.15814 0.0297901 0)
(3.08501 0.0325132 0)
(3.00343 0.0316605 0)
(2.92542 0.0277148 0)
(2.85325 0.0218249 0)
(2.79214 0.0146352 0)
(2.75041 0.00806625 0)
(2.71529 0.00515546 0)
(2.69314 0.00445326 0)
(2.66887 0.00609885 0)
(2.6428 0.00789532 0)
(2.61019 0.00975888 0)
(2.58188 0.00942792 0)
(2.54578 0.0113147 0)
(2.52549 0.0109379 0)
(2.49676 0.0114823 0)
(2.48143 0.0106179 0)
(2.46429 0.010285 0)
(2.45607 0.00712667 0)
(2.44615 0.00889827 0)
(2.44224 0.0061553 0)
(2.43324 0.00821561 0)
(2.43244 0.00541145 0)
(2.4243 0.00847763 0)
(2.41844 0.00673587 0)
(2.40832 0.0089647 0)
(2.39799 0.00765847 0)
(2.38421 0.0106194 0)
(2.36384 0.0126047 0)
(2.3366 0.0165903 0)
(2.29779 0.0216439 0)
(2.24784 0.0272504 0)
(2.18189 0.0347213 0)
(2.10062 0.0415646 0)
(2.00042 0.0502221 0)
(1.88135 0.0570509 0)
(1.74198 0.0648769 0)
(1.58144 0.0675704 0)
(1.40121 0.0696879 0)
(1.19927 0.0645308 0)
(0.987514 0.0610505 0)
(0.776682 0.0510327 0)
(0.586213 0.0458216 0)
(0.413811 0.0227967 0)
(0.278275 0.00227124 0)
(0.16935 0.00757031 0)
(0.0165208 0.0961377 0)
(-0.311346 0.206534 0)
(-0.783602 0.258803 0)
(-1.0572 0.0763498 0)
(-0.847683 -0.221697 0)
(-0.296539 -0.454433 0)
(0.10657 -0.382691 0)
(0.464887 -0.510901 0)
(0.850649 -0.485361 0)
(1.12349 -0.20664 0)
(1.40586 0.00318747 0)
(1.14933 0.200953 0)
(0.951721 0.401597 0)
(0.466798 0.4515 0)
(0.177783 0.50211 0)
(-0.350389 0.431954 0)
(-0.894665 0.276086 0)
(-1.32006 0.176388 0)
(-1.71337 0.117772 0)
(-1.99093 0.0975515 0)
(-2.10405 0.0528571 0)
(-2.01815 -0.00609234 0)
(-1.98113 -0.065238 0)
(-1.76523 -0.128473 0)
(-1.57171 -0.12662 0)
(-1.17789 -0.0380463 0)
(-0.978036 0.0501815 0)
(-0.916878 -0.0449969 0)
(-0.802528 -0.103233 0)
(-0.58659 -0.179794 0)
(-0.400997 -0.254941 0)
(-0.0552362 -0.295591 0)
(0.248137 -0.269231 0)
(0.620372 -0.230019 0)
(0.945647 -0.198621 0)
(1.28947 -0.193753 0)
(1.61851 -0.237403 0)
(1.91098 -0.260415 0)
(2.28751 -0.301853 0)
(2.51643 -0.263472 0)
(2.8849 -0.268603 0)
(3.0772 -0.174493 0)
(3.37507 -0.187504 0)
(3.59253 -0.120663 0)
(3.81414 -0.123366 0)
(4.00625 -0.0728177 0)
(4.19638 -0.108391 0)
(4.31701 -0.0412859 0)
(4.46161 -0.063334 0)
(4.47715 0.0167956 0)
(4.52536 0.00877215 0)
(4.50811 0.0385955 0)
(4.48488 0.0343419 0)
(4.4453 0.0455827 0)
(4.38549 0.0560372 0)
(4.31223 0.0650671 0)
(4.2233 0.0672876 0)
(4.13301 0.063496 0)
(4.04559 0.0560952 0)
(3.96279 0.0438468 0)
(3.9022 0.0302311 0)
(3.8495 0.0224886 0)
(3.81452 0.0163077 0)
(3.78518 0.0197379 0)
(3.75316 0.0243852 0)
(3.70868 0.0283864 0)
(3.67073 0.0284906 0)
(3.60712 0.0278516 0)
(3.57557 0.0224085 0)
(3.5373 0.0227482 0)
(3.51601 0.0166992 0)
(3.50307 0.0160068 0)
(3.49677 0.00952968 0)
(3.49155 0.0119131 0)
(3.49428 0.00748303 0)
(3.4896 0.0109615 0)
(3.49627 0.00580135 0)
(3.49567 0.0119543 0)
(3.49812 0.00886527 0)
(3.49693 0.0138169 0)
(3.49402 0.0114755 0)
(3.48959 0.0183151 0)
(3.47635 0.0214878 0)
(3.45784 0.0313151 0)
(3.42274 0.0395272 0)
(3.37941 0.0533726 0)
(3.31043 0.0654697 0)
(3.23204 0.0831152 0)
(3.11902 0.0973026 0)
(2.99674 0.117776 0)
(2.83116 0.131377 0)
(2.65774 0.151214 0)
(2.43354 0.159104 0)
(2.20363 0.173772 0)
(1.91738 0.16917 0)
(1.63579 0.170582 0)
(1.30895 0.147597 0)
(1.02492 0.128369 0)
(0.727764 0.0745209 0)
(0.498017 0.095748 0)
(0.239792 0.203074 0)
(-0.0801851 0.381415 0)
(-0.514138 0.382711 0)
(-0.700424 0.119835 0)
(-0.572466 -0.355249 0)
(-0.215425 -0.677504 0)
(0.0677492 -0.502284 0)
(0.362124 -0.650214 0)
(0.548993 -0.613233 0)
(0.766008 -0.299114 0)
(0.911075 0.00693069 0)
(0.621322 0.289392 0)
(0.477391 0.537708 0)
(0.0495671 0.587783 0)
(-0.199889 0.657321 0)
(-0.676469 0.661241 0)
(-1.26871 0.510545 0)
(-1.79924 0.373975 0)
(-2.2781 0.264909 0)
(-2.48957 0.157778 0)
(-2.54091 0.0467858 0)
(-2.39276 -0.0455643 0)
(-2.29997 -0.135663 0)
(-2.03072 -0.243587 0)
(-1.77446 -0.249705 0)
(-1.37114 -0.172645 0)
(-1.0305 -0.0416246 0)
(-0.805152 -0.118225 0)
(-0.661496 -0.197632 0)
(-0.446209 -0.27212 0)
(-0.241873 -0.360026 0)
(0.0493248 -0.438376 0)
(0.428873 -0.436377 0)
(0.84185 -0.404784 0)
(1.23353 -0.373688 0)
(1.62972 -0.349571 0)
(2.02664 -0.387273 0)
(2.33033 -0.40161 0)
(2.71634 -0.443637 0)
(3.00089 -0.389164 0)
(3.32974 -0.399199 0)
(3.57744 -0.281354 0)
(3.85534 -0.295379 0)
(4.08418 -0.218439 0)
(4.29342 -0.216203 0)
(4.49311 -0.151731 0)
(4.67284 -0.183017 0)
(4.82031 -0.103805 0)
(4.98444 -0.107055 0)
(5.01384 -0.00878547 0)
(5.09617 -0.0103227 0)
(5.10474 0.0365333 0)
(5.11678 0.0381733 0)
(5.09788 0.0618098 0)
(5.05743 0.0828552 0)
(4.98829 0.0982891 0)
(4.90524 0.105371 0)
(4.81177 0.102112 0)
(4.71808 0.0932269 0)
(4.62135 0.0760256 0)
(4.55364 0.0559447 0)
(4.50843 0.0434414 0)
(4.4751 0.0332748 0)
(4.44492 0.0334758 0)
(4.41309 0.0411874 0)
(4.35984 0.0463772 0)
(4.32449 0.0514391 0)
(4.24787 0.0527762 0)
(4.20033 0.0404651 0)
(4.14812 0.0375234 0)
(4.11652 0.0258535 0)
(4.09988 0.0200068 0)
(4.09192 0.0117393 0)
(4.08856 0.0117177 0)
(4.09342 0.0068689 0)
(4.09224 0.00899281 0)
(4.10718 0.00255223 0)
(4.11145 0.00853082 0)
(4.13271 0.00599445 0)
(4.13685 0.0107572 0)
(4.16074 0.0102343 0)
(4.15976 0.0169586 0)
(4.18447 0.0254696 0)
(4.16597 0.0367469 0)
(4.17859 0.0541153 0)
(4.12997 0.0706849 0)
(4.11571 0.0962031 0)
(4.02449 0.116861 0)
(3.96943 0.148734 0)
(3.8242 0.171176 0)
(3.71636 0.20757 0)
(3.50775 0.227406 0)
(3.33669 0.26447 0)
(3.05504 0.275087 0)
(2.80977 0.306416 0)
(2.44775 0.296632 0)
(2.13149 0.310132 0)
(1.71054 0.259719 0)
(1.36294 0.235923 0)
(0.939125 0.194744 0)
(0.679714 0.354177 0)
(0.291724 0.495627 0)
(-0.0477848 0.541152 0)
(-0.279955 0.129043 0)
(-0.268517 -0.396502 0)
(-0.146175 -0.826158 0)
(0.0383304 -0.559547 0)
(0.165675 -0.74874 0)
(0.216474 -0.671036 0)
(0.301879 -0.313642 0)
(0.297978 0.0479275 0)
(0.0224503 0.379129 0)
(-0.123097 0.665462 0)
(-0.480649 0.728899 0)
(-0.776805 0.807173 0)
(-1.17227 0.885443 0)
(-1.7772 0.740825 0)
(-2.26428 0.572772 0)
(-2.69701 0.381149 0)
(-2.71246 0.181041 0)
(-2.71392 0.0314136 0)
(-2.50714 -0.105662 0)
(-2.32351 -0.228152 0)
(-2.01178 -0.374273 0)
(-1.70455 -0.396396 0)
(-1.31309 -0.334976 0)
(-0.917549 -0.212889 0)
(-0.572791 -0.233856 0)
(-0.389189 -0.288305 0)
(-0.192373 -0.355207 0)
(0.0526023 -0.451994 0)
(0.342987 -0.572447 0)
(0.756756 -0.599573 0)
(1.19588 -0.5689 0)
(1.60236 -0.533107 0)
(1.99554 -0.4978 0)
(2.41811 -0.533347 0)
(2.75303 -0.532876 0)
(3.10121 -0.578669 0)
(3.41928 -0.517305 0)
(3.70186 -0.510685 0)
(3.94743 -0.383285 0)
(4.18873 -0.384973 0)
(4.39347 -0.299626 0)
(4.56967 -0.294228 0)
(4.74562 -0.210018 0)
(4.89953 -0.247669 0)
(5.03339 -0.162171 0)
(5.20058 -0.151119 0)
(5.25382 -0.0249046 0)
(5.33923 -0.0271146 0)
(5.36364 0.0278991 0)
(5.39481 0.0325167 0)
(5.39655 0.0695257 0)
(5.37578 0.103652 0)
(5.32247 0.132093 0)
(5.24149 0.141413 0)
(5.15456 0.142055 0)
(5.05777 0.133102 0)
(4.96209 0.111616 0)
(4.87585 0.0756115 0)
(4.83598 0.0564804 0)
(4.78579 0.0414438 0)
(4.76577 0.0478992 0)
(4.70998 0.0582151 0)
(4.66579 0.0684463 0)
(4.60259 0.0726192 0)
(4.53718 0.081648 0)
(4.46898 0.0606115 0)
(4.41104 0.0586528 0)
(4.36282 0.0331667 0)
(4.34557 0.0270525 0)
(4.32015 0.00800577 0)
(4.33882 0.0118863 0)
(4.31598 -0.000263524 0)
(4.35582 0.00564404 0)
(4.33563 -0.00818946 0)
(4.39563 0.00238437 0)
(4.37439 -0.0067271 0)
(4.45157 0.00309573 0)
(4.4225 -0.00279172 0)
(4.51363 0.00901627 0)
(4.47635 0.014939 0)
(4.56812 0.0339812 0)
(4.51367 0.0508197 0)
(4.59149 0.0793853 0)
(4.50875 0.105384 0)
(4.55777 0.143916 0)
(4.43471 0.175547 0)
(4.43777 0.223336 0)
(4.26093 0.256362 0)
(4.19905 0.310758 0)
(3.95585 0.338927 0)
(3.81201 0.396437 0)
(3.48857 0.410889 0)
(3.24604 0.46252 0)
(2.82648 0.44411 0)
(2.4863 0.466014 0)
(1.97184 0.380708 0)
(1.56858 0.397105 0)
(1.08609 0.444012 0)
(0.864063 0.693634 0)
(0.350452 0.609186 0)
(0.297791 0.258265 0)
(-0.0589172 -0.417929 0)
(0.096705 -0.867597 0)
(-0.0116931 -0.584112 0)
(-0.0837205 -0.747638 0)
(-0.185105 -0.669654 0)
(-0.228959 -0.282809 0)
(-0.336473 0.119474 0)
(-0.628953 0.473287 0)
(-0.736973 0.768349 0)
(-1.03389 0.852698 0)
(-1.33941 0.940222 0)
(-1.66518 1.06469 0)
(-2.27229 0.941446 0)
(-2.558 0.720773 0)
(-2.87169 0.428784 0)
(-2.68537 0.148664 0)
(-2.63852 -0.0197919 0)
(-2.38326 -0.200879 0)
(-2.1042 -0.348646 0)
(-1.78342 -0.502052 0)
(-1.43999 -0.536893 0)
(-1.07219 -0.483429 0)
(-0.641752 -0.379136 0)
(-0.270533 -0.356099 0)
(-0.00396931 -0.377629 0)
(0.181886 -0.438906 0)
(0.480729 -0.552255 0)
(0.797017 -0.709489 0)
(1.23677 -0.76528 0)
(1.66588 -0.737622 0)
(2.05599 -0.70204 0)
(2.45902 -0.661734 0)
(2.85952 -0.697585 0)
(3.22478 -0.68319 0)
(3.54353 -0.722766 0)
(3.85452 -0.653103 0)
(4.08478 -0.628683 0)
(4.30939 -0.499352 0)
(4.50775 -0.479346 0)
(4.67838 -0.393328 0)
(4.82866 -0.375569 0)
(4.96165 -0.280254 0)
(5.1116 -0.309088 0)
(5.19419 -0.230442 0)
(5.33837 -0.203929 0)
(5.40076 -0.0556675 0)
(5.49693 -0.0470507 0)
(5.52338 0.01773 0)
(5.56573 0.0237045 0)
(5.56489 0.0693579 0)
(5.56124 0.112494 0)
(5.5109 0.156004 0)
(5.45543 0.176421 0)
(5.34728 0.180837 0)
(5.2734 0.175725 0)
(5.15521 0.15235 0)
(5.09784 0.111059 0)
(5.01041 0.0815736 0)
(4.98167 0.0614727 0)
(4.91182 0.0657278 0)
(4.87525 0.0822074 0)
(4.80033 0.0914857 0)
(4.74509 0.104666 0)
(4.65012 0.106749 0)
(4.60524 0.0931298 0)
(4.50437 0.0799638 0)
(4.49091 0.0529154 0)
(4.40871 0.0365172 0)
(4.45803 0.0135536 0)
(4.37682 0.0139299 0)
(4.45001 -0.000702213 0)
(4.37267 0.00105207 0)
(4.48098 -0.0139226 0)
(4.40363 -0.00648468 0)
(4.53864 -0.0176603 0)
(4.45586 -0.00810755 0)
(4.60917 -0.0167493 0)
(4.52236 -0.0041467 0)
(4.6913 0.00126686 0)
(4.592 0.0226136 0)
(4.76482 0.0424331 0)
(4.64492 0.0738599 0)
(4.80562 0.10759 0)
(4.66091 0.14836 0)
(4.79365 0.194836 0)
(4.61909 0.242868 0)
(4.70368 0.301516 0)
(4.48822 0.351414 0)
(4.49762 0.420413 0)
(4.22537 0.463809 0)
(4.12835 0.539794 0)
(3.78023 0.562897 0)
(3.54424 0.633423 0)
(3.09645 0.606353 0)
(2.70225 0.638469 0)
(2.11481 0.534434 0)
(1.66791 0.672735 0)
(1.27223 0.750318 0)
(1.00526 0.830783 0)
(0.60339 0.307518 0)
(0.42083 -0.253899 0)
(-0.00121867 -0.842356 0)
(-0.100712 -0.508313 0)
(-0.306967 -0.689319 0)
(-0.597885 -0.598603 0)
(-0.77893 -0.19552 0)
(-0.963124 0.202206 0)
(-1.25358 0.560283 0)
(-1.32431 0.848675 0)
(-1.5609 0.952568 0)
(-1.83968 1.05446 0)
(-2.11692 1.21634 0)
(-2.57637 1.08286 0)
(-2.61194 0.794271 0)
(-2.71988 0.4224 0)
(-2.4551 0.0885639 0)
(-2.31832 -0.0993501 0)
(-2.06797 -0.313618 0)
(-1.72001 -0.478665 0)
(-1.41916 -0.63024 0)
(-1.07683 -0.678143 0)
(-0.726613 -0.635995 0)
(-0.266633 -0.546308 0)
(0.118087 -0.49121 0)
(0.473436 -0.4852 0)
(0.670263 -0.533917 0)
(1.02165 -0.670121 0)
(1.37765 -0.865827 0)
(1.80589 -0.941336 0)
(2.21638 -0.911212 0)
(2.59439 -0.872449 0)
(3.01468 -0.821061 0)
(3.39775 -0.849842 0)
(3.76502 -0.819484 0)
(4.04788 -0.84121 0)
(4.35212 -0.754961 0)
(4.53106 -0.707774 0)
(4.72469 -0.572903 0)
(4.87843 -0.529985 0)
(5.02005 -0.441956 0)
(5.13441 -0.41742 0)
(5.23469 -0.32055 0)
(5.35564 -0.338496 0)
(5.41658 -0.261941 0)
(5.498 -0.236252 0)
(5.53232 -0.0929812 0)
(5.63325 -0.0775746 0)
(5.67314 0.0038943 0)
(5.71796 0.0159832 0)
(5.72537 0.0734453 0)
(5.71401 0.12223 0)
(5.68689 0.176036 0)
(5.6225 0.206447 0)
(5.54173 0.219622 0)
(5.43023 0.212777 0)
(5.34015 0.184544 0)
(5.24778 0.138033 0)
(5.18966 0.105875 0)
(5.12068 0.0799193 0)
(5.07296 0.0959524 0)
(4.98286 0.101101 0)
(4.94672 0.129143 0)
(4.82272 0.13123 0)
(4.78603 0.145042 0)
(4.64837 0.116626 0)
(4.6415 0.111397 0)
(4.47118 0.0701505 0)
(4.5425 0.0474585 0)
(4.41092 0.0142099 0)
(4.50701 0.0196769 0)
(4.37497 -0.0029682 0)
(4.51497 -0.00261039 0)
(4.39011 -0.0223747 0)
(4.55968 -0.0176026 0)
(4.42593 -0.0291755 0)
(4.62241 -0.0237029 0)
(4.48132 -0.0300325 0)
(4.70791 -0.0243687 0)
(4.55618 -0.010786 0)
(4.80199 0.00135613 0)
(4.63234 0.0350361 0)
(4.88051 0.0572833 0)
(4.68732 0.10767 0)
(4.9248 0.141124 0)
(4.70667 0.204294 0)
(4.92042 0.250411 0)
(4.67721 0.323527 0)
(4.84924 0.383083 0)
(4.57574 0.460116 0)
(4.67521 0.533991 0)
(4.35495 0.603544 0)
(4.33618 0.690408 0)
(3.94354 0.73098 0)
(3.74643 0.815791 0)
(3.25128 0.787841 0)
(2.79634 0.835956 0)
(2.16358 0.758697 0)
(1.82984 1.00445 0)
(1.39574 0.858913 0)
(1.20675 0.569221 0)
(0.54992 -0.200522 0)
(0.381692 -0.645167 0)
(-0.16807 -0.399014 0)
(-0.553841 -0.541025 0)
(-1.00616 -0.47114 0)
(-1.26073 -0.0871985 0)
(-1.53213 0.296638 0)
(-1.81769 0.641688 0)
(-1.82814 0.912356 0)
(-2.0027 1.03773 0)
(-2.21851 1.17134 0)
(-2.41038 1.33825 0)
(-2.5654 1.1438 0)
(-2.48052 0.801498 0)
(-2.30846 0.360723 0)
(-2.0746 0.0105396 0)
(-1.80827 -0.188056 0)
(-1.59569 -0.428705 0)
(-1.23769 -0.617066 0)
(-0.953123 -0.759605 0)
(-0.608299 -0.814787 0)
(-0.288024 -0.787134 0)
(0.179013 -0.720445 0)
(0.575684 -0.645346 0)
(1.01306 -0.615862 0)
(1.25865 -0.646651 0)
(1.67176 -0.798645 0)
(2.08029 -1.01749 0)
(2.47694 -1.10513 0)
(2.85618 -1.07254 0)
(3.22816 -1.03722 0)
(3.62227 -0.988385 0)
(3.99281 -1.00795 0)
(4.33974 -0.955857 0)
(4.57664 -0.961198 0)
(4.84989 -0.857897 0)
(4.98682 -0.785349 0)
(5.14227 -0.642712 0)
(5.25036 -0.584154 0)
(5.36686 -0.492208 0)
(5.44723 -0.462499 0)
(5.51895 -0.361054 0)
(5.60786 -0.375636 0)
(5.65326 -0.28877 0)
(5.70987 -0.256818 0)
(5.71481 -0.121045 0)
(5.79141 -0.108632 0)
(5.82137 -0.0169847 0)
(5.8725 0.000147621 0)
(5.87155 0.0748325 0)
(5.8626 0.124735 0)
(5.83627 0.19647 0)
(5.7887 0.229999 0)
(5.72178 0.259646 0)
(5.63355 0.253136 0)
(5.52766 0.224369 0)
(5.43513 0.17072 0)
(5.35033 0.129327 0)
(5.28933 0.105298 0)
(5.19555 0.122237 0)
(5.14089 0.132047 0)
(5.02397 0.161734 0)
(4.98124 0.17045 0)
(4.83356 0.179986 0)
(4.83951 0.15246 0)
(4.62733 0.155488 0)
(4.6683 0.0914838 0)
(4.50679 0.0685572 0)
(4.56267 0.0250422 0)
(4.42128 0.0357079 0)
(4.52831 -0.00778208 0)
(4.41717 0.000405682 0)
(4.55035 -0.0362758 0)
(4.42879 -0.0189299 0)
(4.59192 -0.0471525 0)
(4.46613 -0.0290039 0)
(4.67061 -0.0547506 0)
(4.53348 -0.0326591 0)
(4.77009 -0.040161 0)
(4.61262 -0.00596792 0)
(4.869 0.00609023 0)
(4.68143 0.0562181 0)
(4.9472 0.0833254 0)
(4.72574 0.149417 0)
(4.99006 0.187706 0)
(4.73394 0.269886 0)
(4.98506 0.318034 0)
(4.6987 0.414958 0)
(4.92022 0.473929 0)
(4.60573 0.58145 0)
(4.76552 0.654992 0)
(4.40929 0.758385 0)
(4.45349 0.850763 0)
(4.0164 0.91491 0)
(3.86266 1.01957 0)
(3.29431 0.988409 0)
(2.78362 1.07501 0)
(2.25326 1.03553 0)
(1.88208 1.15529 0)
(1.50197 0.641579 0)
(0.921315 0.171914 0)
(0.0717155 -0.527962 0)
(-0.257912 -0.187142 0)
(-0.768261 -0.347312 0)
(-1.36595 -0.311519 0)
(-1.66409 0.0532961 0)
(-2.01791 0.409223 0)
(-2.26866 0.696639 0)
(-2.18987 0.937159 0)
(-2.27602 1.08988 0)
(-2.38318 1.25321 0)
(-2.44443 1.37435 0)
(-2.31436 1.11433 0)
(-2.21591 0.735972 0)
(-1.79313 0.241117 0)
(-1.58746 -0.101101 0)
(-1.21704 -0.299089 0)
(-0.988231 -0.539227 0)
(-0.625492 -0.743705 0)
(-0.37978 -0.883635 0)
(-0.0346466 -0.94362 0)
(0.267858 -0.926707 0)
(0.708125 -0.884614 0)
(1.11034 -0.815902 0)
(1.6135 -0.771541 0)
(1.91586 -0.791489 0)
(2.40131 -0.968569 0)
(2.83367 -1.18154 0)
(3.20831 -1.26125 0)
(3.55605 -1.22495 0)
(3.90375 -1.19089 0)
(4.2722 -1.13713 0)
(4.61534 -1.15041 0)
(4.91397 -1.07232 0)
(5.12111 -1.05639 0)
(5.35268 -0.927952 0)
(5.44803 -0.830798 0)
(5.56901 -0.679484 0)
(5.62169 -0.611899 0)
(5.7193 -0.514941 0)
(5.76166 -0.480067 0)
(5.81851 -0.383739 0)
(5.8696 -0.393104 0)
(5.90696 -0.309476 0)
(5.92176 -0.271724 0)
(5.93574 -0.134778 0)
(5.98902 -0.123086 0)
(5.98852 -0.0355507 0)
(6.02986 -0.0157268 0)
(6.01533 0.0772846 0)
(5.99835 0.129315 0)
(5.95307 0.211959 0)
(5.92812 0.248447 0)
(5.87299 0.291129 0)
(5.82133 0.288958 0)
(5.71685 0.27033 0)
(5.62385 0.208488 0)
(5.53198 0.165216 0)
(5.43867 0.135326 0)
(5.35545 0.158782 0)
(5.24413 0.165216 0)
(5.17327 0.200944 0)
(5.02402 0.202117 0)
(5.00968 0.208955 0)
(4.8192 0.195324 0)
(4.80431 0.185867 0)
(4.66958 0.112136 0)
(4.66032 0.093047 0)
(4.51344 0.0444248 0)
(4.56895 0.0387485 0)
(4.46965 -0.00872357 0)
(4.56069 -0.00829797 0)
(4.45574 -0.0357851 0)
(4.57228 -0.0304151 0)
(4.47679 -0.0517477 0)
(4.63475 -0.0492761 0)
(4.53728 -0.065878 0)
(4.72281 -0.058791 0)
(4.61344 -0.0528237 0)
(4.82179 -0.0337294 0)
(4.68687 -0.00156671 0)
(4.91491 0.0302743 0)
(4.74236 0.084388 0)
(4.98946 0.126939 0)
(4.76813 0.200472 0)
(5.03003 0.252203 0)
(4.7561 0.344306 0)
(5.02327 0.402835 0)
(4.70505 0.515363 0)
(4.95824 0.580619 0)
(4.60863 0.71462 0)
(4.80787 0.788822 0)
(4.4217 0.932926 0)
(4.50238 1.02285 0)
(4.02595 1.12869 0)
(3.9099 1.24746 0)
(3.19883 1.20418 0)
(2.80454 1.35416 0)
(2.23997 1.17112 0)
(1.91185 1.01978 0)
(1.18047 0.292629 0)
(0.70354 -0.153858 0)
(-0.30048 0.0365483 0)
(-0.962717 -0.100643 0)
(-1.64852 -0.110209 0)
(-1.95703 0.19309 0)
(-2.33351 0.508151 0)
(-2.50945 0.716016 0)
(-2.37621 0.923963 0)
(-2.32092 1.10093 0)
(-2.32382 1.27211 0)
(-2.22042 1.31644 0)
(-1.89825 1.01801 0)
(-1.74051 0.624884 0)
(-1.15803 0.0947604 0)
(-0.953622 -0.235107 0)
(-0.5609 -0.436674 0)
(-0.310284 -0.668008 0)
(0.0664304 -0.862992 0)
(0.288815 -0.998206 0)
(0.625606 -1.0773 0)
(0.895227 -1.07754 0)
(1.31375 -1.06559 0)
(1.71418 -1.01471 0)
(2.27327 -0.952979 0)
(2.64107 -0.961151 0)
(3.17635 -1.15771 0)
(3.61373 -1.34985 0)
(3.97059 -1.41606 0)
(4.26349 -1.37157 0)
(4.57818 -1.34546 0)
(4.91354 -1.28479 0)
(5.20489 -1.27915 0)
(5.47117 -1.17496 0)
(5.64996 -1.1435 0)
(5.82425 -0.987835 0)
(5.87988 -0.871369 0)
(5.97357 -0.704458 0)
(5.97571 -0.636286 0)
(6.06995 -0.533721 0)
(6.06734 -0.501316 0)
(6.11814 -0.399872 0)
(6.12613 -0.410174 0)
(6.18167 -0.314255 0)
(6.14971 -0.277307 0)
(6.14818 -0.145348 0)
(6.17545 -0.135889 0)
(6.17821 -0.0382432 0)
(6.18584 -0.0238433 0)
(6.15443 0.0873491 0)
(6.12176 0.137791 0)
(6.07118 0.229128 0)
(6.05164 0.256379 0)
(6.01199 0.313314 0)
(5.96697 0.308919 0)
(5.87386 0.310254 0)
(5.79585 0.243953 0)
(5.69138 0.208711 0)
(5.60315 0.167858 0)
(5.47893 0.205095 0)
(5.40947 0.202656 0)
(5.2596 0.25652 0)
(5.21236 0.233554 0)
(5.05149 0.270636 0)
(4.98467 0.229825 0)
(4.85013 0.228999 0)
(4.80466 0.143321 0)
(4.65011 0.140817 0)
(4.65557 0.0530449 0)
(4.56636 0.0573268 0)
(4.59723 -0.0138539 0)
(4.52785 0.00956883 0)
(4.5668 -0.0445071 0)
(4.52898 -0.0244537 0)
(4.5974 -0.0733659 0)
(4.58012 -0.0557713 0)
(4.66406 -0.0905723 0)
(4.64755 -0.0701625 0)
(4.75204 -0.0765241 0)
(4.71995 -0.0445296 0)
(4.84775 -0.0229493 0)
(4.78249 0.0227946 0)
(4.93855 0.0654263 0)
(4.82275 0.125968 0)
(5.01014 0.185239 0)
(4.82706 0.262332 0)
(5.04884 0.333408 0)
(4.78784 0.427565 0)
(5.04309 0.507199 0)
(4.70952 0.623275 0)
(4.98051 0.711196 0)
(4.59598 0.856672 0)
(4.82328 0.951017 0)
(4.4144 1.12373 0)
(4.48832 1.22245 0)
(4.03239 1.38033 0)
(3.82202 1.48392 0)
(3.0987 1.4469 0)
(2.70505 1.54949 0)
(2.10447 1.10487 0)
(1.32034 0.812513 0)
(0.266421 0.0747162 0)
(-0.36942 0.35058 0)
(-1.10553 0.173489 0)
(-1.79741 0.099739 0)
(-2.12598 0.335944 0)
(-2.43201 0.595871 0)
(-2.51118 0.704859 0)
(-2.30645 0.872126 0)
(-2.12809 1.05219 0)
(-1.99974 1.20975 0)
(-1.74022 1.18629 0)
(-1.32591 0.879983 0)
(-1.05982 0.474119 0)
(-0.417157 -0.065822 0)
(-0.194576 -0.359594 0)
(0.197585 -0.554624 0)
(0.451676 -0.791651 0)
(0.8066 -0.991031 0)
(1.03394 -1.12193 0)
(1.36171 -1.20871 0)
(1.60721 -1.21979 0)
(2.02018 -1.23889 0)
(2.4104 -1.21667 0)
(2.96449 -1.16151 0)
(3.418 -1.16038 0)
(3.98836 -1.34538 0)
(4.41749 -1.50378 0)
(4.74247 -1.54782 0)
(4.97466 -1.49184 0)
(5.25686 -1.47555 0)
(5.53373 -1.4086 0)
(5.78576 -1.39083 0)
(6.01126 -1.27367 0)
(6.15924 -1.20882 0)
(6.2734 -1.02556 0)
(6.28686 -0.891427 0)
(6.35706 -0.713277 0)
(6.31423 -0.643992 0)
(6.40271 -0.541141 0)
(6.36426 -0.508645 0)
(6.40735 -0.406245 0)
(6.38287 -0.420477 0)
(6.4114 -0.322675 0)
(6.36166 -0.275111 0)
(6.36058 -0.145354 0)
(6.35666 -0.140852 0)
(6.3442 -0.0382299 0)
(6.34079 -0.0215117 0)
(6.27425 0.109697 0)
(6.24723 0.149626 0)
(6.19455 0.24724 0)
(6.18427 0.257658 0)
(6.13583 0.332477 0)
(6.09333 0.324241 0)
(6.00656 0.349533 0)
(5.93996 0.274735 0)
(5.83893 0.250597 0)
(5.7366 0.205175 0)
(5.61744 0.247791 0)
(5.51355 0.241919 0)
(5.39212 0.292572 0)
(5.29278 0.273998 0)
(5.16912 0.310409 0)
(5.07469 0.264139 0)
(4.96734 0.268797 0)
(4.85594 0.182146 0)
(4.76055 0.168766 0)
(4.71022 0.0655735 0)
(4.64676 0.0708147 0)
(4.63714 -0.00460478 0)
(4.58455 0.0160032 0)
(4.61677 -0.0477474 0)
(4.58309 -0.0341931 0)
(4.64282 -0.0851976 0)
(4.6253 -0.0699665 0)
(4.69666 -0.104135 0)
(4.69642 -0.086174 0)
(4.76519 -0.0917207 0)
(4.7846 -0.0618392 0)
(4.8358 -0.0382739 0)
(4.8745 0.00556185 0)
(4.8944 0.0532242 0)
(4.95338 0.112002 0)
(4.92223 0.180866 0)
(5.01168 0.253727 0)
(4.90661 0.340815 0)
(5.043 0.424479 0)
(4.83866 0.52907 0)
(5.04144 0.623037 0)
(4.72215 0.751303 0)
(4.99349 0.859317 0)
(4.56156 1.01897 0)
(4.84924 1.14475 0)
(4.33851 1.3325 0)
(4.49204 1.47395 0)
(3.93954 1.63574 0)
(3.7086 1.74248 0)
(2.93601 1.6173 0)
(2.55279 1.60799 0)
(1.79038 0.924304 0)
(0.850311 0.692699 0)
(-0.362587 0.642013 0)
(-1.14245 0.458092 0)
(-1.80057 0.313842 0)
(-2.12425 0.462191 0)
(-2.24152 0.644887 0)
(-2.22565 0.656427 0)
(-1.94758 0.79197 0)
(-1.68107 0.965714 0)
(-1.41211 1.09968 0)
(-1.04983 1.03338 0)
(-0.588398 0.725637 0)
(-0.245413 0.3059 0)
(0.399019 -0.238638 0)
(0.59144 -0.505498 0)
(1.00969 -0.690182 0)
(1.26855 -0.918481 0)
(1.6232 -1.10848 0)
(1.8607 -1.23171 0)
(2.18236 -1.32065 0)
(2.40036 -1.35458 0)
(2.81106 -1.41314 0)
(3.17924 -1.40918 0)
(3.70908 -1.37761 0)
(4.21949 -1.38233 0)
(4.79552 -1.54389 0)
(5.19162 -1.6558 0)
(5.47014 -1.66887 0)
(5.66667 -1.60641 0)
(5.92448 -1.59546 0)
(6.14141 -1.52767 0)
(6.37567 -1.49298 0)
(6.547 -1.34888 0)
(6.64422 -1.244 0)
(6.70096 -1.03649 0)
(6.66752 -0.895077 0)
(6.72113 -0.70818 0)
(6.63771 -0.641615 0)
(6.725 -0.539202 0)
(6.64646 -0.512088 0)
(6.68619 -0.407772 0)
(6.63302 -0.413663 0)
(6.65299 -0.302433 0)
(6.5593 -0.267213 0)
(6.5672 -0.14181 0)
(6.53703 -0.135176 0)
(6.50793 -0.0233258 0)
(6.4776 -0.0122297 0)
(6.39028 0.136861 0)
(6.37816 0.15568 0)
(6.32211 0.267751 0)
(6.30222 0.258477 0)
(6.24105 0.36118 0)
(6.20571 0.338084 0)
(6.11154 0.391232 0)
(6.07769 0.291023 0)
(5.95226 0.301948 0)
(5.88989 0.234903 0)
(5.73441 0.313928 0)
(5.66315 0.277998 0)
(5.50429 0.363742 0)
(5.42019 0.307072 0)
(5.27759 0.375903 0)
(5.18349 0.294161 0)
(5.06142 0.333851 0)
(4.96646 0.21076 0)
(4.86508 0.216456 0)
(4.79412 0.0839889 0)
(4.73728 0.104384 0)
(4.6949 -0.00151893 0)
(4.68579 0.0331152 0)
(4.65593 -0.0591971 0)
(4.6865 -0.0241898 0)
(4.65968 -0.1036 0)
(4.72314 -0.0674125 0)
(4.70307 -0.128384 0)
(4.79293 -0.0917276 0)
(4.76764 -0.117426 0)
(4.87572 -0.0732412 0)
(4.83901 -0.0605165 0)
(4.94987 -0.00727166 0)
(4.90793 0.0379661 0)
(4.9998 0.103273 0)
(4.96459 0.172835 0)
(5.01574 0.251992 0)
(5.00196 0.339251 0)
(4.98854 0.432684 0)
(5.01704 0.532425 0)
(4.90963 0.644853 0)
(5.0068 0.756162 0)
(4.77522 0.902468 0)
(4.95592 1.02509 0)
(4.5815 1.22028 0)
(4.80793 1.35762 0)
(4.29264 1.5938 0)
(4.42018 1.75397 0)
(3.77114 1.92237 0)
(3.43647 2.00357 0)
(2.52411 1.71654 0)
(1.65779 1.665 0)
(0.338201 0.848553 0)
(-0.33456 0.964466 0)
(-1.04617 0.718161 0)
(-1.58743 0.488363 0)
(-1.87285 0.530648 0)
(-1.78992 0.653475 0)
(-1.71602 0.590911 0)
(-1.36764 0.687378 0)
(-1.05209 0.845169 0)
(-0.631765 0.946043 0)
(-0.22245 0.868672 0)
(0.279302 0.538036 0)
(0.676101 0.116138 0)
(1.29579 -0.397342 0)
(1.46194 -0.639458 0)
(1.8729 -0.818431 0)
(2.1447 -1.03968 0)
(2.48528 -1.22688 0)
(2.71581 -1.35012 0)
(3.02256 -1.43961 0)
(3.25311 -1.49453 0)
(3.66653 -1.57539 0)
(4.00212 -1.58593 0)
(4.50268 -1.60468 0)
(5.0081 -1.62834 0)
(5.56014 -1.74609 0)
(5.89755 -1.78732 0)
(6.14819 -1.77172 0)
(6.33643 -1.70416 0)
(6.59118 -1.68878 0)
(6.76599 -1.61435 0)
(6.96085 -1.55804 0)
(7.05294 -1.38761 0)
(7.08365 -1.25125 0)
(7.08688 -1.02838 0)
(7.0059 -0.886868 0)
(7.05042 -0.697541 0)
(6.93304 -0.63161 0)
(7.01707 -0.530093 0)
(6.89723 -0.504456 0)
(6.94068 -0.398574 0)
(6.84065 -0.406446 0)
(6.84894 -0.289232 0)
(6.74402 -0.254569 0)
(6.75838 -0.129961 0)
(6.68172 -0.123198 0)
(6.65217 0.000747198 0)
(6.596 0.0117342 0)
(6.50361 0.168597 0)
(6.4975 0.162876 0)
(6.42154 0.290931 0)
(6.39293 0.26353 0)
(6.32373 0.390577 0)
(6.29088 0.34965 0)
(6.20589 0.42509 0)
(6.18032 0.313012 0)
(6.05465 0.349766 0)
(6.00263 0.265867 0)
(5.82861 0.367601 0)
(5.79056 0.311203 0)
(5.58485 0.419445 0)
(5.5668 0.339857 0)
(5.33914 0.434663 0)
(5.33557 0.323915 0)
(5.11221 0.387323 0)
(5.11967 0.236166 0)
(4.90196 0.265994 0)
(4.93235 0.0937813 0)
(4.76006 0.133161 0)
(4.84007 -0.00600143 0)
(4.69867 0.0485114 0)
(4.80811 -0.0659029 0)
(4.68165 -0.021185 0)
(4.81693 -0.113177 0)
(4.70354 -0.0777853 0)
(4.86617 -0.141197 0)
(4.76373 -0.108672 0)
(4.92942 -0.130524 0)
(4.835 -0.0909001 0)
(4.99032 -0.0716911 0)
(4.90092 -0.022248 0)
(5.04014 0.0297217 0)
(4.95415 0.0930711 0)
(5.07286 0.167933 0)
(4.99334 0.249037 0)
(5.07521 0.3382 0)
(5.01619 0.437987 0)
(5.03362 0.536837 0)
(5.02386 0.658238 0)
(4.9347 0.771301 0)
(5.01236 0.918907 0)
(4.77608 1.06354 0)
(4.95974 1.23199 0)
(4.55895 1.44087 0)
(4.78285 1.61472 0)
(4.24233 1.88542 0)
(4.333 2.06209 0)
(3.56517 2.19074 0)
(3.17628 2.26039 0)
(1.99916 1.728 0)
(1.01269 1.76665 0)
(-0.227675 1.19976 0)
(-0.782019 0.947654 0)
(-1.21954 0.646914 0)
(-1.41175 0.554219 0)
(-1.14233 0.607493 0)
(-1.0356 0.492486 0)
(-0.628298 0.551444 0)
(-0.293813 0.691449 0)
(0.256725 0.758984 0)
(0.703449 0.678199 0)
(1.26158 0.349623 0)
(1.6654 -0.0607257 0)
(2.24392 -0.538023 0)
(2.39841 -0.761892 0)
(2.76187 -0.951776 0)
(3.04988 -1.16344 0)
(3.37653 -1.34562 0)
(3.60326 -1.45715 0)
(3.90105 -1.55061 0)
(4.15869 -1.62435 0)
(4.55956 -1.71908 0)
(4.88182 -1.74899 0)
(5.35332 -1.81224 0)
(5.8216 -1.85542 0)
(6.28305 -1.91996 0)
(6.5525 -1.90312 0)
(6.79623 -1.86904 0)
(6.98576 -1.79586 0)
(7.23037 -1.77504 0)
(7.36583 -1.68596 0)
(7.48623 -1.59781 0)
(7.49102 -1.4002 0)
(7.45286 -1.23697 0)
(7.42441 -1.00157 0)
(7.30039 -0.866836 0)
(7.33835 -0.679611 0)
(7.19772 -0.616169 0)
(7.27172 -0.51216 0)
(7.11243 -0.486437 0)
(7.15373 -0.38183 0)
(7.03016 -0.382839 0)
(7.02456 -0.252747 0)
(6.89848 -0.237441 0)
(6.91587 -0.108492 0)
(6.80791 -0.101562 0)
(6.77459 0.0363314 0)
(6.69266 0.0313439 0)
(6.60927 0.199029 0)
(6.59614 0.167519 0)
(6.48815 0.324338 0)
(6.47685 0.267885 0)
(6.37693 0.430564 0)
(6.37996 0.352308 0)
(6.27857 0.472569 0)
(6.28197 0.323909 0)
(6.13746 0.412375 0)
(6.10707 0.291489 0)
(5.94327 0.440759 0)
(5.88768 0.342278 0)
(5.71464 0.496016 0)
(5.65355 0.364347 0)
(5.48303 0.510486 0)
(5.4136 0.342522 0)
(5.25954 0.461458 0)
(5.19956 0.253941 0)
(5.04666 0.333006 0)
(5.01892 0.101912 0)
(4.88912 0.182532 0)
(4.91687 -0.0118476 0)
(4.82511 0.084656 0)
(4.8723 -0.0824807 0)
(4.8166 0.00356361 0)
(4.85866 -0.13826 0)
(4.84956 -0.0626035 0)
(4.88 -0.172852 0)
(4.92235 -0.0998356 0)
(4.91044 -0.161759 0)
(5.00274 -0.0851172 0)
(4.94277 -0.099463 0)
(5.07192 -0.0172292 0)
(4.97011 0.00679503 0)
(5.12465 0.097617 0)
(4.9905 0.150741 0)
(5.16095 0.254818 0)
(5.00089 0.329304 0)
(5.16786 0.445845 0)
(4.99939 0.5389 0)
(5.12806 0.667623 0)
(4.99211 0.787842 0)
(5.01352 0.932282 0)
(4.98385 1.09352 0)
(4.8033 1.26712 0)
(4.93906 1.47302 0)
(4.49718 1.71532 0)
(4.70327 1.93112 0)
(4.08584 2.26184 0)
(4.00204 2.43658 0)
(3.10065 2.53335 0)
(2.21164 2.7154 0)
(0.336173 1.81964 0)
(-0.145644 1.39518 0)
(-0.37766 1.09004 0)
(-0.660955 0.734992 0)
(-0.74887 0.510753 0)
(-0.326595 0.505799 0)
(-0.221391 0.395158 0)
(0.193531 0.387544 0)
(0.57206 0.506816 0)
(1.2074 0.537441 0)
(1.69989 0.460925 0)
(2.30357 0.153213 0)
(2.68018 -0.235369 0)
(3.20951 -0.680723 0)
(3.34993 -0.889117 0)
(3.68305 -1.07827 0)
(3.96765 -1.27985 0)
(4.28543 -1.45452 0)
(4.49431 -1.56434 0)
(4.79134 -1.67045 0)
(5.07905 -1.76363 0)
(5.4522 -1.86562 0)
(5.78638 -1.91113 0)
(6.23146 -1.99563 0)
(6.64088 -2.03187 0)
(6.98097 -2.0505 0)
(7.19516 -1.99777 0)
(7.43322 -1.95962 0)
(7.61366 -1.88757 0)
(7.81153 -1.84978 0)
(7.89746 -1.72791 0)
(7.92441 -1.59546 0)
(7.86812 -1.374 0)
(7.75623 -1.1994 0)
(7.70652 -0.964695 0)
(7.546 -0.839066 0)
(7.56958 -0.661033 0)
(7.4136 -0.599158 0)
(7.47478 -0.487865 0)
(7.27573 -0.460576 0)
(7.32351 -0.363999 0)
(7.15363 -0.352713 0)
(7.15452 -0.2244 0)
(7.01269 -0.213966 0)
(7.0343 -0.0812649 0)
(6.89186 -0.0707456 0)
(6.87004 0.076575 0)
(6.76786 0.0591907 0)
(6.70446 0.230992 0)
(6.66013 0.183938 0)
(6.54604 0.364335 0)
(6.53783 0.280583 0)
(6.41381 0.468728 0)
(6.44675 0.355778 0)
(6.32488 0.512866 0)
(6.35818 0.3312 0)
(6.17201 0.465239 0)
(6.21114 0.305171 0)
(5.97984 0.499942 0)
(6.03162 0.363194 0)
(5.75405 0.562684 0)
(5.82425 0.387976 0)
(5.51474 0.58366 0)
(5.58888 0.364318 0)
(5.28419 0.530259 0)
(5.377 0.268819 0)
(5.07968 0.395995 0)
(5.17893 0.105889 0)
(4.92665 0.22955 0)
(5.06679 -0.026819 0)
(4.86349 0.112705 0)
(5.02214 -0.103939 0)
(4.85007 0.0209316 0)
(5.01155 -0.157885 0)
(4.87317 -0.0599102 0)
(5.03303 -0.190218 0)
(4.9324 -0.107548 0)
(5.06292 -0.171416 0)
(4.99161 -0.1004 0)
(5.09728 -0.100733 0)
(5.03227 -0.0367103 0)
(5.13215 0.0124491 0)
(5.05283 0.076305 0)
(5.16613 0.161369 0)
(5.06017 0.234372 0)
(5.19475 0.3443 0)
(5.05385 0.430322 0)
(5.20627 0.556413 0)
(5.03107 0.661171 0)
(5.18397 0.806365 0)
(4.99885 0.940261 0)
(5.09377 1.10975 0)
(4.98142 1.29546 0)
(4.87359 1.501 0)
(4.96111 1.7527 0)
(4.47389 2.02871 0)
(4.71496 2.30825 0)
(3.92055 2.68103 0)
(3.71133 2.87197 0)
(2.51784 2.77668 0)
(1.61416 3.07421 0)
(-0.0494816 1.44097 0)
(0.0186175 1.17201 0)
(-0.0590191 0.801497 0)
(-0.0179643 0.498259 0)
(0.395119 0.399583 0)
(0.721752 0.297311 0)
(1.10903 0.218728 0)
(1.54481 0.304135 0)
(2.21632 0.301718 0)
(2.72323 0.232998 0)
(3.36513 -0.0386867 0)
(3.70626 -0.393383 0)
(4.17365 -0.805534 0)
(4.31919 -0.998476 0)
(4.60938 -1.18783 0)
(4.88377 -1.38911 0)
(5.17305 -1.56199 0)
(5.36757 -1.67445 0)
(5.69157 -1.79273 0)
(5.98529 -1.90046 0)
(6.35111 -2.01069 0)
(6.68943 -2.0729 0)
(7.08343 -2.16538 0)
(7.40968 -2.17846 0)
(7.634 -2.15152 0)
(7.81168 -2.07974 0)
(8.02877 -2.0429 0)
(8.1878 -1.96292 0)
(8.31267 -1.8945 0)
(8.3379 -1.73584 0)
(8.27381 -1.56779 0)
(8.17849 -1.33195 0)
(8.0045 -1.14838 0)
(7.93178 -0.921387 0)
(7.74829 -0.805057 0)
(7.74212 -0.635652 0)
(7.57632 -0.575438 0)
(7.60844 -0.452691 0)
(7.39745 -0.425839 0)
(7.43082 -0.329801 0)
(7.23399 -0.311667 0)
(7.23643 -0.188322 0)
(7.08552 -0.187451 0)
(7.10333 -0.046347 0)
(6.93482 -0.0391096 0)
(6.93896 0.112645 0)
(6.81388 0.0798131 0)
(6.77999 0.266187 0)
(6.69444 0.204458 0)
(6.5857 0.407046 0)
(6.57976 0.290514 0)
(6.43694 0.512872 0)
(6.49799 0.349124 0)
(6.35749 0.560412 0)
(6.40318 0.333366 0)
(6.23838 0.529408 0)
(6.26239 0.315718 0)
(6.06979 0.571471 0)
(6.10046 0.379223 0)
(5.8773 0.640153 0)
(5.89546 0.4013 0)
(5.65095 0.672443 0)
(5.67203 0.367892 0)
(5.429 0.618652 0)
(5.46728 0.264052 0)
(5.22261 0.48887 0)
(5.28732 0.0892782 0)
(5.06186 0.30772 0)
(5.18703 -0.0622734 0)
(4.98512 0.178978 0)
(5.14414 -0.147186 0)
(4.9652 0.0817093 0)
(5.12849 -0.208577 0)
(4.99301 -0.0106969 0)
(5.13029 -0.242657 0)
(5.05371 -0.0684341 0)
(5.13039 -0.218412 0)
(5.11413 -0.0683274 0)
(5.13036 -0.139007 0)
(5.16096 -0.00932316 0)
(5.12759 -0.0192526 0)
(5.19032 0.100092 0)
(5.12562 0.133854 0)
(5.21201 0.256264 0)
(5.1228 0.321154 0)
(5.22878 0.452831 0)
(5.10672 0.539617 0)
(5.232 0.686293 0)
(5.06491 0.798695 0)
(5.20779 0.968862 0)
(4.998 1.1188 0)
(5.11847 1.32798 0)
(4.93038 1.54094 0)
(4.8758 1.80581 0)
(4.86017 2.10427 0)
(4.33984 2.47285 0)
(4.47113 2.82008 0)
(3.54357 3.31522 0)
(2.63646 3.72602 0)
(0.656952 3.24693 0)
(0.0787354 1.46196 0)
(0.51911 1.10482 0)
(0.716744 0.762923 0)
(0.833823 0.393767 0)
(1.16181 0.200515 0)
(1.77563 0.128516 0)
(2.10964 0.0422221 0)
(2.52226 0.0697106 0)
(3.2327 0.0464811 0)
(3.71693 -0.0188708 0)
(4.40377 -0.237808 0)
(4.70438 -0.549421 0)
(5.12081 -0.919162 0)
(5.26509 -1.11131 0)
(5.51628 -1.298 0)
(5.77062 -1.49908 0)
(6.02038 -1.66646 0)
(6.23332 -1.78982 0)
(6.56797 -1.92879 0)
(6.88295 -2.04388 0)
(7.24008 -2.15976 0)
(7.57215 -2.23013 0)
(7.88221 -2.29836 0)
(8.09294 -2.27636 0)
(8.23849 -2.22036 0)
(8.38739 -2.15118 0)
(8.56364 -2.11266 0)
(8.67957 -2.01361 0)
(8.71907 -1.90795 0)
(8.67671 -1.71681 0)
(8.54022 -1.51661 0)
(8.41344 -1.26756 0)
(8.20455 -1.07761 0)
(8.11331 -0.868227 0)
(7.91723 -0.757589 0)
(7.8707 -0.599687 0)
(7.68313 -0.544655 0)
(7.67559 -0.416337 0)
(7.45812 -0.388659 0)
(7.47303 -0.292712 0)
(7.25472 -0.269534 0)
(7.27047 -0.159693 0)
(7.10349 -0.156255 0)
(7.11729 -0.00901993 0)
(6.93946 -0.00700106 0)
(6.98083 0.142303 0)
(6.83163 0.108513 0)
(6.8234 0.301717 0)
(6.69798 0.236592 0)
(6.6038 0.448607 0)
(6.59896 0.310955 0)
(6.43643 0.551791 0)
(6.53885 0.35024 0)
(6.33762 0.604398 0)
(6.45786 0.329422 0)
(6.21719 0.578742 0)
(6.34844 0.31212 0)
(6.08605 0.622686 0)
(6.22748 0.385998 0)
(5.91828 0.710014 0)
(6.05388 0.416898 0)
(5.69743 0.747064 0)
(5.85124 0.381829 0)
(5.4654 0.695093 0)
(5.66368 0.272174 0)
(5.25611 0.559768 0)
(5.49704 0.0842617 0)
(5.10182 0.366222 0)
(5.37954 -0.0847124 0)
(5.03222 0.224127 0)
(5.32174 -0.182203 0)
(5.02035 0.114681 0)
(5.29496 -0.249176 0)
(5.05571 0.0121402 0)
(5.27955 -0.279429 0)
(5.11279 -0.0531655 0)
(5.26217 -0.242923 0)
(5.16421 -0.0603421 0)
(5.2483 -0.147543 0)
(5.19682 -0.0101114 0)
(5.23864 -0.0125038 0)
(5.20846 0.0880361 0)
(5.23769 0.148906 0)
(5.21247 0.234191 0)
(5.25246 0.340973 0)
(5.21189 0.427457 0)
(5.27509 0.562793 0)
(5.19887 0.664508 0)
(5.29108 0.823352 0)
(5.16377 0.955271 0)
(5.28538 1.14489 0)
(5.09951 1.3274 0)
(5.20809 1.56744 0)
(5.02586 1.83751 0)
(4.92363 2.15242 0)
(4.95186 2.53644 0)
(4.20627 3.03645 0)
(4.3524 3.4373 0)
(3.12076 3.87973 0)
(1.81362 4.80699 0)
(0.429107 1.1991 0)
(1.02677 0.990854 0)
(1.50865 0.687703 0)
(1.83283 0.319944 0)
(2.13824 0.0280871 0)
(2.62792 -0.106993 0)
(3.17132 -0.110909 0)
(3.48246 -0.155812 0)
(4.22581 -0.213337 0)
(4.66456 -0.264897 0)
(5.37685 -0.423541 0)
(5.6701 -0.675729 0)
(6.02669 -1.00759 0)
(6.17598 -1.21347 0)
(6.40265 -1.39687 0)
(6.62696 -1.59553 0)
(6.85962 -1.76657 0)
(7.11527 -1.91066 0)
(7.44709 -2.0697 0)
(7.76109 -2.18549 0)
(8.08194 -2.29835 0)
(8.36626 -2.3581 0)
(8.56817 -2.38225 0)
(8.67381 -2.32926 0)
(8.77896 -2.27382 0)
(8.90544 -2.21293 0)
(9.02185 -2.15735 0)
(9.06442 -2.03124 0)
(9.01146 -1.88752 0)
(8.90307 -1.66458 0)
(8.71334 -1.43937 0)
(8.55903 -1.1929 0)
(8.3432 -1.00703 0)
(8.23543 -0.809262 0)
(8.03579 -0.698595 0)
(7.94939 -0.54682 0)
(7.74523 -0.495072 0)
(7.68575 -0.363 0)
(7.47478 -0.344586 0)
(7.45576 -0.243473 0)
(7.24214 -0.227454 0)
(7.25624 -0.127791 0)
(7.07976 -0.122759 0)
(7.07978 0.028204 0)
(6.92791 0.0140802 0)
(6.97179 0.169134 0)
(6.81608 0.132094 0)
(6.8153 0.341052 0)
(6.66724 0.26555 0)
(6.59787 0.490058 0)
(6.58688 0.326781 0)
(6.44348 0.588508 0)
(6.51514 0.342621 0)
(6.35039 0.649032 0)
(6.46334 0.32339 0)
(6.2241 0.645661 0)
(6.39318 0.297379 0)
(6.11357 0.694392 0)
(6.30567 0.376234 0)
(5.96824 0.792688 0)
(6.1621 0.412568 0)
(5.77138 0.842996 0)
(5.96351 0.370115 0)
(5.54909 0.795025 0)
(5.78425 0.247772 0)
(5.36742 0.661584 0)
(5.6199 0.045741 0)
(5.22728 0.467338 0)
(5.51043 -0.144187 0)
(5.16401 0.318158 0)
(5.45717 -0.258058 0)
(5.15984 0.206368 0)
(5.42812 -0.334762 0)
(5.19798 0.104991 0)
(5.39788 -0.368243 0)
(5.24787 0.0409257 0)
(5.35948 -0.331957 0)
(5.28572 0.0299631 0)
(5.31692 -0.232871 0)
(5.30301 0.0750877 0)
(5.27893 -0.0862177 0)
(5.29943 0.164507 0)
(5.24916 0.0876947 0)
(5.28744 0.295581 0)
(5.23599 0.290809 0)
(5.27971 0.474937 0)
(5.22929 0.523758 0)
(5.2806 0.704055 0)
(5.21233 0.794751 0)
(5.2931 0.990298 0)
(5.17189 1.12901 0)
(5.3073 1.36834 0)
(5.07854 1.57593 0)
(5.2529 1.88979 0)
(4.9492 2.22742 0)
(4.88441 2.63847 0)
(4.84021 3.17316 0)
(3.94177 4.04198 0)
(3.46444 4.58693 0)
(1.17841 5.1561 0)
(0.654124 0.87604 0)
(1.57581 0.626083 0)
(2.37949 0.435659 0)
(2.90014 0.157471 0)
(3.25295 -0.0964967 0)
(3.65024 -0.315915 0)
(4.15053 -0.316693 0)
(4.45858 -0.382352 0)
(5.18751 -0.46687 0)
(5.52695 -0.517415 0)
(6.22733 -0.634033 0)
(6.53857 -0.812263 0)
(6.8452 -1.09947 0)
(7.03933 -1.31541 0)
(7.25 -1.49982 0)
(7.46521 -1.69408 0)
(7.70757 -1.87821 0)
(7.99788 -2.03949 0)
(8.31027 -2.19915 0)
(8.58015 -2.31019 0)
(8.8272 -2.40811 0)
(9.01575 -2.44297 0)
(9.10656 -2.42674 0)
(9.15827 -2.366 0)
(9.25384 -2.32025 0)
(9.3443 -2.25482 0)
(9.37333 -2.16813 0)
(9.32231 -2.01344 0)
(9.1831 -1.83323 0)
(9.01557 -1.58968 0)
(8.78882 -1.35796 0)
(8.61746 -1.12199 0)
(8.40797 -0.933328 0)
(8.27778 -0.743905 0)
(8.07664 -0.62996 0)
(7.96176 -0.480225 0)
(7.74642 -0.423542 0)
(7.65066 -0.301455 0)
(7.4421 -0.291414 0)
(7.39586 -0.192382 0)
(7.19096 -0.184352 0)
(7.20344 -0.0953921 0)
(7.00386 -0.0827324 0)
(7.02028 0.0576613 0)
(6.87709 0.0351764 0)
(6.91436 0.194538 0)
(6.76862 0.161635 0)
(6.74728 0.383156 0)
(6.62307 0.301321 0)
(6.5497 0.525126 0)
(6.55285 0.344254 0)
(6.42883 0.621764 0)
(6.47232 0.345009 0)
(6.32681 0.677866 0)
(6.45641 0.315834 0)
(6.21153 0.682896 0)
(6.43747 0.278018 0)
(6.1221 0.737333 0)
(6.39424 0.369321 0)
(6.00127 0.850577 0)
(6.28288 0.415342 0)
(5.82387 0.918016 0)
(6.12207 0.373852 0)
(5.61351 0.870152 0)
(5.97142 0.236595 0)
(5.44013 0.738424 0)
(5.84613 0.0248389 0)
(5.29826 0.538487 0)
(5.76246 -0.182825 0)
(5.23915 0.377823 0)
(5.71854 -0.310967 0)
(5.2469 0.262245 0)
(5.68903 -0.396508 0)
(5.29009 0.159328 0)
(5.65405 -0.42971 0)
(5.33783 0.0943929 0)
(5.61262 -0.389157 0)
(5.37706 0.081831 0)
(5.56464 -0.278588 0)
(5.39859 0.119223 0)
(5.51172 -0.114902 0)
(5.39543 0.198083 0)
(5.45855 0.0785069 0)
(5.37812 0.314023 0)
(5.41827 0.297267 0)
(5.36463 0.476505 0)
(5.39074 0.53991 0)
(5.35902 0.693248 0)
(5.37671 0.813986 0)
(5.35999 0.976869 0)
(5.38207 1.1441 0)
(5.34841 1.36058 0)
(5.40587 1.59217 0)
(5.2681 1.89977 0)
(5.39019 2.24431 0)
(5.11788 2.75256 0)
(4.83461 3.14496 0)
(5.02014 4.0696 0)
(4.14912 4.88244 0)
(2.37138 7.10495 0)
(1.46603 0.152981 0)
(2.19486 0.205139 0)
(3.21762 0.110938 0)
(3.90514 -0.0423069 0)
(4.34265 -0.238026 0)
(4.78809 -0.4571 0)
(5.11841 -0.496278 0)
(5.45734 -0.578634 0)
(6.08353 -0.672648 0)
(6.37955 -0.721275 0)
(6.94881 -0.836907 0)
(7.29145 -0.957192 0)
(7.61313 -1.18964 0)
(7.85662 -1.40373 0)
(8.06126 -1.59247 0)
(8.29457 -1.79052 0)
(8.55415 -1.98769 0)
(8.82526 -2.15701 0)
(9.08203 -2.30406 0)
(9.28181 -2.40321 0)
(9.42536 -2.47349 0)
(9.51053 -2.48098 0)
(9.52934 -2.44614 0)
(9.57843 -2.3945 0)
(9.65199 -2.35182 0)
(9.67104 -2.26409 0)
(9.59851 -2.13928 0)
(9.46007 -1.95319 0)
(9.25447 -1.7496 0)
(9.04054 -1.50128 0)
(8.79669 -1.27044 0)
(8.60927 -1.04347 0)
(8.39747 -0.859258 0)
(8.23596 -0.678719 0)
(8.02982 -0.559983 0)
(7.88775 -0.409262 0)
(7.6738 -0.350464 0)
(7.55847 -0.233456 0)
(7.36173 -0.233051 0)
(7.29309 -0.135586 0)
(7.10736 -0.145789 0)
(7.09923 -0.0577642 0)
(6.90236 -0.0469038 0)
(6.91635 0.0859393 0)
(6.79112 0.0491706 0)
(6.79686 0.223798 0)
(6.68649 0.186123 0)
(6.6173 0.42453 0)
(6.56715 0.321802 0)
(6.46519 0.560773 0)
(6.47909 0.348789 0)
(6.37351 0.654853 0)
(6.41822 0.343095 0)
(6.26742 0.717992 0)
(6.41974 0.299881 0)
(6.1716 0.739894 0)
(6.42988 0.252454 0)
(6.08768 0.800269 0)
(6.42152 0.338615 0)
(5.99321 0.930641 0)
(6.3405 0.39345 0)
(5.83727 1.01078 0)
(6.20744 0.350143 0)
(5.64349 0.973768 0)
(6.07055 0.197382 0)
(5.46969 0.841971 0)
(5.95861 -0.0339047 0)
(5.34036 0.642357 0)
(5.88304 -0.264074 0)
(5.28935 0.481426 0)
(5.8513 -0.412975 0)
(5.30642 0.36793 0)
(5.82694 -0.509682 0)
(5.35798 0.271303 0)
(5.79223 -0.549198 0)
(5.41663 0.216428 0)
(5.74694 -0.513394 0)
(5.47146 0.215149 0)
(5.6853 -0.40706 0)
(5.50813 0.258948 0)
(5.60866 -0.244717 0)
(5.52045 0.339775 0)
(5.52067 -0.0495714 0)
(5.50821 0.45458 0)
(5.43969 0.175512 0)
(5.48205 0.610405 0)
(5.3772 0.427591 0)
(5.44858 0.813573 0)
(5.34798 0.712501 0)
(5.4259 1.07872 0)
(5.35861 1.05998 0)
(5.43039 1.45016 0)
(5.36891 1.53029 0)
(5.45018 2.01372 0)
(5.28099 2.17577 0)
(5.51251 2.96782 0)
(5.1814 3.26822 0)
(4.44617 4.65045 0)
(5.11942 4.94676 0)
(2.20743 7.64984 0)
(5.04062 0.499697 0)
(-1.99414 -0.0146026 0)
(1.75033 -0.0552763 0)
(1.06041 -0.00697439 0)
(1.69379 -0.00504709 0)
(1.76713 -0.000138819 0)
(1.84238 -0.00014057 0)
(1.89225 0.000203012 0)
(1.9086 0.00027062 0)
(1.92949 -1.81276e-05 0)
(9.89799 0.669194 0)
(-0.709841 0.244217 0)
(4.28886 -0.280476 0)
(3.26187 -0.0289844 0)
(4.15038 -0.0600799 0)
(4.40475 -0.0229075 0)
(4.57187 -0.0140007 0)
(4.70131 -0.0074422 0)
(4.74928 -0.00416574 0)
(4.8132 -0.00287431 0)
(12.8162 1.13185 0)
(2.12785 0.466624 0)
(6.28775 -0.447081 0)
(5.36473 -0.065951 0)
(6.16647 -0.11665 0)
(6.51821 -0.0604952 0)
(6.7272 -0.0362216 0)
(6.90863 -0.0207261 0)
(6.97685 -0.0126586 0)
(7.07655 -0.00823506 0)
(14.9321 1.4356 0)
(5.33714 0.709838 0)
(8.27894 -0.527309 0)
(7.47833 -0.107468 0)
(8.04418 -0.16495 0)
(8.38593 -0.10288 0)
(8.58343 -0.0635655 0)
(8.78087 -0.0379621 0)
(8.85311 -0.0245068 0)
(8.97504 -0.015752 0)
(16.1524 1.61426 0)
(8.38482 0.959801 0)
(10.2332 -0.509759 0)
(9.53113 -0.133521 0)
(9.81794 -0.188899 0)
(10.0691 -0.135481 0)
(10.2075 -0.0880257 0)
(10.3779 -0.0545815 0)
(10.4347 -0.0370656 0)
(10.5554 -0.0242179 0)
(16.1522 1.44222 0)
(10.7036 1.08984 0)
(11.8537 -0.457459 0)
(11.3277 -0.153355 0)
(11.4123 -0.19198 0)
(11.5556 -0.152929 0)
(11.6176 -0.103862 0)
(11.729 -0.0658356 0)
(11.7547 -0.0466179 0)
(11.8462 -0.0317293 0)
(15.6035 1.24244 0)
(12.2309 1.09762 0)
(12.9712 -0.401964 0)
(12.6655 -0.181499 0)
(12.6672 -0.187539 0)
(12.7451 -0.158943 0)
(12.7625 -0.111223 0)
(12.8176 -0.0704145 0)
(12.8194 -0.0501743 0)
(12.865 -0.0356294 0)
(14.9188 1.20334 0)
(13.165 1.07428 0)
(13.6446 -0.326439 0)
(13.4817 -0.207919 0)
(13.4477 -0.183097 0)
(13.4962 -0.159562 0)
(13.5032 -0.115649 0)
(13.5408 -0.0732095 0)
(13.5421 -0.0517092 0)
(13.5709 -0.037421 0)
(13.9633 1.07896 0)
(13.5135 0.973437 0)
(13.8576 -0.262587 0)
(13.767 -0.229801 0)
(13.6957 -0.18201 0)
(13.7356 -0.157128 0)
(13.7279 -0.117884 0)
(13.7862 -0.0756385 0)
(13.7894 -0.0537338 0)
(13.8502 -0.0397348 0)
(12.8236 0.874394 0)
(13.2719 0.798486 0)
(13.6181 -0.221601 0)
(13.6021 -0.245708 0)
(13.5211 -0.185499 0)
(13.5803 -0.155387 0)
(13.567 -0.120018 0)
(13.6594 -0.0794484 0)
(13.6627 -0.0579543 0)
(13.7638 -0.0445314 0)
(11.9678 0.675475 0)
(12.7714 0.601925 0)
(13.1982 -0.200918 0)
(13.2749 -0.259412 0)
(13.2193 -0.196056 0)
(13.3094 -0.157729 0)
(13.3098 -0.124651 0)
(13.4325 -0.0857833 0)
(13.4402 -0.065003 0)
(13.5698 -0.0516284 0)
(11.5946 0.546541 0)
(12.3796 0.438153 0)
(12.8806 -0.187402 0)
(13.0294 -0.27085 0)
(13.0174 -0.211547 0)
(13.1189 -0.163769 0)
(13.1425 -0.131346 0)
(13.2745 -0.093772 0)
(13.2903 -0.0741125 0)
(13.4273 -0.0600215 0)
(11.5318 0.430778 0)
(12.2383 0.29253 0)
(12.788 -0.189961 0)
(12.9546 -0.287406 0)
(13.0039 -0.233895 0)
(13.0717 -0.175724 0)
(13.1341 -0.141745 0)
(13.2236 -0.103602 0)
(13.2594 -0.0854386 0)
(13.347 -0.0686551 0)
(11.5113 0.30769 0)
(12.2495 0.157095 0)
(12.8327 -0.200028 0)
(12.9962 -0.303094 0)
(13.0957 -0.255445 0)
(13.085 -0.188138 0)
(13.1564 -0.150359 0)
(13.1185 -0.109546 0)
(13.1483 -0.0919165 0)
(13.0855 -0.0706004 0)
(11.4443 0.16188 0)
(12.2925 0.0221836 0)
(12.8851 -0.225082 0)
(13.049 -0.323429 0)
(13.0509 -0.271644 0)
(12.8791 -0.192627 0)
(12.8032 -0.145423 0)
(12.5963 -0.102075 0)
(12.5454 -0.0827895 0)
(12.3437 -0.0605703 0)
(11.382 0.010981 0)
(12.3358 -0.101521 0)
(12.8766 -0.259694 0)
(12.7873 -0.325915 0)
(12.4374 -0.254174 0)
(12.0144 -0.165065 0)
(11.7624 -0.114746 0)
(11.4601 -0.0767017 0)
(11.3561 -0.0603636 0)
(11.113 -0.0439358 0)
(11.3456 -0.164416 0)
(12.175 -0.214766 0)
(12.2032 -0.269172 0)
(11.5957 -0.27546 0)
(10.933 -0.190552 0)
(10.3923 -0.111411 0)
(10.0882 -0.0729422 0)
(9.79311 -0.0477847 0)
(9.68577 -0.0375881 0)
(9.46173 -0.0280041 0)
(10.8822 -0.302214 0)
(10.8528 -0.229649 0)
(10.2615 -0.198283 0)
(9.39836 -0.17433 0)
(8.6757 -0.108594 0)
(8.18062 -0.0577291 0)
(7.91797 -0.0364557 0)
(7.68714 -0.0240545 0)
(7.60161 -0.019101 0)
(7.42738 -0.0147929 0)
(8.74742 -0.27384 0)
(7.9589 -0.13527 0)
(7.17572 -0.0942463 0)
(6.40236 -0.0755258 0)
(5.82829 -0.04106 0)
(5.48551 -0.0187463 0)
(5.31786 -0.011457 0)
(5.17491 -0.0078974 0)
(5.12231 -0.00633358 0)
(5.01168 -0.0054136 0)
(3.89857 -0.13365 0)
(3.3136 -0.0141626 0)
(2.85966 -0.00400919 0)
(2.49354 -0.00305383 0)
(2.24523 0.000825209 0)
(2.12592 0.0014906 0)
(2.07766 0.000713548 0)
(2.0339 0.000208151 0)
(2.01782 0.000201205 0)
(1.98014 -0.000197836 0)
)
;

boundaryField
{
    inlet
    {
        type            calculated;
        value           uniform (10 0 0);
    }
    outlet
    {
        type            calculated;
        value           nonuniform List<vector> 
20
(
(1.92949 -1.81276e-05 0)
(4.8132 -0.00287431 0)
(7.07655 -0.00823506 0)
(8.97504 -0.015752 0)
(10.5554 -0.0242179 0)
(11.8462 -0.0317293 0)
(12.865 -0.0356294 0)
(13.5709 -0.037421 0)
(13.8502 -0.0397348 0)
(13.7638 -0.0445314 0)
(13.5698 -0.0516284 0)
(13.4273 -0.0600215 0)
(13.347 -0.0686551 0)
(13.0855 -0.0706004 0)
(12.3437 -0.0605703 0)
(11.113 -0.0439358 0)
(9.46173 -0.0280041 0)
(7.42738 -0.0147929 0)
(5.01168 -0.0054136 0)
(1.98014 -0.000197836 0)
)
;
    }
    walls
    {
        type            calculated;
        value           uniform (0 0 0);
    }
    frontAndBack
    {
        type            empty;
    }
}


// ************************************************************************* //
