/*--------------------------------*- C++ -*----------------------------------*\
| =========                 |                                                 |
| \\      /  F ield         | OpenFOAM: The Open Source CFD Toolbox           |
|  \\    /   O peration     | Version:  2.4.0                                 |
|   \\  /    A nd           | Web:      www.OpenFOAM.org                      |
|    \\/     M anipulation  |                                                 |
\*---------------------------------------------------------------------------*/
FoamFile
{
    version     2.0;
    format      ascii;
    class       volScalarField;
    location    "0.187";
    object      pPrime2Mean;
}
// * * * * * * * * * * * * * * * * * * * * * * * * * * * * * * * * * * * * * //

dimensions      [0 4 -4 0 0 0 0];

internalField   nonuniform List<scalar> 
4400
(
3.4069e+06
3.23164e+06
3.04906e+06
2.87126e+06
2.69875e+06
2.53154e+06
2.36949e+06
2.21224e+06
2.05848e+06
1.90227e+06
3.40697e+06
3.23164e+06
3.04906e+06
2.87125e+06
2.69875e+06
2.53154e+06
2.3695e+06
2.21227e+06
2.0586e+06
1.90286e+06
3.40702e+06
3.23163e+06
3.04905e+06
2.87125e+06
2.69876e+06
2.53155e+06
2.36952e+06
2.21233e+06
2.05882e+06
1.90417e+06
3.40705e+06
3.23161e+06
3.04905e+06
2.87125e+06
2.69876e+06
2.53155e+06
2.36955e+06
2.21242e+06
2.05914e+06
1.90586e+06
3.40707e+06
3.2316e+06
3.04904e+06
2.87125e+06
2.69876e+06
2.53156e+06
2.36958e+06
2.21254e+06
2.05955e+06
1.90778e+06
3.40709e+06
3.23158e+06
3.04904e+06
2.87125e+06
2.69876e+06
2.53158e+06
2.36962e+06
2.21268e+06
2.06003e+06
1.90978e+06
3.40711e+06
3.23158e+06
3.04903e+06
2.87125e+06
2.69876e+06
2.53159e+06
2.36967e+06
2.21284e+06
2.06055e+06
1.91178e+06
3.40712e+06
3.23157e+06
3.04903e+06
2.87125e+06
2.69877e+06
2.5316e+06
2.36972e+06
2.213e+06
2.06111e+06
1.91375e+06
3.40713e+06
3.23156e+06
3.04903e+06
2.87126e+06
2.69877e+06
2.53162e+06
2.36978e+06
2.21318e+06
2.06169e+06
1.91562e+06
3.40713e+06
3.23156e+06
3.04902e+06
2.87126e+06
2.69878e+06
2.53164e+06
2.36984e+06
2.21336e+06
2.06226e+06
1.91738e+06
3.40713e+06
3.23156e+06
3.04903e+06
2.87126e+06
2.69878e+06
2.53166e+06
2.36989e+06
2.21354e+06
2.06282e+06
1.91902e+06
3.40713e+06
3.23156e+06
3.04903e+06
2.87126e+06
2.69879e+06
2.53168e+06
2.36995e+06
2.21372e+06
2.06335e+06
1.92051e+06
3.40712e+06
3.23157e+06
3.04903e+06
2.87126e+06
2.6988e+06
2.5317e+06
2.37001e+06
2.21388e+06
2.06384e+06
1.92185e+06
3.40711e+06
3.23158e+06
3.04904e+06
2.87126e+06
2.6988e+06
2.53171e+06
2.37006e+06
2.21404e+06
2.06429e+06
1.92303e+06
3.40709e+06
3.23159e+06
3.04904e+06
2.87127e+06
2.69881e+06
2.53173e+06
2.3701e+06
2.21417e+06
2.06469e+06
1.92404e+06
3.40707e+06
3.2316e+06
3.04905e+06
2.87127e+06
2.69882e+06
2.53174e+06
2.37014e+06
2.21429e+06
2.06503e+06
1.92489e+06
3.40705e+06
3.23161e+06
3.04905e+06
2.87127e+06
2.69882e+06
2.53176e+06
2.37018e+06
2.21439e+06
2.06531e+06
1.92557e+06
3.40702e+06
3.23163e+06
3.04906e+06
2.87128e+06
2.69883e+06
2.53177e+06
2.3702e+06
2.21447e+06
2.06552e+06
1.92608e+06
3.40697e+06
3.23164e+06
3.04907e+06
2.87128e+06
2.69883e+06
2.53177e+06
2.37022e+06
2.21452e+06
2.06567e+06
1.92642e+06
3.4069e+06
3.23164e+06
3.04907e+06
2.87128e+06
2.69883e+06
2.53177e+06
2.37023e+06
2.21454e+06
2.06574e+06
1.92659e+06
1.76854e+06
1.73757e+06
1.71281e+06
1.69007e+06
1.66836e+06
1.64733e+06
1.62676e+06
1.60655e+06
1.58661e+06
1.56689e+06
1.54735e+06
1.52798e+06
1.50876e+06
1.48966e+06
1.47069e+06
1.45186e+06
1.43317e+06
1.41461e+06
1.39619e+06
1.37791e+06
1.35975e+06
1.34171e+06
1.32378e+06
1.30596e+06
1.28825e+06
1.27066e+06
1.25319e+06
1.23584e+06
1.21861e+06
1.20152e+06
1.18455e+06
1.16771e+06
1.15101e+06
1.13443e+06
1.11799e+06
1.10167e+06
1.08548e+06
1.06942e+06
1.05348e+06
1.03767e+06
1.02197e+06
1.00638e+06
990911
975558
960318
945186
930151
915221
900397
885689
871089
856609
842246
828009
813899
799918
786067
772345
758747
745275
731926
718703
705603
692626
679775
667047
654441
641957
629594
617353
605228
593219
581328
569556
557904
546372
534956
523661
512480
501425
490476
479666
468954
458374
447884
437530
427274
417140
407097
397185
387337
377617
367943
358353
348778
339204
329527
319644
309227
297341
1.78285e+06
1.74792e+06
1.72032e+06
1.69582e+06
1.67289e+06
1.65095e+06
1.62968e+06
1.60892e+06
1.58853e+06
1.56844e+06
1.54861e+06
1.529e+06
1.50958e+06
1.49032e+06
1.47122e+06
1.45228e+06
1.4335e+06
1.41487e+06
1.39639e+06
1.37806e+06
1.35986e+06
1.34178e+06
1.32382e+06
1.30599e+06
1.28827e+06
1.27067e+06
1.2532e+06
1.23585e+06
1.21863e+06
1.20153e+06
1.18457e+06
1.16774e+06
1.15104e+06
1.13447e+06
1.11804e+06
1.10172e+06
1.08554e+06
1.06948e+06
1.05354e+06
1.03773e+06
1.02203e+06
1.00644e+06
990975
975621
960381
945246
930207
915273
900442
885727
871118
856629
842256
828012
813894
799910
786054
772331
758731
745260
731909
718686
705584
692607
679754
667026
654419
641937
629575
617334
605208
593199
581307
569532
557876
546338
534911
523604
512404
501332
490356
479524
468778
458160
447628
437217
426901
416689
406556
396533
386558
376675
366816
356990
347130
337190
327038
316484
305069
291327
1.79376e+06
1.75702e+06
1.72738e+06
1.70135e+06
1.67729e+06
1.65449e+06
1.63255e+06
1.61124e+06
1.59042e+06
1.56998e+06
1.54986e+06
1.53e+06
1.51039e+06
1.49097e+06
1.47174e+06
1.45269e+06
1.43383e+06
1.41512e+06
1.39658e+06
1.3782e+06
1.35996e+06
1.34185e+06
1.32387e+06
1.30602e+06
1.28829e+06
1.27069e+06
1.25321e+06
1.23587e+06
1.21865e+06
1.20156e+06
1.18461e+06
1.16778e+06
1.15109e+06
1.13452e+06
1.11808e+06
1.10177e+06
1.08558e+06
1.06952e+06
1.05358e+06
1.03778e+06
1.02208e+06
1.0065e+06
991028
975674
960434
945295
930253
915315
900478
885756
871138
856640
842257
828007
813881
799892
786032
772310
758707
745239
731887
718665
705562
692584
679731
667002
654397
641916
629553
617313
605185
593176
581282
569505
557844
546299
534860
523545
512324
501237
490232
479381
468598
457943
447368
436904
426526
416238
406019
395885
385789
375746
365709
355656
345528
335243
324666
313535
301369
286802
1.80242e+06
1.76496e+06
1.73389e+06
1.70658e+06
1.68152e+06
1.65791e+06
1.63532e+06
1.6135e+06
1.59225e+06
1.57147e+06
1.55107e+06
1.53098e+06
1.51118e+06
1.49161e+06
1.47225e+06
1.4531e+06
1.43414e+06
1.41537e+06
1.39678e+06
1.37834e+06
1.36006e+06
1.34193e+06
1.32392e+06
1.30605e+06
1.28832e+06
1.27071e+06
1.25324e+06
1.23589e+06
1.21868e+06
1.2016e+06
1.18465e+06
1.16782e+06
1.15113e+06
1.13457e+06
1.11813e+06
1.10181e+06
1.08562e+06
1.06956e+06
1.05362e+06
1.03782e+06
1.02212e+06
1.00654e+06
991068
975714
960473
945330
930286
915344
900502
885773
871146
856641
842249
827993
813860
799867
786004
772281
758677
745211
731859
718639
705535
692559
679705
666977
654372
641892
629530
617289
605159
593150
581252
569474
557805
546256
534804
523481
512237
501142
490102
479239
468414
457727
447106
436591
426151
415790
405487
395245
385034
374836
364630
354361
343982
333382
322432
310825
298138
283303
1.80948e+06
1.77185e+06
1.73981e+06
1.71147e+06
1.68553e+06
1.66119e+06
1.638e+06
1.61568e+06
1.59403e+06
1.57292e+06
1.55224e+06
1.53193e+06
1.51194e+06
1.49222e+06
1.47275e+06
1.45349e+06
1.43446e+06
1.41562e+06
1.39696e+06
1.37848e+06
1.36017e+06
1.342e+06
1.32398e+06
1.3061e+06
1.28835e+06
1.27074e+06
1.25327e+06
1.23593e+06
1.21872e+06
1.20164e+06
1.18469e+06
1.16787e+06
1.15118e+06
1.13461e+06
1.11817e+06
1.10184e+06
1.08565e+06
1.06958e+06
1.05365e+06
1.03784e+06
1.02214e+06
1.00657e+06
991095
975744
960498
945352
930307
915361
900513
885778
871143
856631
842232
827970
813830
799835
785969
772246
758641
745179
731826
718610
705505
692531
679677
666949
654344
641866
629503
617264
605130
593121
581217
569439
557761
546209
534741
523414
512144
501045
489967
479101
468225
457515
446843
436285
425778
415348
404962
394617
384294
373953
363584
353113
342504
331619
320346
308365
295343
280500
1.81537e+06
1.77784e+06
1.74516e+06
1.71601e+06
1.6893e+06
1.6643e+06
1.64056e+06
1.61778e+06
1.59574e+06
1.57431e+06
1.55337e+06
1.53285e+06
1.51268e+06
1.49282e+06
1.47322e+06
1.45388e+06
1.43476e+06
1.41586e+06
1.39715e+06
1.37863e+06
1.36027e+06
1.34208e+06
1.32404e+06
1.30615e+06
1.2884e+06
1.27079e+06
1.25331e+06
1.23598e+06
1.21877e+06
1.20169e+06
1.18474e+06
1.16792e+06
1.15122e+06
1.13464e+06
1.11819e+06
1.10186e+06
1.08566e+06
1.06959e+06
1.05366e+06
1.03786e+06
1.02216e+06
1.00659e+06
991110
975763
960510
945362
930317
915365
900511
885772
871128
856612
842204
827938
813793
799796
785929
772208
758600
745144
731788
718578
705471
692501
679645
666920
654313
641839
629474
617237
605098
593089
581178
569402
557713
546159
534674
523344
512049
500948
489831
478966
468036
457309
446581
435986
425412
414918
404450
394011
383576
373101
362575
351921
341099
329965
318415
306153
292924
278186
1.82036e+06
1.78305e+06
1.74996e+06
1.72017e+06
1.69282e+06
1.66724e+06
1.64299e+06
1.61978e+06
1.59738e+06
1.57565e+06
1.55446e+06
1.53374e+06
1.5134e+06
1.4934e+06
1.47369e+06
1.45425e+06
1.43506e+06
1.41609e+06
1.39734e+06
1.37877e+06
1.36039e+06
1.34217e+06
1.32411e+06
1.30621e+06
1.28845e+06
1.27084e+06
1.25336e+06
1.23602e+06
1.21881e+06
1.20173e+06
1.18478e+06
1.16796e+06
1.15125e+06
1.13467e+06
1.11821e+06
1.10187e+06
1.08567e+06
1.06959e+06
1.05367e+06
1.03786e+06
1.02216e+06
1.00659e+06
991113
975771
960510
945362
930316
915357
900498
885753
871101
856581
842166
827897
813749
799752
785883
772165
758557
745107
731747
718544
705433
692469
679609
666888
654280
641809
629443
617207
605063
593056
581137
569361
557661
546106
534605
523271
511955
500848
489698
478828
467849
457110
446324
435699
425055
414504
403955
393429
382885
372288
361612
350793
339775
328428
316647
304176
290825
276238
1.82463e+06
1.78758e+06
1.75425e+06
1.72398e+06
1.69608e+06
1.66998e+06
1.64527e+06
1.62167e+06
1.59894e+06
1.57693e+06
1.55551e+06
1.53459e+06
1.51409e+06
1.49396e+06
1.47415e+06
1.45462e+06
1.43536e+06
1.41633e+06
1.39752e+06
1.37892e+06
1.3605e+06
1.34226e+06
1.32419e+06
1.30627e+06
1.28851e+06
1.27089e+06
1.25341e+06
1.23607e+06
1.21886e+06
1.20178e+06
1.18482e+06
1.16799e+06
1.15128e+06
1.13468e+06
1.11821e+06
1.10187e+06
1.08566e+06
1.06958e+06
1.05366e+06
1.03785e+06
1.02216e+06
1.00658e+06
991104
975767
960499
945351
930303
915338
900475
885722
871064
856540
842120
827849
813699
799703
785835
772120
758511
745068
731704
718509
705392
692436
679570
666854
654243
641777
629408
617175
605026
593020
581094
569318
557608
546050
534536
523196
511863
500747
489570
478689
467671
456916
446076
435422
424712
414106
403481
392873
382226
371515
360703
349733
338542
327011
315042
302416
288999
274574
1.82832e+06
1.79155e+06
1.75806e+06
1.72742e+06
1.69906e+06
1.67252e+06
1.64741e+06
1.62344e+06
1.60041e+06
1.57814e+06
1.5565e+06
1.5354e+06
1.51475e+06
1.49449e+06
1.47458e+06
1.45497e+06
1.43564e+06
1.41656e+06
1.39771e+06
1.37907e+06
1.36063e+06
1.34236e+06
1.32427e+06
1.30634e+06
1.28857e+06
1.27094e+06
1.25346e+06
1.23611e+06
1.21889e+06
1.20181e+06
1.18485e+06
1.16801e+06
1.15129e+06
1.13468e+06
1.1182e+06
1.10186e+06
1.08564e+06
1.06956e+06
1.05364e+06
1.03782e+06
1.02214e+06
1.00656e+06
991083
975746
960474
945329
930278
915307
900444
885679
871016
856489
842066
827794
813645
799651
785785
772072
758464
745028
731660
718475
705349
692403
679530
666820
654206
641744
629372
617141
604986
592980
581049
569272
557555
545991
534468
523118
511777
500648
489450
478542
467505
456726
445842
435151
424384
413726
403030
392346
381604
370788
359853
348748
337406
325712
313591
300848
287407
273136
1.83153e+06
1.79501e+06
1.76144e+06
1.73051e+06
1.70178e+06
1.67485e+06
1.64938e+06
1.62509e+06
1.60178e+06
1.57927e+06
1.55743e+06
1.53616e+06
1.51537e+06
1.495e+06
1.475e+06
1.45531e+06
1.43592e+06
1.41679e+06
1.39789e+06
1.37922e+06
1.36075e+06
1.34246e+06
1.32435e+06
1.30641e+06
1.28862e+06
1.27099e+06
1.2535e+06
1.23614e+06
1.21892e+06
1.20183e+06
1.18486e+06
1.16802e+06
1.15129e+06
1.13467e+06
1.11818e+06
1.10183e+06
1.08561e+06
1.06953e+06
1.05361e+06
1.03779e+06
1.02211e+06
1.00652e+06
991050
975708
960436
945294
930241
915269
900403
885626
870961
856431
842006
827734
813588
799597
785733
772022
758416
744985
731615
718438
705307
692370
679489
666786
654167
641710
629334
617105
604945
592938
581004
569222
557501
545928
534402
523035
511693
500545
489339
478395
467349
456539
445623
434891
424077
413366
402605
391851
381022
370111
359068
347841
336366
324532
312285
299457
286019
271885
1.83432e+06
1.79803e+06
1.76442e+06
1.73326e+06
1.70423e+06
1.67697e+06
1.65118e+06
1.6266e+06
1.60304e+06
1.58031e+06
1.55829e+06
1.53687e+06
1.51595e+06
1.49548e+06
1.47538e+06
1.45563e+06
1.43618e+06
1.417e+06
1.39807e+06
1.37936e+06
1.36086e+06
1.34255e+06
1.32443e+06
1.30647e+06
1.28868e+06
1.27103e+06
1.25353e+06
1.23617e+06
1.21894e+06
1.20184e+06
1.18486e+06
1.16801e+06
1.15127e+06
1.13465e+06
1.11816e+06
1.1018e+06
1.08558e+06
1.0695e+06
1.05357e+06
1.03775e+06
1.02207e+06
1.00648e+06
991006
975655
960388
945247
930192
915221
900353
885566
870902
856366
841943
827671
813528
799541
785679
771970
758367
744938
731570
718397
705265
692334
679449
666751
654128
641673
629294
617065
604903
592892
580957
569167
557445
545859
534333
522945
511608
500422
489229
478250
467210
456371
445422
434644
423792
413026
402212
391389
380486
369487
358348
347013
335420
323467
311119
298233
284809
270795
1.83674e+06
1.80065e+06
1.76702e+06
1.73569e+06
1.7064e+06
1.67887e+06
1.65281e+06
1.62798e+06
1.60419e+06
1.58127e+06
1.55908e+06
1.53752e+06
1.51649e+06
1.49591e+06
1.47574e+06
1.45593e+06
1.43642e+06
1.4172e+06
1.39823e+06
1.3795e+06
1.36097e+06
1.34264e+06
1.32449e+06
1.30652e+06
1.28872e+06
1.27106e+06
1.25355e+06
1.23618e+06
1.21894e+06
1.20184e+06
1.18485e+06
1.16799e+06
1.15124e+06
1.13461e+06
1.11812e+06
1.10176e+06
1.08554e+06
1.06946e+06
1.05352e+06
1.0377e+06
1.02202e+06
1.00642e+06
990953
975591
960328
945186
930135
915162
900293
885502
870842
856300
841880
827607
813469
799485
785627
771917
758319
744887
731526
718350
705224
692292
679410
666713
654090
641634
629253
617021
604858
592840
580905
569104
557385
545784
534262
522856
511521
500293
489123
478099
467078
456206
445239
434413
423531
412712
401850
390965
379996
368917
357694
346262
334566
322516
310089
297165
283759
269850
1.83883e+06
1.80291e+06
1.76927e+06
1.73781e+06
1.70832e+06
1.68055e+06
1.65426e+06
1.62921e+06
1.60522e+06
1.58213e+06
1.5598e+06
1.53811e+06
1.51697e+06
1.49631e+06
1.47607e+06
1.4562e+06
1.43664e+06
1.41738e+06
1.39838e+06
1.37962e+06
1.36107e+06
1.34272e+06
1.32455e+06
1.30657e+06
1.28875e+06
1.27108e+06
1.25356e+06
1.23618e+06
1.21894e+06
1.20182e+06
1.18483e+06
1.16796e+06
1.1512e+06
1.13457e+06
1.11808e+06
1.10172e+06
1.0855e+06
1.06941e+06
1.05347e+06
1.03764e+06
1.02196e+06
1.00636e+06
990891
975518
960258
945112
930068
915097
900229
885437
870781
856232
841819
827544
813412
799428
785574
771861
758271
744829
731480
718295
705183
692243
679373
666669
654052
641590
629211
616971
604811
592783
580852
569037
557323
545705
534192
522767
511438
500184
489022
477963
466948
456016
445071
434208
423294
412428
401522
390579
379555
368404
357107
345586
333807
321679
309189
296243
282858
269039
1.84061e+06
1.80483e+06
1.7712e+06
1.73964e+06
1.70998e+06
1.68202e+06
1.65553e+06
1.63029e+06
1.60614e+06
1.58289e+06
1.56043e+06
1.53863e+06
1.5174e+06
1.49667e+06
1.47636e+06
1.45644e+06
1.43684e+06
1.41755e+06
1.39851e+06
1.37972e+06
1.36115e+06
1.34278e+06
1.3246e+06
1.3066e+06
1.28877e+06
1.27109e+06
1.25356e+06
1.23617e+06
1.21892e+06
1.20179e+06
1.18479e+06
1.16792e+06
1.15116e+06
1.13453e+06
1.11804e+06
1.10169e+06
1.08546e+06
1.06937e+06
1.05341e+06
1.03759e+06
1.0219e+06
1.0063e+06
990826
975442
960184
945030
929993
915022
900162
885370
870721
856165
841760
827482
813356
799372
785523
771807
758223
744771
731435
718234
705141
692189
679337
666624
654016
641544
629170
616920
604764
592726
580798
568971
557261
545627
534122
522684
511358
500092
488934
477838
466822
455826
444916
434012
423089
412178
401231
390234
379163
367950
356587
344991
333144
320955
308417
295458
282092
268349
1.84211e+06
1.80645e+06
1.77282e+06
1.74118e+06
1.71139e+06
1.68327e+06
1.65662e+06
1.63123e+06
1.60692e+06
1.58355e+06
1.56098e+06
1.53908e+06
1.51778e+06
1.49698e+06
1.47662e+06
1.45665e+06
1.43702e+06
1.41769e+06
1.39863e+06
1.37982e+06
1.36123e+06
1.34284e+06
1.32464e+06
1.30663e+06
1.28878e+06
1.27109e+06
1.25355e+06
1.23616e+06
1.21889e+06
1.20176e+06
1.18475e+06
1.16787e+06
1.15111e+06
1.13448e+06
1.118e+06
1.10165e+06
1.08542e+06
1.06932e+06
1.05336e+06
1.03753e+06
1.02184e+06
1.00624e+06
990762
975369
960110
944948
929914
914941
900089
885303
870659
856102
841703
827424
813306
799320
785478
771757
758182
744717
731395
718177
705101
692133
679299
666578
653983
641500
629132
616870
604720
592672
580745
568908
557200
545556
534058
522605
511285
500013
488860
477726
466711
455677
444777
433823
422905
411954
400978
389936
378823
367558
356138
344481
332579
320343
307767
294801
281452
267770
1.84334e+06
1.80777e+06
1.77415e+06
1.74245e+06
1.71256e+06
1.68432e+06
1.65753e+06
1.63201e+06
1.60759e+06
1.58411e+06
1.56144e+06
1.53947e+06
1.5181e+06
1.49724e+06
1.47684e+06
1.45683e+06
1.43716e+06
1.41781e+06
1.39872e+06
1.37989e+06
1.36128e+06
1.34288e+06
1.32467e+06
1.30664e+06
1.28879e+06
1.27109e+06
1.25354e+06
1.23613e+06
1.21886e+06
1.20172e+06
1.18471e+06
1.16782e+06
1.15106e+06
1.13444e+06
1.11796e+06
1.10162e+06
1.08539e+06
1.06928e+06
1.05331e+06
1.03748e+06
1.02178e+06
1.00618e+06
990700
975300
960038
944868
929837
914861
900018
885239
870604
856047
841656
827374
813268
799276
785446
771717
758152
744675
731363
718132
705067
692088
679266
666537
653952
641461
629099
616827
604681
592625
580698
568853
557144
545494
533999
522538
511224
499939
488794
477630
466621
455557
444653
433655
422740
411748
400764
389681
378537
367227
355761
344057
332111
319843
307235
294262
280930
267297
1.84431e+06
1.80881e+06
1.7752e+06
1.74346e+06
1.71349e+06
1.68515e+06
1.65826e+06
1.63263e+06
1.60812e+06
1.58456e+06
1.56182e+06
1.53978e+06
1.51836e+06
1.49746e+06
1.47701e+06
1.45697e+06
1.43728e+06
1.4179e+06
1.3988e+06
1.37995e+06
1.36133e+06
1.34291e+06
1.32469e+06
1.30665e+06
1.28879e+06
1.27108e+06
1.25352e+06
1.23611e+06
1.21883e+06
1.20168e+06
1.18466e+06
1.16777e+06
1.15101e+06
1.1344e+06
1.11793e+06
1.10158e+06
1.08535e+06
1.06924e+06
1.05327e+06
1.03743e+06
1.02173e+06
1.00613e+06
990641
975239
959974
944795
929764
914787
899955
885178
870558
855998
841619
827333
813239
799241
785420
771685
758128
744643
731337
718102
705041
692058
679242
666507
653928
641428
629070
616792
604649
592586
580659
568808
557100
545445
533951
522485
511177
499866
488733
477548
466547
455458
444552
433517
422604
411576
400593
389465
378309
366956
355457
343720
331738
319450
306813
293836
280517
266922
1.84502e+06
1.80958e+06
1.77598e+06
1.74421e+06
1.71419e+06
1.68577e+06
1.6588e+06
1.63311e+06
1.60852e+06
1.5849e+06
1.5621e+06
1.54002e+06
1.51855e+06
1.49762e+06
1.47715e+06
1.45708e+06
1.43737e+06
1.41797e+06
1.39886e+06
1.37999e+06
1.36136e+06
1.34293e+06
1.3247e+06
1.30666e+06
1.28878e+06
1.27107e+06
1.2535e+06
1.23608e+06
1.21879e+06
1.20164e+06
1.18462e+06
1.16773e+06
1.15097e+06
1.13436e+06
1.11789e+06
1.10155e+06
1.08532e+06
1.06921e+06
1.05323e+06
1.03739e+06
1.02168e+06
1.00608e+06
990591
975190
959921
944735
929703
914727
899906
885124
870512
855957
841585
827298
813214
799212
785399
771658
758107
744620
731317
718083
705023
692041
679226
666492
653911
641409
629049
616766
604626
592559
580632
568776
557069
545408
533916
522448
511150
499806
488680
477478
466486
455380
444473
433411
422502
411446
400461
389300
378132
366744
355227
343470
331459
319157
306498
293518
280211
266643
1.84549e+06
1.81009e+06
1.7765e+06
1.74471e+06
1.71465e+06
1.68619e+06
1.65917e+06
1.63342e+06
1.60879e+06
1.58513e+06
1.56229e+06
1.54018e+06
1.51869e+06
1.49773e+06
1.47724e+06
1.45716e+06
1.43743e+06
1.41802e+06
1.39889e+06
1.38002e+06
1.36138e+06
1.34294e+06
1.32471e+06
1.30666e+06
1.28877e+06
1.27105e+06
1.25348e+06
1.23605e+06
1.21876e+06
1.20161e+06
1.18459e+06
1.1677e+06
1.15094e+06
1.13433e+06
1.11786e+06
1.10152e+06
1.08529e+06
1.06918e+06
1.0532e+06
1.03736e+06
1.02164e+06
1.00604e+06
990550
975154
959882
944693
929663
914685
899868
885086
870480
855928
841560
827274
813195
799190
785382
771642
758092
744608
731304
718073
705012
692033
679216
666485
653903
641400
629039
616751
604613
592543
580618
568756
557052
545382
533895
522418
511122
499768
488640
477427
466441
455325
444416
433339
422429
411359
400369
389193
378017
366602
355074
343304
331272
318962
306288
293308
280009
266458
1.84573e+06
1.81035e+06
1.77676e+06
1.74496e+06
1.71488e+06
1.6864e+06
1.65935e+06
1.63358e+06
1.60893e+06
1.58524e+06
1.56239e+06
1.54026e+06
1.51875e+06
1.49778e+06
1.47728e+06
1.45719e+06
1.43746e+06
1.41805e+06
1.39891e+06
1.38003e+06
1.36139e+06
1.34295e+06
1.32471e+06
1.30665e+06
1.28877e+06
1.27104e+06
1.25347e+06
1.23604e+06
1.21875e+06
1.2016e+06
1.18457e+06
1.16768e+06
1.15093e+06
1.13432e+06
1.11785e+06
1.10151e+06
1.08528e+06
1.06917e+06
1.05319e+06
1.03735e+06
1.02162e+06
1.00602e+06
990529
975135
959862
944673
929638
914663
899845
885068
870461
855912
841548
827263
813186
799181
785374
771635
758085
744603
731298
718069
705006
692030
679211
666483
653900
641397
629035
616746
604607
592536
580613
568748
557045
545369
533885
522404
511105
499749
488624
477405
466419
455299
444384
433302
422393
411316
400323
389142
377960
366534
355000
343222
331180
318865
306185
293204
279910
266369
1.63299e+06
1.63056e+06
1.6258e+06
1.6189e+06
1.61005e+06
1.59949e+06
1.58747e+06
1.57425e+06
1.56002e+06
1.54497e+06
1.52927e+06
1.51305e+06
1.49643e+06
1.47952e+06
1.46234e+06
1.44496e+06
1.42745e+06
1.40986e+06
1.39223e+06
1.37459e+06
1.35696e+06
1.33935e+06
1.32178e+06
1.30427e+06
1.28683e+06
1.26946e+06
1.25218e+06
1.23499e+06
1.21789e+06
1.20086e+06
1.18392e+06
1.16707e+06
1.15032e+06
1.13368e+06
1.11713e+06
1.10072e+06
1.08444e+06
1.06832e+06
1.05234e+06
1.0365e+06
1.02078e+06
1.00518e+06
989690
974336
959100
943990
928991
914118
899356
884720
870195
855796
841509
827347
813301
799378
785573
771892
758331
744895
731579
718386
705311
692359
679525
666818
654232
641774
629438
617230
605144
593188
581348
569650
558072
546657
535379
524262
513300
502501
491870
481414
471144
461074
451216
441592
432222
423133
414356
405929
397896
390310
383230
376731
370894
365808
361575
358288
356028
354870
1.63341e+06
1.63097e+06
1.62619e+06
1.61926e+06
1.61036e+06
1.59975e+06
1.5877e+06
1.57444e+06
1.56018e+06
1.54511e+06
1.52939e+06
1.51314e+06
1.49652e+06
1.47959e+06
1.4624e+06
1.44501e+06
1.4275e+06
1.4099e+06
1.39226e+06
1.37462e+06
1.35698e+06
1.33937e+06
1.32181e+06
1.3043e+06
1.28685e+06
1.26948e+06
1.2522e+06
1.23502e+06
1.21791e+06
1.20089e+06
1.18394e+06
1.1671e+06
1.15034e+06
1.1337e+06
1.11715e+06
1.10074e+06
1.08446e+06
1.06833e+06
1.05235e+06
1.03651e+06
1.02078e+06
1.00518e+06
989695
974340
959104
943994
928995
914122
899359
884723
870197
855799
841512
827350
813303
799381
785576
771895
758334
744898
731582
718390
705316
692364
679530
666823
654237
641779
629441
617234
605147
593192
581350
569651
558072
546654
535376
524257
513294
502494
491860
481403
471129
461056
451195
441567
432191
423096
414312
405876
397833
390235
383141
376626
370771
365668
361417
358115
355841
354677
1.63428e+06
1.6318e+06
1.62697e+06
1.61996e+06
1.61098e+06
1.60029e+06
1.58815e+06
1.57482e+06
1.56051e+06
1.54539e+06
1.52962e+06
1.51334e+06
1.49669e+06
1.47974e+06
1.46253e+06
1.44512e+06
1.42759e+06
1.40998e+06
1.39234e+06
1.37469e+06
1.35705e+06
1.33944e+06
1.32187e+06
1.30436e+06
1.28691e+06
1.26954e+06
1.25226e+06
1.23507e+06
1.21796e+06
1.20094e+06
1.18399e+06
1.16715e+06
1.15039e+06
1.13374e+06
1.11719e+06
1.10077e+06
1.08449e+06
1.06836e+06
1.05237e+06
1.03653e+06
1.0208e+06
1.00519e+06
989707
974350
959115
944004
929005
914130
899367
884730
870203
855805
841517
827356
813309
799387
785581
771901
758340
744905
731589
718399
705327
692377
679543
666836
654249
641790
629451
617242
605153
593198
581354
569653
558073
546650
535371
524249
513282
502479
491841
481380
471101
461022
451153
441516
432130
423023
414224
405771
397708
390085
382964
376417
370527
365386
361101
357766
355466
354286
1.63557e+06
1.63305e+06
1.62813e+06
1.62101e+06
1.6119e+06
1.60108e+06
1.58883e+06
1.57539e+06
1.56099e+06
1.54579e+06
1.52997e+06
1.51363e+06
1.49694e+06
1.47996e+06
1.46272e+06
1.44529e+06
1.42772e+06
1.41009e+06
1.39244e+06
1.37479e+06
1.35715e+06
1.33954e+06
1.32196e+06
1.30445e+06
1.287e+06
1.26962e+06
1.25233e+06
1.23514e+06
1.21803e+06
1.201e+06
1.18405e+06
1.16721e+06
1.15045e+06
1.13379e+06
1.11723e+06
1.10081e+06
1.08453e+06
1.06839e+06
1.0524e+06
1.03655e+06
1.02082e+06
1.00521e+06
989724
974368
959132
944021
929022
914145
899381
884744
870215
855817
841528
827366
813320
799397
785592
771911
758350
744916
731603
718416
705346
692399
679565
666858
654270
641809
629467
617254
605163
593207
581360
569657
558075
546645
535363
524236
513266
502458
491815
481347
471060
460971
451091
441441
432040
422914
414093
405614
397520
389862
382699
376103
370159
364962
360623
357238
354899
353695
1.63732e+06
1.63473e+06
1.62969e+06
1.62241e+06
1.61313e+06
1.60214e+06
1.58972e+06
1.57615e+06
1.56163e+06
1.54634e+06
1.53043e+06
1.51403e+06
1.49728e+06
1.48026e+06
1.46297e+06
1.4455e+06
1.42791e+06
1.41025e+06
1.39259e+06
1.37492e+06
1.35727e+06
1.33965e+06
1.32207e+06
1.30455e+06
1.2871e+06
1.26971e+06
1.25242e+06
1.23522e+06
1.21811e+06
1.20107e+06
1.18412e+06
1.16728e+06
1.15051e+06
1.13385e+06
1.11729e+06
1.10086e+06
1.08458e+06
1.06843e+06
1.05244e+06
1.03658e+06
1.02085e+06
1.00523e+06
989749
974392
959155
944044
929045
914167
899401
884764
870233
855835
841544
827382
813335
799413
785608
771927
758366
744935
731624
718442
705374
692427
679594
666887
654299
641835
629489
617272
605177
593219
581368
569662
558076
546640
535355
524221
513246
502431
491780
481303
471006
460904
451010
441341
431920
422769
413920
405406
397272
389565
382347
375687
369671
364397
359983
356530
354135
352900
1.63952e+06
1.63684e+06
1.63164e+06
1.62416e+06
1.61466e+06
1.60345e+06
1.59083e+06
1.57709e+06
1.56242e+06
1.54701e+06
1.531e+06
1.51451e+06
1.4977e+06
1.48061e+06
1.46328e+06
1.44576e+06
1.42813e+06
1.41044e+06
1.39276e+06
1.37508e+06
1.35742e+06
1.33979e+06
1.3222e+06
1.30466e+06
1.2872e+06
1.26982e+06
1.25251e+06
1.2353e+06
1.21818e+06
1.20115e+06
1.18418e+06
1.16734e+06
1.15058e+06
1.13391e+06
1.11734e+06
1.10091e+06
1.08463e+06
1.06848e+06
1.05249e+06
1.03662e+06
1.02089e+06
1.00527e+06
989781
974422
959186
944074
929074
914196
899427
884790
870257
855858
841566
827401
813355
799432
785627
771948
758387
744959
731651
718472
705404
692459
679627
666921
654332
641865
629516
617294
605194
593232
581378
569667
558078
546635
535345
524203
513222
502399
491739
481250
470940
460822
450909
441219
431771
422591
413705
405149
396963
389197
381909
375169
369063
363692
359180
355636
353169
351893
1.6422e+06
1.6394e+06
1.634e+06
1.62626e+06
1.61648e+06
1.605e+06
1.59215e+06
1.57821e+06
1.56337e+06
1.54782e+06
1.53169e+06
1.51509e+06
1.49819e+06
1.48102e+06
1.46362e+06
1.44606e+06
1.42838e+06
1.41066e+06
1.39295e+06
1.37525e+06
1.35757e+06
1.33993e+06
1.32232e+06
1.30478e+06
1.28731e+06
1.26992e+06
1.2526e+06
1.23538e+06
1.21826e+06
1.20122e+06
1.18425e+06
1.16741e+06
1.15064e+06
1.13397e+06
1.1174e+06
1.10096e+06
1.08468e+06
1.06853e+06
1.05254e+06
1.03667e+06
1.02093e+06
1.00531e+06
989820
974461
959225
944111
929111
914231
899461
884823
870287
855887
841593
827427
813380
799455
785651
771973
758413
744987
731681
718504
705437
692495
679666
666960
654371
641900
629547
617319
605214
593247
581389
569673
558080
546630
535334
524184
513194
502361
491690
481187
470861
460724
450790
441074
431596
422379
413451
404843
396597
388759
381388
374551
368337
362848
358213
354555
351995
350668
1.64538e+06
1.64243e+06
1.63676e+06
1.62871e+06
1.6186e+06
1.60681e+06
1.59368e+06
1.5795e+06
1.56447e+06
1.54874e+06
1.53247e+06
1.51576e+06
1.49874e+06
1.48149e+06
1.46401e+06
1.44639e+06
1.42866e+06
1.4109e+06
1.39316e+06
1.37544e+06
1.35773e+06
1.34007e+06
1.32245e+06
1.3049e+06
1.28742e+06
1.27002e+06
1.25269e+06
1.23546e+06
1.21833e+06
1.20128e+06
1.18431e+06
1.16746e+06
1.1507e+06
1.13403e+06
1.11746e+06
1.10102e+06
1.08474e+06
1.06859e+06
1.05259e+06
1.03672e+06
1.02098e+06
1.00536e+06
989870
974511
959274
944159
929158
914276
899504
884863
870326
855923
841630
827460
813413
799486
785682
772004
758443
745017
731711
718535
705472
692533
679706
667000
654410
641937
629579
617346
605235
593262
581400
569677
558081
546624
535322
524162
513162
502318
491635
481116
470772
460613
450654
440907
431395
422136
413158
404492
396175
388255
380785
373837
367495
361865
357081
353282
350608
349217
1.64907e+06
1.64594e+06
1.63995e+06
1.63151e+06
1.62101e+06
1.60885e+06
1.59541e+06
1.58096e+06
1.5657e+06
1.54978e+06
1.53334e+06
1.51649e+06
1.49935e+06
1.48199e+06
1.46444e+06
1.44675e+06
1.42897e+06
1.41116e+06
1.39338e+06
1.37563e+06
1.3579e+06
1.34021e+06
1.32257e+06
1.30501e+06
1.28752e+06
1.27012e+06
1.25278e+06
1.23554e+06
1.21839e+06
1.20134e+06
1.18436e+06
1.16751e+06
1.15075e+06
1.13408e+06
1.11752e+06
1.10108e+06
1.0848e+06
1.06865e+06
1.05265e+06
1.03678e+06
1.02104e+06
1.00542e+06
989928
974568
959330
944214
929211
914329
899555
884912
870373
855968
841674
827501
813455
799523
785718
772036
758475
745048
731742
718567
705508
692568
679743
667036
654447
641971
629611
617372
605257
593277
581411
569682
558083
546618
535308
524139
513128
502272
491574
481037
470673
460489
450501
440722
431170
421865
412830
404097
395701
387687
380107
373029
366539
360746
355786
351816
349001
347530
1.65333e+06
1.64996e+06
1.64358e+06
1.63467e+06
1.62371e+06
1.61114e+06
1.59733e+06
1.58258e+06
1.56706e+06
1.55092e+06
1.5343e+06
1.51729e+06
1.50002e+06
1.48254e+06
1.4649e+06
1.44713e+06
1.4293e+06
1.41144e+06
1.39362e+06
1.37584e+06
1.35807e+06
1.34035e+06
1.3227e+06
1.30512e+06
1.28762e+06
1.27021e+06
1.25286e+06
1.23561e+06
1.21845e+06
1.20139e+06
1.18441e+06
1.16756e+06
1.1508e+06
1.13413e+06
1.11758e+06
1.10113e+06
1.08486e+06
1.06871e+06
1.05271e+06
1.03684e+06
1.0211e+06
1.00548e+06
989994
974633
959394
944276
929273
914389
899613
884969
870429
856020
841727
827547
813501
799563
785756
772070
758510
745079
731775
718598
705539
692597
679775
667067
654480
642001
629638
617396
605277
593291
581420
569686
558083
546610
535291
524112
513090
502221
491508
480952
470565
460354
450334
440518
430922
421566
412469
403662
395177
387059
379355
372133
365475
359492
354326
350153
347167
345593
1.6582e+06
1.65453e+06
1.64766e+06
1.6382e+06
1.6267e+06
1.61366e+06
1.59945e+06
1.58435e+06
1.56853e+06
1.55215e+06
1.53532e+06
1.51815e+06
1.50072e+06
1.48312e+06
1.46538e+06
1.44754e+06
1.42964e+06
1.41173e+06
1.39387e+06
1.37605e+06
1.35825e+06
1.3405e+06
1.32282e+06
1.30523e+06
1.28772e+06
1.27029e+06
1.25294e+06
1.23567e+06
1.21849e+06
1.20144e+06
1.18445e+06
1.16759e+06
1.15084e+06
1.13417e+06
1.11763e+06
1.10119e+06
1.08492e+06
1.06878e+06
1.05278e+06
1.03691e+06
1.02117e+06
1.00556e+06
990067
974706
959466
944346
929342
914455
899679
885033
870492
856078
841786
827599
813553
799608
785802
772109
758548
745112
731807
718625
705566
692624
679803
667093
654506
642025
629660
617416
605295
593302
581428
569689
558080
546600
535273
524084
513049
502167
491438
480862
470451
460210
450155
440299
430654
421243
412078
403190
394608
386375
378535
371153
364306
358108
352704
348289
345094
343394
1.66373e+06
1.65969e+06
1.65222e+06
1.6421e+06
1.62998e+06
1.6164e+06
1.60173e+06
1.58625e+06
1.57011e+06
1.55345e+06
1.5364e+06
1.51905e+06
1.50146e+06
1.48372e+06
1.46588e+06
1.44796e+06
1.42999e+06
1.41203e+06
1.39412e+06
1.37626e+06
1.35843e+06
1.34065e+06
1.32295e+06
1.30533e+06
1.28781e+06
1.27036e+06
1.253e+06
1.23572e+06
1.21854e+06
1.20147e+06
1.18449e+06
1.16762e+06
1.15087e+06
1.13421e+06
1.11767e+06
1.10125e+06
1.08498e+06
1.06885e+06
1.05285e+06
1.03699e+06
1.02125e+06
1.00563e+06
990147
974784
959544
944423
929418
914529
899752
885101
870560
856141
841848
827655
813607
799657
785847
772150
758586
745145
731837
718650
705591
692645
679824
667112
654523
642041
629676
617430
605308
593309
581433
569688
558074
546589
535251
524054
513006
502109
491363
480767
470330
460058
449964
440065
430368
420897
411659
402684
393998
385640
377652
370095
363040
356600
350922
346222
342772
340911
1.66999e+06
1.66547e+06
1.65726e+06
1.64636e+06
1.63354e+06
1.61934e+06
1.60417e+06
1.58826e+06
1.57176e+06
1.55481e+06
1.53752e+06
1.51997e+06
1.50223e+06
1.48435e+06
1.4664e+06
1.44838e+06
1.43035e+06
1.41233e+06
1.39437e+06
1.37647e+06
1.35861e+06
1.3408e+06
1.32307e+06
1.30544e+06
1.28789e+06
1.27043e+06
1.25305e+06
1.23576e+06
1.21857e+06
1.2015e+06
1.18452e+06
1.16765e+06
1.1509e+06
1.13424e+06
1.11771e+06
1.1013e+06
1.08504e+06
1.06891e+06
1.05292e+06
1.03706e+06
1.02133e+06
1.00572e+06
990232
974869
959628
944506
929500
914608
899830
885174
870631
856207
841909
827713
813659
799705
785890
772191
758623
745176
731865
718672
705609
692660
679838
667124
654534
642051
629686
617438
605316
593313
581434
569684
558064
546574
535226
524021
512960
502049
491284
480666
470201
459898
449763
439819
430065
420530
411214
402147
393349
384859
376710
368964
361681
354973
348985
343950
340188
338121
1.67708e+06
1.67192e+06
1.6628e+06
1.65098e+06
1.63735e+06
1.62248e+06
1.60674e+06
1.59037e+06
1.57349e+06
1.55622e+06
1.53868e+06
1.52093e+06
1.50301e+06
1.48499e+06
1.46692e+06
1.44882e+06
1.43071e+06
1.41263e+06
1.39462e+06
1.37668e+06
1.35879e+06
1.34094e+06
1.32319e+06
1.30554e+06
1.28797e+06
1.27049e+06
1.25309e+06
1.23579e+06
1.2186e+06
1.20151e+06
1.18454e+06
1.16767e+06
1.15091e+06
1.13427e+06
1.11775e+06
1.10135e+06
1.08509e+06
1.06898e+06
1.05299e+06
1.03714e+06
1.02141e+06
1.0058e+06
990319
974958
959717
944594
929586
914691
899911
885249
870702
856272
841969
827768
813708
799752
785931
772229
758657
745205
731888
718689
705624
692671
679846
667130
654537
642054
629689
617442
605318
593313
581432
569677
558051
546557
535200
523986
512913
501985
491200
480559
470066
459730
449553
439562
429749
420145
410746
401582
392667
384037
375717
367768
360238
353235
346897
341473
337327
334994
1.68512e+06
1.67909e+06
1.66883e+06
1.65594e+06
1.64139e+06
1.62577e+06
1.60942e+06
1.59255e+06
1.57526e+06
1.55768e+06
1.53987e+06
1.5219e+06
1.50381e+06
1.48564e+06
1.46745e+06
1.44926e+06
1.43107e+06
1.41293e+06
1.39487e+06
1.37688e+06
1.35896e+06
1.34109e+06
1.32331e+06
1.30563e+06
1.28804e+06
1.27054e+06
1.25312e+06
1.23581e+06
1.21861e+06
1.20152e+06
1.18455e+06
1.16768e+06
1.15092e+06
1.13429e+06
1.11778e+06
1.10139e+06
1.08515e+06
1.06904e+06
1.05307e+06
1.03722e+06
1.0215e+06
1.00589e+06
990409
975049
959809
944684
929674
914777
899992
885324
870772
856335
842026
827821
813754
799795
785969
772263
758687
745230
731909
718704
705634
692677
679848
667129
654534
642051
629687
617439
605315
593309
581426
569666
558035
546538
535173
523949
512862
501918
491112
480448
469924
459555
449333
439295
429419
419744
410260
400993
391955
383179
374679
366515
358719
351396
344670
338792
334174
331489
1.69426e+06
1.68703e+06
1.67533e+06
1.66119e+06
1.64563e+06
1.62919e+06
1.61219e+06
1.59479e+06
1.57709e+06
1.55916e+06
1.54108e+06
1.52289e+06
1.50462e+06
1.4863e+06
1.46799e+06
1.4497e+06
1.43143e+06
1.41322e+06
1.39511e+06
1.37708e+06
1.35912e+06
1.34122e+06
1.32342e+06
1.30571e+06
1.2881e+06
1.27058e+06
1.25315e+06
1.23583e+06
1.21862e+06
1.20153e+06
1.18455e+06
1.16768e+06
1.15093e+06
1.1343e+06
1.1178e+06
1.10143e+06
1.0852e+06
1.0691e+06
1.05314e+06
1.0373e+06
1.02158e+06
1.00598e+06
990500
975141
959901
944775
929763
914862
900072
885397
870839
856395
842080
827870
813796
799834
786003
772292
758713
745250
731925
718714
705639
692677
679844
667124
654526
642042
629678
617432
605308
593300
581416
569653
558016
546515
535142
523909
512808
501847
491018
480330
469776
459373
449107
439018
429079
419330
409757
400386
391218
382292
373602
365213
357137
349470
342313
335913
330709
327551
1.70475e+06
1.69578e+06
1.68229e+06
1.6667e+06
1.65003e+06
1.63272e+06
1.61504e+06
1.59709e+06
1.57895e+06
1.56068e+06
1.54231e+06
1.52389e+06
1.50544e+06
1.48697e+06
1.46853e+06
1.45013e+06
1.43179e+06
1.41351e+06
1.39534e+06
1.37726e+06
1.35927e+06
1.34135e+06
1.32351e+06
1.30578e+06
1.28815e+06
1.27061e+06
1.25317e+06
1.23584e+06
1.21862e+06
1.20152e+06
1.18454e+06
1.16768e+06
1.15094e+06
1.13432e+06
1.11783e+06
1.10147e+06
1.08525e+06
1.06916e+06
1.05321e+06
1.03738e+06
1.02166e+06
1.00607e+06
990589
975232
959992
944866
929851
914944
900148
885466
870901
856450
842128
827913
813833
799867
786032
772316
758733
745266
731936
718721
705640
692674
679836
667114
654514
642029
629666
617420
605296
593287
581401
569635
557995
546488
535108
523865
512749
501771
490919
480207
469622
459185
448873
438734
428730
418905
409240
399762
390462
381380
372496
363874
355504
347473
339849
332852
326924
323112
1.71693e+06
1.70536e+06
1.68964e+06
1.67242e+06
1.65455e+06
1.63633e+06
1.61793e+06
1.59943e+06
1.58085e+06
1.56221e+06
1.54356e+06
1.5249e+06
1.50627e+06
1.48764e+06
1.46907e+06
1.45057e+06
1.43214e+06
1.4138e+06
1.39556e+06
1.37744e+06
1.35941e+06
1.34146e+06
1.3236e+06
1.30584e+06
1.28818e+06
1.27063e+06
1.25318e+06
1.23584e+06
1.21862e+06
1.20152e+06
1.18454e+06
1.16768e+06
1.15095e+06
1.13434e+06
1.11786e+06
1.10152e+06
1.08531e+06
1.06923e+06
1.05328e+06
1.03745e+06
1.02174e+06
1.00615e+06
990676
975320
960082
944955
929935
915023
900219
885530
870958
856500
842168
827949
813861
799892
786053
772334
758748
745277
731942
718723
705637
692667
679825
667100
654498
642013
629650
617405
605281
593272
581384
569617
557972
546460
535071
523817
512686
501690
490814
480078
469462
458990
448633
438442
428373
418472
408713
399128
389690
380451
371368
362508
353836
345424
337302
329638
322814
318078
1.73135e+06
1.7157e+06
1.69728e+06
1.67828e+06
1.65914e+06
1.63999e+06
1.62087e+06
1.6018e+06
1.58276e+06
1.56376e+06
1.54482e+06
1.52592e+06
1.5071e+06
1.48832e+06
1.46961e+06
1.451e+06
1.43249e+06
1.41408e+06
1.39578e+06
1.3776e+06
1.35953e+06
1.34155e+06
1.32366e+06
1.30588e+06
1.28821e+06
1.27065e+06
1.25318e+06
1.23584e+06
1.21861e+06
1.20151e+06
1.18454e+06
1.16769e+06
1.15096e+06
1.13436e+06
1.1179e+06
1.10157e+06
1.08537e+06
1.0693e+06
1.05335e+06
1.03753e+06
1.02182e+06
1.00623e+06
990760
975405
960167
945039
930014
915096
900285
885589
871008
856543
842202
827977
813882
799909
786067
772345
758755
745283
731942
718721
705629
692657
679811
667084
654480
641996
629632
617388
605264
593255
581367
569597
557950
546432
535035
523767
512620
501605
490705
479945
469297
458790
448388
438144
428011
418032
408178
398485
388908
379511
370227
361125
352148
343346
334704
326315
318414
312304
1.74849e+06
1.72657e+06
1.70506e+06
1.68419e+06
1.66376e+06
1.64366e+06
1.62382e+06
1.60418e+06
1.58469e+06
1.56533e+06
1.54608e+06
1.52695e+06
1.50793e+06
1.48899e+06
1.47015e+06
1.45143e+06
1.43283e+06
1.41435e+06
1.39599e+06
1.37776e+06
1.35964e+06
1.34163e+06
1.32372e+06
1.30592e+06
1.28823e+06
1.27065e+06
1.25319e+06
1.23584e+06
1.21861e+06
1.20151e+06
1.18454e+06
1.1677e+06
1.15098e+06
1.13439e+06
1.11794e+06
1.10162e+06
1.08542e+06
1.06936e+06
1.05342e+06
1.0376e+06
1.0219e+06
1.00631e+06
990838
975485
960246
945117
930087
915162
900344
885642
871052
856580
842228
827997
813895
799918
786071
772349
758755
745282
731937
718714
705618
692643
679794
667066
654461
641977
629614
617371
605247
593238
581348
569577
557928
546403
534997
523715
512551
501516
490592
479807
469127
458584
448138
437839
427644
417588
407638
397836
388122
378565
369083
359736
350457
341264
332098
322955
313784
305582
248203
194534
150773
113011
80874.4
54124.7
32738.1
16701.1
6011.95
668.01
247550
194486
150765
113009
80873.9
54124.6
32738
16701.1
6011.95
668.01
246731
194393
150748
113005
80872.9
54124.5
32738
16701.1
6011.96
668.011
245824
194261
150721
113000
80871.3
54124.3
32738
16701.1
6011.97
668.013
244880
194097
150682
112993
80869.1
54124.1
32738.1
16701.2
6012
668.017
243946
193908
150633
112984
80866.3
54123.8
32738.2
16701.3
6012.04
668.022
243048
193704
150576
112974
80863.1
54123.5
32738.2
16701.4
6012.09
668.029
242200
193491
150513
112963
80859.7
54123
32738.4
16701.5
6012.16
668.038
241412
193276
150447
112950
80856.1
54122.4
32738.5
16701.7
6012.24
668.049
240690
193066
150382
112936
80852.6
54121.8
32738.7
16701.9
6012.34
668.061
240036
192865
150318
112922
80849.2
54121.2
32738.8
16702.1
6012.43
668.074
239450
192676
150259
112908
80846
54120.8
32739
16702.3
6012.53
668.086
238931
192502
150204
112895
80843.1
54120.4
32739.2
16702.6
6012.64
668.099
238479
192346
150154
112882
80840.6
54120.2
32739.4
16702.8
6012.74
668.113
238091
192209
150110
112871
80838.4
54120
32739.6
16703
6012.82
668.126
237769
192093
150073
112861
80836.5
54120
32739.8
16703.1
6012.89
668.135
237511
191999
150043
112853
80835
54119.9
32739.9
16703.2
6012.92
668.139
237318
191929
150021
112847
80833.8
54119.7
32739.9
16703.2
6012.93
668.14
237189
191882
150006
112843
80832.9
54119.5
32739.8
16703.2
6012.94
668.138
237129
191859
149998
112841
80832.3
54119.4
32739.8
16703.2
6012.95
668.137
)
;

boundaryField
{
    inlet
    {
        type            calculated;
        value           nonuniform List<scalar> 
20
(
3.4069e+06
3.40697e+06
3.40702e+06
3.40705e+06
3.40707e+06
3.40709e+06
3.40711e+06
3.40712e+06
3.40713e+06
3.40713e+06
3.40713e+06
3.40713e+06
3.40712e+06
3.40711e+06
3.40709e+06
3.40707e+06
3.40705e+06
3.40702e+06
3.40697e+06
3.4069e+06
)
;
    }
    outlet
    {
        type            calculated;
        value           uniform 0;
    }
    walls
    {
        type            calculated;
        value           nonuniform List<scalar> 
280
(
3.4069e+06
3.23164e+06
3.04907e+06
2.87128e+06
2.69883e+06
2.53177e+06
2.37023e+06
2.21454e+06
2.06574e+06
1.92659e+06
1.84573e+06
1.81035e+06
1.77676e+06
1.74496e+06
1.71488e+06
1.6864e+06
1.65935e+06
1.63358e+06
1.60893e+06
1.58524e+06
1.56239e+06
1.54026e+06
1.51875e+06
1.49778e+06
1.47728e+06
1.45719e+06
1.43746e+06
1.41805e+06
1.39891e+06
1.38003e+06
1.36139e+06
1.34295e+06
1.32471e+06
1.30665e+06
1.28877e+06
1.27104e+06
1.25347e+06
1.23604e+06
1.21875e+06
1.2016e+06
1.18457e+06
1.16768e+06
1.15093e+06
1.13432e+06
1.11785e+06
1.10151e+06
1.08528e+06
1.06917e+06
1.05319e+06
1.03735e+06
1.02162e+06
1.00602e+06
990529
975135
959862
944673
929638
914663
899845
885068
870461
855912
841548
827263
813186
799181
785374
771635
758085
744603
731298
718069
705006
692030
679211
666483
653900
641397
629035
616746
604607
592536
580613
568748
557045
545369
533885
522404
511105
499749
488624
477405
466419
455299
444384
433302
422393
411316
400323
389142
377960
366534
355000
343222
331180
318865
306185
293204
279910
266369
237129
191859
149998
112841
80832.3
54119.4
32739.8
16703.2
6012.95
668.137
3.4069e+06
3.23164e+06
3.04906e+06
2.87126e+06
2.69875e+06
2.53154e+06
2.36949e+06
2.21224e+06
2.05848e+06
1.90227e+06
248203
194534
150773
113011
80874.4
54124.7
32738.1
16701.1
6011.95
668.01
1.63299e+06
1.63056e+06
1.6258e+06
1.6189e+06
1.61005e+06
1.59949e+06
1.58747e+06
1.57425e+06
1.56002e+06
1.54497e+06
1.52927e+06
1.51305e+06
1.49643e+06
1.47952e+06
1.46234e+06
1.44496e+06
1.42745e+06
1.40986e+06
1.39223e+06
1.37459e+06
1.35696e+06
1.33935e+06
1.32178e+06
1.30427e+06
1.28683e+06
1.26946e+06
1.25218e+06
1.23499e+06
1.21789e+06
1.20086e+06
1.18392e+06
1.16707e+06
1.15032e+06
1.13368e+06
1.11713e+06
1.10072e+06
1.08444e+06
1.06832e+06
1.05234e+06
1.0365e+06
1.02078e+06
1.00518e+06
989690
974336
959100
943990
928991
914118
899356
884720
870195
855796
841509
827347
813301
799378
785573
771892
758331
744895
731579
718386
705311
692359
679525
666818
654232
641774
629438
617230
605144
593188
581348
569650
558072
546657
535379
524262
513300
502501
491870
481414
471144
461074
451216
441592
432222
423133
414356
405929
397896
390310
383230
376731
370894
365808
361575
358288
356028
354870
1.63299e+06
1.63341e+06
1.63428e+06
1.63557e+06
1.63732e+06
1.63952e+06
1.6422e+06
1.64538e+06
1.64907e+06
1.65333e+06
1.6582e+06
1.66373e+06
1.66999e+06
1.67708e+06
1.68512e+06
1.69426e+06
1.70475e+06
1.71693e+06
1.73135e+06
1.74849e+06
354870
354677
354286
353695
352900
351893
350668
349217
347530
345593
343394
340911
338121
334994
331489
327551
323112
318078
312304
305582
)
;
    }
    frontAndBack
    {
        type            empty;
    }
}


// ************************************************************************* //
