/*--------------------------------*- C++ -*----------------------------------*\
| =========                 |                                                 |
| \\      /  F ield         | OpenFOAM: The Open Source CFD Toolbox           |
|  \\    /   O peration     | Version:  2.4.0                                 |
|   \\  /    A nd           | Web:      www.OpenFOAM.org                      |
|    \\/     M anipulation  |                                                 |
\*---------------------------------------------------------------------------*/
FoamFile
{
    version     2.0;
    format      ascii;
    class       volVectorField;
    location    "0.051";
    object      UMean;
}
// * * * * * * * * * * * * * * * * * * * * * * * * * * * * * * * * * * * * * //

dimensions      [0 1 -1 0 0 0 0];

internalField   nonuniform List<vector> 
4400
(
(5.49487 0.307368 0)
(3.58879 0.0626819 0)
(2.8787 0.00170449 0)
(2.56295 -0.00247167 0)
(2.44275 -0.00158156 0)
(2.4049 -0.000747722 0)
(2.36436 -6.44547e-05 0)
(2.39343 -0.000616869 0)
(2.39026 -0.00249032 0)
(2.29017 -0.0408219 0)
(8.64852 0.819765 0)
(7.77932 0.32877 0)
(6.92218 0.107707 0)
(6.27929 0.0462677 0)
(5.94687 0.0173934 0)
(5.82066 0.00995547 0)
(5.68274 0.00270931 0)
(5.76393 0.000312112 0)
(5.56467 0.00624148 0)
(6.01818 -0.21831 0)
(9.75454 0.886634 0)
(10.1095 0.447308 0)
(9.652 0.193605 0)
(8.9968 0.110226 0)
(8.56635 0.0525891 0)
(8.37345 0.0310283 0)
(8.17532 0.00855867 0)
(8.24248 0.0122106 0)
(8.01862 -0.0258995 0)
(8.40695 -0.21865 0)
(9.94878 0.758709 0)
(11.1275 0.459786 0)
(11.2646 0.237352 0)
(10.8709 0.168113 0)
(10.5125 0.0933835 0)
(10.2987 0.0611437 0)
(10.1211 0.0195594 0)
(10.0966 0.0239614 0)
(10.0182 -0.0358435 0)
(10.0486 -0.21851 0)
(9.8858 0.609639 0)
(11.2995 0.400914 0)
(11.8839 0.218299 0)
(11.835 0.184386 0)
(11.7373 0.121762 0)
(11.5549 0.082371 0)
(11.531 0.041436 0)
(11.3799 0.0216433 0)
(11.4642 -0.0165901 0)
(11.328 -0.250515 0)
(9.87227 0.48492 0)
(11.2196 0.332166 0)
(11.9413 0.16647 0)
(12.0742 0.159545 0)
(12.2084 0.115058 0)
(12.177 0.0901923 0)
(12.2711 0.0413221 0)
(12.2045 0.0354003 0)
(12.2861 -0.0419687 0)
(12.2086 -0.197523 0)
(9.85979 0.373474 0)
(11.1755 0.265471 0)
(11.8728 0.122002 0)
(12.0767 0.120241 0)
(12.233 0.0928042 0)
(12.3403 0.0710818 0)
(12.4639 0.0411357 0)
(12.5413 0.0173149 0)
(12.6217 -0.0382374 0)
(12.6317 -0.174619 0)
(9.84476 0.25834 0)
(11.142 0.200981 0)
(11.8214 0.0777424 0)
(12.0496 0.092147 0)
(12.1959 0.0582743 0)
(12.3243 0.0591253 0)
(12.4622 0.0170171 0)
(12.572 0.0152364 0)
(12.675 -0.0651347 0)
(12.6861 -0.173951 0)
(9.83543 0.155365 0)
(11.1163 0.121064 0)
(11.7865 0.0458229 0)
(12.0335 0.0535554 0)
(12.1672 0.0359244 0)
(12.3022 0.0319605 0)
(12.4331 0.011036 0)
(12.5587 -0.0101224 0)
(12.6385 -0.0677398 0)
(12.6506 -0.198708 0)
(9.83512 0.0475646 0)
(11.1007 0.0469882 0)
(11.7722 0.00791487 0)
(12.0231 0.0247197 0)
(12.1557 0.00293364 0)
(12.2888 0.0163859 0)
(12.423 -0.00935367 0)
(12.5424 -0.0197418 0)
(12.6139 -0.0822327 0)
(12.6207 -0.209063 0)
(9.83737 -0.0544943 0)
(11.0987 -0.0336377 0)
(11.7725 -0.0226862 0)
(12.022 -0.0120031 0)
(12.1562 -0.0214225 0)
(12.2867 -0.00813506 0)
(12.4233 -0.0218734 0)
(12.5333 -0.034556 0)
(12.6068 -0.096635 0)
(12.5956 -0.21212 0)
(9.83922 -0.161275 0)
(11.1104 -0.109368 0)
(11.7862 -0.0581996 0)
(12.0302 -0.0436085 0)
(12.1654 -0.0509973 0)
(12.2965 -0.0280962 0)
(12.4302 -0.0375831 0)
(12.5381 -0.0495342 0)
(12.607 -0.107943 0)
(12.5827 -0.212623 0)
(9.84443 -0.266608 0)
(11.1303 -0.18652 0)
(11.818 -0.0928934 0)
(12.0412 -0.0778913 0)
(12.1919 -0.0777477 0)
(12.3114 -0.0487928 0)
(12.4547 -0.054018 0)
(12.5458 -0.0607045 0)
(12.6137 -0.119569 0)
(12.562 -0.212011 0)
(9.84838 -0.376404 0)
(11.1615 -0.257766 0)
(11.8697 -0.131259 0)
(12.0612 -0.112085 0)
(12.2374 -0.105169 0)
(12.317 -0.0693884 0)
(12.4659 -0.0688773 0)
(12.4919 -0.0723019 0)
(12.5463 -0.126713 0)
(12.4102 -0.208919 0)
(9.84571 -0.488814 0)
(11.2255 -0.324459 0)
(11.9287 -0.176129 0)
(12.0781 -0.149286 0)
(12.2018 -0.130301 0)
(12.1732 -0.0834654 0)
(12.2508 -0.0781793 0)
(12.1542 -0.0732795 0)
(12.1575 -0.124559 0)
(11.8963 -0.188761 0)
(9.8713 -0.610995 0)
(11.3051 -0.396636 0)
(11.8789 -0.224761 0)
(11.8343 -0.177079 0)
(11.7378 -0.133903 0)
(11.5397 -0.0790655 0)
(11.509 -0.0695432 0)
(11.303 -0.0614283 0)
(11.2752 -0.109844 0)
(10.901 -0.151805 0)
(9.9385 -0.75998 0)
(11.1305 -0.457097 0)
(11.2642 -0.241812 0)
(10.8594 -0.162417 0)
(10.5339 -0.104128 0)
(10.2405 -0.0557026 0)
(10.1546 -0.0490527 0)
(9.90865 -0.0432732 0)
(9.88056 -0.08708 0)
(9.41457 -0.104683 0)
(9.74745 -0.887174 0)
(10.1131 -0.445877 0)
(9.65034 -0.195941 0)
(8.98767 -0.107393 0)
(8.58545 -0.0586235 0)
(8.31049 -0.0293986 0)
(8.21878 -0.02757 0)
(7.99427 -0.0263391 0)
(7.96657 -0.0594645 0)
(7.45216 -0.0559755 0)
(8.64446 -0.820017 0)
(7.78165 -0.32815 0)
(6.92033 -0.108703 0)
(6.27419 -0.0452086 0)
(5.95691 -0.020057 0)
(5.77326 -0.0098609 0)
(5.70465 -0.010833 0)
(5.54383 -0.0127043 0)
(5.50303 -0.029362 0)
(5.04332 -0.0219177 0)
(5.49364 -0.307448 0)
(3.58938 -0.0625819 0)
(2.87793 -0.00187472 0)
(2.56104 0.00261834 0)
(2.44398 0.00135547 0)
(2.3848 0.000413689 0)
(2.35748 -0.000391385 0)
(2.2911 -0.00141361 0)
(2.24642 -0.00307055 0)
(2.01365 0.0122926 0)
(3.87261 -0.728652 0)
(4.40948 -0.588601 0)
(5.09939 -0.63217 0)
(5.39928 -0.721206 0)
(5.8967 -0.839309 0)
(6.19966 -0.808366 0)
(6.61488 -0.844336 0)
(7.12411 -0.913216 0)
(7.59302 -1.08104 0)
(7.94595 -1.30083 0)
(8.18087 -1.56071 0)
(8.27011 -1.85231 0)
(8.33726 -2.14134 0)
(8.36943 -2.39302 0)
(8.44909 -2.6105 0)
(8.52382 -2.78075 0)
(8.67884 -2.91316 0)
(8.77303 -2.96686 0)
(8.82264 -2.93888 0)
(8.8069 -2.85765 0)
(8.64951 -2.67463 0)
(8.42165 -2.41941 0)
(8.2554 -2.16313 0)
(8.1551 -1.91772 0)
(8.03441 -1.64106 0)
(7.86186 -1.32244 0)
(7.656 -0.990513 0)
(7.44482 -0.66294 0)
(7.23433 -0.359857 0)
(7.03105 -0.0915995 0)
(6.82988 0.138895 0)
(6.62399 0.316099 0)
(6.43169 0.439996 0)
(6.25662 0.518716 0)
(6.08583 0.545445 0)
(5.92702 0.521821 0)
(5.7962 0.468787 0)
(5.69455 0.407029 0)
(5.61455 0.344724 0)
(5.55019 0.285532 0)
(5.49965 0.233261 0)
(5.45924 0.19158 0)
(5.42876 0.15809 0)
(5.40189 0.132762 0)
(5.38395 0.108392 0)
(5.36272 0.0924661 0)
(5.35657 0.070189 0)
(5.33514 0.0660247 0)
(5.34549 0.0392097 0)
(5.31439 0.0549203 0)
(5.35026 0.00997437 0)
(5.29481 0.0608521 0)
(5.36973 -0.0236428 0)
(5.2735 0.084038 0)
(5.4015 -0.0630935 0)
(5.25173 0.118114 0)
(5.44234 -0.102823 0)
(5.23095 0.151359 0)
(5.49035 -0.136198 0)
(5.21345 0.178526 0)
(5.53957 -0.162709 0)
(5.20763 0.204353 0)
(5.5794 -0.18582 0)
(5.21769 0.234042 0)
(5.6084 -0.207786 0)
(5.23743 0.268442 0)
(5.63228 -0.228529 0)
(5.26283 0.304013 0)
(5.65633 -0.242694 0)
(5.29185 0.336113 0)
(5.68617 -0.244024 0)
(5.32505 0.367532 0)
(5.71635 -0.235185 0)
(5.36696 0.404476 0)
(5.73929 -0.21493 0)
(5.41462 0.44318 0)
(5.75031 -0.170471 0)
(5.46047 0.486207 0)
(5.74068 -0.106928 0)
(5.49356 0.54183 0)
(5.69744 -0.0192197 0)
(5.49851 0.600909 0)
(5.61669 0.0962911 0)
(5.44993 0.673661 0)
(5.49491 0.242959 0)
(5.34667 0.762317 0)
(5.36103 0.428638 0)
(5.20426 0.891162 0)
(5.27446 0.668928 0)
(5.10853 1.09118 0)
(5.31168 0.999309 0)
(5.16228 1.46395 0)
(5.41629 1.45617 0)
(5.27371 2.14265 0)
(5.31027 2.04463 0)
(5.04919 3.13021 0)
(5.78373 3.14532 0)
(4.87711 5.1181 0)
(5.84688 5.52546 0)
(3.43748 9.90677 0)
(6.12598 -0.764047 0)
(6.37855 -0.718575 0)
(6.6474 -0.778737 0)
(6.72439 -0.85741 0)
(6.9737 -0.981664 0)
(7.15908 -0.982248 0)
(7.43362 -1.01869 0)
(7.76162 -1.10136 0)
(8.06849 -1.24962 0)
(8.3151 -1.43644 0)
(8.50856 -1.65121 0)
(8.65018 -1.90792 0)
(8.78926 -2.17601 0)
(8.91939 -2.42687 0)
(9.06177 -2.64817 0)
(9.16709 -2.82105 0)
(9.26431 -2.94032 0)
(9.22975 -2.96483 0)
(9.15462 -2.91613 0)
(8.97934 -2.79654 0)
(8.71153 -2.5772 0)
(8.47906 -2.33672 0)
(8.34547 -2.11522 0)
(8.22838 -1.87246 0)
(8.03993 -1.57255 0)
(7.80273 -1.2323 0)
(7.55656 -0.893338 0)
(7.32946 -0.568709 0)
(7.11664 -0.268959 0)
(6.91274 -0.00335285 0)
(6.71093 0.223365 0)
(6.50735 0.39595 0)
(6.32071 0.513633 0)
(6.15512 0.587644 0)
(5.99381 0.610873 0)
(5.84207 0.580527 0)
(5.71812 0.516968 0)
(5.62505 0.444248 0)
(5.55524 0.373546 0)
(5.50189 0.308532 0)
(5.46175 0.2518 0)
(5.42969 0.206493 0)
(5.40574 0.170097 0)
(5.38354 0.142516 0)
(5.37 0.116234 0)
(5.3511 0.0987364 0)
(5.34899 0.0748362 0)
(5.32701 0.0695693 0)
(5.3432 0.0412298 0)
(5.3063 0.0566848 0)
(5.35418 0.00982017 0)
(5.28247 0.0620734 0)
(5.38328 -0.0262934 0)
(5.25175 0.0865542 0)
(5.42873 -0.0696186 0)
(5.21746 0.124618 0)
(5.48175 -0.115085 0)
(5.18823 0.164482 0)
(5.52943 -0.156366 0)
(5.17313 0.200632 0)
(5.56086 -0.192821 0)
(5.17528 0.236773 0)
(5.57615 -0.225711 0)
(5.18592 0.276052 0)
(5.5879 -0.256231 0)
(5.19661 0.319375 0)
(5.60631 -0.28619 0)
(5.20851 0.363764 0)
(5.63763 -0.310604 0)
(5.22035 0.405319 0)
(5.68842 -0.32475 0)
(5.23243 0.449237 0)
(5.75131 -0.332719 0)
(5.26056 0.498518 0)
(5.81822 -0.329744 0)
(5.30418 0.548758 0)
(5.89545 -0.302464 0)
(5.35823 0.603575 0)
(5.9678 -0.251575 0)
(5.42929 0.670387 0)
(6.01894 -0.16734 0)
(5.49806 0.746275 0)
(6.02587 -0.0418769 0)
(5.54401 0.839438 0)
(5.94944 0.118129 0)
(5.53058 0.954639 0)
(5.76012 0.311616 0)
(5.42594 1.10628 0)
(5.45672 0.520458 0)
(5.26754 1.32118 0)
(5.16583 0.765057 0)
(5.21624 1.68984 0)
(5.20709 1.16128 0)
(5.38553 2.37108 0)
(5.68505 1.97116 0)
(5.15062 3.44301 0)
(5.63877 2.85136 0)
(4.84142 5.23101 0)
(8.03445 4.757 0)
(5.5764 10.3705 0)
(8.30504 -0.6673 0)
(8.25682 -0.729922 0)
(8.40102 -0.818534 0)
(8.41326 -0.893058 0)
(8.48254 -1.00344 0)
(8.53802 -1.03264 0)
(8.63592 -1.07681 0)
(8.77933 -1.16951 0)
(8.91551 -1.30628 0)
(9.0374 -1.48016 0)
(9.16256 -1.69146 0)
(9.33185 -1.94791 0)
(9.49503 -2.21474 0)
(9.63669 -2.46538 0)
(9.72609 -2.67482 0)
(9.7505 -2.83275 0)
(9.69542 -2.92381 0)
(9.51977 -2.91988 0)
(9.3214 -2.84587 0)
(9.0233 -2.68986 0)
(8.73335 -2.46871 0)
(8.5494 -2.26998 0)
(8.41776 -2.06595 0)
(8.22637 -1.79907 0)
(7.94791 -1.46932 0)
(7.65446 -1.11934 0)
(7.38939 -0.787589 0)
(7.16209 -0.47202 0)
(6.95188 -0.179505 0)
(6.75037 0.081599 0)
(6.55239 0.304326 0)
(6.35692 0.472871 0)
(6.18101 0.584273 0)
(6.03045 0.65085 0)
(5.8872 0.668772 0)
(5.7506 0.632543 0)
(5.63762 0.559761 0)
(5.55344 0.476629 0)
(5.49241 0.396925 0)
(5.44794 0.325085 0)
(5.41629 0.263629 0)
(5.39208 0.215223 0)
(5.3755 0.176879 0)
(5.35938 0.148063 0)
(5.35164 0.120959 0)
(5.33628 0.102707 0)
(5.33912 0.0780906 0)
(5.31737 0.0719926 0)
(5.33967 0.0429631 0)
(5.29789 0.0576444 0)
(5.35662 0.0101661 0)
(5.27147 0.0620622 0)
(5.39264 -0.0276586 0)
(5.23553 0.0867308 0)
(5.44436 -0.0741431 0)
(5.19787 0.127126 0)
(5.49645 -0.124883 0)
(5.17397 0.171424 0)
(5.52921 -0.17356 0)
(5.1734 0.213671 0)
(5.53635 -0.218384 0)
(5.18887 0.256377 0)
(5.53315 -0.258663 0)
(5.20335 0.301642 0)
(5.53971 -0.295802 0)
(5.20872 0.350897 0)
(5.56391 -0.333043 0)
(5.21126 0.401859 0)
(5.60198 -0.365571 0)
(5.21764 0.45001 0)
(5.65279 -0.389017 0)
(5.22506 0.503003 0)
(5.71708 -0.412374 0)
(5.24371 0.56622 0)
(5.79099 -0.429432 0)
(5.27974 0.629052 0)
(5.88607 -0.424956 0)
(5.33178 0.698147 0)
(6.00312 -0.404455 0)
(5.41455 0.779601 0)
(6.13652 -0.346907 0)
(5.53003 0.867168 0)
(6.276 -0.241021 0)
(5.67229 0.984136 0)
(6.38473 -0.0797575 0)
(5.80873 1.12828 0)
(6.40978 0.14394 0)
(5.85615 1.31623 0)
(6.27242 0.406845 0)
(5.70718 1.53669 0)
(5.9517 0.684189 0)
(5.33688 1.82958 0)
(5.73419 1.00386 0)
(5.11428 2.34554 0)
(6.40272 1.61201 0)
(5.53644 3.63086 0)
(7.53292 2.69137 0)
(4.64159 5.65784 0)
(8.67672 4.05284 0)
(6.64382 10.3654 0)
(10.0797 -0.688654 0)
(9.87814 -0.795579 0)
(9.88108 -0.871797 0)
(9.88485 -0.918076 0)
(9.87297 -0.991602 0)
(9.8505 -1.04325 0)
(9.84262 -1.10224 0)
(9.86057 -1.20182 0)
(9.88583 -1.33218 0)
(9.94303 -1.50201 0)
(10.0331 -1.72399 0)
(10.1708 -1.9919 0)
(10.2565 -2.25573 0)
(10.2909 -2.488 0)
(10.2443 -2.66793 0)
(10.1314 -2.79716 0)
(9.92676 -2.85205 0)
(9.65306 -2.82249 0)
(9.3606 -2.72792 0)
(9.01377 -2.56425 0)
(8.77293 -2.38098 0)
(8.61507 -2.21732 0)
(8.41626 -1.99282 0)
(8.11484 -1.68434 0)
(7.75625 -1.33407 0)
(7.43689 -0.992848 0)
(7.17158 -0.679445 0)
(6.95033 -0.376869 0)
(6.74465 -0.091387 0)
(6.54688 0.164798 0)
(6.35635 0.38232 0)
(6.174 0.544758 0)
(6.01229 0.650058 0)
(5.87521 0.710311 0)
(5.75029 0.721981 0)
(5.63549 0.679287 0)
(5.54216 0.59879 0)
(5.47391 0.507081 0)
(5.42641 0.419653 0)
(5.39379 0.342088 0)
(5.37257 0.276521 0)
(5.35683 0.224905 0)
(5.34705 0.184181 0)
(5.3359 0.153482 0)
(5.33314 0.125174 0)
(5.32066 0.10551 0)
(5.32861 0.0804229 0)
(5.3066 0.0726824 0)
(5.33607 0.0443227 0)
(5.2879 0.0564732 0)
(5.35998 0.011438 0)
(5.25751 0.0593127 0)
(5.40397 -0.0265797 0)
(5.21369 0.0841232 0)
(5.4632 -0.0761301 0)
(5.16902 0.129501 0)
(5.51692 -0.135393 0)
(5.14566 0.184361 0)
(5.54211 -0.196472 0)
(5.15093 0.238312 0)
(5.54215 -0.251917 0)
(5.16671 0.289159 0)
(5.5457 -0.298549 0)
(5.17116 0.339376 0)
(5.57127 -0.340927 0)
(5.16161 0.394394 0)
(5.61235 -0.386723 0)
(5.15307 0.454158 0)
(5.65395 -0.431333 0)
(5.15148 0.511592 0)
(5.70365 -0.466743 0)
(5.14657 0.574732 0)
(5.7682 -0.504297 0)
(5.15049 0.650943 0)
(5.84332 -0.537221 0)
(5.16123 0.727804 0)
(5.95302 -0.551337 0)
(5.17607 0.815095 0)
(6.09968 -0.556702 0)
(5.21821 0.916467 0)
(6.2942 -0.533707 0)
(5.28983 1.02381 0)
(6.54967 -0.468781 0)
(5.41775 1.15486 0)
(6.85731 -0.347159 0)
(5.61097 1.31018 0)
(7.18427 -0.135217 0)
(5.83833 1.52646 0)
(7.41794 0.174953 0)
(5.99211 1.82805 0)
(7.35719 0.560772 0)
(5.82419 2.22553 0)
(6.77771 0.89065 0)
(5.17102 2.79398 0)
(6.20189 1.00731 0)
(4.87249 3.72879 0)
(8.37435 2.00981 0)
(5.54876 5.60402 0)
(10.9377 2.87927 0)
(7.9986 9.75855 0)
(11.3692 -0.574976 0)
(11.2443 -0.67716 0)
(11.1163 -0.79603 0)
(11.0324 -0.881115 0)
(10.9559 -0.95884 0)
(10.8809 -1.02734 0)
(10.8222 -1.09666 0)
(10.7748 -1.19571 0)
(10.7599 -1.33207 0)
(10.7928 -1.51454 0)
(10.8441 -1.74654 0)
(10.8823 -2.00997 0)
(10.8384 -2.25197 0)
(10.7333 -2.45235 0)
(10.5537 -2.60197 0)
(10.3189 -2.70395 0)
(10.0123 -2.73666 0)
(9.67627 -2.7016 0)
(9.33392 -2.60614 0)
(9.01996 -2.46148 0)
(8.83471 -2.31286 0)
(8.62152 -2.13818 0)
(8.29853 -1.86334 0)
(7.88703 -1.52426 0)
(7.48128 -1.18066 0)
(7.16858 -0.86548 0)
(6.91356 -0.575545 0)
(6.69771 -0.286354 0)
(6.49864 -0.00754593 0)
(6.30908 0.244296 0)
(6.13054 0.455801 0)
(5.96742 0.609566 0)
(5.82951 0.70556 0)
(5.71217 0.758401 0)
(5.60563 0.764047 0)
(5.51023 0.715167 0)
(5.43524 0.627 0)
(5.38333 0.526793 0)
(5.3498 0.432269 0)
(5.32941 0.349699 0)
(5.31907 0.281004 0)
(5.31256 0.2277 0)
(5.31074 0.186379 0)
(5.30615 0.155256 0)
(5.30971 0.127067 0)
(5.30165 0.106726 0)
(5.31523 0.0822306 0)
(5.29465 0.072794 0)
(5.33024 0.0462965 0)
(5.27904 0.0547853 0)
(5.35965 0.0141287 0)
(5.24841 0.0554214 0)
(5.40725 -0.0233878 0)
(5.20286 0.079106 0)
(5.46702 -0.075066 0)
(5.15869 0.127311 0)
(5.51563 -0.140751 0)
(5.14148 0.188799 0)
(5.53053 -0.209425 0)
(5.15394 0.248674 0)
(5.52376 -0.269581 0)
(5.17004 0.302315 0)
(5.52823 -0.319413 0)
(5.16957 0.354865 0)
(5.55301 -0.367809 0)
(5.16045 0.41519 0)
(5.58069 -0.424588 0)
(5.15859 0.483601 0)
(5.60372 -0.482217 0)
(5.16052 0.549032 0)
(5.63869 -0.528352 0)
(5.15497 0.619383 0)
(5.69039 -0.579803 0)
(5.15513 0.706189 0)
(5.75144 -0.630232 0)
(5.16054 0.791679 0)
(5.84532 -0.661207 0)
(5.16062 0.890501 0)
(5.97439 -0.692761 0)
(5.18009 1.00955 0)
(6.15189 -0.70186 0)
(5.21406 1.13814 0)
(6.41334 -0.68706 0)
(5.29298 1.29867 0)
(6.78897 -0.640963 0)
(5.44883 1.47563 0)
(7.33891 -0.529528 0)
(5.73762 1.70228 0)
(8.08631 -0.313574 0)
(6.16776 1.99939 0)
(8.98253 0.0771128 0)
(6.54889 2.44422 0)
(9.78375 0.666673 0)
(6.27999 3.11521 0)
(10.0146 1.36583 0)
(4.6714 3.99257 0)
(9.8104 1.76663 0)
(4.49542 6.07912 0)
(10.4027 1.61944 0)
(8.86524 9.02805 0)
(12.1954 -0.538944 0)
(12.1074 -0.703104 0)
(11.9667 -0.819567 0)
(11.8526 -0.901605 0)
(11.7479 -0.960424 0)
(11.6368 -1.01062 0)
(11.5464 -1.07527 0)
(11.4716 -1.1756 0)
(11.4389 -1.32612 0)
(11.4238 -1.5162 0)
(11.3919 -1.74012 0)
(11.3076 -1.97965 0)
(11.1484 -2.19321 0)
(10.9337 -2.36627 0)
(10.658 -2.49609 0)
(10.3401 -2.58379 0)
(9.98399 -2.61129 0)
(9.63564 -2.57644 0)
(9.31947 -2.4862 0)
(9.0661 -2.36254 0)
(8.84905 -2.21764 0)
(8.49642 -1.99918 0)
(8.04212 -1.67985 0)
(7.55953 -1.33983 0)
(7.15393 -1.02633 0)
(6.86655 -0.745796 0)
(6.61991 -0.476701 0)
(6.41153 -0.197986 0)
(6.22005 0.0732594 0)
(6.04291 0.31927 0)
(5.88014 0.523322 0)
(5.73563 0.669561 0)
(5.62321 0.757202 0)
(5.53356 0.800819 0)
(5.45256 0.799546 0)
(5.38253 0.745103 0)
(5.33121 0.650786 0)
(5.29835 0.544056 0)
(5.2798 0.443168 0)
(5.27174 0.355279 0)
(5.27119 0.283155 0)
(5.27221 0.227864 0)
(5.27673 0.185524 0)
(5.27752 0.153425 0)
(5.28687 0.125125 0)
(5.28275 0.103761 0)
(5.30226 0.0803687 0)
(5.28234 0.0689834 0)
(5.32508 0.0458003 0)
(5.26899 0.0499039 0)
(5.36057 0.0160175 0)
(5.23683 0.0490906 0)
(5.41282 -0.0195089 0)
(5.18774 0.0725152 0)
(5.47513 -0.0727744 0)
(5.14032 0.125495 0)
(5.52307 -0.1458 0)
(5.12243 0.197211 0)
(5.53458 -0.223264 0)
(5.13552 0.265796 0)
(5.52574 -0.288085 0)
(5.14814 0.322944 0)
(5.53246 -0.340844 0)
(5.13969 0.378615 0)
(5.55972 -0.396408 0)
(5.12493 0.446266 0)
(5.58684 -0.464463 0)
(5.11821 0.523021 0)
(5.61567 -0.531985 0)
(5.10834 0.595979 0)
(5.66209 -0.588755 0)
(5.09272 0.677557 0)
(5.71816 -0.65701 0)
(5.08299 0.778308 0)
(5.7833 -0.723486 0)
(5.07081 0.874497 0)
(5.88222 -0.771776 0)
(5.05342 0.988314 0)
(6.0059 -0.825545 0)
(5.04694 1.12011 0)
(6.17577 -0.854675 0)
(5.03096 1.26658 0)
(6.41854 -0.863893 0)
(5.02224 1.4524 0)
(6.77225 -0.841248 0)
(5.00568 1.67018 0)
(7.32942 -0.774632 0)
(5.00968 1.93812 0)
(8.23054 -0.652738 0)
(5.08459 2.23968 0)
(9.65383 -0.411502 0)
(5.3898 2.63943 0)
(11.5907 0.0440065 0)
(5.95808 3.22567 0)
(13.4253 0.690169 0)
(6.50243 4.2702 0)
(13.4498 1.11162 0)
(7.12126 6.21825 0)
(10.6776 1.27282 0)
(8.90152 8.28376 0)
(12.562 -0.529818 0)
(12.4942 -0.681287 0)
(12.4032 -0.75072 0)
(12.3095 -0.809148 0)
(12.1824 -0.865195 0)
(12.0486 -0.925873 0)
(11.9448 -1.01333 0)
(11.8633 -1.13674 0)
(11.7991 -1.30079 0)
(11.7185 -1.48759 0)
(11.6031 -1.69387 0)
(11.4303 -1.90683 0)
(11.1995 -2.09864 0)
(10.9245 -2.25575 0)
(10.6032 -2.37581 0)
(10.2682 -2.4578 0)
(9.92903 -2.48123 0)
(9.62531 -2.4482 0)
(9.34902 -2.3711 0)
(9.07131 -2.25524 0)
(8.71792 -2.07954 0)
(8.20913 -1.80544 0)
(7.66789 -1.46434 0)
(7.16698 -1.15395 0)
(6.79215 -0.884526 0)
(6.53167 -0.636462 0)
(6.29252 -0.384668 0)
(6.09768 -0.116081 0)
(5.91917 0.149036 0)
(5.76118 0.387381 0)
(5.62343 0.57833 0)
(5.50333 0.713223 0)
(5.41058 0.794887 0)
(5.34383 0.832443 0)
(5.28982 0.822579 0)
(5.24739 0.760992 0)
(5.22046 0.66177 0)
(5.20799 0.550682 0)
(5.20645 0.446148 0)
(5.21195 0.356331 0)
(5.22215 0.283853 0)
(5.23188 0.228596 0)
(5.24395 0.186508 0)
(5.25077 0.153948 0)
(5.2659 0.126102 0)
(5.26549 0.103517 0)
(5.29 0.081875 0)
(5.27128 0.0675023 0)
(5.31912 0.0487061 0)
(5.26143 0.0462307 0)
(5.35825 0.0210897 0)
(5.23125 0.0424789 0)
(5.4105 -0.0123598 0)
(5.1845 0.0636107 0)
(5.46861 -0.0656033 0)
(5.14045 0.117191 0)
(5.51019 -0.141731 0)
(5.12586 0.192991 0)
(5.51632 -0.222612 0)
(5.1418 0.264333 0)
(5.50467 -0.28745 0)
(5.15454 0.321149 0)
(5.51285 -0.339741 0)
(5.14292 0.37887 0)
(5.54201 -0.400412 0)
(5.12855 0.454186 0)
(5.56475 -0.478013 0)
(5.12516 0.538655 0)
(5.58525 -0.55373 0)
(5.1152 0.617101 0)
(5.61951 -0.621193 0)
(5.10173 0.705861 0)
(5.65683 -0.704926 0)
(5.09381 0.814509 0)
(5.70708 -0.787691 0)
(5.07695 0.917797 0)
(5.7863 -0.85461 0)
(5.05755 1.04259 0)
(5.88514 -0.934601 0)
(5.04567 1.18579 0)
(6.02468 -0.9866 0)
(5.022 1.33689 0)
(6.21197 -1.0247 0)
(5.00816 1.52244 0)
(6.45192 -1.02742 0)
(4.96798 1.73309 0)
(6.77097 -0.982214 0)
(4.89788 2.00932 0)
(7.18814 -0.888119 0)
(4.74945 2.3835 0)
(7.80045 -0.734069 0)
(4.63594 2.91972 0)
(8.79469 -0.481639 0)
(5.00061 3.62555 0)
(10.2899 -0.0928355 0)
(6.50838 4.70333 0)
(11.7546 0.363323 0)
(8.54591 6.37444 0)
(12.2312 1.60913 0)
(9.63277 7.38035 0)
(12.5885 -0.4666 0)
(12.5387 -0.622673 0)
(12.4833 -0.720235 0)
(12.3948 -0.790448 0)
(12.2639 -0.857269 0)
(12.1408 -0.931151 0)
(12.039 -1.02469 0)
(11.9411 -1.14483 0)
(11.8346 -1.29129 0)
(11.6996 -1.45433 0)
(11.5368 -1.63438 0)
(11.3249 -1.8218 0)
(11.0792 -1.99808 0)
(10.8031 -2.14538 0)
(10.5077 -2.26002 0)
(10.2145 -2.33488 0)
(9.92174 -2.35381 0)
(9.64113 -2.32834 0)
(9.31845 -2.2514 0)
(8.92354 -2.1045 0)
(8.40999 -1.87167 0)
(7.79074 -1.55613 0)
(7.2196 -1.23216 0)
(6.73291 -0.978074 0)
(6.3963 -0.754452 0)
(6.15526 -0.531761 0)
(5.92503 -0.296665 0)
(5.74855 -0.0390028 0)
(5.58781 0.218545 0)
(5.45208 0.449514 0)
(5.34226 0.629831 0)
(5.26027 0.75114 0)
(5.20042 0.820498 0)
(5.1624 0.851365 0)
(5.13792 0.836296 0)
(5.12552 0.769163 0)
(5.12579 0.664764 0)
(5.13494 0.549205 0)
(5.14919 0.440884 0)
(5.16597 0.34786 0)
(5.18382 0.273224 0)
(5.19844 0.21681 0)
(5.21394 0.17467 0)
(5.2243 0.142007 0)
(5.24359 0.115451 0)
(5.24776 0.0925385 0)
(5.27696 0.0740539 0)
(5.26189 0.0577319 0)
(5.31273 0.0451151 0)
(5.25709 0.0371028 0)
(5.35427 0.0223879 0)
(5.22958 0.0330812 0)
(5.40564 -0.00698804 0)
(5.18459 0.0539017 0)
(5.46119 -0.0589057 0)
(5.14062 0.109623 0)
(5.5015 -0.138465 0)
(5.12319 0.191627 0)
(5.50926 -0.224681 0)
(5.13493 0.267365 0)
(5.49982 -0.289911 0)
(5.14333 0.32337 0)
(5.50884 -0.340888 0)
(5.12699 0.383495 0)
(5.53656 -0.407553 0)
(5.10996 0.467559 0)
(5.55417 -0.494826 0)
(5.10623 0.558691 0)
(5.56932 -0.577238 0)
(5.09343 0.642704 0)
(5.59973 -0.654426 0)
(5.07425 0.742699 0)
(5.63644 -0.750661 0)
(5.05852 0.862368 0)
(5.68924 -0.843738 0)
(5.0321 0.976853 0)
(5.76635 -0.929235 0)
(5.00458 1.11596 0)
(5.86312 -1.03221 0)
(4.97696 1.27072 0)
(6.00027 -1.10984 0)
(4.94202 1.43819 0)
(6.17846 -1.18362 0)
(4.91773 1.6374 0)
(6.41234 -1.21837 0)
(4.88903 1.84851 0)
(6.70879 -1.21795 0)
(4.89092 2.10173 0)
(7.0428 -1.16311 0)
(4.93808 2.42304 0)
(7.34622 -1.06412 0)
(5.11452 2.90826 0)
(7.49481 -0.950018 0)
(5.52564 3.72239 0)
(7.61693 -0.888731 0)
(6.45877 5.05365 0)
(8.84906 -0.432147 0)
(8.0187 6.4124 0)
(11.4693 1.59388 0)
(10.2832 6.72155 0)
(12.5473 -0.439473 0)
(12.5025 -0.564567 0)
(12.4719 -0.651594 0)
(12.3991 -0.714498 0)
(12.2878 -0.780777 0)
(12.1614 -0.856623 0)
(12.0259 -0.948852 0)
(11.8875 -1.06427 0)
(11.7414 -1.20181 0)
(11.5854 -1.35896 0)
(11.4157 -1.53261 0)
(11.217 -1.71363 0)
(11.0029 -1.88565 0)
(10.7658 -2.02911 0)
(10.5121 -2.14074 0)
(10.2368 -2.20844 0)
(9.93562 -2.22616 0)
(9.58704 -2.19247 0)
(9.14236 -2.07809 0)
(8.60229 -1.8778 0)
(7.9536 -1.60284 0)
(7.28303 -1.28662 0)
(6.71983 -1.01512 0)
(6.2615 -0.823962 0)
(5.96088 -0.635774 0)
(5.7314 -0.434577 0)
(5.51122 -0.214438 0)
(5.35737 0.0327689 0)
(5.2218 0.276508 0)
(5.11608 0.493856 0)
(5.0278 0.663575 0)
(4.97458 0.779474 0)
(4.94643 0.840853 0)
(4.94294 0.861217 0)
(4.95653 0.83788 0)
(4.98256 0.766607 0)
(5.01701 0.661945 0)
(5.05475 0.547312 0)
(5.09267 0.439587 0)
(5.12795 0.347612 0)
(5.15914 0.275027 0)
(5.18368 0.220244 0)
(5.20786 0.178924 0)
(5.22561 0.145162 0)
(5.25095 0.11852 0)
(5.25846 0.0932977 0)
(5.2882 0.0767445 0)
(5.27329 0.0566962 0)
(5.31916 0.0492854 0)
(5.2664 0.0337695 0)
(5.35264 0.0290256 0)
(5.23968 0.0263033 0)
(5.39528 0.00255371 0)
(5.19922 0.0434153 0)
(5.4415 -0.0471365 0)
(5.16047 0.0967357 0)
(5.47417 -0.126627 0)
(5.14448 0.178665 0)
(5.47946 -0.212856 0)
(5.15524 0.253124 0)
(5.46811 -0.274077 0)
(5.16583 0.303692 0)
(5.47052 -0.319675 0)
(5.15384 0.360983 0)
(5.49181 -0.387391 0)
(5.13859 0.450879 0)
(5.50621 -0.479325 0)
(5.13659 0.548296 0)
(5.51666 -0.563093 0)
(5.1262 0.636453 0)
(5.54163 -0.64555 0)
(5.10843 0.743146 0)
(5.57144 -0.753705 0)
(5.09313 0.870129 0)
(5.61005 -0.862726 0)
(5.06823 0.99347 0)
(5.66854 -0.968465 0)
(5.04269 1.14526 0)
(5.74316 -1.09339 0)
(5.01451 1.31398 0)
(5.84777 -1.19582 0)
(4.98087 1.4964 0)
(5.98229 -1.30392 0)
(4.95398 1.71328 0)
(6.15673 -1.38335 0)
(4.92496 1.95549 0)
(6.36634 -1.4385 0)
(4.92115 2.26532 0)
(6.60593 -1.44799 0)
(4.97342 2.65275 0)
(6.86836 -1.43693 0)
(5.20793 3.17487 0)
(7.1505 -1.4222 0)
(5.77998 3.956 0)
(7.47523 -1.372 0)
(6.74318 5.05238 0)
(8.13265 -0.787793 0)
(7.81106 6.01636 0)
(9.79756 1.16891 0)
(10.3513 5.96758 0)
(12.4935 -0.399358 0)
(12.4485 -0.494236 0)
(12.4109 -0.577919 0)
(12.3257 -0.655211 0)
(12.2047 -0.736183 0)
(12.0489 -0.817644 0)
(11.8892 -0.910809 0)
(11.7454 -1.02567 0)
(11.6111 -1.161 0)
(11.4805 -1.31379 0)
(11.3342 -1.4786 0)
(11.166 -1.64869 0)
(10.9729 -1.80685 0)
(10.7408 -1.93854 0)
(10.4655 -2.03617 0)
(10.1417 -2.08878 0)
(9.75631 -2.08934 0)
(9.28465 -2.01497 0)
(8.70234 -1.84859 0)
(8.03214 -1.60891 0)
(7.31158 -1.31987 0)
(6.66519 -1.03012 0)
(6.15746 -0.819933 0)
(5.75378 -0.678897 0)
(5.49451 -0.515904 0)
(5.27225 -0.336207 0)
(5.06309 -0.136927 0)
(4.93468 0.0964449 0)
(4.82871 0.326233 0)
(4.77128 0.528441 0)
(4.72028 0.678183 0)
(4.70177 0.780831 0)
(4.70186 0.834216 0)
(4.72506 0.84552 0)
(4.76691 0.813222 0)
(4.82086 0.736389 0)
(4.88088 0.629961 0)
(4.94051 0.515686 0)
(4.99602 0.409791 0)
(5.04474 0.32063 0)
(5.08644 0.250889 0)
(5.12039 0.197812 0)
(5.15307 0.157923 0)
(5.17871 0.125194 0)
(5.20905 0.101487 0)
(5.22299 0.0779353 0)
(5.25406 0.0663109 0)
(5.24854 0.045944 0)
(5.2918 0.0453284 0)
(5.25509 0.024895 0)
(5.33013 0.0304585 0)
(5.24297 0.0170281 0)
(5.37263 0.00854287 0)
(5.21565 0.0329052 0)
(5.41467 -0.0378927 0)
(5.18463 0.0855751 0)
(5.44548 -0.116644 0)
(5.1666 0.168953 0)
(5.45625 -0.203727 0)
(5.16975 0.244532 0)
(5.45043 -0.263023 0)
(5.1773 0.291171 0)
(5.45154 -0.303278 0)
(5.1665 0.343617 0)
(5.47069 -0.369695 0)
(5.14956 0.436083 0)
(5.48273 -0.464379 0)
(5.14802 0.537654 0)
(5.48464 -0.547448 0)
(5.14006 0.627935 0)
(5.49971 -0.63208 0)
(5.12243 0.743125 0)
(5.52128 -0.746174 0)
(5.10639 0.878463 0)
(5.55491 -0.85697 0)
(5.0783 1.01036 0)
(5.60882 -0.974516 0)
(5.05011 1.17418 0)
(5.68067 -1.12095 0)
(5.01883 1.35446 0)
(5.78477 -1.25593 0)
(4.98708 1.55697 0)
(5.91607 -1.40553 0)
(4.96797 1.799 0)
(6.08139 -1.52483 0)
(4.97199 2.06466 0)
(6.26805 -1.63477 0)
(5.03756 2.39027 0)
(6.46328 -1.71026 0)
(5.20853 2.79341 0)
(6.62952 -1.78756 0)
(5.55032 3.34765 0)
(6.77872 -1.80099 0)
(6.12485 4.09567 0)
(7.02315 -1.59546 0)
(6.92722 4.95777 0)
(7.61276 -0.745823 0)
(7.89284 5.50543 0)
(8.66965 0.984578 0)
(9.96995 5.12102 0)
(12.4542 -0.357384 0)
(12.4071 -0.43326 0)
(12.3718 -0.515398 0)
(12.3022 -0.602017 0)
(12.1914 -0.68844 0)
(12.0472 -0.770398 0)
(11.9088 -0.863901 0)
(11.7755 -0.972182 0)
(11.6431 -1.09501 0)
(11.5001 -1.23268 0)
(11.3383 -1.38473 0)
(11.1451 -1.54021 0)
(10.9122 -1.6808 0)
(10.6215 -1.79563 0)
(10.2759 -1.87368 0)
(9.85604 -1.90327 0)
(9.34821 -1.86579 0)
(8.7381 -1.74824 0)
(8.02297 -1.55114 0)
(7.27866 -1.30244 0)
(6.56844 -1.03072 0)
(5.98885 -0.793123 0)
(5.54391 -0.654549 0)
(5.20475 -0.556843 0)
(5.00787 -0.408412 0)
(4.80814 -0.240815 0)
(4.61809 -0.0641801 0)
(4.52298 0.15082 0)
(4.44391 0.365088 0)
(4.4361 0.561513 0)
(4.43302 0.703109 0)
(4.46681 0.79488 0)
(4.51538 0.838151 0)
(4.58217 0.839689 0)
(4.66459 0.799323 0)
(4.75433 0.717922 0)
(4.84219 0.611315 0)
(4.92142 0.499504 0)
(4.99077 0.396225 0)
(5.04825 0.309468 0)
(5.09486 0.241926 0)
(5.13229 0.190218 0)
(5.16707 0.151488 0)
(5.19488 0.119233 0)
(5.22452 0.0969764 0)
(5.24061 0.0731619 0)
(5.26724 0.0637156 0)
(5.26694 0.0412601 0)
(5.29848 0.0446906 0)
(5.27534 0.019198 0)
(5.32514 0.0328284 0)
(5.26885 0.00918789 0)
(5.35238 0.0154278 0)
(5.25148 0.0216636 0)
(5.37934 -0.0256122 0)
(5.2293 0.0699403 0)
(5.40066 -0.0992756 0)
(5.2125 0.149335 0)
(5.41052 -0.182465 0)
(5.2115 0.222224 0)
(5.40463 -0.237248 0)
(5.22068 0.26368 0)
(5.39579 -0.26951 0)
(5.22014 0.307327 0)
(5.40099 -0.328468 0)
(5.20881 0.394893 0)
(5.40576 -0.421523 0)
(5.20922 0.497451 0)
(5.4005 -0.504521 0)
(5.20904 0.588327 0)
(5.40569 -0.588865 0)
(5.19512 0.704445 0)
(5.42251 -0.703706 0)
(5.17931 0.84333 0)
(5.44566 -0.817645 0)
(5.15831 0.981381 0)
(5.48118 -0.939709 0)
(5.13434 1.1551 0)
(5.53269 -1.0886 0)
(5.10767 1.35009 0)
(5.60677 -1.23752 0)
(5.08181 1.5692 0)
(5.7078 -1.41655 0)
(5.06737 1.8293 0)
(5.84047 -1.59332 0)
(5.08155 2.12836 0)
(6.00279 -1.77558 0)
(5.15408 2.51012 0)
(6.19213 -1.91937 0)
(5.3409 2.96622 0)
(6.40984 -2.01923 0)
(5.71676 3.50302 0)
(6.67722 -1.98895 0)
(6.32516 4.11929 0)
(7.04436 -1.63632 0)
(7.11043 4.73263 0)
(7.66997 -0.702872 0)
(8.05747 4.81525 0)
(8.72478 1.02845 0)
(9.68479 4.1933 0)
(12.4359 -0.323105 0)
(12.3854 -0.377945 0)
(12.3488 -0.445381 0)
(12.278 -0.527834 0)
(12.1604 -0.616827 0)
(12.0187 -0.706861 0)
(11.8683 -0.804974 0)
(11.7132 -0.911661 0)
(11.5512 -1.03031 0)
(11.3758 -1.16138 0)
(11.1746 -1.30296 0)
(10.9335 -1.43766 0)
(10.6398 -1.55639 0)
(10.2788 -1.65037 0)
(9.84239 -1.70422 0)
(9.30245 -1.69703 0)
(8.66678 -1.61496 0)
(7.93046 -1.45655 0)
(7.15205 -1.24199 0)
(6.41337 -1.00428 0)
(5.74101 -0.768718 0)
(5.20964 -0.590985 0)
(4.79655 -0.516412 0)
(4.50905 -0.458898 0)
(4.37659 -0.327626 0)
(4.21393 -0.16976 0)
(4.04958 -0.0157185 0)
(3.99807 0.176787 0)
(3.955 0.362764 0)
(3.99511 0.53988 0)
(4.04037 0.671532 0)
(4.12538 0.756018 0)
(4.22622 0.794049 0)
(4.34319 0.790061 0)
(4.47194 0.746467 0)
(4.6016 0.666323 0)
(4.72272 0.564852 0)
(4.83051 0.459186 0)
(4.92232 0.362449 0)
(4.99555 0.282503 0)
(5.05428 0.220504 0)
(5.10262 0.172138 0)
(5.14581 0.135727 0)
(5.18031 0.105239 0)
(5.21216 0.0854652 0)
(5.23216 0.0634495 0)
(5.25538 0.0569777 0)
(5.26232 0.0353037 0)
(5.28276 0.0421707 0)
(5.2788 0.0149099 0)
(5.30198 0.0338001 0)
(5.2874 0.00401107 0)
(5.318 0.0201921 0)
(5.28872 0.0134856 0)
(5.33354 -0.0158262 0)
(5.27961 0.0573098 0)
(5.35057 -0.0837532 0)
(5.2624 0.132627 0)
(5.36622 -0.163075 0)
(5.25194 0.203858 0)
(5.36781 -0.215678 0)
(5.2573 0.242739 0)
(5.35534 -0.24326 0)
(5.26458 0.2799 0)
(5.35055 -0.295983 0)
(5.25733 0.362008 0)
(5.3548 -0.384986 0)
(5.25349 0.461132 0)
(5.3481 -0.46135 0)
(5.25698 0.54531 0)
(5.34434 -0.538174 0)
(5.2474 0.658381 0)
(5.35552 -0.650735 0)
(5.23243 0.798795 0)
(5.37241 -0.762266 0)
(5.21579 0.937881 0)
(5.40089 -0.886491 0)
(5.19374 1.1174 0)
(5.45019 -1.04238 0)
(5.1719 1.31938 0)
(5.51891 -1.19752 0)
(5.1518 1.55352 0)
(5.61646 -1.38281 0)
(5.14816 1.83931 0)
(5.74218 -1.56541 0)
(5.18239 2.16221 0)
(5.89835 -1.77748 0)
(5.28786 2.54315 0)
(6.0813 -1.95709 0)
(5.52062 2.98103 0)
(6.29134 -2.07633 0)
(5.91767 3.49969 0)
(6.56291 -1.9743 0)
(6.47115 4.04387 0)
(7.02692 -1.55349 0)
(7.15325 4.32044 0)
(7.83525 -0.505256 0)
(8.0644 4.10878 0)
(9.023 1.10881 0)
(9.64521 3.39887 0)
(12.4065 -0.287864 0)
(12.3509 -0.32348 0)
(12.306 -0.385056 0)
(12.2217 -0.471405 0)
(12.0938 -0.569079 0)
(11.9371 -0.662996 0)
(11.7652 -0.757824 0)
(11.5906 -0.859022 0)
(11.4022 -0.96351 0)
(11.1914 -1.07312 0)
(10.9417 -1.18948 0)
(10.6394 -1.30098 0)
(10.263 -1.3971 0)
(9.80234 -1.46347 0)
(9.24394 -1.48193 0)
(8.58607 -1.43403 0)
(7.84943 -1.31706 0)
(7.06527 -1.14023 0)
(6.31858 -0.937297 0)
(5.63836 -0.727355 0)
(5.04448 -0.528168 0)
(4.5857 -0.398788 0)
(4.18948 -0.377496 0)
(3.92243 -0.367595 0)
(3.826 -0.255416 0)
(3.7076 -0.103909 0)
(3.57154 0.0316197 0)
(3.5564 0.208372 0)
(3.54842 0.374025 0)
(3.63118 0.529319 0)
(3.72497 0.644923 0)
(3.85671 0.716059 0)
(4.00389 0.746312 0)
(4.16369 0.735983 0)
(4.33019 0.689016 0)
(4.49254 0.610303 0)
(4.64196 0.513738 0)
(4.77168 0.415442 0)
(4.87744 0.327448 0)
(4.96113 0.254801 0)
(5.02989 0.197325 0)
(5.0869 0.151825 0)
(5.13488 0.11818 0)
(5.17224 0.0906767 0)
(5.20317 0.0737413 0)
(5.22574 0.0543069 0)
(5.24495 0.0495354 0)
(5.26035 0.0294276 0)
(5.26981 0.0371218 0)
(5.2865 0.0103887 0)
(5.28204 0.0309987 0)
(5.31008 -0.0010485 0)
(5.28452 0.0217239 0)
(5.33042 0.0047425 0)
(5.28414 -0.00618547 0)
(5.33789 0.0411094 0)
(5.29087 -0.0634112 0)
(5.32579 0.10779 0)
(5.30535 -0.134402 0)
(5.30973 0.174319 0)
(5.30906 -0.183484 0)
(5.31312 0.210748 0)
(5.28805 -0.206208 0)
(5.33267 0.239793 0)
(5.26503 -0.247691 0)
(5.33786 0.310368 0)
(5.25874 -0.327839 0)
(5.33418 0.405444 0)
(5.24092 -0.403048 0)
(5.3466 0.484512 0)
(5.21616 -0.474606 0)
(5.3443 0.585941 0)
(5.21669 -0.577641 0)
(5.32779 0.718322 0)
(5.22369 -0.684477 0)
(5.31634 0.852351 0)
(5.23733 -0.800331 0)
(5.29526 1.0251 0)
(5.27445 -0.949776 0)
(5.27437 1.2327 0)
(5.32622 -1.10885 0)
(5.26073 1.47498 0)
(5.41081 -1.30538 0)
(5.26064 1.7731 0)
(5.52637 -1.51244 0)
(5.30094 2.10956 0)
(5.69043 -1.73076 0)
(5.40705 2.51465 0)
(5.90807 -1.91689 0)
(5.62755 2.964 0)
(6.20009 -2.02538 0)
(6.00281 3.4195 0)
(6.60062 -1.91441 0)
(6.51664 3.72788 0)
(7.18831 -1.38977 0)
(7.12727 3.75103 0)
(8.02239 -0.323366 0)
(8.06653 3.37919 0)
(9.1505 1.07015 0)
(9.73781 2.76342 0)
(12.2357 -0.24574 0)
(12.1659 -0.261317 0)
(12.1029 -0.313769 0)
(12.0021 -0.399114 0)
(11.858 -0.496128 0)
(11.6788 -0.587244 0)
(11.4788 -0.676445 0)
(11.2611 -0.765888 0)
(11.0157 -0.854575 0)
(10.7353 -0.948778 0)
(10.4017 -1.04947 0)
(9.9969 -1.14028 0)
(9.50808 -1.20757 0)
(8.93093 -1.23662 0)
(8.26917 -1.21443 0)
(7.53344 -1.13038 0)
(6.76732 -0.992111 0)
(6.02401 -0.826051 0)
(5.3566 -0.655323 0)
(4.76951 -0.482905 0)
(4.30103 -0.32745 0)
(3.93325 -0.241699 0)
(3.58544 -0.268294 0)
(3.34318 -0.304951 0)
(3.26253 -0.218908 0)
(3.19417 -0.0749073 0)
(3.10353 0.0425932 0)
(3.12834 0.198924 0)
(3.15978 0.345778 0)
(3.27849 0.48309 0)
(3.42014 0.585969 0)
(3.59952 0.64696 0)
(3.79353 0.671438 0)
(3.99648 0.657297 0)
(4.20029 0.610409 0)
(4.39342 0.537006 0)
(4.5664 0.450159 0)
(4.71216 0.363724 0)
(4.8306 0.286558 0)
(4.92712 0.221679 0)
(5.0065 0.170037 0)
(5.07012 0.129813 0)
(5.12054 0.100904 0)
(5.15969 0.0776364 0)
(5.19036 0.0634218 0)
(5.21655 0.0468508 0)
(5.23363 0.0426909 0)
(5.25733 0.0253946 0)
(5.25788 0.0318667 0)
(5.29229 0.00874617 0)
(5.26383 0.0268984 0)
(5.32875 -0.00210497 0)
(5.25279 0.0205545 0)
(5.36719 0.000307405 0)
(5.23545 4.24342e-05 0)
(5.39276 0.0283682 0)
(5.23162 -0.0458156 0)
(5.38701 0.0853621 0)
(5.24708 -0.107386 0)
(5.36411 0.146677 0)
(5.25834 -0.153498 0)
(5.35831 0.182768 0)
(5.23887 -0.174258 0)
(5.38116 0.20726 0)
(5.20083 -0.206186 0)
(5.40072 0.265715 0)
(5.18341 -0.275548 0)
(5.39578 0.355344 0)
(5.16984 -0.34464 0)
(5.40829 0.427287 0)
(5.14181 -0.402867 0)
(5.41549 0.513535 0)
(5.14131 -0.494211 0)
(5.3981 0.636433 0)
(5.14655 -0.59428 0)
(5.3943 0.756897 0)
(5.1524 -0.699982 0)
(5.37865 0.91418 0)
(5.18543 -0.842101 0)
(5.36026 1.10658 0)
(5.23364 -0.989875 0)
(5.35163 1.33291 0)
(5.31517 -1.17671 0)
(5.34989 1.62885 0)
(5.4345 -1.37939 0)
(5.39559 1.96751 0)
(5.60547 -1.60909 0)
(5.49969 2.3677 0)
(5.83728 -1.8047 0)
(5.71717 2.76624 0)
(6.16227 -1.89612 0)
(6.06094 3.09882 0)
(6.61608 -1.72146 0)
(6.49424 3.26044 0)
(7.24795 -1.15803 0)
(7.05409 3.12768 0)
(8.06166 -0.129918 0)
(8.10492 2.72908 0)
(9.1419 0.99708 0)
(9.80819 2.24457 0)
(11.6959 -0.194524 0)
(11.6085 -0.197958 0)
(11.5235 -0.247863 0)
(11.3992 -0.333084 0)
(11.2324 -0.427589 0)
(11.0279 -0.513416 0)
(10.7914 -0.592582 0)
(10.5261 -0.670463 0)
(10.2199 -0.7444 0)
(9.8688 -0.818496 0)
(9.45433 -0.892458 0)
(8.97147 -0.950794 0)
(8.40892 -0.981598 0)
(7.77213 -0.97316 0)
(7.07425 -0.918028 0)
(6.34493 -0.817491 0)
(5.64111 -0.689104 0)
(4.98221 -0.551504 0)
(4.41028 -0.413019 0)
(3.93722 -0.279994 0)
(3.5879 -0.163154 0)
(3.32753 -0.102205 0)
(3.07018 -0.155449 0)
(2.85906 -0.231552 0)
(2.77809 -0.176848 0)
(2.74584 -0.0474148 0)
(2.69976 0.0530626 0)
(2.76272 0.185825 0)
(2.83912 0.308797 0)
(2.9907 0.421859 0)
(3.17227 0.508005 0)
(3.39017 0.558247 0)
(3.62185 0.577959 0)
(3.85965 0.562613 0)
(4.09258 0.519472 0)
(4.30868 0.454799 0)
(4.49893 0.379896 0)
(4.65915 0.305594 0)
(4.79116 0.238819 0)
(4.89842 0.182709 0)
(4.98387 0.138833 0)
(5.05048 0.10539 0)
(5.10241 0.0815438 0)
(5.14423 0.0624554 0)
(5.17651 0.0503852 0)
(5.20713 0.0369757 0)
(5.2239 0.0327797 0)
(5.25427 0.0195689 0)
(5.24905 0.0234884 0)
(5.29593 0.00654785 0)
(5.25053 0.019501 0)
(5.34188 -0.00223139 0)
(5.22739 0.0159812 0)
(5.39621 -0.00261631 0)
(5.19012 0.00403172 0)
(5.44443 0.0147841 0)
(5.16699 -0.0265951 0)
(5.45476 0.0578154 0)
(5.17363 -0.0735677 0)
(5.43066 0.110486 0)
(5.18191 -0.114761 0)
(5.42239 0.144383 0)
(5.15645 -0.136375 0)
(5.45016 0.165306 0)
(5.10267 -0.160854 0)
(5.48531 0.208684 0)
(5.06657 -0.213891 0)
(5.48592 0.285869 0)
(5.05178 -0.276373 0)
(5.49127 0.355294 0)
(5.01313 -0.327259 0)
(5.51017 0.425586 0)
(4.98983 -0.400098 0)
(5.49347 0.533696 0)
(4.98716 -0.489316 0)
(5.48929 0.642839 0)
(4.97449 -0.579744 0)
(5.47811 0.777543 0)
(4.99805 -0.702866 0)
(5.45912 0.951054 0)
(5.033 -0.84093 0)
(5.45631 1.15238 0)
(5.1058 -1.01234 0)
(5.45902 1.41468 0)
(5.22452 -1.20837 0)
(5.5044 1.71676 0)
(5.41321 -1.41896 0)
(5.59832 2.07326 0)
(5.7011 -1.59999 0)
(5.78394 2.41251 0)
(6.11654 -1.67483 0)
(6.05743 2.65847 0)
(6.6514 -1.4896 0)
(6.42864 2.70295 0)
(7.29549 -0.924763 0)
(7.03519 2.50263 0)
(8.07106 0.0024799 0)
(8.21453 2.14393 0)
(9.1447 0.893336 0)
(9.85675 1.77231 0)
(10.6939 -0.138014 0)
(10.598 -0.138299 0)
(10.4967 -0.1843 0)
(10.3577 -0.261846 0)
(10.1768 -0.344399 0)
(9.95255 -0.41718 0)
(9.68988 -0.48227 0)
(9.3864 -0.541973 0)
(9.03747 -0.594559 0)
(8.64219 -0.644141 0)
(8.18489 -0.688635 0)
(7.66702 -0.716567 0)
(7.08087 -0.717953 0)
(6.44148 -0.686819 0)
(5.77214 -0.62258 0)
(5.11266 -0.529746 0)
(4.50003 -0.423287 0)
(3.94671 -0.31461 0)
(3.50682 -0.21548 0)
(3.16421 -0.136451 0)
(2.94187 -0.0628192 0)
(2.79604 -0.0239853 0)
(2.62323 -0.0915093 0)
(2.46303 -0.182598 0)
(2.38837 -0.151046 0)
(2.37678 -0.0464836 0)
(2.36801 0.0397389 0)
(2.45857 0.149502 0)
(2.57783 0.253146 0)
(2.76236 0.344923 0)
(2.97741 0.415022 0)
(3.22644 0.454515 0)
(3.48697 0.469725 0)
(3.75083 0.454836 0)
(4.00476 0.417803 0)
(4.23711 0.363637 0)
(4.44073 0.301821 0)
(4.61242 0.240941 0)
(4.75303 0.186683 0)
(4.86564 0.141825 0)
(4.95451 0.107152 0)
(5.02447 0.080864 0)
(5.07992 0.0618696 0)
(5.12533 0.0469323 0)
(5.16047 0.0369299 0)
(5.19296 0.0271723 0)
(5.21121 0.0227788 0)
(5.24112 0.0146079 0)
(5.23704 0.01504 0)
(5.28166 0.00613293 0)
(5.23708 0.0112472 0)
(5.32761 0.000765101 0)
(5.20751 0.00857553 0)
(5.38934 -0.000292915 0)
(5.15106 0.00257345 0)
(5.46215 0.00741452 0)
(5.09406 -0.0133878 0)
(5.51137 0.0333447 0)
(5.07671 -0.0442465 0)
(5.50277 0.0777026 0)
(5.0867 -0.0779518 0)
(5.4801 0.112912 0)
(5.06686 -0.097647 0)
(5.50175 0.131671 0)
(4.99773 -0.115624 0)
(5.55307 0.161119 0)
(4.93367 -0.153291 0)
(5.57368 0.22028 0)
(4.91112 -0.20595 0)
(5.57656 0.284076 0)
(4.87031 -0.251957 0)
(5.60987 0.338685 0)
(4.83212 -0.308941 0)
(5.61021 0.425885 0)
(4.84061 -0.38789 0)
(5.60243 0.522 0)
(4.8377 -0.462454 0)
(5.60646 0.627744 0)
(4.87216 -0.566372 0)
(5.5825 0.778737 0)
(4.91948 -0.68377 0)
(5.58391 0.943161 0)
(5.00191 -0.828242 0)
(5.57099 1.1691 0)
(5.12936 -0.999437 0)
(5.59705 1.42094 0)
(5.32725 -1.18728 0)
(5.64836 1.71665 0)
(5.62224 -1.35089 0)
(5.7706 1.98417 0)
(6.04329 -1.40758 0)
(5.97151 2.16176 0)
(6.57733 -1.21586 0)
(6.33749 2.15604 0)
(7.22033 -0.691737 0)
(7.06075 1.94807 0)
(8.023 0.113825 0)
(8.33623 1.62528 0)
(9.16276 0.766187 0)
(9.88895 1.34794 0)
(9.23852 -0.0784456 0)
(9.14644 -0.0896351 0)
(9.04073 -0.13256 0)
(8.90123 -0.195269 0)
(8.72213 -0.260544 0)
(8.49435 -0.317461 0)
(8.22133 -0.366098 0)
(7.90153 -0.407489 0)
(7.53652 -0.440825 0)
(7.12547 -0.467795 0)
(6.65865 -0.486765 0)
(6.13909 -0.489818 0)
(5.57294 -0.469817 0)
(4.98287 -0.425894 0)
(4.39818 -0.361978 0)
(3.85243 -0.281884 0)
(3.38029 -0.20153 0)
(2.99571 -0.135715 0)
(2.71692 -0.0833111 0)
(2.51208 -0.0424767 0)
(2.40116 0.0026669 0)
(2.34927 0.0283918 0)
(2.26681 -0.040321 0)
(2.15605 -0.131114 0)
(2.08442 -0.120922 0)
(2.0835 -0.04725 0)
(2.10232 0.0180528 0)
(2.20755 0.10214 0)
(2.35593 0.184207 0)
(2.56338 0.256433 0)
(2.80166 0.311895 0)
(3.07123 0.341814 0)
(3.34883 0.353566 0)
(3.62789 0.340898 0)
(3.89174 0.311376 0)
(4.13139 0.269405 0)
(4.33975 0.221603 0)
(4.5138 0.175064 0)
(4.65458 0.133944 0)
(4.76611 0.10016 0)
(4.85347 0.0740917 0)
(4.92133 0.0544992 0)
(4.9742 0.0404491 0)
(5.0154 0.029924 0)
(5.04714 0.0227289 0)
(5.07294 0.0166924 0)
(5.0901 0.013091 0)
(5.1096 0.00919722 0)
(5.11181 0.0075695 0)
(5.13774 0.00510214 0)
(5.11372 0.00401867 0)
(5.17038 0.00366134 0)
(5.09082 0.000680677 0)
(5.22118 0.00477908 0)
(5.03618 -0.00377597 0)
(5.2984 0.0086082 0)
(4.95342 -0.00979104 0)
(5.39325 0.0173461 0)
(4.87506 -0.0199482 0)
(5.46586 0.0380277 0)
(4.84281 -0.0383361 0)
(5.49224 0.0684188 0)
(4.82724 -0.0582899 0)
(5.52247 0.0940881 0)
(4.77346 -0.07373 0)
(5.58481 0.115605 0)
(4.69615 -0.09241 0)
(5.64306 0.150727 0)
(4.6538 -0.126105 0)
(5.65867 0.205226 0)
(4.63397 -0.163219 0)
(5.67701 0.251982 0)
(4.59454 -0.197614 0)
(5.69734 0.311132 0)
(4.58708 -0.254546 0)
(5.68049 0.394022 0)
(4.5934 -0.314366 0)
(5.68593 0.47368 0)
(4.59819 -0.391677 0)
(5.67583 0.593049 0)
(4.64783 -0.492779 0)
(5.6781 0.721593 0)
(4.71446 -0.610715 0)
(5.68254 0.894493 0)
(4.8603 -0.758736 0)
(5.70316 1.08398 0)
(5.07581 -0.911082 0)
(5.72975 1.30549 0)
(5.41622 -1.04323 0)
(5.79892 1.49549 0)
(5.87935 -1.08318 0)
(5.93777 1.62191 0)
(6.4553 -0.92429 0)
(6.30698 1.6003 0)
(7.13771 -0.495116 0)
(7.11782 1.42513 0)
(7.9991 0.157453 0)
(8.42969 1.15019 0)
(9.2027 0.580876 0)
(9.91185 0.959946 0)
(7.36489 -0.0205679 0)
(7.29095 -0.0491983 0)
(7.19806 -0.0866663 0)
(7.07343 -0.129666 0)
(6.90656 -0.174147 0)
(6.6854 -0.212601 0)
(6.41496 -0.242433 0)
(6.09586 -0.26403 0)
(5.73631 -0.276717 0)
(5.33757 -0.282508 0)
(4.90076 -0.280443 0)
(4.43661 -0.267448 0)
(3.96204 -0.240103 0)
(3.49852 -0.200299 0)
(3.0745 -0.152015 0)
(2.71631 -0.0996258 0)
(2.43766 -0.057827 0)
(2.21934 -0.0329579 0)
(2.07129 -0.01454 0)
(1.98527 -0.00312853 0)
(1.96428 0.0175008 0)
(1.98317 0.0318423 0)
(1.96244 -0.0258731 0)
(1.87456 -0.102211 0)
(1.79262 -0.105438 0)
(1.77694 -0.0597828 0)
(1.79287 -0.015628 0)
(1.88714 0.0427638 0)
(2.03978 0.102687 0)
(2.24721 0.154979 0)
(2.48911 0.196691 0)
(2.75653 0.219002 0)
(3.02993 0.229023 0)
(3.30105 0.22057 0)
(3.55252 0.200947 0)
(3.77817 0.172291 0)
(3.97031 0.139725 0)
(4.12749 0.108289 0)
(4.25112 0.0809789 0)
(4.34602 0.0590119 0)
(4.41768 0.042511 0)
(4.47101 0.0305163 0)
(4.51094 0.0222374 0)
(4.54063 0.0162667 0)
(4.5633 0.0122487 0)
(4.58038 0.0090105 0)
(4.59315 0.00689977 0)
(4.60421 0.00508341 0)
(4.60902 0.0036182 0)
(4.62089 0.00334409 0)
(4.61334 0.000971883 0)
(4.63874 0.0037326 0)
(4.6035 -0.00236189 0)
(4.66761 0.00644362 0)
(4.57331 -0.00731955 0)
(4.7171 0.0115353 0)
(4.51749 -0.0134372 0)
(4.79405 0.0186177 0)
(4.43731 -0.0180087 0)
(4.89853 0.0262928 0)
(4.34962 -0.0213089 0)
(5.0133 0.0368637 0)
(4.27603 -0.0291856 0)
(5.12473 0.0532441 0)
(4.2114 -0.041208 0)
(5.24554 0.0719383 0)
(4.1367 -0.0536425 0)
(5.38413 0.0923336 0)
(4.06849 -0.0680472 0)
(5.51278 0.121912 0)
(4.04359 -0.0906754 0)
(5.6175 0.159632 0)
(4.03274 -0.115618 0)
(5.72275 0.200442 0)
(4.04247 -0.145794 0)
(5.79483 0.255698 0)
(4.09595 -0.186432 0)
(5.84799 0.319928 0)
(4.15446 -0.234128 0)
(5.88025 0.401197 0)
(4.2642 -0.299241 0)
(5.8739 0.500798 0)
(4.3914 -0.377395 0)
(5.85137 0.620472 0)
(4.57821 -0.478766 0)
(5.79065 0.759814 0)
(4.80713 -0.589693 0)
(5.72655 0.90978 0)
(5.12693 -0.6971 0)
(5.68722 1.04475 0)
(5.53177 -0.742145 0)
(5.77509 1.1428 0)
(6.06138 -0.64227 0)
(6.20295 1.12945 0)
(6.74737 -0.325106 0)
(7.12558 0.960808 0)
(7.7012 0.144485 0)
(8.47042 0.717439 0)
(8.98877 0.379629 0)
(9.91175 0.595488 0)
(5.09666 -0.00343233 0)
(5.03777 -0.0367604 0)
(4.95739 -0.0557268 0)
(4.84403 -0.0758432 0)
(4.68599 -0.0977974 0)
(4.47668 -0.115273 0)
(4.22519 -0.125401 0)
(3.93765 -0.128723 0)
(3.62873 -0.124593 0)
(3.30331 -0.116617 0)
(2.97026 -0.10543 0)
(2.64186 -0.089653 0)
(2.32649 -0.0696868 0)
(2.04101 -0.0472989 0)
(1.81268 -0.0287002 0)
(1.65088 -0.0141762 0)
(1.55429 0.00121534 0)
(1.49594 0.00878881 0)
(1.46465 0.00854472 0)
(1.45107 0.00461044 0)
(1.45891 0.0102031 0)
(1.49402 0.0182047 0)
(1.50009 -0.0152586 0)
(1.41308 -0.0655551 0)
(1.28984 -0.0773797 0)
(1.21714 -0.0592194 0)
(1.18494 -0.0375683 0)
(1.21851 -0.00588004 0)
(1.32772 0.0314203 0)
(1.49432 0.0638485 0)
(1.70733 0.0915328 0)
(1.94483 0.107591 0)
(2.19175 0.116036 0)
(2.43325 0.113263 0)
(2.65426 0.104085 0)
(2.84923 0.088933 0)
(3.01138 0.071714 0)
(3.1407 0.0549532 0)
(3.23949 0.0406388 0)
(3.31309 0.0294651 0)
(3.36712 0.0211519 0)
(3.40643 0.0150669 0)
(3.43538 0.0108918 0)
(3.45665 0.00788037 0)
(3.47274 0.00584428 0)
(3.48464 0.00422251 0)
(3.4937 0.00313391 0)
(3.50078 0.00231066 0)
(3.50496 0.0014526 0)
(3.51101 0.0016164 0)
(3.50921 -1.79611e-05 0)
(3.52035 0.00212818 0)
(3.50605 -0.00199953 0)
(3.53415 0.00391962 0)
(3.49276 -0.00498604 0)
(3.55764 0.00700087 0)
(3.4666 -0.00877225 0)
(3.59576 0.0116804 0)
(3.42724 -0.0125837 0)
(3.65467 0.0182474 0)
(3.37679 -0.016124 0)
(3.73769 0.0246484 0)
(3.31897 -0.0189127 0)
(3.84123 0.0297934 0)
(3.25739 -0.0222614 0)
(3.96287 0.0360884 0)
(3.19049 -0.0272138 0)
(4.10783 0.0450427 0)
(3.11783 -0.0321944 0)
(4.2797 0.0547859 0)
(3.05174 -0.0379493 0)
(4.46826 0.0669154 0)
(3.00246 -0.0467994 0)
(4.67342 0.0839238 0)
(2.96868 -0.0575786 0)
(4.89794 0.105186 0)
(2.96575 -0.0731307 0)
(5.13041 0.133976 0)
(2.99991 -0.0943657 0)
(5.36945 0.171377 0)
(3.08799 -0.123912 0)
(5.59296 0.221369 0)
(3.24627 -0.164842 0)
(5.78957 0.285318 0)
(3.48784 -0.218139 0)
(5.92705 0.365404 0)
(3.82236 -0.281476 0)
(6.00529 0.455092 0)
(4.25435 -0.341229 0)
(6.03956 0.542098 0)
(4.77535 -0.36678 0)
(6.14451 0.602736 0)
(5.41431 -0.313421 0)
(6.51463 0.590367 0)
(6.18578 -0.140806 0)
(7.29131 0.454427 0)
(7.12417 0.0993989 0)
(8.40466 0.29004 0)
(8.22153 0.181763 0)
(9.57593 0.214935 0)
(2.12309 0.0312005 0)
(2.08487 -0.00443131 0)
(2.02121 -0.00987405 0)
(1.93165 -0.0135427 0)
(1.81555 -0.0163244 0)
(1.67425 -0.0161268 0)
(1.51813 -0.0140313 0)
(1.35622 -0.0115153 0)
(1.1991 -0.00872582 0)
(1.05006 -0.00643707 0)
(0.918245 -0.00282258 0)
(0.809508 0.00294872 0)
(0.725455 0.0077274 0)
(0.671237 0.00983884 0)
(0.641324 0.00891674 0)
(0.625635 0.00737969 0)
(0.626273 0.00715396 0)
(0.637478 0.00607355 0)
(0.649795 0.00371459 0)
(0.649698 -0.00160656 0)
(0.643728 -0.0040933 0)
(0.658049 -3.84611e-05 0)
(0.666417 -0.0046592 0)
(0.594732 -0.0191982 0)
(0.466433 -0.0283353 0)
(0.351516 -0.0281035 0)
(0.25759 -0.0266862 0)
(0.19514 -0.0231098 0)
(0.189987 -0.0145891 0)
(0.24332 -0.00498992 0)
(0.346242 0.00513531 0)
(0.48814 0.0135461 0)
(0.651489 0.0198607 0)
(0.82446 0.0229753 0)
(0.989404 0.0231282 0)
(1.13796 0.0207584 0)
(1.26181 0.0169473 0)
(1.35974 0.0128398 0)
(1.43305 0.00919429 0)
(1.48618 0.00642239 0)
(1.52388 0.00437373 0)
(1.55048 0.00287578 0)
(1.56944 0.0019178 0)
(1.58295 0.00127145 0)
(1.59277 0.000876821 0)
(1.59985 0.000573741 0)
(1.60502 0.000389035 0)
(1.60883 0.000270286 0)
(1.61122 8.43945e-05 0)
(1.61382 0.000243581 0)
(1.61368 -0.000263852 0)
(1.61744 0.000530851 0)
(1.61295 -0.000864034 0)
(1.62184 0.00117413 0)
(1.6083 -0.0018731 0)
(1.62837 0.0021855 0)
(1.59893 -0.00320864 0)
(1.63822 0.00361959 0)
(1.58598 -0.0044919 0)
(1.65433 0.00531729 0)
(1.57225 -0.00560287 0)
(1.67966 0.0071001 0)
(1.55817 -0.00737109 0)
(1.71427 0.00918514 0)
(1.54178 -0.010087 0)
(1.75712 0.0115122 0)
(1.52175 -0.0131952 0)
(1.80915 0.0144132 0)
(1.50062 -0.0165909 0)
(1.87327 0.0179778 0)
(1.48164 -0.0206892 0)
(1.94969 0.0213243 0)
(1.46491 -0.0245564 0)
(2.0394 0.024703 0)
(1.45244 -0.0286921 0)
(2.14726 0.0288668 0)
(1.44876 -0.0333106 0)
(2.2741 0.0322703 0)
(1.455 -0.0379913 0)
(2.42238 0.0360197 0)
(1.47719 -0.0429213 0)
(2.59415 0.0395309 0)
(1.52372 -0.0489464 0)
(2.78439 0.0449116 0)
(1.61057 -0.0581853 0)
(2.98373 0.054595 0)
(1.76914 -0.0747334 0)
(3.17047 0.0734405 0)
(2.04082 -0.0984907 0)
(3.33026 0.100489 0)
(2.46106 -0.122366 0)
(3.48781 0.126964 0)
(3.03312 -0.129375 0)
(3.74119 0.134289 0)
(3.69063 -0.100741 0)
(4.22349 0.0871253 0)
(4.29772 -0.0277355 0)
(4.89544 0.00476174 0)
(4.79117 0.0145676 0)
(5.57593 -0.0892416 0)
(0.182238 -0.0916467 0)
(0.558923 -0.0883971 0)
(0.892394 -0.0586127 0)
(1.17284 -0.0238631 0)
(1.28619 0.0476102 0)
(1.16209 0.105623 0)
(0.720383 0.107975 0)
(0.13312 0.0564029 0)
(-0.255843 0.0200807 0)
(-0.463628 0.0198562 0)
(-0.574075 0.0306402 0)
(-0.642242 0.0319987 0)
(-0.751827 0.0350141 0)
(-0.97375 0.0623401 0)
(-1.2059 0.0786746 0)
(-1.29131 0.0626229 0)
(-1.19987 0.0337259 0)
(-1.02197 0.0131204 0)
(-0.760518 -0.00604223 0)
(-0.487561 -0.0155866 0)
(-0.208441 -0.0155909 0)
(0.0459084 -0.0218605 0)
(0.283337 -0.0154773 0)
(0.482414 -0.0148756 0)
(0.685941 -0.0184224 0)
(0.877136 -0.0143109 0)
(1.05665 -0.0208321 0)
(1.23446 -0.015622 0)
(1.38201 -0.0148545 0)
(1.50918 -0.0104862 0)
(1.60411 -0.00646555 0)
(1.66968 -0.00319304 0)
(1.70808 -0.000844605 0)
(1.72514 0.000340628 0)
(1.72691 0.000718692 0)
(1.71907 0.000716316 0)
(1.70618 0.000663134 0)
(1.69149 0.000671158 0)
(1.67701 0.00071627 0)
(1.66381 0.000693323 0)
(1.65238 0.000640575 0)
(1.64282 0.000550724 0)
(1.63507 0.000433024 0)
(1.62891 0.000320141 0)
(1.62415 0.00021896 0)
(1.6205 0.000144431 0)
(1.61775 8.34114e-05 0)
(1.6156 6.12885e-05 0)
(1.61392 4.38541e-05 0)
(1.61244 6.60945e-05 0)
(1.61115 7.3406e-05 0)
(1.60979 0.000115864 0)
(1.60848 0.000136038 0)
(1.60696 0.000181238 0)
(1.60537 0.000206113 0)
(1.60355 0.000232139 0)
(1.60157 0.000267608 0)
(1.59941 0.000269886 0)
(1.59698 0.000318743 0)
(1.59444 0.000309245 0)
(1.5915 0.000362709 0)
(1.58847 0.00037049 0)
(1.58494 0.000409682 0)
(1.58119 0.000468198 0)
(1.5769 0.000484113 0)
(1.57214 0.000600674 0)
(1.56677 0.000619091 0)
(1.56067 0.000765958 0)
(1.55375 0.000835967 0)
(1.54589 0.000993707 0)
(1.53678 0.00112821 0)
(1.52648 0.0013468 0)
(1.51443 0.00149202 0)
(1.50068 0.00187693 0)
(1.48465 0.00198696 0)
(1.4661 0.0026022 0)
(1.44454 0.00272555 0)
(1.41943 0.00356992 0)
(1.39009 0.00380818 0)
(1.35603 0.00491445 0)
(1.31576 0.00531142 0)
(1.26943 0.0068212 0)
(1.2141 0.00735131 0)
(1.15096 0.00944417 0)
(1.07538 0.0100238 0)
(0.989859 0.0128293 0)
(0.888587 0.0132303 0)
(0.775804 0.0165454 0)
(0.646714 0.0151844 0)
(0.510908 0.0164766 0)
(0.369444 0.0106418 0)
(0.234863 0.0104317 0)
(0.0993341 0.0063709 0)
(-0.0373391 0.0136303 0)
(-0.19498 0.0170046 0)
(-0.362597 0.0242065 0)
(-0.488058 0.0104873 0)
(-0.496967 -0.0126975 0)
(-0.356423 -0.0531532 0)
(-0.127248 -0.0659378 0)
(0.114288 -0.229575 0)
(0.305163 -0.228525 0)
(0.538446 -0.206936 0)
(0.768351 -0.162332 0)
(0.95187 -0.0255894 0)
(0.983972 0.161195 0)
(0.667066 0.332213 0)
(-0.0215649 0.343355 0)
(-0.686519 0.23243 0)
(-1.1149 0.11954 0)
(-1.32608 0.0599739 0)
(-1.4901 0.0736143 0)
(-1.78182 0.130254 0)
(-2.0434 0.141449 0)
(-2.04983 0.0684163 0)
(-1.76766 -0.04899 0)
(-1.3826 -0.134171 0)
(-0.886514 -0.18924 0)
(-0.417409 -0.211335 0)
(0.0996777 -0.214038 0)
(0.513817 -0.191265 0)
(0.983891 -0.188327 0)
(1.27349 -0.147031 0)
(1.69737 -0.148492 0)
(1.91666 -0.136157 0)
(2.28969 -0.129904 0)
(2.51436 -0.124698 0)
(2.79662 -0.112458 0)
(3.01434 -0.0960198 0)
(3.213 -0.0766142 0)
(3.37272 -0.0558328 0)
(3.497 -0.0362436 0)
(3.58615 -0.0190301 0)
(3.64364 -0.00564343 0)
(3.67418 0.00356191 0)
(3.68355 0.0089131 0)
(3.67782 0.0112232 0)
(3.66272 0.0114434 0)
(3.64298 0.010502 0)
(3.622 0.00907672 0)
(3.60198 0.00758107 0)
(3.58408 0.00619537 0)
(3.56881 0.00496056 0)
(3.55619 0.00391069 0)
(3.54608 0.00302575 0)
(3.53803 0.00234398 0)
(3.53179 0.00180134 0)
(3.52678 0.00145341 0)
(3.5229 0.00117644 0)
(3.51951 0.00107321 0)
(3.51679 0.000971267 0)
(3.51404 0.00102473 0)
(3.51169 0.00103488 0)
(3.50903 0.00116539 0)
(3.50654 0.00126005 0)
(3.50369 0.00138682 0)
(3.50072 0.00156144 0)
(3.49757 0.00164007 0)
(3.49389 0.00190185 0)
(3.49031 0.00195 0)
(3.4858 0.00228119 0)
(3.4815 0.00237682 0)
(3.47611 0.00273636 0)
(3.47061 0.00297555 0)
(3.46422 0.00335679 0)
(3.45703 0.00376241 0)
(3.4492 0.00427163 0)
(3.43992 0.00476123 0)
(3.4298 0.00559329 0)
(3.41801 0.00610335 0)
(3.40457 0.00737314 0)
(3.38931 0.0080384 0)
(3.3716 0.00970429 0)
(3.35112 0.010799 0)
(3.32803 0.012893 0)
(3.30008 0.0145529 0)
(3.26945 0.0174301 0)
(3.23163 0.0196169 0)
(3.18987 0.0238288 0)
(3.13908 0.0266369 0)
(3.08131 0.0326598 0)
(3.01266 0.0364816 0)
(2.93284 0.044697 0)
(2.839 0.0500019 0)
(2.72946 0.0607742 0)
(2.60068 0.0676548 0)
(2.45194 0.0809613 0)
(2.27718 0.0882323 0)
(2.07947 0.101671 0)
(1.84974 0.104214 0)
(1.59744 0.111944 0)
(1.31449 0.106051 0)
(1.02007 0.112668 0)
(0.713523 0.111586 0)
(0.418134 0.122805 0)
(0.139829 0.0990482 0)
(-0.0579641 0.0596 0)
(-0.145731 -0.0423987 0)
(-0.136729 -0.11243 0)
(-0.0525997 -0.156379 0)
(0.0228949 -0.261026 0)
(0.0260343 -0.282742 0)
(0.115693 -0.273768 0)
(0.188696 -0.23504 0)
(0.319614 -0.0420734 0)
(0.275671 0.245404 0)
(0.0396132 0.525226 0)
(-0.550341 0.60268 0)
(-1.21671 0.460675 0)
(-1.67894 0.264602 0)
(-1.96901 0.16723 0)
(-2.25865 0.19392 0)
(-2.50356 0.207475 0)
(-2.55396 0.112302 0)
(-2.24885 -0.0622419 0)
(-1.72873 -0.235265 0)
(-1.25261 -0.349973 0)
(-0.625646 -0.423923 0)
(-0.138088 -0.435103 0)
(0.459302 -0.439413 0)
(0.881714 -0.384866 0)
(1.41609 -0.371359 0)
(1.71189 -0.309645 0)
(2.20728 -0.299767 0)
(2.45981 -0.274099 0)
(2.86592 -0.272149 0)
(3.15176 -0.248328 0)
(3.46506 -0.231653 0)
(3.72825 -0.199599 0)
(3.96622 -0.166424 0)
(4.16758 -0.130329 0)
(4.33516 -0.0953139 0)
(4.46975 -0.0634332 0)
(4.57388 -0.0364831 0)
(4.65068 -0.0152228 0)
(4.70365 0.000325422 0)
(4.73643 0.0106502 0)
(4.75266 0.0165733 0)
(4.75595 0.0190406 0)
(4.74988 0.0191055 0)
(4.73789 0.0176027 0)
(4.72293 0.0152689 0)
(4.70739 0.0126417 0)
(4.69271 0.0101352 0)
(4.67983 0.0079074 0)
(4.66886 0.00612737 0)
(4.65997 0.00470465 0)
(4.65256 0.0037384 0)
(4.64677 0.00297517 0)
(4.64168 0.00259951 0)
(4.63774 0.00225101 0)
(4.63385 0.00224086 0)
(4.63077 0.00213702 0)
(4.62737 0.00231548 0)
(4.62441 0.00238886 0)
(4.62115 0.00261341 0)
(4.6178 0.00285147 0)
(4.61455 0.00302792 0)
(4.61047 0.00342707 0)
(4.60701 0.00358729 0)
(4.6021 0.00408363 0)
(4.59798 0.00440182 0)
(4.59231 0.00485926 0)
(4.58689 0.00557195 0)
(4.5804 0.00589207 0)
(4.57315 0.00712509 0)
(4.5653 0.00741803 0)
(4.55605 0.00908806 0)
(4.54572 0.00965946 0)
(4.53422 0.0116833 0)
(4.52039 0.0127086 0)
(4.50546 0.0153995 0)
(4.48761 0.016657 0)
(4.46704 0.0207685 0)
(4.44435 0.0219389 0)
(4.41591 0.0281698 0)
(4.38578 0.0294531 0)
(4.34796 0.03812 0)
(4.30554 0.040258 0)
(4.25645 0.0517189 0)
(4.1956 0.0554672 0)
(4.13111 0.070662 0)
(4.0447 0.0765627 0)
(3.95777 0.0968548 0)
(3.83639 0.105472 0)
(3.71723 0.131892 0)
(3.548 0.143421 0)
(3.38388 0.175638 0)
(3.15127 0.187633 0)
(2.92731 0.221595 0)
(2.61665 0.226991 0)
(2.3217 0.255453 0)
(1.93225 0.246565 0)
(1.58464 0.267647 0)
(1.1748 0.245111 0)
(0.853199 0.233533 0)
(0.530315 0.140179 0)
(0.317116 0.027485 0)
(0.136505 -0.105754 0)
(0.0433799 -0.157896 0)
(-0.0680221 -0.24983 0)
(-0.177761 -0.262885 0)
(-0.247163 -0.296348 0)
(-0.287574 -0.262442 0)
(-0.255381 -0.0342681 0)
(-0.370343 0.326072 0)
(-0.621338 0.690363 0)
(-1.11155 0.827612 0)
(-1.68954 0.679657 0)
(-2.10591 0.429274 0)
(-2.42935 0.309374 0)
(-2.72303 0.282917 0)
(-2.82154 0.217514 0)
(-2.57958 0.00410181 0)
(-2.10562 -0.2536 0)
(-1.50731 -0.451781 0)
(-1.00676 -0.578422 0)
(-0.363529 -0.667532 0)
(0.140325 -0.657393 0)
(0.715894 -0.662771 0)
(1.15307 -0.583415 0)
(1.63623 -0.543078 0)
(1.98968 -0.477259 0)
(2.40594 -0.454729 0)
(2.73479 -0.419909 0)
(3.10168 -0.412936 0)
(3.4179 -0.382916 0)
(3.72826 -0.353264 0)
(3.99628 -0.308836 0)
(4.23356 -0.261587 0)
(4.43534 -0.211538 0)
(4.60519 -0.163167 0)
(4.74618 -0.119227 0)
(4.86191 -0.0816621 0)
(4.95578 -0.0511937 0)
(5.03105 -0.0275881 0)
(5.09057 -0.0100422 0)
(5.13648 0.00248389 0)
(5.17026 0.0109185 0)
(5.19312 0.0160287 0)
(5.20647 0.0184472 0)
(5.212 0.0187813 0)
(5.21176 0.0176174 0)
(5.20762 0.0156252 0)
(5.20144 0.0132381 0)
(5.19424 0.0109503 0)
(5.18721 0.00882569 0)
(5.18036 0.00721535 0)
(5.17451 0.00581282 0)
(5.16894 0.00501601 0)
(5.16449 0.00423109 0)
(5.16002 0.00404443 0)
(5.15649 0.00367162 0)
(5.15273 0.00382548 0)
(5.1495 0.00376974 0)
(5.1462 0.00400401 0)
(5.14275 0.00429959 0)
(5.13971 0.0043932 0)
(5.13574 0.00511803 0)
(5.13267 0.00498309 0)
(5.12817 0.00615544 0)
(5.12452 0.00591923 0)
(5.11959 0.00742537 0)
(5.11475 0.00736904 0)
(5.1093 0.00909148 0)
(5.10289 0.0093653 0)
(5.09635 0.0115086 0)
(5.08812 0.0118593 0)
(5.07995 0.0151009 0)
(5.06887 0.0150252 0)
(5.05948 0.0201173 0)
(5.04284 0.0194749 0)
(5.03375 0.02673 0)
(5.00771 0.0259856 0)
(4.9999 0.0355305 0)
(4.96144 0.0351372 0)
(4.95332 0.0477728 0)
(4.90088 0.0476687 0)
(4.88854 0.0649539 0)
(4.82007 0.0651376 0)
(4.79925 0.0886855 0)
(4.70953 0.0900413 0)
(4.67632 0.12116 0)
(4.55649 0.125408 0)
(4.50505 0.165517 0)
(4.34357 0.174117 0)
(4.26342 0.224797 0)
(4.04546 0.237278 0)
(3.92038 0.298341 0)
(3.62627 0.309285 0)
(3.43513 0.375811 0)
(3.04237 0.373525 0)
(2.76884 0.435463 0)
(2.27404 0.404854 0)
(1.95927 0.445022 0)
(1.43806 0.353881 0)
(1.15869 0.313009 0)
(0.708018 0.11666 0)
(0.447715 0.0207172 0)
(0.0628822 -0.0861002 0)
(-0.0989295 -0.148845 0)
(-0.358216 -0.218754 0)
(-0.582743 -0.241239 0)
(-0.738049 -0.235451 0)
(-0.801737 -0.000479845 0)
(-0.951648 0.433328 0)
(-1.22684 0.850733 0)
(-1.64467 1.01866 0)
(-2.09843 0.844777 0)
(-2.43606 0.571551 0)
(-2.75516 0.432817 0)
(-2.92311 0.319639 0)
(-2.86694 0.139494 0)
(-2.31664 -0.181587 0)
(-1.84699 -0.463337 0)
(-1.20605 -0.689123 0)
(-0.683225 -0.812565 0)
(-0.0380367 -0.914519 0)
(0.503413 -0.88653 0)
(1.04778 -0.86773 0)
(1.50309 -0.778555 0)
(1.93901 -0.71243 0)
(2.29577 -0.635868 0)
(2.68754 -0.602461 0)
(3.0124 -0.567106 0)
(3.37376 -0.552176 0)
(3.68389 -0.512398 0)
(3.97845 -0.469522 0)
(4.22926 -0.411163 0)
(4.4421 -0.348236 0)
(4.6175 -0.283994 0)
(4.76032 -0.223147 0)
(4.87655 -0.168721 0)
(4.97197 -0.122349 0)
(5.05068 -0.0846621 0)
(5.11552 -0.0553177 0)
(5.16901 -0.0331892 0)
(5.21343 -0.0167734 0)
(5.25026 -0.00472436 0)
(5.28008 0.00391156 0)
(5.3031 0.00969996 0)
(5.31952 0.0131012 0)
(5.33001 0.0145189 0)
(5.33542 0.0145475 0)
(5.33702 0.0135614 0)
(5.33572 0.0122 0)
(5.33281 0.0105224 0)
(5.3287 0.0091654 0)
(5.32445 0.0076957 0)
(5.31984 0.00692417 0)
(5.31572 0.00587506 0)
(5.31152 0.00574265 0)
(5.30784 0.00505314 0)
(5.30423 0.00537233 0)
(5.30079 0.00500183 0)
(5.29772 0.00549131 0)
(5.29416 0.00549838 0)
(5.29153 0.00592238 0)
(5.28754 0.00634147 0)
(5.28526 0.00671994 0)
(5.28046 0.00736545 0)
(5.27862 0.00814065 0)
(5.27223 0.00850743 0)
(5.27151 0.0104237 0)
(5.26181 0.00996081 0)
(5.26386 0.0135343 0)
(5.24813 0.0122912 0)
(5.25505 0.0172565 0)
(5.23068 0.0161259 0)
(5.24334 0.0218325 0)
(5.20958 0.0215366 0)
(5.22613 0.0284518 0)
(5.18462 0.0281541 0)
(5.20101 0.038637 0)
(5.15374 0.0363522 0)
(5.16645 0.0532022 0)
(5.11276 0.0479428 0)
(5.12094 0.0724742 0)
(5.05613 0.0655536 0)
(5.06149 0.0976452 0)
(4.97747 0.0916628 0)
(4.9818 0.131763 0)
(4.86996 0.128877 0)
(4.87109 0.179049 0)
(4.72366 0.181201 0)
(4.71463 0.243753 0)
(4.52202 0.253075 0)
(4.48957 0.329754 0)
(4.23916 0.344931 0)
(4.16022 0.436291 0)
(3.83106 0.447555 0)
(3.67777 0.550127 0)
(3.23398 0.535848 0)
(2.99727 0.634481 0)
(2.41264 0.560742 0)
(2.17663 0.60721 0)
(1.47148 0.422823 0)
(1.2976 0.362028 0)
(0.514527 0.119163 0)
(0.409622 0.073032 0)
(-0.137725 -0.0483067 0)
(-0.58688 -0.0631084 0)
(-0.867537 -0.147347 0)
(-1.14575 -0.173688 0)
(-1.26354 0.067305 0)
(-1.46328 0.541634 0)
(-1.7319 0.998136 0)
(-2.07333 1.17623 0)
(-2.38202 0.978028 0)
(-2.63741 0.689605 0)
(-2.89931 0.515272 0)
(-2.86355 0.291443 0)
(-2.66918 -0.0258238 0)
(-1.93918 -0.416476 0)
(-1.52505 -0.685675 0)
(-0.862605 -0.934748 0)
(-0.305725 -1.06518 0)
(0.304623 -1.1646 0)
(0.88464 -1.13316 0)
(1.41746 -1.07641 0)
(1.8669 -0.966799 0)
(2.29362 -0.873888 0)
(2.63808 -0.787131 0)
(3.00686 -0.747914 0)
(3.34319 -0.708704 0)
(3.68939 -0.685797 0)
(3.99835 -0.636708 0)
(4.2733 -0.576742 0)
(4.50278 -0.502358 0)
(4.68821 -0.422164 0)
(4.83298 -0.342393 0)
(4.94262 -0.26885 0)
(5.02445 -0.205198 0)
(5.0874 -0.152335 0)
(5.13904 -0.109647 0)
(5.18304 -0.0761428 0)
(5.22048 -0.0506658 0)
(5.25211 -0.0316318 0)
(5.27892 -0.0173838 0)
(5.30154 -0.00662296 0)
(5.32017 0.00132898 0)
(5.33465 0.00691884 0)
(5.34502 0.0103761 0)
(5.35142 0.0122119 0)
(5.35445 0.0126481 0)
(5.35461 0.012415 0)
(5.35287 0.0114215 0)
(5.34963 0.0106032 0)
(5.34581 0.00925138 0)
(5.34146 0.00871304 0)
(5.33728 0.00745993 0)
(5.33303 0.00749432 0)
(5.32914 0.00648084 0)
(5.32536 0.00697339 0)
(5.32187 0.00634497 0)
(5.31839 0.00688845 0)
(5.31539 0.00694792 0)
(5.31161 0.00702513 0)
(5.30955 0.00813202 0)
(5.3044 0.00744293 0)
(5.30419 0.00970134 0)
(5.29612 0.00850544 0)
(5.29903 0.0114778 0)
(5.28628 0.0106205 0)
(5.29332 0.0135712 0)
(5.27475 0.0137929 0)
(5.28573 0.0166636 0)
(5.26178 0.0176022 0)
(5.27458 0.0217874 0)
(5.24721 0.0218337 0)
(5.25875 0.0297089 0)
(5.22943 0.0271554 0)
(5.23808 0.0405782 0)
(5.20562 0.0350146 0)
(5.21208 0.0546522 0)
(5.17297 0.046903 0)
(5.1792 0.0730794 0)
(5.12751 0.0644293 0)
(5.13839 0.0975612 0)
(5.06359 0.0900059 0)
(5.08602 0.130676 0)
(4.97816 0.126493 0)
(5.01287 0.176514 0)
(4.86719 0.178131 0)
(4.90954 0.239756 0)
(4.72168 0.250492 0)
(4.76094 0.326787 0)
(4.53037 0.347696 0)
(4.54229 0.44309 0)
(4.26874 0.469688 0)
(4.21483 0.587023 0)
(3.88754 0.603275 0)
(3.72247 0.739773 0)
(3.30105 0.707386 0)
(3.01869 0.837709 0)
(2.43849 0.695844 0)
(2.15037 0.751263 0)
(1.32817 0.462653 0)
(1.05215 0.462395 0)
(0.0785385 0.240936 0)
(-0.221393 0.157739 0)
(-0.687312 0.0780154 0)
(-1.11588 -0.00575653 0)
(-1.50324 -0.0591196 0)
(-1.64927 0.144889 0)
(-1.89908 0.64681 0)
(-2.12467 1.11196 0)
(-2.36658 1.28123 0)
(-2.519 1.05575 0)
(-2.66223 0.750972 0)
(-2.79701 0.528858 0)
(-2.55323 0.199758 0)
(-2.21261 -0.22899 0)
(-1.52108 -0.654188 0)
(-1.0753 -0.928663 0)
(-0.46038 -1.18835 0)
(0.158208 -1.3198 0)
(0.735263 -1.40745 0)
(1.29052 -1.37273 0)
(1.81153 -1.28782 0)
(2.24791 -1.14923 0)
(2.64757 -1.03462 0)
(2.99341 -0.934359 0)
(3.35476 -0.890333 0)
(3.69992 -0.85098 0)
(4.0399 -0.815105 0)
(4.34101 -0.754364 0)
(4.59542 -0.67545 0)
(4.7992 -0.582506 0)
(4.95562 -0.484097 0)
(5.07049 -0.388018 0)
(5.15031 -0.300774 0)
(5.20146 -0.226889 0)
(5.23158 -0.168125 0)
(5.25076 -0.122973 0)
(5.26724 -0.0882085 0)
(5.2838 -0.0614011 0)
(5.29966 -0.0409203 0)
(5.3138 -0.0253572 0)
(5.32595 -0.0134268 0)
(5.33628 -0.00431242 0)
(5.34473 0.00254057 0)
(5.35113 0.00729808 0)
(5.35515 0.0104403 0)
(5.35692 0.0119809 0)
(5.35646 0.0127336 0)
(5.35447 0.0123327 0)
(5.35113 0.012085 0)
(5.34729 0.0107956 0)
(5.34294 0.0106019 0)
(5.33872 0.00901109 0)
(5.33455 0.00942086 0)
(5.33047 0.0077868 0)
(5.32701 0.00884878 0)
(5.32294 0.00739388 0)
(5.32038 0.00872609 0)
(5.31592 0.00782718 0)
(5.3144 0.00884766 0)
(5.309 0.00894483 0)
(5.30881 0.00930999 0)
(5.30168 0.010508 0)
(5.30329 0.0105903 0)
(5.29353 0.0122395 0)
(5.29722 0.0132684 0)
(5.28436 0.0140753 0)
(5.2895 0.0175711 0)
(5.27413 0.0165609 0)
(5.2791 0.0231485 0)
(5.26199 0.0208156 0)
(5.26615 0.0297229 0)
(5.24564 0.0276853 0)
(5.25088 0.0381123 0)
(5.22346 0.0370663 0)
(5.23122 0.0503898 0)
(5.19496 0.048851 0)
(5.20556 0.0680761 0)
(5.15525 0.0653942 0)
(5.17657 0.0909436 0)
(5.09698 0.0907075 0)
(5.14163 0.120621 0)
(5.02092 0.126769 0)
(5.09006 0.162466 0)
(4.92571 0.176266 0)
(5.01745 0.221226 0)
(4.80274 0.245256 0)
(4.91501 0.302989 0)
(4.64708 0.33994 0)
(4.76716 0.414787 0)
(4.44852 0.465712 0)
(4.54597 0.563507 0)
(4.18983 0.619771 0)
(4.20505 0.74813 0)
(3.82035 0.781428 0)
(3.67592 0.939191 0)
(3.23259 0.886231 0)
(2.90055 1.0357 0)
(2.27994 0.819942 0)
(1.90826 0.904304 0)
(0.896717 0.52663 0)
(0.664745 0.623643 0)
(-0.246025 0.332711 0)
(-0.816259 0.302775 0)
(-1.33749 0.184016 0)
(-1.75983 0.059927 0)
(-1.93262 0.235209 0)
(-2.21104 0.739754 0)
(-2.35517 1.18898 0)
(-2.47775 1.33576 0)
(-2.46274 1.08868 0)
(-2.45464 0.780068 0)
(-2.45811 0.502336 0)
(-2.10711 0.071803 0)
(-1.60555 -0.449456 0)
(-1.04743 -0.86381 0)
(-0.469374 -1.15767 0)
(0.043993 -1.42826 0)
(0.663135 -1.57975 0)
(1.23353 -1.64387 0)
(1.77301 -1.58963 0)
(2.24317 -1.47655 0)
(2.64834 -1.3163 0)
(3.01494 -1.18387 0)
(3.35786 -1.08184 0)
(3.71967 -1.03445 0)
(4.07796 -0.993135 0)
(4.41402 -0.943004 0)
(4.70133 -0.865391 0)
(4.93109 -0.764841 0)
(5.10473 -0.650977 0)
(5.22857 -0.533666 0)
(5.31086 -0.421351 0)
(5.35958 -0.321038 0)
(5.38238 -0.237043 0)
(5.3855 -0.171364 0)
(5.37638 -0.123382 0)
(5.36468 -0.0891728 0)
(5.35735 -0.0637948 0)
(5.35538 -0.0439833 0)
(5.35621 -0.0282857 0)
(5.35746 -0.0159767 0)
(5.35847 -0.00652513 0)
(5.35929 0.000703025 0)
(5.36004 0.00594367 0)
(5.3602 0.00975935 0)
(5.3596 0.0119549 0)
(5.35769 0.0134269 0)
(5.35498 0.0134291 0)
(5.35116 0.0136872 0)
(5.34723 0.0123533 0)
(5.34268 0.0125411 0)
(5.33863 0.0105013 0)
(5.33428 0.0113943 0)
(5.33057 0.00900069 0)
(5.32672 0.0107669 0)
(5.32338 0.00837859 0)
(5.31987 0.0105277 0)
(5.31699 0.00879021 0)
(5.31321 0.0103968 0)
(5.31124 0.0101923 0)
(5.3063 0.010412 0)
(5.3058 0.0123977 0)
(5.29896 0.0110583 0)
(5.29981 0.0151307 0)
(5.29123 0.0129865 0)
(5.29234 0.0182609 0)
(5.28266 0.0165904 0)
(5.28329 0.0220401 0)
(5.27143 0.022024 0)
(5.2735 0.0270695 0)
(5.25573 0.029354 0)
(5.26187 0.034516 0)
(5.23649 0.0383513 0)
(5.24458 0.0461312 0)
(5.21383 0.0494859 0)
(5.22233 0.0622787 0)
(5.17974 0.0662016 0)
(5.2009 0.0817556 0)
(5.12796 0.0920342 0)
(5.17406 0.107712 0)
(5.06525 0.126391 0)
(5.12988 0.146381 0)
(4.98838 0.172305 0)
(5.0708 0.200137 0)
(4.8853 0.236775 0)
(4.99237 0.274857 0)
(4.75138 0.325444 0)
(4.88697 0.377465 0)
(4.57624 0.44709 0)
(4.7375 0.515897 0)
(4.35524 0.606261 0)
(4.51033 0.698053 0)
(4.07272 0.796877 0)
(4.14453 0.924397 0)
(3.68235 0.981027 0)
(3.5445 1.15301 0)
(3.0533 1.0723 0)
(2.59268 1.24451 0)
(1.96302 0.963384 0)
(1.22382 1.12619 0)
(-0.0725821 0.755713 0)
(-0.312352 0.604754 0)
(-0.878486 0.524915 0)
(-1.47044 0.37265 0)
(-1.89925 0.199051 0)
(-2.10472 0.323454 0)
(-2.35991 0.799801 0)
(-2.40959 1.21591 0)
(-2.38618 1.32938 0)
(-2.22448 1.07059 0)
(-2.07948 0.750702 0)
(-2.00042 0.419601 0)
(-1.61817 -0.113262 0)
(-0.995165 -0.714907 0)
(-0.52014 -1.10136 0)
(0.151403 -1.40215 0)
(0.654801 -1.64831 0)
(1.24518 -1.82113 0)
(1.76595 -1.87918 0)
(2.26488 -1.80204 0)
(2.70087 -1.65216 0)
(3.06466 -1.46981 0)
(3.40331 -1.32535 0)
(3.74664 -1.22921 0)
(4.12094 -1.18291 0)
(4.48886 -1.13657 0)
(4.81627 -1.06775 0)
(5.0816 -0.967949 0)
(5.28155 -0.843469 0)
(5.42296 -0.706752 0)
(5.51374 -0.569593 0)
(5.5624 -0.441274 0)
(5.57807 -0.328674 0)
(5.56975 -0.235771 0)
(5.54504 -0.164244 0)
(5.50998 -0.113338 0)
(5.47216 -0.0797833 0)
(5.44003 -0.0573405 0)
(5.41777 -0.0403831 0)
(5.40376 -0.026216 0)
(5.39387 -0.0143623 0)
(5.38557 -0.00509543 0)
(5.37826 0.00189099 0)
(5.37239 0.00685588 0)
(5.36762 0.0106287 0)
(5.36376 0.0128958 0)
(5.35976 0.0147154 0)
(5.35591 0.0148322 0)
(5.35135 0.015504 0)
(5.34717 0.013937 0)
(5.34239 0.0146018 0)
(5.33838 0.0118569 0)
(5.33404 0.0135408 0)
(5.33029 0.00992393 0)
(5.32682 0.0130139 0)
(5.32294 0.00887356 0)
(5.32052 0.0129008 0)
(5.31611 0.00899308 0)
(5.31466 0.0128526 0)
(5.30971 0.0102778 0)
(5.30868 0.0129166 0)
(5.30366 0.0124524 0)
(5.30213 0.0137782 0)
(5.29737 0.015035 0)
(5.29514 0.0163056 0)
(5.28931 0.0179501 0)
(5.28843 0.0205565 0)
(5.27778 0.0221287 0)
(5.28174 0.0259137 0)
(5.26311 0.0286646 0)
(5.27203 0.0327024 0)
(5.24743 0.0376557 0)
(5.25661 0.0424627 0)
(5.22833 0.0496365 0)
(5.23945 0.0553971 0)
(5.19712 0.0675213 0)
(5.22367 0.071494 0)
(5.15447 0.0924164 0)
(5.19705 0.0957783 0)
(5.11004 0.122861 0)
(5.15225 0.132425 0)
(5.05293 0.164752 0)
(5.0995 0.181036 0)
(4.97057 0.224246 0)
(5.03323 0.249223 0)
(4.86066 0.304831 0)
(4.95084 0.343316 0)
(4.7095 0.416934 0)
(4.84322 0.470829 0)
(4.51187 0.569271 0)
(4.6915 0.63829 0)
(4.25516 0.771105 0)
(4.45202 0.853266 0)
(3.92435 1.00679 0)
(4.05269 1.12186 0)
(3.45073 1.21267 0)
(3.36754 1.39388 0)
(2.66036 1.28382 0)
(2.20667 1.50009 0)
(1.33417 1.16127 0)
(1.01672 1.26559 0)
(-0.302351 0.822029 0)
(-0.93919 0.774919 0)
(-1.52495 0.587107 0)
(-1.90405 0.322908 0)
(-2.10266 0.394163 0)
(-2.29988 0.842643 0)
(-2.26 1.2058 0)
(-2.08175 1.27646 0)
(-1.83204 0.99626 0)
(-1.57181 0.662253 0)
(-1.39239 0.304326 0)
(-0.937755 -0.310683 0)
(-0.274513 -0.959531 0)
(0.171332 -1.33943 0)
(0.812491 -1.65812 0)
(1.30546 -1.88791 0)
(1.88642 -2.04907 0)
(2.36816 -2.07982 0)
(2.8018 -1.98226 0)
(3.16465 -1.80939 0)
(3.48393 -1.61429 0)
(3.80431 -1.46802 0)
(4.16592 -1.3836 0)
(4.55606 -1.3366 0)
(4.92411 -1.27678 0)
(5.23245 -1.18407 0)
(5.46779 -1.05753 0)
(5.63309 -0.907557 0)
(5.73979 -0.748456 0)
(5.7987 -0.591628 0)
(5.81695 -0.446853 0)
(5.80169 -0.322304 0)
(5.76231 -0.22162 0)
(5.70896 -0.145156 0)
(5.64845 -0.0919545 0)
(5.58613 -0.0593949 0)
(5.52972 -0.0409605 0)
(5.48567 -0.0289006 0)
(5.45481 -0.0184135 0)
(5.43289 -0.00841177 0)
(5.41541 -5.09144e-06 0)
(5.4002 0.00626037 0)
(5.38751 0.0103507 0)
(5.37721 0.0134073 0)
(5.36944 0.0151058 0)
(5.36274 0.0168144 0)
(5.35741 0.0166761 0)
(5.35176 0.0176181 0)
(5.3473 0.0155866 0)
(5.34201 0.0168108 0)
(5.33828 0.0130814 0)
(5.33352 0.0158664 0)
(5.33035 0.0105616 0)
(5.32636 0.0155605 0)
(5.32321 0.00895769 0)
(5.32016 0.0156764 0)
(5.31657 0.00877372 0)
(5.31437 0.0156076 0)
(5.31038 0.0102553 0)
(5.30836 0.0151228 0)
(5.3048 0.0133577 0)
(5.30137 0.0148386 0)
(5.29993 0.0174482 0)
(5.29255 0.0161927 0)
(5.29541 0.0215366 0)
(5.28153 0.0204493 0)
(5.28993 0.02549 0)
(5.26905 0.0276252 0)
(5.28129 0.0306358 0)
(5.25566 0.0370422 0)
(5.26894 0.0384345 0)
(5.23824 0.0495165 0)
(5.25549 0.0490015 0)
(5.21305 0.066857 0)
(5.23793 0.0640677 0)
(5.18593 0.0881768 0)
(5.20486 0.088573 0)
(5.1595 0.114237 0)
(5.16026 0.122452 0)
(5.11599 0.153398 0)
(5.11461 0.16513 0)
(5.05161 0.208306 0)
(5.05439 0.226976 0)
(4.96784 0.280831 0)
(4.98203 0.312635 0)
(4.84721 0.381942 0)
(4.89373 0.430475 0)
(4.68325 0.518825 0)
(4.78262 0.588895 0)
(4.45827 0.706229 0)
(4.62068 0.792913 0)
(4.16529 0.956737 0)
(4.3493 1.0441 0)
(3.78104 1.25161 0)
(3.86135 1.35564 0)
(3.20158 1.4862 0)
(2.99557 1.69461 0)
(2.17466 1.5322 0)
(1.30356 1.89262 0)
(0.0685719 1.48418 0)
(-0.346387 1.11958 0)
(-0.96253 1.00832 0)
(-1.41196 0.75303 0)
(-1.74894 0.434155 0)
(-1.91416 0.447208 0)
(-2.03795 0.841251 0)
(-1.89442 1.13648 0)
(-1.58287 1.15907 0)
(-1.25827 0.865141 0)
(-0.901679 0.516873 0)
(-0.61781 0.146805 0)
(-0.0544 -0.529475 0)
(0.586613 -1.19124 0)
(1.00321 -1.5453 0)
(1.6125 -1.8617 0)
(2.05671 -2.09381 0)
(2.56859 -2.25324 0)
(2.98186 -2.2607 0)
(3.34583 -2.13724 0)
(3.65096 -1.94079 0)
(3.9291 -1.74366 0)
(4.24953 -1.61036 0)
(4.63133 -1.54124 0)
(5.02754 -1.48998 0)
(5.37814 -1.41039 0)
(5.65331 -1.28987 0)
(5.85117 -1.13436 0)
(5.9788 -0.958157 0)
(6.04969 -0.776884 0)
(6.07565 -0.601849 0)
(6.06443 -0.441773 0)
(6.02271 -0.30468 0)
(5.95632 -0.195908 0)
(5.87503 -0.115415 0)
(5.78883 -0.0611148 0)
(5.70364 -0.029714 0)
(5.62501 -0.0152551 0)
(5.55926 -0.00916452 0)
(5.50974 -0.00431165 0)
(5.47396 0.00203463 0)
(5.44666 0.0085542 0)
(5.42369 0.0136085 0)
(5.40438 0.016415 0)
(5.38844 0.0182443 0)
(5.3764 0.0187864 0)
(5.36657 0.0199078 0)
(5.35941 0.0190856 0)
(5.35241 0.0201257 0)
(5.34756 0.0173303 0)
(5.34164 0.0192293 0)
(5.33817 0.0141287 0)
(5.333 0.0184658 0)
(5.3303 0.0107682 0)
(5.32603 0.0186287 0)
(5.32322 0.00827047 0)
(5.32019 0.0194083 0)
(5.31644 0.00725642 0)
(5.31491 0.0199849 0)
(5.30986 0.0081021 0)
(5.3098 0.0199654 0)
(5.30327 0.0109242 0)
(5.30483 0.0198285 0)
(5.2958 0.0153817 0)
(5.30027 0.0207249 0)
(5.28624 0.0208553 0)
(5.29579 0.0236625 0)
(5.27459 0.0271973 0)
(5.28949 0.0289674 0)
(5.26202 0.0351323 0)
(5.2795 0.0365871 0)
(5.24813 0.0461253 0)
(5.26543 0.0467514 0)
(5.23204 0.0611622 0)
(5.24422 0.0616646 0)
(5.21605 0.0795845 0)
(5.21232 0.0844042 0)
(5.19515 0.10403 0)
(5.17775 0.11355 0)
(5.15682 0.141285 0)
(5.13952 0.151418 0)
(5.10981 0.190256 0)
(5.08066 0.208467 0)
(5.0517 0.254638 0)
(5.01204 0.285536 0)
(4.96305 0.345816 0)
(4.93007 0.392059 0)
(4.8392 0.468691 0)
(4.8374 0.537347 0)
(4.65332 0.637682 0)
(4.72524 0.732831 0)
(4.38916 0.865914 0)
(4.5644 0.982296 0)
(4.02987 1.17317 0)
(4.25972 1.28315 0)
(3.5485 1.54092 0)
(3.65143 1.65007 0)
(2.79455 1.82166 0)
(2.55691 2.08439 0)
(1.57391 1.77377 0)
(0.98716 2.12019 0)
(-0.311166 1.34404 0)
(-0.906699 1.21878 0)
(-1.19724 0.89123 0)
(-1.43669 0.525876 0)
(-1.52042 0.468703 0)
(-1.55188 0.806088 0)
(-1.30523 1.03218 0)
(-0.894626 1.01761 0)
(-0.468461 0.721856 0)
(-0.0526942 0.360934 0)
(0.302808 -0.0395824 0)
(0.939281 -0.743202 0)
(1.53446 -1.40673 0)
(1.89429 -1.75517 0)
(2.4429 -2.07022 0)
(2.83977 -2.28782 0)
(3.27637 -2.42529 0)
(3.61346 -2.40578 0)
(3.88767 -2.26329 0)
(4.12371 -2.05813 0)
(4.39041 -1.87068 0)
(4.73481 -1.7566 0)
(5.13585 -1.69894 0)
(5.51976 -1.63714 0)
(5.83526 -1.53107 0)
(6.06465 -1.38004 0)
(6.2196 -1.19519 0)
(6.30882 -0.993407 0)
(6.34354 -0.791692 0)
(6.338 -0.599004 0)
(6.29731 -0.424428 0)
(6.22894 -0.276383 0)
(6.13962 -0.159618 0)
(6.03559 -0.0748726 0)
(5.9264 -0.0201078 0)
(5.81993 0.00930201 0)
(5.72108 0.0195323 0)
(5.63521 0.0192176 0)
(5.56694 0.0170462 0)
(5.51603 0.0178494 0)
(5.47795 0.0209708 0)
(5.44719 0.0239919 0)
(5.42167 0.0250276 0)
(5.40036 0.0251916 0)
(5.38412 0.0240579 0)
(5.37095 0.0241367 0)
(5.36183 0.0221694 0)
(5.35319 0.0231154 0)
(5.34797 0.0191959 0)
(5.34115 0.0219085 0)
(5.33819 0.014965 0)
(5.33222 0.0213951 0)
(5.3305 0.0104723 0)
(5.32536 0.022275 0)
(5.32362 0.00679047 0)
(5.31975 0.0239825 0)
(5.31698 0.00478438 0)
(5.31445 0.0253011 0)
(5.31102 0.00507683 0)
(5.30834 0.025548 0)
(5.30665 0.00795455 0)
(5.30025 0.0252181 0)
(5.30415 0.0129993 0)
(5.2899 0.0257199 0)
(5.30183 0.0194082 0)
(5.27886 0.0281352 0)
(5.29646 0.0269555 0)
(5.26905 0.0329782 0)
(5.28613 0.0356886 0)
(5.25991 0.0414633 0)
(5.27139 0.0457872 0)
(5.24927 0.0546616 0)
(5.25208 0.0589948 0)
(5.2361 0.0721787 0)
(5.22734 0.0783256 0)
(5.21727 0.0952001 0)
(5.19868 0.10465 0)
(5.19037 0.127373 0)
(5.15894 0.141368 0)
(5.16265 0.16879 0)
(5.1006 0.194189 0)
(5.12393 0.226684 0)
(5.036 0.261924 0)
(5.0635 0.309607 0)
(4.95398 0.35623 0)
(4.98278 0.420368 0)
(4.85956 0.485423 0)
(4.85561 0.572899 0)
(4.75294 0.664312 0)
(4.65918 0.777937 0)
(4.63466 0.903876 0)
(4.35542 1.05669 0)
(4.45675 1.21269 0)
(3.91798 1.43435 0)
(4.08702 1.58242 0)
(3.30406 1.89567 0)
(3.27962 2.04643 0)
(2.25663 2.24421 0)
(1.51451 2.71967 0)
(0.20459 2.20971 0)
(-0.26961 1.59682 0)
(-0.754816 1.36165 0)
(-0.827439 0.944485 0)
(-0.921471 0.559662 0)
(-0.927867 0.465295 0)
(-0.868397 0.736268 0)
(-0.519681 0.884764 0)
(-0.0670342 0.835844 0)
(0.486309 0.529207 0)
(0.926385 0.184123 0)
(1.33807 -0.254647 0)
(1.9976 -0.970246 0)
(2.53417 -1.59609 0)
(2.84843 -1.92634 0)
(3.30375 -2.22782 0)
(3.6417 -2.43327 0)
(3.98554 -2.55754 0)
(4.2336 -2.52111 0)
(4.42715 -2.36094 0)
(4.62123 -2.15812 0)
(4.89161 -1.99874 0)
(5.2617 -1.91166 0)
(5.66426 -1.85841 0)
(6.0129 -1.776 0)
(6.2773 -1.63652 0)
(6.45459 -1.45264 0)
(6.56093 -1.24009 0)
(6.61084 -1.01318 0)
(6.60883 -0.792198 0)
(6.57042 -0.584859 0)
(6.50213 -0.397306 0)
(6.40917 -0.23913 0)
(6.29947 -0.115081 0)
(6.17728 -0.026423 0)
(6.0499 0.0288535 0)
(5.92644 0.0560179 0)
(5.81178 0.0619805 0)
(5.70955 0.0553299 0)
(5.62441 0.0454882 0)
(5.55832 0.0392483 0)
(5.5087 0.0373514 0)
(5.46982 0.0372561 0)
(5.43837 0.0359431 0)
(5.41213 0.0340737 0)
(5.39199 0.0308617 0)
(5.37552 0.029527 0)
(5.36445 0.0259786 0)
(5.35399 0.0266446 0)
(5.34847 0.0212036 0)
(5.3405 0.0248968 0)
(5.33833 0.0155409 0)
(5.33121 0.0247495 0)
(5.33089 0.00950604 0)
(5.32453 0.0267383 0)
(5.32409 0.0041365 0)
(5.31963 0.0299585 0)
(5.31678 0.000514695 0)
(5.31594 0.0326657 0)
(5.30885 -0.000413523 0)
(5.31296 0.0337237 0)
(5.3007 0.00197373 0)
(5.31003 0.0334912 0)
(5.29263 0.00728311 0)
(5.30612 0.0337954 0)
(5.28484 0.0141442 0)
(5.29971 0.0363785 0)
(5.27788 0.0219952 0)
(5.28943 0.0413466 0)
(5.27146 0.0322109 0)
(5.27581 0.0480641 0)
(5.26328 0.0464492 0)
(5.2597 0.0578394 0)
(5.25213 0.0641427 0)
(5.23898 0.0740998 0)
(5.23869 0.085059 0)
(5.21158 0.09864 0)
(5.2213 0.112412 0)
(5.17665 0.132696 0)
(5.1979 0.149849 0)
(5.13329 0.17821 0)
(5.163 0.203672 0)
(5.08177 0.237646 0)
(5.11752 0.277551 0)
(5.0091 0.321872 0)
(5.06254 0.37679 0)
(4.92023 0.435493 0)
(4.98032 0.514193 0)
(4.81202 0.594414 0)
(4.85548 0.698016 0)
(4.69536 0.813257 0)
(4.6418 0.948122 0)
(4.56503 1.11161 0)
(4.28033 1.29096 0)
(4.37223 1.49474 0)
(3.73112 1.76572 0)
(3.91776 1.95606 0)
(2.95884 2.33948 0)
(2.90488 2.57262 0)
(1.73956 2.59045 0)
(1.02667 3.16116 0)
(-0.147895 1.73693 0)
(-0.421465 1.45747 0)
(-0.374237 0.980961 0)
(-0.276189 0.566652 0)
(-0.163487 0.427143 0)
(-0.0128538 0.634418 0)
(0.438003 0.725418 0)
(0.901127 0.645089 0)
(1.54538 0.331137 0)
(1.98285 0.00389936 0)
(2.43803 -0.459186 0)
(3.07968 -1.1673 0)
(3.54009 -1.74781 0)
(3.80218 -2.07138 0)
(4.13564 -2.36548 0)
(4.41835 -2.56513 0)
(4.67507 -2.66242 0)
(4.83438 -2.59875 0)
(4.96128 -2.43342 0)
(5.14295 -2.25458 0)
(5.43853 -2.13291 0)
(5.82246 -2.06986 0)
(6.19952 -2.00863 0)
(6.49074 -1.89604 0)
(6.6886 -1.72064 0)
(6.80924 -1.5035 0)
(6.86468 -1.26499 0)
(6.87191 -1.0168 0)
(6.83454 -0.778068 0)
(6.76392 -0.556598 0)
(6.66763 -0.35815 0)
(6.54989 -0.192622 0)
(6.4215 -0.0637869 0)
(6.28619 0.028054 0)
(6.14681 0.0836063 0)
(6.01157 0.108188 0)
(5.88613 0.110028 0)
(5.77269 0.0976144 0)
(5.67501 0.0802681 0)
(5.59637 0.0662181 0)
(5.5363 0.0579483 0)
(5.48982 0.0535048 0)
(5.45308 0.0490739 0)
(5.42261 0.0447392 0)
(5.39921 0.0390859 0)
(5.37976 0.0360326 0)
(5.36698 0.0305076 0)
(5.35462 0.030729 0)
(5.34901 0.0233553 0)
(5.33957 0.028211 0)
(5.33867 0.0158263 0)
(5.32975 0.0285584 0)
(5.33184 0.00779738 0)
(5.32289 0.0321083 0)
(5.32583 0.000159394 0)
(5.3178 0.037605 0)
(5.31942 -0.00586994 0)
(5.31335 0.0427549 0)
(5.31316 -0.0090655 0)
(5.30826 0.0460043 0)
(5.30831 -0.00852052 0)
(5.3017 0.0474273 0)
(5.30458 -0.00416892 0)
(5.29459 0.0482083 0)
(5.29894 0.00357341 0)
(5.2893 0.0490353 0)
(5.2887 0.0146514 0)
(5.28546 0.0506531 0)
(5.27577 0.0283721 0)
(5.27896 0.0557462 0)
(5.26276 0.0437407 0)
(5.2688 0.0662218 0)
(5.24615 0.0626578 0)
(5.25762 0.0815724 0)
(5.22421 0.0874668 0)
(5.24095 0.104131 0)
(5.20097 0.118396 0)
(5.21578 0.1377 0)
(5.17078 0.15916 0)
(5.18651 0.183505 0)
(5.12816 0.215248 0)
(5.15225 0.245918 0)
(5.0692 0.291137 0)
(5.11082 0.333599 0)
(4.9938 0.391289 0)
(5.05686 0.455825 0)
(4.89141 0.529542 0)
(4.98771 0.622043 0)
(4.76601 0.719931 0)
(4.87292 0.848385 0)
(4.62034 0.990087 0)
(4.65104 1.15515 0)
(4.46844 1.36357 0)
(4.22208 1.58224 0)
(4.23407 1.8524 0)
(3.50875 2.20963 0)
(3.57603 2.46221 0)
(2.41929 2.99362 0)
(1.85555 3.47331 0)
(0.337284 3.10466 0)
(-0.0930404 1.83687 0)
(0.0569483 1.44097 0)
(0.242508 0.917693 0)
(0.494741 0.490602 0)
(0.7466 0.346592 0)
(0.944758 0.497665 0)
(1.4968 0.53177 0)
(1.94427 0.427087 0)
(2.62091 0.11346 0)
(3.0606 -0.20202 0)
(3.53758 -0.672847 0)
(4.13594 -1.35893 0)
(4.51192 -1.88468 0)
(4.71773 -2.19096 0)
(4.94491 -2.45963 0)
(5.16644 -2.64669 0)
(5.32492 -2.71742 0)
(5.39493 -2.64835 0)
(5.48989 -2.50293 0)
(5.69139 -2.35968 0)
(6.01423 -2.27305 0)
(6.39135 -2.22236 0)
(6.71315 -2.14116 0)
(6.92928 -1.99092 0)
(7.05232 -1.77764 0)
(7.10959 -1.52985 0)
(7.11531 -1.26855 0)
(7.08252 -1.00227 0)
(7.01409 -0.749039 0)
(6.91479 -0.516322 0)
(6.79444 -0.307985 0)
(6.65436 -0.135819 0)
(6.50562 -0.00505061 0)
(6.35713 0.0871716 0)
(6.20929 0.141642 0)
(6.06765 0.163123 0)
(5.9375 0.160775 0)
(5.81908 0.143315 0)
(5.71441 0.119267 0)
(5.62726 0.0974218 0)
(5.55907 0.0819963 0)
(5.50617 0.072231 0)
(5.46498 0.0639752 0)
(5.43107 0.056807 0)
(5.40516 0.0484562 0)
(5.38318 0.0434916 0)
(5.36911 0.0356778 0)
(5.35486 0.0353406 0)
(5.34948 0.0256314 0)
(5.33832 0.0318527 0)
(5.33915 0.0157912 0)
(5.32798 0.0328133 0)
(5.33303 0.00532663 0)
(5.32126 0.038263 0)
(5.32745 -0.00498225 0)
(5.31713 0.0462756 0)
(5.32029 -0.0134791 0)
(5.31466 0.0535884 0)
(5.31185 -0.0184111 0)
(5.31233 0.0581034 0)
(5.30424 -0.018799 0)
(5.30779 0.0604403 0)
(5.29966 -0.0155515 0)
(5.29911 0.0634614 0)
(5.29784 -0.0105212 0)
(5.28715 0.0685005 0)
(5.29542 -0.00286556 0)
(5.27543 0.0732658 0)
(5.28897 0.0107829 0)
(5.26508 0.0766395 0)
(5.27979 0.0309501 0)
(5.25152 0.0825934 0)
(5.27054 0.0551044 0)
(5.23402 0.0948834 0)
(5.25626 0.0844025 0)
(5.21614 0.114364 0)
(5.23616 0.120235 0)
(5.19154 0.146658 0)
(5.21308 0.163172 0)
(5.16033 0.193972 0)
(5.18008 0.221349 0)
(5.12242 0.258521 0)
(5.13852 0.299145 0)
(5.07158 0.349011 0)
(5.08898 0.40394 0)
(4.99777 0.472833 0)
(5.03524 0.548544 0)
(4.8954 0.639585 0)
(4.96888 0.750973 0)
(4.75307 0.87089 0)
(4.86484 1.02984 0)
(4.58449 1.20158 0)
(4.63567 1.41082 0)
(4.41699 1.67517 0)
(4.12297 1.9498 0)
(4.15913 2.30067 0)
(3.25756 2.75925 0)
(3.32539 3.08119 0)
(1.97598 3.54235 0)
(1.13249 4.31869 0)
(-0.029 1.78915 0)
(0.490284 1.34962 0)
(0.858925 0.820076 0)
(1.30701 0.400969 0)
(1.71821 0.22829 0)
(1.94551 0.340771 0)
(2.57548 0.328498 0)
(3.02359 0.223029 0)
(3.69964 -0.0894609 0)
(4.13801 -0.396002 0)
(4.61483 -0.86619 0)
(5.13878 -1.5102 0)
(5.41553 -1.98206 0)
(5.56039 -2.27384 0)
(5.69632 -2.52408 0)
(5.84711 -2.70333 0)
(5.90504 -2.75527 0)
(5.92876 -2.68975 0)
(6.03957 -2.57178 0)
(6.26887 -2.46826 0)
(6.60146 -2.41393 0)
(6.94143 -2.36233 0)
(7.18097 -2.24702 0)
(7.30542 -2.05214 0)
(7.34947 -1.80168 0)
(7.3457 -1.52872 0)
(7.30945 -1.25097 0)
(7.24257 -0.972126 0)
(7.14901 -0.705743 0)
(7.02656 -0.463409 0)
(6.88382 -0.247869 0)
(6.72677 -0.0713686 0)
(6.56045 0.061123 0)
(6.39576 0.151887 0)
(6.23812 0.202567 0)
(6.09161 0.219286 0)
(5.95981 0.212345 0)
(5.84146 0.190197 0)
(5.73588 0.160233 0)
(5.64557 0.13122 0)
(5.57314 0.108613 0)
(5.51635 0.092997 0)
(5.47242 0.0803387 0)
(5.43636 0.0699769 0)
(5.409 0.0587064 0)
(5.38521 0.0516991 0)
(5.37047 0.041367 0)
(5.35444 0.0403972 0)
(5.34982 0.0279946 0)
(5.33647 0.0357973 0)
(5.34001 0.01537 0)
(5.32535 0.0375997 0)
(5.33538 0.00179088 0)
(5.31825 0.045705 0)
(5.33138 -0.0123222 0)
(5.31439 0.0576661 0)
(5.32507 -0.025094 0)
(5.31325 0.0693344 0)
(5.31637 -0.0342421 0)
(5.31374 0.077694 0)
(5.30693 -0.0379505 0)
(5.31464 0.0824436 0)
(5.29737 -0.0361357 0)
(5.3156 0.085774 0)
(5.28657 -0.0303074 0)
(5.31565 0.0898929 0)
(5.27535 -0.021594 0)
(5.31179 0.0956203 0)
(5.26551 -0.00971105 0)
(5.30418 0.102821 0)
(5.25433 0.00729857 0)
(5.29564 0.111719 0)
(5.2401 0.0306282 0)
(5.28353 0.124636 0)
(5.22505 0.0609923 0)
(5.26626 0.14319 0)
(5.2071 0.10131 0)
(5.24402 0.17159 0)
(5.18666 0.150943 0)
(5.21297 0.215717 0)
(5.16088 0.215426 0)
(5.17652 0.275742 0)
(5.12531 0.302549 0)
(5.13132 0.361468 0)
(5.07747 0.416521 0)
(5.07919 0.482754 0)
(5.00946 0.568074 0)
(5.02232 0.65491 0)
(4.90346 0.772333 0)
(4.96183 0.900556 0)
(4.74214 1.05422 0)
(4.86763 1.24991 0)
(4.52343 1.46538 0)
(4.61782 1.73688 0)
(4.29656 2.08661 0)
(3.93301 2.46468 0)
(3.90344 2.92968 0)
(2.76612 3.64886 0)
(2.37746 4.23179 0)
(0.536912 4.31471 0)
(0.108307 1.72354 0)
(0.98239 1.11165 0)
(1.60806 0.608848 0)
(2.10205 0.211383 0)
(2.69862 0.0700817 0)
(2.96768 0.137167 0)
(3.63702 0.110217 0)
(4.0575 -0.00268938 0)
(4.69253 -0.314341 0)
(5.13926 -0.618503 0)
(5.6048 -1.06691 0)
(6.03147 -1.6379 0)
(6.21152 -2.0614 0)
(6.29695 -2.34034 0)
(6.37403 -2.56792 0)
(6.4489 -2.72615 0)
(6.43577 -2.76215 0)
(6.46213 -2.7218 0)
(6.60735 -2.64848 0)
(6.86008 -2.58819 0)
(7.17922 -2.55212 0)
(7.44449 -2.47543 0)
(7.57585 -2.30942 0)
(7.59965 -2.06925 0)
(7.57257 -1.79213 0)
(7.52361 -1.50602 0)
(7.45969 -1.21853 0)
(7.36941 -0.930159 0)
(7.25181 -0.653842 0)
(7.11044 -0.40125 0)
(6.94634 -0.179784 0)
(6.7709 -0.000760209 0)
(6.59287 0.132673 0)
(6.4153 0.221732 0)
(6.24434 0.267588 0)
(6.09062 0.277397 0)
(5.95844 0.26375 0)
(5.84251 0.236189 0)
(5.73905 0.2009 0)
(5.64968 0.165549 0)
(5.57714 0.136123 0)
(5.51954 0.114583 0)
(5.47491 0.0973197 0)
(5.43806 0.0836438 0)
(5.41033 0.0693973 0)
(5.38546 0.0603384 0)
(5.37076 0.0473736 0)
(5.35315 0.0457508 0)
(5.34987 0.0303921 0)
(5.33401 0.0399275 0)
(5.34116 0.014638 0)
(5.32194 0.042643 0)
(5.33879 -0.00242536 0)
(5.31389 0.0536095 0)
(5.3377 -0.0205542 0)
(5.30898 0.0695043 0)
(5.33462 -0.037149 0)
(5.30609 0.0847877 0)
(5.33014 -0.0491571 0)
(5.3026 0.0959504 0)
(5.32774 -0.0550775 0)
(5.29527 0.103957 0)
(5.32913 -0.0564194 0)
(5.28465 0.112396 0)
(5.32968 -0.0551901 0)
(5.27627 0.121582 0)
(5.32346 -0.0495427 0)
(5.27153 0.12864 0)
(5.31291 -0.0370111 0)
(5.26398 0.134043 0)
(5.30343 -0.0174568 0)
(5.25129 0.140682 0)
(5.29223 0.00961798 0)
(5.23708 0.149547 0)
(5.27742 0.0464884 0)
(5.2189 0.162526 0)
(5.26222 0.0948363 0)
(5.19614 0.185037 0)
(5.24269 0.154545 0)
(5.17038 0.222389 0)
(5.21859 0.227092 0)
(5.14122 0.279642 0)
(5.18435 0.317404 0)
(5.11179 0.366243 0)
(5.1386 0.430586 0)
(5.07608 0.493609 0)
(5.08249 0.578513 0)
(5.02777 0.674706 0)
(5.02106 0.78257 0)
(4.94697 0.924166 0)
(4.96619 1.08022 0)
(4.79783 1.27192 0)
(4.89675 1.51613 0)
(4.55371 1.7872 0)
(4.62822 2.13212 0)
(4.35501 2.58926 0)
(3.772 3.10054 0)
(3.87243 3.65946 0)
(2.47264 4.52511 0)
(1.40648 5.79575 0)
(0.60723 1.34778 0)
(1.48192 0.874958 0)
(2.27378 0.383255 0)
(2.85074 0.000653119 0)
(3.55915 -0.137143 0)
(3.9401 -0.0802001 0)
(4.61766 -0.0925544 0)
(5.03615 -0.21103 0)
(5.62046 -0.509113 0)
(6.07453 -0.810664 0)
(6.4945 -1.22668 0)
(6.80694 -1.7171 0)
(6.90423 -2.09779 0)
(6.93807 -2.36533 0)
(6.97243 -2.57786 0)
(6.9741 -2.72244 0)
(6.93809 -2.77157 0)
(7.01379 -2.77552 0)
(7.19333 -2.74424 0)
(7.44853 -2.70944 0)
(7.71401 -2.6627 0)
(7.86244 -2.53884 0)
(7.86808 -2.31919 0)
(7.80427 -2.04837 0)
(7.7327 -1.76268 0)
(7.66098 -1.47293 0)
(7.57391 -1.17942 0)
(7.46153 -0.881006 0)
(7.31757 -0.594876 0)
(7.15625 -0.333346 0)
(6.97734 -0.106699 0)
(6.78683 0.074685 0)
(6.5981 0.208043 0)
(6.41327 0.295494 0)
(6.23377 0.336036 0)
(6.07164 0.337358 0)
(5.93661 0.315496 0)
(5.82414 0.281673 0)
(5.72645 0.240773 0)
(5.64158 0.199233 0)
(5.57156 0.163318 0)
(5.51521 0.136059 0)
(5.47162 0.114257 0)
(5.43539 0.0973117 0)
(5.40854 0.0801622 0)
(5.38346 0.0691176 0)
(5.36965 0.0535239 0)
(5.35072 0.0512343 0)
(5.34953 0.0327908 0)
(5.33073 0.0441055 0)
(5.34262 0.0136266 0)
(5.31768 0.047805 0)
(5.3432 -0.00745495 0)
(5.30894 0.0620202 0)
(5.34543 -0.0306816 0)
(5.30466 0.0827487 0)
(5.34484 -0.0531407 0)
(5.30491 0.103234 0)
(5.3409 -0.0709074 0)
(5.30836 0.118809 0)
(5.33581 -0.0810748 0)
(5.31216 0.12977 0)
(5.33175 -0.0846541 0)
(5.31265 0.141064 0)
(5.32894 -0.0858409 0)
(5.30942 0.15556 0)
(5.3234 -0.0846781 0)
(5.3068 0.16991 0)
(5.31071 -0.0772709 0)
(5.30574 0.18216 0)
(5.29264 -0.0622256 0)
(5.30113 0.195659 0)
(5.27126 -0.0407187 0)
(5.29395 0.211896 0)
(5.24288 -0.00946145 0)
(5.28606 0.229926 0)
(5.21176 0.0351904 0)
(5.2709 0.256244 0)
(5.18045 0.0924478 0)
(5.25157 0.295367 0)
(5.14723 0.16832 0)
(5.226 0.350141 0)
(5.11588 0.266195 0)
(5.19483 0.430513 0)
(5.08286 0.39279 0)
(5.15181 0.5455 0)
(5.05139 0.560716 0)
(5.09076 0.70901 0)
(5.01053 0.789972 0)
(5.01549 0.9438 0)
(4.93945 1.10555 0)
(4.94967 1.3042 0)
(4.77629 1.55099 0)
(4.89983 1.87467 0)
(4.4548 2.22819 0)
(4.55765 2.70429 0)
(4.23727 3.33987 0)
(3.35155 4.23313 0)
(3.26211 4.8979 0)
(0.963598 6.0141 0)
(0.981791 0.846856 0)
(2.09226 0.379961 0)
(3.08503 0.0370735 0)
(3.64149 -0.277384 0)
(4.34727 -0.396595 0)
(4.7714 -0.346623 0)
(5.40674 -0.331066 0)
(5.88554 -0.431157 0)
(6.43642 -0.708772 0)
(6.88066 -1.00343 0)
(7.22272 -1.37847 0)
(7.41718 -1.79239 0)
(7.46867 -2.12908 0)
(7.46806 -2.38363 0)
(7.47764 -2.58642 0)
(7.44425 -2.7253 0)
(7.46327 -2.79966 0)
(7.60146 -2.84364 0)
(7.78682 -2.83655 0)
(8.00225 -2.80525 0)
(8.16077 -2.72576 0)
(8.16243 -2.54568 0)
(8.05549 -2.28537 0)
(7.94502 -2.00588 0)
(7.85868 -1.72628 0)
(7.7705 -1.43447 0)
(7.65458 -1.13156 0)
(7.51028 -0.822258 0)
(7.33806 -0.525824 0)
(7.15622 -0.259072 0)
(6.96631 -0.0283718 0)
(6.76726 0.15414 0)
(6.57443 0.285689 0)
(6.38828 0.370892 0)
(6.20575 0.406695 0)
(6.03886 0.398948 0)
(5.90087 0.36644 0)
(5.79013 0.324164 0)
(5.69795 0.277466 0)
(5.6197 0.230858 0)
(5.55555 0.189466 0)
(5.50346 0.156915 0)
(5.46297 0.130649 0)
(5.42869 0.11046 0)
(5.40373 0.0905018 0)
(5.37915 0.0776012 0)
(5.36703 0.0594813 0)
(5.34697 0.0566039 0)
(5.34877 0.0350281 0)
(5.32634 0.0482332 0)
(5.34482 0.0122511 0)
(5.31151 0.053077 0)
(5.35045 -0.013322 0)
(5.29985 0.070965 0)
(5.36051 -0.042289 0)
(5.29205 0.0968623 0)
(5.37134 -0.0707429 0)
(5.28847 0.121898 0)
(5.3842 -0.0934918 0)
(5.28744 0.140647 0)
(5.40119 -0.107739 0)
(5.28835 0.154812 0)
(5.41924 -0.115393 0)
(5.29217 0.170118 0)
(5.43338 -0.120418 0)
(5.29886 0.188749 0)
(5.44042 -0.122579 0)
(5.30813 0.207398 0)
(5.43884 -0.117673 0)
(5.31816 0.223688 0)
(5.42985 -0.102767 0)
(5.32279 0.240144 0)
(5.41534 -0.0800775 0)
(5.31926 0.259347 0)
(5.3918 -0.0479457 0)
(5.31004 0.277929 0)
(5.36032 6.26756e-05 0)
(5.28694 0.300374 0)
(5.32778 0.0617082 0)
(5.25042 0.3314 0)
(5.29304 0.147784 0)
(5.20453 0.373924 0)
(5.26479 0.261595 0)
(5.15639 0.441291 0)
(5.23978 0.403795 0)
(5.11924 0.544119 0)
(5.21815 0.581969 0)
(5.09915 0.70886 0)
(5.18092 0.806573 0)
(5.09208 0.962831 0)
(5.10673 1.10179 0)
(5.05769 1.3475 0)
(5.01519 1.53585 0)
(4.93192 1.90454 0)
(5.03373 2.25675 0)
(4.61018 2.80905 0)
(4.58683 3.2814 0)
(4.46402 4.34742 0)
(3.53694 5.31797 0)
(2.0584 7.79404 0)
(2.07195 -0.131428 0)
(2.80096 -0.12845 0)
(4.01648 -0.288228 0)
(4.4652 -0.497643 0)
(5.13926 -0.606881 0)
(5.50027 -0.574247 0)
(6.04527 -0.580455 0)
(6.618 -0.643996 0)
(7.1408 -0.869933 0)
(7.53772 -1.14483 0)
(7.80256 -1.4717 0)
(7.9034 -1.81848 0)
(7.94031 -2.12762 0)
(7.92814 -2.37869 0)
(7.94473 -2.58429 0)
(7.94439 -2.73486 0)
(8.05114 -2.84863 0)
(8.20599 -2.91684 0)
(8.34923 -2.90838 0)
(8.47373 -2.85968 0)
(8.47803 -2.7309 0)
(8.33743 -2.50021 0)
(8.16805 -2.22546 0)
(8.05398 -1.95982 0)
(7.96267 -1.68757 0)
(7.84351 -1.38678 0)
(7.68669 -1.06964 0)
(7.50557 -0.748592 0)
(7.3093 -0.446426 0)
(7.11289 -0.177443 0)
(6.91597 0.0547483 0)
(6.71165 0.235544 0)
(6.51785 0.363762 0)
(6.33653 0.445848 0)
(6.15762 0.477606 0)
(5.99114 0.462596 0)
(5.85332 0.419766 0)
(5.74471 0.367155 0)
(5.65756 0.31216 0)
(5.58633 0.259063 0)
(5.52935 0.212278 0)
(5.48328 0.17531 0)
(5.44777 0.145492 0)
(5.41706 0.122665 0)
(5.39535 0.100306 0)
(5.37218 0.085693 0)
(5.36268 0.0652776 0)
(5.3418 0.0616447 0)
(5.34745 0.0373121 0)
(5.32093 0.0517714 0)
(5.34737 0.0112277 0)
(5.30388 0.0571467 0)
(5.35941 -0.0183462 0)
(5.2876 0.0778205 0)
(5.37996 -0.0526741 0)
(5.27234 0.108492 0)
(5.4064 -0.0876362 0)
(5.25865 0.139321 0)
(5.43934 -0.117403 0)
(5.24745 0.164214 0)
(5.47727 -0.138852 0)
(5.24302 0.184947 0)
(5.51313 -0.153889 0)
(5.24752 0.207727 0)
(5.54286 -0.166931 0)
(5.25729 0.235309 0)
(5.56502 -0.177932 0)
(5.27205 0.263564 0)
(5.57718 -0.181514 0)
(5.29173 0.289005 0)
(5.58085 -0.173366 0)
(5.31061 0.314802 0)
(5.57533 -0.155689 0)
(5.32585 0.344524 0)
(5.55278 -0.127605 0)
(5.33825 0.374422 0)
(5.50906 -0.0816355 0)
(5.33803 0.407703 0)
(5.44437 -0.0213639 0)
(5.32116 0.448274 0)
(5.35473 0.059663 0)
(5.28713 0.497065 0)
(5.24811 0.165125 0)
(5.23782 0.570344 0)
(5.13552 0.295757 0)
(5.19588 0.675344 0)
(5.04812 0.463563 0)
(5.17955 0.836272 0)
(5.01814 0.691879 0)
(5.18854 1.08007 0)
(5.05128 1.02937 0)
(5.16243 1.44251 0)
(5.06705 1.53098 0)
(5.02735 2.00023 0)
(4.92121 2.22671 0)
(5.0986 3.0442 0)
(4.66676 3.39883 0)
(4.12958 4.79648 0)
(4.92298 5.1874 0)
(1.91712 8.2668 0)
(5.18768 0.486498 0)
(-1.85663 -0.0116273 0)
(1.97558 -0.0514218 0)
(1.31222 -0.00648861 0)
(1.95749 -0.00528966 0)
(2.0342 -0.000227895 0)
(2.11578 -0.000206945 0)
(2.16647 0.000159418 0)
(2.18528 0.000210954 0)
(2.20689 -9.83598e-05 0)
(10.0258 0.603188 0)
(-0.625201 0.218943 0)
(4.62552 -0.290963 0)
(3.66737 -0.03329 0)
(4.5967 -0.0617759 0)
(4.86183 -0.0239293 0)
(5.04611 -0.0147694 0)
(5.17821 -0.00781792 0)
(5.23299 -0.00455708 0)
(5.29806 -0.00307345 0)
(12.952 1.05179 0)
(2.16741 0.429069 0)
(6.56566 -0.477914 0)
(5.74831 -0.0795887 0)
(6.62628 -0.122968 0)
(7.00175 -0.0636602 0)
(7.24057 -0.0384219 0)
(7.42901 -0.0218005 0)
(7.50906 -0.0136761 0)
(7.61187 -0.00859445 0)
(14.9265 1.31618 0)
(5.25914 0.650663 0)
(8.41234 -0.577122 0)
(7.71951 -0.134643 0)
(8.38275 -0.180038 0)
(8.75993 -0.110642 0)
(8.99882 -0.0686736 0)
(9.20971 -0.0404845 0)
(9.29868 -0.0266049 0)
(9.42774 -0.0164455 0)
(16.1086 1.47919 0)
(8.19651 0.877359 0)
(10.2043 -0.575077 0)
(9.57819 -0.172597 0)
(9.95697 -0.212917 0)
(10.2402 -0.148674 0)
(10.4212 -0.0970843 0)
(10.6081 -0.0594802 0)
(10.684 -0.0410212 0)
(10.8158 -0.0255919 0)
(16.145 1.36795 0)
(10.4583 1.01174 0)
(11.6957 -0.528835 0)
(11.1877 -0.20068 0)
(11.3361 -0.223936 0)
(11.4913 -0.171015 0)
(11.5834 -0.116542 0)
(11.7019 -0.0731809 0)
(11.7426 -0.0529382 0)
(11.8415 -0.0342055 0)
(15.5895 1.17234 0)
(11.965 1.02528 0)
(12.7303 -0.471275 0)
(12.3785 -0.227447 0)
(12.4039 -0.221435 0)
(12.4615 -0.178102 0)
(12.4911 -0.124502 0)
(12.5333 -0.0780696 0)
(12.5429 -0.0572623 0)
(12.5793 -0.0383495 0)
(14.8479 1.12738 0)
(12.856 1.00335 0)
(13.3319 -0.392566 0)
(13.0879 -0.248355 0)
(13.0515 -0.214837 0)
(13.0494 -0.177159 0)
(13.0532 -0.127001 0)
(13.0521 -0.0791905 0)
(13.0545 -0.0578082 0)
(13.0506 -0.0391666 0)
(13.9418 1.01347 0)
(13.2151 0.90893 0)
(13.5403 -0.323876 0)
(13.3547 -0.263681 0)
(13.2755 -0.208539 0)
(13.2445 -0.170926 0)
(13.2306 -0.124799 0)
(13.2248 -0.0775503 0)
(13.2265 -0.0561578 0)
(13.2258 -0.0382234 0)
(12.928 0.840333 0)
(13.0826 0.754606 0)
(13.3969 -0.27239 0)
(13.2809 -0.27209 0)
(13.1947 -0.205373 0)
(13.1721 -0.164646 0)
(13.1561 -0.122199 0)
(13.1696 -0.076727 0)
(13.1728 -0.0559555 0)
(13.1955 -0.0387136 0)
(12.1542 0.658868 0)
(12.7219 0.575731 0)
(13.1083 -0.240663 0)
(13.0832 -0.278637 0)
(13.0224 -0.208837 0)
(13.0273 -0.161912 0)
(13.0255 -0.121623 0)
(13.0645 -0.0779166 0)
(13.0724 -0.0578831 0)
(13.1194 -0.0407239 0)
(11.7657 0.531172 0)
(12.4117 0.417956 0)
(12.8745 -0.219675 0)
(12.9327 -0.284486 0)
(12.9102 -0.217852 0)
(12.9337 -0.163133 0)
(12.9519 -0.123487 0)
(13.0041 -0.0811173 0)
(13.0186 -0.061942 0)
(13.0764 -0.0441641 0)
(11.6564 0.414097 0)
(12.295 0.275282 0)
(12.7946 -0.215901 0)
(12.8999 -0.295679 0)
(12.9156 -0.233076 0)
(12.9282 -0.16937 0)
(12.9677 -0.12839 0)
(12.9967 -0.0860564 0)
(13.0206 -0.0675774 0)
(13.0468 -0.0478818 0)
(11.5971 0.291909 0)
(12.3099 0.144353 0)
(12.8212 -0.22154 0)
(12.955 -0.307883 0)
(12.9871 -0.248653 0)
(12.9538 -0.176692 0)
(12.9735 -0.131842 0)
(12.9172 -0.0883803 0)
(12.9203 -0.0694013 0)
(12.8467 -0.0471337 0)
(11.5314 0.148363 0)
(12.358 0.0154347 0)
(12.8787 -0.240595 0)
(13.0114 -0.322772 0)
(12.9393 -0.258183 0)
(12.7681 -0.175598 0)
(12.6501 -0.123201 0)
(12.4736 -0.07949 0)
(12.4076 -0.0594366 0)
(12.2518 -0.0384172 0)
(11.4767 -0.00153701 0)
(12.4098 -0.10523 0)
(12.8829 -0.268159 0)
(12.7583 -0.319154 0)
(12.3693 -0.236823 0)
(11.9816 -0.146886 0)
(11.7238 -0.0943596 0)
(11.4857 -0.0574733 0)
(11.384 -0.0411333 0)
(11.2165 -0.0264298 0)
(11.4576 -0.178282 0)
(12.2684 -0.216732 0)
(12.2425 -0.270876 0)
(11.6282 -0.26617 0)
(10.9695 -0.175081 0)
(10.487 -0.0972451 0)
(10.2012 -0.0581721 0)
(9.98028 -0.0342478 0)
(9.88436 -0.0242073 0)
(9.74297 -0.0159828 0)
(11.0113 -0.315631 0)
(10.9857 -0.231044 0)
(10.3698 -0.198071 0)
(9.51949 -0.167499 0)
(8.824 -0.0987184 0)
(8.38852 -0.0492753 0)
(8.15364 -0.0280423 0)
(7.9891 -0.0163475 0)
(7.91852 -0.0115462 0)
(7.81692 -0.00804156 0)
(8.94875 -0.289123 0)
(8.13774 -0.138352 0)
(7.33865 -0.0942541 0)
(6.58065 -0.0721347 0)
(6.0373 -0.0367953 0)
(5.7403 -0.0154331 0)
(5.59622 -0.0082645 0)
(5.50045 -0.00486459 0)
(5.46074 -0.00348537 0)
(5.40078 -0.00281681 0)
(4.09575 -0.141969 0)
(3.4707 -0.0145941 0)
(3.01066 -0.00399545 0)
(2.65301 -0.00283103 0)
(2.42045 0.000886084 0)
(2.32023 0.00143045 0)
(2.2817 0.000662434 0)
(2.25562 0.000253608 0)
(2.24536 0.000162058 0)
(2.22638 -0.000128614 0)
)
;

boundaryField
{
    inlet
    {
        type            calculated;
        value           uniform (10 0 0);
    }
    outlet
    {
        type            calculated;
        value           nonuniform List<vector> 
20
(
(2.20689 -9.83598e-05 0)
(5.29806 -0.00307345 0)
(7.61187 -0.00859445 0)
(9.42774 -0.0164455 0)
(10.8158 -0.0255919 0)
(11.8415 -0.0342055 0)
(12.5793 -0.0383495 0)
(13.0506 -0.0391666 0)
(13.2258 -0.0382234 0)
(13.1955 -0.0387136 0)
(13.1194 -0.0407239 0)
(13.0764 -0.0441641 0)
(13.0468 -0.0478818 0)
(12.8467 -0.0471337 0)
(12.2518 -0.0384172 0)
(11.2165 -0.0264298 0)
(9.74297 -0.0159828 0)
(7.81692 -0.00804156 0)
(5.40078 -0.00281681 0)
(2.22638 -0.000128614 0)
)
;
    }
    walls
    {
        type            calculated;
        value           uniform (0 0 0);
    }
    frontAndBack
    {
        type            empty;
    }
}


// ************************************************************************* //
