/*--------------------------------*- C++ -*----------------------------------*\
| =========                 |                                                 |
| \\      /  F ield         | OpenFOAM: The Open Source CFD Toolbox           |
|  \\    /   O peration     | Version:  2.4.0                                 |
|   \\  /    A nd           | Web:      www.OpenFOAM.org                      |
|    \\/     M anipulation  |                                                 |
\*---------------------------------------------------------------------------*/
FoamFile
{
    version     2.0;
    format      ascii;
    class       volScalarField;
    location    "0.093";
    object      k_0;
}
// * * * * * * * * * * * * * * * * * * * * * * * * * * * * * * * * * * * * * //

dimensions      [0 2 -2 0 0 0 0];

internalField   nonuniform List<scalar> 
4400
(
9.51967
8.51553
6.47456
5.34765
4.57384
4.30109
3.95005
3.86121
3.62746
4.04387
4.39364
6.79254
6.7118
6.34562
5.61931
5.32496
4.88131
4.76499
4.55132
4.61842
1.14958
3.1979
4.17617
4.56763
4.43697
4.33301
4.0783
3.9694
3.91098
3.75437
0.160475
0.97024
1.67057
2.3442
2.63561
2.83349
2.84888
2.8307
2.87471
2.7906
0.0168887
0.174954
0.396075
0.752492
1.07572
1.32438
1.55041
1.61779
1.73092
1.79786
0.00143159
0.0199925
0.0550732
0.122087
0.268037
0.360263
0.553911
0.650779
0.720032
0.886046
0.00013401
0.00197258
0.00493163
0.0117293
0.0338634
0.0528536
0.105336
0.152929
0.176409
0.267915
4.14914e-05
0.000349625
0.000523023
0.000926874
0.00243771
0.00391561
0.00952814
0.018023
0.0208906
0.0413307
3.51589e-05
0.000158083
0.000214308
0.000236836
0.000305844
0.000360487
0.00074872
0.00131251
0.00133321
0.00258436
3.34338e-05
0.00013413
0.00019445
0.000199538
0.000191801
0.000191708
0.000223927
0.000285618
0.000290757
0.000316372
3.34243e-05
0.000114032
0.000171324
0.000201873
0.000207208
0.000219818
0.000241489
0.00025595
0.000288841
0.000383565
3.41584e-05
0.000101765
0.000216641
0.000273689
0.000301046
0.000397386
0.000524961
0.000900926
0.00181921
0.00492219
3.99423e-05
0.000235499
0.000446001
0.000898012
0.00174531
0.00464477
0.00800478
0.0168556
0.0280592
0.0645621
0.000139102
0.00148902
0.0043897
0.0123557
0.0258073
0.0622093
0.0921554
0.16023
0.210933
0.361634
0.00149589
0.0167688
0.0526143
0.134134
0.233121
0.401653
0.51682
0.690297
0.791077
1.03287
0.0174679
0.148965
0.42123
0.73478
1.08771
1.33611
1.53188
1.68697
1.77675
1.95599
0.165144
0.930776
1.7261
2.2948
2.68948
2.79173
2.88315
2.87073
2.87912
2.90608
1.17768
3.14502
4.23234
4.51542
4.48415
4.26421
4.1567
3.92828
3.86211
3.75154
4.40975
6.74994
6.74393
6.2734
5.73773
5.1782
4.98241
4.61355
4.50237
4.21612
9.52993
8.47791
6.52523
5.27175
4.65814
4.17475
4.00531
3.69083
3.57667
3.17866
1.93298
0.820947
0.786667
0.883277
1.13217
1.15006
1.15923
1.1708
1.13299
1.12087
0.813972
0.524922
0.380596
0.338313
0.275297
0.218657
0.207191
0.21444
0.245775
0.340371
0.360346
0.34392
0.312615
0.239615
0.107322
0.0560478
0.0497849
0.0572372
0.0808451
0.134243
0.151731
0.153192
0.159132
0.175472
0.214558
0.304911
0.344132
0.34215
0.320996
0.285775
0.258918
0.242397
0.221327
0.169656
0.138904
0.111139
0.0885685
0.0865953
0.0862333
0.0845076
0.124386
0.383793
0.444713
0.35296
0.255257
0.161839
0.122116
0.0936839
0.0861193
0.0867066
0.0901649
0.0986492
0.118053
0.196058
0.289121
0.298059
0.253616
0.130977
0.0780009
0.0518618
0.0470032
0.0403083
0.0398014
0.0388576
0.040723
0.0404202
0.0423007
0.0434525
0.0481822
0.0539837
0.0678152
0.0694358
0.0704586
0.061828
0.0510018
0.0382395
0.029424
0.0220673
0.018626
0.0136705
0.0105088
0.00811776
0.00620832
0.00514492
0.00380086
0.00223281
0.00286792
0.0052904
0.0502363
0.501267
3.56988
2.35531
1.8683
1.60795
1.47311
1.36133
1.21801
1.19818
1.08694
1.15914
1.11752
0.935849
0.652731
0.523574
0.397171
0.314502
0.313347
0.339004
0.424581
0.426291
0.398144
0.345454
0.22716
0.0984812
0.0487167
0.0376817
0.0443578
0.0707609
0.141769
0.20659
0.20841
0.191536
0.168536
0.165977
0.172218
0.203329
0.254858
0.281352
0.282035
0.273276
0.25264
0.229428
0.197985
0.147145
0.124031
0.104685
0.0863719
0.0866548
0.0885364
0.0890686
0.15708
0.415731
0.459517
0.379474
0.26278
0.163875
0.123104
0.0925628
0.0791193
0.0785401
0.0815572
0.0904157
0.108078
0.173203
0.27174
0.29109
0.262315
0.152254
0.0953422
0.0584637
0.0537174
0.0432169
0.0446254
0.0429173
0.0463845
0.0453072
0.0474728
0.0475568
0.0492892
0.054174
0.0675827
0.0690471
0.0713007
0.0617885
0.0522588
0.0371407
0.0324953
0.0252483
0.0239885
0.0195291
0.0164886
0.0103883
0.00809776
0.00551061
0.00601103
0.00396208
0.00656056
0.00611047
0.0395077
0.318551
3.22246
2.67367
2.23205
1.88971
1.57924
1.43399
1.16071
1.11622
1.01942
1.0027
1.02068
0.981318
0.859548
0.767144
0.639032
0.58578
0.538876
0.514104
0.499171
0.454313
0.381107
0.228369
0.095618
0.0438179
0.0297919
0.033447
0.0594297
0.142027
0.255881
0.295687
0.291581
0.270477
0.208457
0.174026
0.160938
0.165613
0.181347
0.212296
0.227578
0.227447
0.218625
0.196801
0.169712
0.128643
0.112377
0.0999908
0.0855653
0.0875081
0.0912715
0.0972123
0.190459
0.430984
0.479608
0.401453
0.260609
0.161105
0.127339
0.0924722
0.0763667
0.072605
0.0744385
0.0823613
0.0990278
0.152959
0.254652
0.284385
0.266131
0.17239
0.117947
0.0689315
0.0638059
0.0506039
0.0543212
0.0519213
0.0561097
0.0529869
0.052842
0.0513482
0.0521183
0.0558815
0.0686
0.0703355
0.072275
0.0640708
0.051225
0.0344917
0.0308337
0.0246568
0.0266097
0.0245846
0.025016
0.0176793
0.0157153
0.008739
0.0088896
0.00602836
0.0148756
0.00894895
0.0394131
0.197946
2.45988
2.17169
1.89753
1.63744
1.34211
1.20216
0.962829
0.863908
0.80345
0.744409
0.7466
0.759453
0.748786
0.70749
0.662226
0.647725
0.596408
0.54698
0.477341
0.387058
0.207369
0.0898777
0.0413949
0.0251343
0.0256676
0.0428721
0.119352
0.286352
0.363819
0.37265
0.355438
0.332149
0.288216
0.205091
0.167917
0.154819
0.156523
0.163469
0.180361
0.184684
0.178512
0.161557
0.14805
0.119554
0.106512
0.0970018
0.085978
0.0884883
0.094383
0.106054
0.199941
0.444629
0.496652
0.40655
0.245849
0.155469
0.133866
0.0937576
0.0783724
0.0689241
0.0695304
0.0759576
0.0912389
0.135645
0.237591
0.277313
0.265546
0.191518
0.143494
0.0838446
0.077988
0.0628542
0.066882
0.0635787
0.0674756
0.062521
0.0588582
0.0552553
0.0556885
0.0581736
0.0711533
0.0744481
0.0751065
0.0670271
0.0506413
0.0333782
0.0274275
0.022731
0.028979
0.0270763
0.0499606
0.0405584
0.104983
0.0543463
0.0851604
0.030469
0.0332455
0.0167613
0.0323061
0.110472
1.65245
1.4934
1.34028
1.15886
0.93842
0.80151
0.643999
0.523843
0.498523
0.47758
0.461802
0.463128
0.473296
0.457571
0.455721
0.451739
0.430546
0.387507
0.296202
0.168734
0.0787505
0.0362697
0.022384
0.0210079
0.028663
0.0839192
0.274604
0.410004
0.432108
0.412391
0.365872
0.340936
0.323517
0.274542
0.193368
0.159806
0.150889
0.150581
0.155127
0.157816
0.152201
0.144404
0.136987
0.115704
0.104441
0.0956008
0.0891933
0.0915201
0.0970535
0.112085
0.180682
0.443812
0.498789
0.405168
0.238962
0.160094
0.147566
0.101416
0.0879143
0.0698174
0.0687467
0.0718997
0.0842867
0.12322
0.219543
0.266621
0.262107
0.206698
0.17192
0.10186
0.0945954
0.0762857
0.0801187
0.0765063
0.0795857
0.0727849
0.0644811
0.0579003
0.0580669
0.0596773
0.0720916
0.0778323
0.0785594
0.0715523
0.0501439
0.0357955
0.0232482
0.0224066
0.0222676
0.0246924
0.0372208
0.0393573
0.103843
0.0891075
0.261366
0.172364
0.21824
0.0971353
0.0635313
0.0865138
0.834006
0.774714
0.725815
0.627097
0.488998
0.387637
0.296012
0.215082
0.196918
0.198418
0.193207
0.199054
0.205417
0.196814
0.199353
0.19492
0.181826
0.147807
0.102425
0.0590146
0.02821
0.0176741
0.0170169
0.0206498
0.0516871
0.202477
0.440088
0.486059
0.46388
0.412228
0.355419
0.328401
0.320959
0.307242
0.249722
0.178604
0.155795
0.15001
0.149338
0.148016
0.142138
0.139627
0.133551
0.113921
0.104674
0.0971214
0.0946287
0.0978602
0.100897
0.119073
0.183532
0.436277
0.484533
0.414873
0.251962
0.197232
0.189242
0.120734
0.103098
0.0733008
0.0702383
0.070905
0.0795078
0.112209
0.201656
0.257285
0.256109
0.217002
0.189667
0.124295
0.115676
0.0930477
0.0950555
0.0907586
0.0910612
0.0800081
0.0697148
0.0618219
0.0621985
0.0637314
0.0750039
0.0827101
0.0828138
0.0757968
0.0529887
0.0359073
0.0229609
0.0199858
0.0190675
0.0221626
0.0261898
0.0347033
0.0727709
0.0831648
0.144055
0.155252
0.183764
0.155793
0.170604
0.117208
0.25621
0.242713
0.231529
0.204124
0.149988
0.113752
0.0852551
0.0608677
0.0564132
0.0568937
0.0537591
0.056874
0.0582737
0.0559837
0.0558386
0.0546508
0.0518431
0.0434755
0.0321206
0.0187749
0.0122697
0.0131234
0.0159185
0.0334079
0.122786
0.411758
0.540548
0.524018
0.459601
0.382482
0.322419
0.298678
0.303178
0.304746
0.288182
0.220104
0.171595
0.155031
0.15056
0.14839
0.146887
0.144504
0.132899
0.115717
0.112162
0.105151
0.102707
0.104684
0.106102
0.126897
0.193114
0.432997
0.449345
0.457827
0.318583
0.270615
0.238027
0.134954
0.12194
0.0827461
0.0760937
0.0717081
0.0766804
0.10343
0.18728
0.247876
0.248827
0.22329
0.201988
0.14566
0.136201
0.110967
0.110015
0.103048
0.0997632
0.085075
0.0752027
0.0663095
0.0672131
0.068214
0.0798692
0.0859985
0.0866157
0.0801132
0.0573863
0.0372863
0.025293
0.0186624
0.0151679
0.0160938
0.0186999
0.0240283
0.0705597
0.0787452
0.230102
0.183802
0.241032
0.202503
0.189582
0.14388
0.0400464
0.0379549
0.0362591
0.0322415
0.0236067
0.0184097
0.01373
0.0100929
0.00959403
0.00960802
0.00895082
0.0096872
0.00960004
0.00919301
0.00881367
0.0102019
0.0106701
0.0103254
0.00871303
0.00781047
0.00912189
0.0132161
0.0260596
0.0768724
0.309403
0.594495
0.604696
0.539936
0.418581
0.357182
0.308291
0.280379
0.279402
0.293333
0.289895
0.262311
0.202995
0.169102
0.157036
0.155006
0.154735
0.149784
0.131165
0.126606
0.126131
0.120519
0.116441
0.114312
0.112809
0.12992
0.195116
0.418211
0.429563
0.526776
0.382048
0.311551
0.246056
0.133065
0.152117
0.0973255
0.0890498
0.0741334
0.0772405
0.0976145
0.171858
0.236755
0.242928
0.226376
0.210714
0.164677
0.154263
0.127622
0.122891
0.111702
0.105774
0.0885976
0.0789481
0.0710734
0.0740485
0.0760521
0.0902539
0.0938115
0.0943262
0.0841653
0.059074
0.0380273
0.0261391
0.0187743
0.0142703
0.0140258
0.0142998
0.0186712
0.0183556
0.0557202
0.0574964
0.141404
0.153324
0.184597
0.242191
0.197388
0.00252906
0.00239479
0.00227661
0.00205798
0.00175164
0.00142322
0.00127649
0.00129015
0.00135532
0.00138945
0.00140722
0.00151554
0.0015104
0.0015265
0.00161415
0.00213842
0.00301979
0.00397528
0.00467552
0.00667287
0.0137351
0.0284445
0.0628764
0.183994
0.559116
0.679954
0.630824
0.484652
0.395178
0.348708
0.306972
0.283596
0.280081
0.285508
0.288132
0.279915
0.237958
0.198067
0.1759
0.17209
0.166909
0.149319
0.145214
0.14986
0.150981
0.143652
0.135828
0.123214
0.116837
0.129679
0.194891
0.376926
0.418168
0.608724
0.399693
0.314634
0.233935
0.142785
0.218527
0.11279
0.107799
0.0795865
0.0799151
0.0935638
0.161762
0.229453
0.236382
0.225499
0.213014
0.179271
0.166072
0.138405
0.131916
0.118705
0.109552
0.0911687
0.0833376
0.0781233
0.0831117
0.0858171
0.100899
0.102616
0.103422
0.0901775
0.0639592
0.0398444
0.0273591
0.0190155
0.014669
0.0134596
0.0133851
0.0159038
0.0142812
0.035603
0.0291391
0.0881121
0.0826424
0.126637
0.225054
0.221613
0.000318293
0.000321417
0.000331007
0.000359661
0.000429136
0.000580531
0.000908279
0.00141987
0.00182308
0.00190242
0.00207242
0.00216231
0.0021819
0.00224809
0.00253465
0.00292413
0.00374458
0.00548345
0.0090872
0.0186752
0.0435971
0.0742443
0.143473
0.42942
0.723417
0.71466
0.575146
0.442981
0.385152
0.347843
0.313877
0.290177
0.284842
0.286221
0.291582
0.288405
0.267927
0.222071
0.200737
0.19188
0.176116
0.166707
0.171817
0.189588
0.188205
0.173908
0.154018
0.132358
0.123561
0.132506
0.203871
0.308647
0.408988
0.634783
0.398585
0.283149
0.242844
0.195653
0.326392
0.134038
0.12602
0.0871014
0.0863829
0.0938469
0.152254
0.217749
0.229984
0.222963
0.213103
0.187794
0.170677
0.146934
0.137609
0.124693
0.112296
0.0937734
0.0892363
0.0865089
0.094883
0.0982448
0.116931
0.116086
0.1159
0.0959209
0.0679886
0.0408487
0.0284468
0.0188485
0.0157528
0.0132412
0.0128825
0.0137682
0.0128973
0.0245681
0.0205515
0.0576761
0.0540011
0.0896397
0.114973
0.186951
0.000535698
0.000648956
0.000814457
0.00119783
0.00191628
0.00355609
0.00618551
0.00879237
0.0117198
0.0119752
0.0118186
0.0118756
0.0117472
0.0120307
0.0129443
0.0143463
0.017381
0.0234361
0.0352402
0.0678659
0.110726
0.163965
0.292267
0.680123
0.79289
0.721667
0.514558
0.421556
0.382849
0.358349
0.321122
0.289676
0.286597
0.288167
0.296014
0.295867
0.291248
0.247837
0.230605
0.210098
0.19744
0.199083
0.22461
0.238843
0.230552
0.199107
0.165357
0.137029
0.127713
0.13509
0.206907
0.254274
0.394725
0.629435
0.363131
0.283883
0.311603
0.266335
0.357599
0.131893
0.162074
0.0934601
0.0993437
0.0966438
0.1541
0.209233
0.22449
0.219555
0.213059
0.193668
0.174014
0.153299
0.143255
0.12983
0.114352
0.0988547
0.0988838
0.0992484
0.115821
0.119575
0.138955
0.133052
0.131463
0.10283
0.0739243
0.0423727
0.0311175
0.0187747
0.0173237
0.0136976
0.0142297
0.0135607
0.0128777
0.0177975
0.0173179
0.0401122
0.0390183
0.0686569
0.0741811
0.11013
0.00767207
0.00835245
0.00971341
0.0130766
0.0172433
0.0271358
0.0383508
0.0478092
0.0557637
0.0558144
0.0540533
0.0530515
0.0509987
0.0512267
0.0525925
0.0560309
0.0641859
0.0789663
0.107673
0.177791
0.230525
0.314755
0.575595
0.818115
0.811858
0.641163
0.486459
0.409958
0.391803
0.375684
0.34479
0.30857
0.297774
0.296398
0.304029
0.308829
0.30626
0.269185
0.258498
0.232916
0.232213
0.255151
0.29165
0.286115
0.254482
0.203751
0.168872
0.136935
0.129173
0.135652
0.194855
0.218691
0.362595
0.581546
0.3605
0.335024
0.332196
0.370134
0.298626
0.148304
0.271315
0.105872
0.125746
0.103372
0.16476
0.20483
0.224946
0.219572
0.214219
0.197714
0.175237
0.15739
0.148907
0.132483
0.115701
0.107487
0.113986
0.11918
0.151769
0.154372
0.173984
0.158348
0.152594
0.110931
0.0788163
0.0425731
0.0335469
0.0192186
0.0210056
0.0156167
0.0179383
0.0144678
0.0149494
0.0167004
0.0169735
0.0301007
0.030173
0.0519349
0.0548466
0.0739631
0.0761933
0.077983
0.0826516
0.0946272
0.106308
0.137599
0.16079
0.177356
0.184314
0.181813
0.173358
0.169159
0.162559
0.156118
0.157185
0.162648
0.176158
0.202474
0.267519
0.345811
0.408972
0.546962
0.782587
0.854539
0.742434
0.576443
0.476748
0.406037
0.394571
0.397631
0.380996
0.352232
0.330741
0.316637
0.321286
0.323587
0.32279
0.31299
0.289214
0.268433
0.283713
0.334455
0.335805
0.308213
0.25867
0.207882
0.167552
0.134537
0.129708
0.135637
0.170644
0.18332
0.318764
0.530972
0.408092
0.431497
0.361972
0.379478
0.244532
0.219457
0.419447
0.107812
0.186345
0.115064
0.190465
0.206982
0.229343
0.22168
0.217161
0.200694
0.176995
0.16419
0.154823
0.133572
0.122509
0.121639
0.142527
0.156421
0.216525
0.211599
0.232215
0.20125
0.185115
0.118844
0.0849282
0.0428536
0.037319
0.0229989
0.0282817
0.0197893
0.0242551
0.0176242
0.0202576
0.0185046
0.0193216
0.0267143
0.0269067
0.0401432
0.0422276
0.0554805
0.361296
0.355759
0.358186
0.366251
0.380047
0.418724
0.432887
0.433128
0.42943
0.412719
0.390359
0.379964
0.364209
0.341577
0.341036
0.346748
0.363453
0.403065
0.490789
0.542081
0.634813
0.760907
0.850088
0.814571
0.603684
0.555345
0.481658
0.406869
0.395618
0.409265
0.403904
0.383925
0.366325
0.35505
0.356953
0.358057
0.365873
0.34517
0.312945
0.313245
0.362484
0.3748
0.353472
0.305959
0.261079
0.209654
0.163874
0.130905
0.129543
0.1351
0.148897
0.159495
0.272477
0.512493
0.499517
0.513067
0.345011
0.291186
0.301867
0.286469
0.37611
0.131246
0.367991
0.140781
0.250126
0.219424
0.240161
0.228367
0.224444
0.205096
0.181972
0.174004
0.158999
0.139251
0.13953
0.145697
0.210863
0.2406
0.344303
0.314827
0.327487
0.269608
0.222359
0.119813
0.0893159
0.0445532
0.0463077
0.0325576
0.0400755
0.0283193
0.0348933
0.0246949
0.0285
0.0237989
0.0252279
0.0283457
0.0281259
0.034421
0.0352247
0.0410834
0.985555
0.917711
0.883712
0.847174
0.829144
0.822605
0.801796
0.760343
0.72846
0.685398
0.647036
0.629899
0.598782
0.562038
0.559328
0.565244
0.583888
0.638543
0.695632
0.76144
0.816956
0.839259
0.82214
0.642852
0.518515
0.572633
0.5369
0.424574
0.397073
0.412179
0.423271
0.414364
0.39412
0.385914
0.391993
0.394695
0.388895
0.362793
0.354126
0.383148
0.398448
0.363606
0.295704
0.273625
0.242757
0.193005
0.154862
0.129778
0.130589
0.139304
0.143481
0.150038
0.229103
0.499179
0.582367
0.529676
0.319817
0.300922
0.283995
0.306249
0.217233
0.21646
0.488587
0.168156
0.290322
0.248055
0.270136
0.247136
0.240719
0.211116
0.193947
0.18221
0.16436
0.158645
0.177033
0.211227
0.383907
0.441429
0.595916
0.52189
0.500777
0.355419
0.24532
0.12249
0.0964027
0.0531016
0.062987
0.0463073
0.0572488
0.041376
0.0507859
0.0369901
0.0425068
0.0349524
0.0378866
0.0348217
0.0323164
0.0350461
0.0350067
0.0360083
1.79445
1.61001
1.46834
1.3433
1.25692
1.18244
1.09343
1.02156
0.968462
0.90963
0.866533
0.83642
0.783318
0.754683
0.755314
0.764031
0.789056
0.84112
0.886742
0.889406
0.876866
0.826776
0.66275
0.452947
0.465628
0.656198
0.655764
0.490208
0.408808
0.409449
0.425883
0.432356
0.424242
0.420635
0.418006
0.422259
0.407116
0.409793
0.398942
0.4014
0.344224
0.247137
0.213046
0.199928
0.192904
0.175973
0.145298
0.135844
0.141914
0.156138
0.154159
0.15534
0.207532
0.484458
0.600457
0.588293
0.35928
0.324698
0.291354
0.274662
0.298229
0.23614
0.329433
0.232478
0.333449
0.274481
0.317797
0.294352
0.266017
0.233662
0.215386
0.19072
0.191424
0.205326
0.316791
0.445895
0.831744
0.921273
0.985533
0.822456
0.633296
0.356667
0.2535
0.125493
0.113686
0.0768082
0.0928699
0.068368
0.0867149
0.0625549
0.0780406
0.0572061
0.0658153
0.0534325
0.0568458
0.0492001
0.0444911
0.041375
0.0388333
0.0381998
2.56346
2.19456
1.886
1.65182
1.49286
1.3553
1.24578
1.17222
1.10587
1.04588
1.0052
0.964075
0.927171
0.922387
0.927968
0.944771
0.976181
0.977563
0.964944
0.922351
0.812567
0.586434
0.398541
0.335997
0.430722
0.753695
0.903056
0.689749
0.474435
0.413214
0.413658
0.428773
0.437081
0.441045
0.443109
0.448847
0.426288
0.418969
0.393084
0.333167
0.196065
0.160864
0.154131
0.158223
0.174369
0.174475
0.145423
0.152692
0.190972
0.194498
0.181529
0.185587
0.220507
0.44133
0.573308
0.722389
0.502745
0.399654
0.325684
0.31277
0.307744
0.238544
0.332255
0.41674
0.452219
0.344463
0.378268
0.361432
0.297503
0.255211
0.242737
0.251996
0.3026
0.447158
0.858203
1.29328
1.55023
1.40373
1.21974
0.79529
0.580905
0.32197
0.258012
0.145555
0.165076
0.120733
0.154284
0.113599
0.14924
0.10658
0.137369
0.100497
0.118385
0.0941511
0.100599
0.0827035
0.0766265
0.0630625
0.0599522
0.0545671
3.07375
2.43679
2.00632
1.73186
1.54984
1.40371
1.31083
1.23845
1.17492
1.13584
1.10353
1.07515
1.06484
1.06583
1.06981
1.06639
1.05183
1.01013
0.906754
0.665608
0.422781
0.283044
0.239575
0.254586
0.39344
0.776579
1.13454
1.17164
0.77536
0.537772
0.43343
0.406123
0.418865
0.429628
0.434813
0.435701
0.404437
0.369239
0.278232
0.164812
0.130791
0.129848
0.139227
0.153691
0.157806
0.148653
0.161667
0.201794
0.257638
0.260269
0.265664
0.350477
0.373576
0.440275
0.530207
0.736844
0.707416
0.622454
0.492309
0.402484
0.44822
0.29201
0.395046
0.514706
0.442959
0.475798
0.434387
0.416739
0.366673
0.387815
0.466699
0.69481
0.994846
1.76527
2.03586
2.0038
1.84256
1.31754
1.03325
0.621309
0.523472
0.327941
0.347653
0.255132
0.31534
0.236968
0.313962
0.232935
0.309632
0.225079
0.298406
0.221312
0.272863
0.218165
0.241667
0.19764
0.19302
0.174654
0.181761
0.184099
3.09682
2.32774
1.91
1.67214
1.5142
1.40269
1.32609
1.25707
1.20657
1.17746
1.15198
1.14022
1.13755
1.13038
1.10629
1.04943
0.929786
0.739183
0.523147
0.339672
0.244576
0.225562
0.237713
0.273639
0.36745
0.686962
1.17523
1.48059
1.67401
1.39297
0.974637
0.614111
0.429193
0.364369
0.349164
0.32484
0.281973
0.22116
0.167694
0.142219
0.139925
0.144633
0.164071
0.195609
0.179978
0.200572
0.261153
0.328187
0.425063
0.661127
0.766561
0.851284
0.69544
0.568095
0.567444
0.737338
0.903181
0.965615
1.06681
0.709994
1.08178
0.476936
0.588437
0.739349
0.556812
0.721569
0.682561
0.866178
1.05984
1.86282
2.22242
3.14435
3.01215
3.08305
2.4604
2.10651
1.21556
1.15937
0.849952
0.810476
0.710247
0.694679
0.732508
0.698602
0.777725
0.705788
0.82204
0.707103
0.836504
0.701801
0.859885
0.730397
0.883823
0.807049
0.909011
0.865604
0.929284
1.01012
1.18587
1.32808
2.07948
1.66461
1.46769
1.33966
1.22822
1.12037
1.02179
0.938734
0.87924
0.84335
0.82472
0.815965
0.803981
0.77541
0.713594
0.620677
0.51139
0.417267
0.362475
0.351805
0.385692
0.494451
0.726003
1.11311
1.44048
1.43305
1.02214
1.02395
1.90773
2.89761
3.37086
3.30172
2.60397
1.67899
0.953333
0.498081
0.269055
0.173084
0.150849
0.168889
0.169462
0.161089
0.165142
0.214008
0.27477
0.344085
0.447032
0.815099
0.997132
1.43133
1.40785
1.40159
1.05467
1.1307
0.864937
0.755463
0.932309
1.24367
2.16526
1.45403
3.02768
0.635381
1.12957
0.851232
0.829156
1.76702
2.44164
4.53258
5.04142
6.14104
5.32439
5.26922
3.53221
3.12413
1.38236
1.53682
0.60533
1.24702
0.562038
1.43203
0.772553
1.74654
1.06569
2.00022
1.3225
2.15974
1.53819
2.22606
1.73572
2.30955
2.01552
2.47234
2.41514
2.85079
2.88089
3.41854
3.67074
4.62333
4.83717
5.69527
0.0857283
0.163843
0.340261
1.07826
1.06836
0.54556
0.237157
0.247567
0.351932
0.594102
0.822957
0.843484
0.735494
0.462118
0.443185
0.95161
2.23388
3.68203
4.42434
4.75507
4.65311
3.83972
2.85276
1.73841
1.04265
0.752421
0.719919
1.08402
1.39515
1.52461
1.59986
1.54332
1.21655
0.824704
1.06737
1.95912
2.43035
2.42766
2.63755
2.17739
0.929497
0.706492
0.395248
0.316647
0.390176
0.584413
0.818402
0.98707
1.05463
1.06778
1.08141
1.11992
1.22638
1.4143
1.6039
1.63743
1.46075
1.16134
0.923477
0.711258
0.500691
0.30812
0.189132
0.125917
0.0967747
0.0787947
0.0710882
0.0702759
0.0756741
0.0853492
0.0932846
0.101426
0.105653
0.106245
0.105441
0.102787
0.100765
0.0988177
0.0958117
0.0906271
0.0822592
0.0708037
0.0572013
0.0435672
0.0325989
0.0271957
0.024415
0.0224304
0.0213912
0.0211406
0.0215628
0.0230061
0.0258715
0.0315778
0.0390345
0.0451484
0.144796
0.329181
0.246297
0.119368
0.157887
0.182518
0.178437
0.250596
0.531546
0.486893
0.292176
0.152097
0.129878
0.137572
0.159734
0.22591
0.542696
1.14498
1.35546
1.68695
2.11155
2.20886
1.71829
1.39003
0.903485
0.700563
0.648035
0.636116
0.747993
0.842297
0.82882
0.61404
0.585996
0.614097
0.58739
0.62838
1.00499
1.32141
1.42328
1.50938
0.845555
0.590792
0.558792
0.335897
0.219191
0.213249
0.225566
0.223225
0.234782
0.245153
0.281283
0.40576
0.584115
0.656296
0.677586
0.707635
0.720827
0.738551
0.808958
1.07554
1.23802
1.18444
0.83157
0.428841
0.229558
0.141735
0.106167
0.0938595
0.0904358
0.0904386
0.0916095
0.0942972
0.0977965
0.101622
0.107325
0.116719
0.125868
0.138741
0.149946
0.166629
0.183609
0.199134
0.212537
0.220671
0.22247
0.217652
0.204114
0.185244
0.161419
0.133993
0.102255
0.0693752
0.0439837
0.0302338
0.0264894
0.0305536
0.0400285
0.0522112
0.062714
0.109279
0.197203
0.201719
0.121499
0.134874
0.199061
0.18256
0.128881
0.128332
0.208798
0.290029
0.236786
0.135859
0.112227
0.118411
0.172781
0.438938
1.13354
1.36188
1.28516
1.31552
1.13492
0.724875
0.544758
0.463027
0.420589
0.41072
0.409903
0.405231
0.464939
0.585948
0.700518
0.675973
0.504388
0.38078
0.427165
0.860473
1.17307
1.17862
0.936014
0.522741
0.243904
0.19126
0.194663
0.190365
0.189878
0.177646
0.163474
0.143549
0.169162
0.165568
0.144589
0.136383
0.142528
0.168778
0.174718
0.168321
0.158385
0.160404
0.176965
0.227721
0.431342
0.783562
0.808146
0.66087
0.316816
0.162708
0.113552
0.103452
0.0979423
0.0949823
0.0888299
0.0858344
0.0765726
0.0713243
0.0587245
0.0595736
0.0537206
0.0566451
0.0584206
0.0667546
0.0814927
0.103284
0.133575
0.16747
0.199416
0.220411
0.230914
0.232368
0.229157
0.217952
0.197478
0.171129
0.134473
0.0903172
0.0541156
0.0429487
0.0448913
0.0558057
0.0726205
0.123993
0.170218
0.109265
0.0884485
0.118208
0.211611
0.181888
0.114724
0.101588
0.124145
0.176821
0.165434
0.125511
0.123583
0.167263
0.378164
0.994949
1.33824
1.24809
0.929701
0.759255
0.517161
0.35277
0.315099
0.311519
0.317504
0.317813
0.315335
0.310718
0.369906
0.460044
0.510457
0.519876
0.496758
0.497684
0.684858
1.00482
1.0403
0.717841
0.441491
0.244567
0.17629
0.175949
0.193926
0.198244
0.199233
0.205606
0.15836
0.116163
0.134732
0.15058
0.138539
0.107052
0.0879026
0.0764983
0.0709945
0.0699879
0.0743292
0.090521
0.108792
0.121298
0.147423
0.238916
0.555312
0.613518
0.510265
0.246951
0.138203
0.108008
0.0929997
0.0828599
0.0649191
0.0542898
0.0412988
0.0360018
0.030303
0.0300819
0.0292828
0.0294729
0.0303557
0.0311318
0.0313899
0.0322902
0.0360411
0.0474229
0.0750148
0.118122
0.163748
0.196819
0.217487
0.226806
0.229191
0.225899
0.214376
0.188349
0.13874
0.093675
0.0750719
0.0735416
0.074802
0.114234
0.125424
0.0745771
0.0662241
0.112615
0.206202
0.171034
0.107578
0.0885641
0.0992851
0.134627
0.141821
0.132319
0.15339
0.297009
0.763233
1.18428
1.24259
0.787305
0.522996
0.423345
0.32463
0.291506
0.290726
0.289202
0.29166
0.285845
0.281263
0.274383
0.308105
0.407129
0.468711
0.471537
0.466764
0.537679
0.773153
0.919157
0.661862
0.413461
0.267787
0.189108
0.171898
0.191647
0.203351
0.199833
0.200616
0.238968
0.199493
0.116658
0.120761
0.140555
0.138964
0.111887
0.0814113
0.0746087
0.0701051
0.0695208
0.0785298
0.123708
0.167661
0.18548
0.183854
0.187251
0.25038
0.489369
0.509591
0.3864
0.192207
0.112917
0.0797505
0.061279
0.0462782
0.0379376
0.0314858
0.0297838
0.0300406
0.0309952
0.0329735
0.0324284
0.0335524
0.0327379
0.0306831
0.0276232
0.0244154
0.0223028
0.0220213
0.0255242
0.0412716
0.0826347
0.132531
0.177721
0.204256
0.219839
0.228106
0.228163
0.217117
0.182544
0.142729
0.120029
0.083509
0.100611
0.102872
0.0572002
0.0493239
0.108083
0.204226
0.16821
0.102609
0.0812512
0.0894484
0.12531
0.139364
0.140504
0.210159
0.503851
0.921972
1.10636
0.789455
0.412731
0.3222
0.293093
0.280567
0.279312
0.281648
0.275137
0.279391
0.272294
0.273677
0.267144
0.269156
0.352557
0.464153
0.491816
0.445843
0.542456
0.736436
0.652481
0.392688
0.265551
0.206545
0.173327
0.168682
0.184113
0.183813
0.169691
0.17532
0.232652
0.220121
0.144139
0.122246
0.131432
0.138234
0.123327
0.0901834
0.0751233
0.0753508
0.0851755
0.113739
0.183282
0.218477
0.227486
0.229225
0.214896
0.217991
0.312827
0.460508
0.438054
0.272575
0.133994
0.0742819
0.051196
0.0390509
0.0341037
0.0308312
0.0307253
0.0356566
0.0378354
0.042245
0.0435064
0.0471033
0.0471055
0.0450508
0.0396721
0.0328865
0.0250807
0.0184972
0.0148089
0.0144245
0.0183511
0.0322348
0.0674615
0.111552
0.161604
0.198223
0.217761
0.228617
0.225608
0.208476
0.19369
0.131331
0.0997534
0.0903198
0.0462326
0.0427361
0.107017
0.206995
0.170572
0.0953596
0.0784238
0.0866089
0.129774
0.137599
0.154552
0.300899
0.639888
0.879315
0.853431
0.42995
0.299986
0.281578
0.279219
0.266758
0.261378
0.259027
0.269277
0.276497
0.271116
0.273722
0.271581
0.262079
0.267178
0.464476
0.56057
0.447058
0.502113
0.581771
0.432134
0.263451
0.203281
0.184696
0.166176
0.163316
0.173779
0.17345
0.160062
0.156577
0.196843
0.212413
0.175524
0.143259
0.127669
0.13886
0.130928
0.097696
0.0837756
0.0811094
0.0922791
0.158109
0.234787
0.264472
0.263824
0.259898
0.2505
0.228034
0.246961
0.378522
0.422277
0.358007
0.177067
0.0853103
0.0504975
0.0377792
0.0334634
0.0325492
0.0356806
0.0410678
0.0431745
0.0472893
0.0490247
0.0529654
0.0539937
0.0542137
0.0513272
0.0451763
0.0375306
0.0289333
0.0197314
0.0126948
0.0101497
0.0110034
0.0163715
0.0316519
0.0621741
0.104512
0.158076
0.199806
0.219258
0.221464
0.229675
0.216591
0.116171
0.0844001
0.0404679
0.041611
0.106888
0.209016
0.169074
0.0892978
0.0788244
0.0895128
0.142251
0.133497
0.181252
0.388868
0.638821
0.757
0.542692
0.3155
0.285051
0.286302
0.294067
0.269128
0.257869
0.251027
0.268088
0.270943
0.275634
0.262922
0.253035
0.265046
0.24138
0.38312
0.575
0.486045
0.412641
0.4553
0.309912
0.209305
0.185447
0.181925
0.165811
0.159298
0.164303
0.162662
0.157527
0.149729
0.175395
0.188808
0.200466
0.161675
0.132518
0.13222
0.134421
0.112176
0.087266
0.0840821
0.0955395
0.204827
0.29585
0.306765
0.29596
0.276159
0.270177
0.245409
0.240634
0.302647
0.39707
0.384043
0.258407
0.118186
0.0585657
0.0391196
0.0346714
0.036207
0.0405108
0.0442469
0.0453566
0.0490443
0.050245
0.054042
0.0555235
0.0574537
0.0563555
0.0506087
0.0434829
0.0352162
0.0281697
0.0195897
0.0123588
0.00798235
0.00785573
0.00980078
0.0171001
0.0356078
0.0650648
0.112253
0.1742
0.199656
0.224204
0.250066
0.167364
0.08924
0.0424328
0.0489859
0.110938
0.212017
0.167771
0.0882271
0.0789957
0.101501
0.150136
0.137054
0.214187
0.419414
0.58151
0.602948
0.376649
0.284984
0.280303
0.294216
0.305669
0.274734
0.257623
0.245572
0.248804
0.249048
0.265975
0.259233
0.22759
0.237409
0.2322
0.288782
0.566422
0.632963
0.414087
0.397637
0.262826
0.203687
0.186628
0.185261
0.170923
0.158351
0.166554
0.155511
0.1531
0.143211
0.169586
0.175322
0.21071
0.179082
0.143795
0.122661
0.128456
0.120682
0.0949557
0.0958169
0.125185
0.257097
0.339165
0.336565
0.318873
0.276713
0.270838
0.25932
0.243141
0.259877
0.360006
0.378596
0.317123
0.154046
0.072416
0.042759
0.0379825
0.0404627
0.0437103
0.0448479
0.0454453
0.0484026
0.0495365
0.0533514
0.0550817
0.0584895
0.058997
0.0569104
0.0483515
0.0411513
0.0315209
0.0250246
0.0169713
0.0113926
0.00682272
0.00617398
0.00685367
0.0108797
0.0216485
0.0413768
0.0847016
0.128224
0.186237
0.245152
0.221966
0.113387
0.0512006
0.0580388
0.120048
0.212346
0.174655
0.08888
0.0770318
0.11078
0.154867
0.152159
0.229128
0.412462
0.508689
0.476521
0.312469
0.270261
0.265654
0.282534
0.285355
0.262223
0.244403
0.235237
0.232176
0.244195
0.258921
0.263755
0.234754
0.206558
0.221455
0.260427
0.461092
0.740668
0.599149
0.404568
0.267803
0.212115
0.195829
0.19884
0.187987
0.160081
0.165194
0.162156
0.154248
0.139288
0.160322
0.174858
0.213204
0.194054
0.142046
0.124041
0.110969
0.109476
0.0935879
0.096814
0.169513
0.274429
0.338164
0.338877
0.321919
0.276283
0.25953
0.255131
0.24209
0.246126
0.311106
0.370884
0.344719
0.203993
0.0854817
0.0484381
0.0418651
0.0430539
0.045373
0.0443222
0.0447673
0.0468883
0.0476386
0.0526272
0.0540483
0.058875
0.060667
0.0609932
0.0582435
0.0472679
0.0399061
0.0307609
0.0237006
0.0155479
0.0103073
0.00606021
0.00499145
0.00523993
0.00754926
0.0137784
0.0315263
0.0626406
0.101565
0.203611
0.22842
0.166979
0.0727772
0.0762855
0.130269
0.212763
0.189559
0.0956787
0.0801403
0.118837
0.16052
0.154689
0.2324
0.385188
0.454732
0.389127
0.26932
0.231734
0.216657
0.231326
0.219649
0.232377
0.223919
0.231828
0.237452
0.255582
0.268886
0.257053
0.238205
0.200131
0.205208
0.235621
0.328157
0.712004
0.774952
0.509208
0.299726
0.235187
0.219064
0.219603
0.20934
0.172387
0.1681
0.16298
0.156201
0.14696
0.149458
0.176322
0.20424
0.194783
0.14787
0.124162
0.104598
0.0910696
0.0853859
0.0916265
0.190521
0.279086
0.317912
0.324598
0.309739
0.274925
0.243045
0.241157
0.237183
0.238699
0.2724
0.356001
0.355765
0.260987
0.108444
0.0537471
0.0448961
0.0446336
0.0454862
0.0442535
0.0435253
0.0461331
0.0460693
0.0523948
0.0527592
0.05903
0.0604064
0.0633869
0.0627229
0.0570618
0.0456274
0.0360524
0.028394
0.0204928
0.0137016
0.00841648
0.00495914
0.00373416
0.00385364
0.00539588
0.010687
0.0249552
0.0477128
0.10743
0.207186
0.190655
0.10925
0.105263
0.139033
0.214429
0.208158
0.105626
0.0863947
0.125257
0.162172
0.15622
0.230741
0.345886
0.402258
0.341669
0.2318
0.193509
0.179416
0.192755
0.178421
0.213429
0.219518
0.225603
0.256404
0.265487
0.269591
0.240307
0.219734
0.18526
0.190878
0.218861
0.281286
0.497912
0.778294
0.7086
0.394977
0.272084
0.235038
0.227626
0.219442
0.192748
0.185288
0.178611
0.156931
0.148274
0.148969
0.171768
0.201413
0.192164
0.151781
0.12475
0.10492
0.0838971
0.0758843
0.0886216
0.21606
0.307301
0.315439
0.311291
0.276478
0.243605
0.223285
0.219915
0.222691
0.22795
0.250048
0.334204
0.356511
0.307157
0.138595
0.0645981
0.0497451
0.0477686
0.044966
0.0444908
0.042653
0.0470071
0.0455146
0.0508592
0.0509546
0.0573169
0.059017
0.0640339
0.0639322
0.0613836
0.0497486
0.038554
0.0297274
0.0231051
0.0159185
0.0104218
0.00606045
0.00377486
0.00296067
0.00308319
0.00448393
0.00886404
0.0196174
0.0474364
0.148754
0.183428
0.152592
0.125198
0.1575
0.217547
0.231082
0.122361
0.0938174
0.116576
0.156857
0.169146
0.223436
0.314247
0.35447
0.300631
0.205005
0.175862
0.159383
0.179957
0.173898
0.195695
0.218852
0.234499
0.262029
0.254457
0.226573
0.203527
0.186427
0.177252
0.183559
0.209972
0.261394
0.336841
0.615198
0.748354
0.615062
0.350014
0.264525
0.233553
0.221923
0.21128
0.208298
0.194566
0.164024
0.145714
0.148082
0.173408
0.197682
0.190188
0.153284
0.125554
0.111676
0.0872311
0.0725509
0.0934285
0.229247
0.316267
0.313918
0.303354
0.249176
0.195239
0.191192
0.193386
0.198663
0.207746
0.227604
0.309327
0.353879
0.325321
0.174895
0.0767569
0.0532049
0.0485357
0.0439996
0.0452706
0.0428542
0.0475493
0.0449752
0.0492563
0.0489885
0.0545438
0.0570616
0.0638711
0.0643448
0.0635454
0.0564179
0.0411896
0.0323602
0.0242369
0.019151
0.0125361
0.00855248
0.00495819
0.00324843
0.00244791
0.00252192
0.00375583
0.00758308
0.0194193
0.0615628
0.156619
0.159794
0.173273
0.184902
0.223049
0.25853
0.150472
0.101236
0.103567
0.142499
0.183325
0.215834
0.293758
0.340216
0.270853
0.198113
0.17078
0.154615
0.171879
0.176427
0.189466
0.220138
0.252158
0.248182
0.216246
0.1895
0.186924
0.176579
0.174274
0.184516
0.206993
0.256936
0.291198
0.397534
0.653151
0.679941
0.522295
0.331732
0.251155
0.228129
0.223793
0.219548
0.198232
0.164317
0.148458
0.148054
0.179337
0.19457
0.18978
0.156832
0.121715
0.117004
0.100355
0.0756784
0.0960287
0.217174
0.30656
0.308015
0.294115
0.237322
0.174834
0.163652
0.165899
0.17424
0.186947
0.207104
0.278962
0.347935
0.334849
0.212808
0.097834
0.0564684
0.0503957
0.0439026
0.0461215
0.0429265
0.0470256
0.0440134
0.0476807
0.0467571
0.0524286
0.054746
0.0629587
0.0642797
0.0654424
0.0599444
0.0495383
0.033745
0.0280232
0.0201832
0.01715
0.0107186
0.0080828
0.00419453
0.00287829
0.00201409
0.00212443
0.00358906
0.00814769
0.0264662
0.102027
0.144612
0.191303
0.244072
0.226296
0.293668
0.217599
0.120693
0.103437
0.142092
0.180395
0.226184
0.295522
0.331995
0.271499
0.201399
0.171938
0.160255
0.173951
0.185086
0.189046
0.217842
0.22086
0.205803
0.193737
0.183991
0.182019
0.177147
0.177541
0.206807
0.216552
0.252734
0.263632
0.311425
0.453228
0.640789
0.619191
0.466388
0.298876
0.244657
0.230159
0.222281
0.194179
0.157128
0.147665
0.15167
0.184254
0.19502
0.192303
0.159181
0.114051
0.116053
0.111332
0.0854352
0.100594
0.203142
0.305661
0.310185
0.292499
0.226538
0.166017
0.147274
0.147245
0.1517
0.165774
0.186678
0.247948
0.338363
0.339762
0.244497
0.111778
0.0603377
0.0513817
0.0436689
0.0454102
0.042804
0.0457983
0.0437107
0.0448686
0.0443251
0.0486017
0.0523947
0.0603978
0.0646829
0.0656102
0.0635919
0.053332
0.0382162
0.0290184
0.0222547
0.0182703
0.0131555
0.00858297
0.00554478
0.00305732
0.00246182
0.00180672
0.00212566
0.00388516
0.0108999
0.0457061
0.118806
0.165207
0.325494
0.225814
0.342284
0.338336
0.216485
0.154687
0.191186
0.20036
0.26645
0.316484
0.335004
0.28943
0.214122
0.178183
0.18206
0.19037
0.186971
0.181165
0.192861
0.188995
0.185883
0.187725
0.184077
0.181187
0.187364
0.200485
0.239056
0.240533
0.2376
0.236224
0.263597
0.310942
0.507456
0.590118
0.557934
0.418236
0.285616
0.246456
0.223264
0.182633
0.155815
0.152062
0.159622
0.19429
0.201934
0.195174
0.158551
0.110638
0.111319
0.109145
0.0959224
0.10667
0.197536
0.333092
0.336592
0.29629
0.215349
0.157603
0.136666
0.134083
0.135808
0.14484
0.165759
0.218611
0.322388
0.337428
0.276651
0.134229
0.0654031
0.0535255
0.0437539
0.0451498
0.042543
0.0432969
0.0411864
0.0430596
0.042392
0.046485
0.0489134
0.0588085
0.0633056
0.0665887
0.0654083
0.0572784
0.043701
0.0313932
0.0234242
0.0182694
0.0150436
0.0100355
0.00656909
0.0037167
0.00235078
0.00203359
0.00172778
0.00222564
0.00509611
0.0198184
0.0777333
0.155993
0.379776
0.210624
0.368538
0.487869
0.460295
0.31012
0.337238
0.337859
0.282104
0.38533
0.355536
0.305295
0.224841
0.190193
0.194379
0.197283
0.181119
0.172108
0.183987
0.181278
0.185148
0.187339
0.184272
0.190495
0.208454
0.249723
0.258811
0.249146
0.204125
0.195888
0.208474
0.242957
0.325841
0.513447
0.538482
0.505192
0.382748
0.287667
0.23815
0.18889
0.161955
0.16244
0.180627
0.206773
0.206278
0.192871
0.150315
0.109803
0.0994803
0.0960908
0.0973639
0.108531
0.208108
0.387875
0.367299
0.285154
0.20438
0.148621
0.127282
0.123721
0.123957
0.129341
0.146356
0.191656
0.304716
0.332396
0.293647
0.162958
0.0747255
0.0554092
0.0441062
0.0437503
0.0409682
0.0400556
0.040083
0.0417534
0.0416378
0.0428776
0.0461803
0.056622
0.0614424
0.0676126
0.0673356
0.0622648
0.048951
0.036373
0.0260008
0.018228
0.0146837
0.0126536
0.00923747
0.00522605
0.00288285
0.00184924
0.0018171
0.00178739
0.0027305
0.0093997
0.0392529
0.114492
0.41043
0.18882
0.300859
0.514946
0.711926
0.628067
0.667698
0.648276
0.39738
0.484857
0.388271
0.315506
0.237802
0.201123
0.202715
0.206249
0.187741
0.186134
0.196054
0.190723
0.193294
0.193437
0.199194
0.221394
0.269442
0.280354
0.266439
0.229551
0.152898
0.135777
0.142927
0.174082
0.222006
0.351854
0.483292
0.488803
0.453578
0.373314
0.290259
0.216252
0.190026
0.192322
0.208099
0.216421
0.209008
0.1817
0.138712
0.109095
0.0910219
0.0864095
0.0891905
0.106114
0.24879
0.41503
0.372611
0.253799
0.185374
0.137688
0.117592
0.113776
0.11375
0.117477
0.130809
0.167225
0.280406
0.325114
0.301342
0.18581
0.0855013
0.0582598
0.0449006
0.0434079
0.039773
0.0399163
0.0392422
0.0392602
0.0393985
0.041597
0.04386
0.0535967
0.0584588
0.0684202
0.0683324
0.0655907
0.0531841
0.0397779
0.0300349
0.0206587
0.0159897
0.0121985
0.0105092
0.00790308
0.0046639
0.0023638
0.00164636
0.00177217
0.00197355
0.00460767
0.0244891
0.0996412
0.478433
0.133018
0.184607
0.342843
0.711452
0.882028
0.918836
0.992794
0.889475
0.742953
0.423293
0.336982
0.264932
0.223325
0.224836
0.229942
0.214914
0.209473
0.197875
0.189161
0.191877
0.204686
0.235632
0.280235
0.294366
0.284615
0.237802
0.137234
0.0918099
0.091446
0.105261
0.14462
0.173883
0.224943
0.357947
0.442621
0.438473
0.407776
0.360828
0.283845
0.242907
0.233943
0.230426
0.224832
0.204436
0.168748
0.127502
0.102788
0.0882037
0.0842176
0.0838318
0.104159
0.300211
0.426608
0.350766
0.245533
0.169183
0.126117
0.108318
0.104615
0.104414
0.107301
0.117936
0.147472
0.253627
0.316317
0.304501
0.20981
0.0982516
0.0627485
0.0463875
0.0433872
0.0398573
0.0382213
0.0366451
0.0372945
0.0386693
0.0412879
0.0432125
0.0506766
0.0564509
0.069266
0.0693973
0.0681111
0.057119
0.0425778
0.0330733
0.0253831
0.0183676
0.013115
0.010218
0.00848739
0.00678163
0.00438421
0.00212155
0.00158653
0.0020054
0.00286183
0.0113337
0.0680754
0.528121
0.264161
0.229299
0.324435
0.580463
0.922637
0.971083
1.08949
1.14907
1.06635
0.674011
0.438509
0.336128
0.270738
0.263773
0.243834
0.212296
0.196089
0.185475
0.187816
0.211413
0.267375
0.311081
0.307899
0.296161
0.243
0.117671
0.0718107
0.0657933
0.0750693
0.0998181
0.136198
0.152564
0.177575
0.228541
0.343069
0.397106
0.391134
0.370285
0.323025
0.27926
0.253972
0.239569
0.227496
0.189476
0.155043
0.119791
0.0938886
0.0870451
0.0840841
0.0825666
0.108607
0.344432
0.433493
0.347126
0.245747
0.162254
0.122282
0.0985569
0.0953851
0.0958428
0.0987455
0.107519
0.13091
0.223843
0.304233
0.302201
0.235641
0.113127
0.0686249
0.0486287
0.0440819
0.0398232
0.0378643
0.0372306
0.0388453
0.0402093
0.0414526
0.043009
0.048562
0.0545024
0.0687366
0.0696287
0.0697309
0.060863
0.0480244
0.0338919
0.0273617
0.0207845
0.0158048
0.0111589
0.00899011
0.00724596
0.00594345
0.00382515
0.00192368
0.00186677
0.00332878
0.00885853
0.049095
0.574011
9.46596
1.91888
2.54734
1.74807
2.20071
2.45183
2.60597
2.7255
2.7678
2.81978
5.83559
4.05516
3.57348
3.10485
3.04047
3.15227
3.27324
3.39415
3.4463
3.52003
2.76161
4.82392
3.80673
3.54496
3.15844
3.05322
3.02798
3.05087
3.0697
3.11509
0.854491
4.24165
3.48775
3.39698
3.07276
2.83613
2.70135
2.64271
2.60987
2.60818
0.263496
2.67144
2.42083
2.57011
2.5006
2.36098
2.25126
2.17704
2.13186
2.09536
0.169516
1.33419
1.27416
1.43654
1.55375
1.58946
1.58887
1.58288
1.57326
1.5532
0.174759
0.642529
0.609623
0.655587
0.730873
0.794273
0.843727
0.89891
0.929288
0.965826
0.218166
0.353634
0.341101
0.3419
0.346067
0.356968
0.367708
0.393403
0.409675
0.448027
0.337373
0.328339
0.307775
0.285687
0.269689
0.253812
0.242437
0.233546
0.227467
0.224113
0.380417
0.359563
0.342933
0.308724
0.287205
0.259591
0.245342
0.223287
0.214133
0.193374
0.283281
0.320597
0.307224
0.274746
0.245907
0.220467
0.203815
0.184586
0.176474
0.158971
0.119345
0.194805
0.18622
0.163977
0.139763
0.127088
0.116136
0.11211
0.108314
0.108717
0.0641907
0.0940814
0.090603
0.0805424
0.0769794
0.0781735
0.0813535
0.0917447
0.101239
0.134064
0.0465483
0.0543995
0.0543127
0.0578909
0.0723937
0.112549
0.154615
0.24561
0.295388
0.423456
0.0412218
0.043783
0.0574623
0.1176
0.267789
0.486462
0.669286
0.870552
0.963925
1.1425
0.0422952
0.0844435
0.256009
0.677957
1.25408
1.61515
1.85136
1.97269
2.04135
2.0833
0.131312
0.599496
1.60401
2.59469
3.14413
3.26484
3.25493
3.1714
3.11874
2.99481
1.0178
3.32649
4.72425
5.19621
5.08778
4.74032
4.4453
4.12125
3.99911
3.74776
5.26472
7.46316
7.55464
7.0615
6.21098
5.4864
5.06426
4.65707
4.50888
4.20312
9.17407
8.4748
7.06976
5.77897
4.7962
4.17169
3.86958
3.58569
3.48271
3.25458
)
;

boundaryField
{
    inlet
    {
        type            fixedValue;
        value           uniform 2e-05;
    }
    outlet
    {
        type            inletOutlet;
        inletValue      uniform 0;
        value           nonuniform List<scalar> 
20
(
2.81978
3.52003
3.11509
2.60818
2.09536
1.5532
0.965826
0.448027
0.224113
0.193374
0.158971
0.108717
0.134064
0.423456
1.1425
2.0833
2.99481
3.74776
4.20312
3.25458
)
;
    }
    walls
    {
        type            fixedValue;
        value           uniform 0;
    }
    frontAndBack
    {
        type            empty;
    }
}


// ************************************************************************* //
