/*--------------------------------*- C++ -*----------------------------------*\
| =========                 |                                                 |
| \\      /  F ield         | OpenFOAM: The Open Source CFD Toolbox           |
|  \\    /   O peration     | Version:  2.4.0                                 |
|   \\  /    A nd           | Web:      www.OpenFOAM.org                      |
|    \\/     M anipulation  |                                                 |
\*---------------------------------------------------------------------------*/
FoamFile
{
    version     2.0;
    format      ascii;
    class       volScalarField;
    location    "0.005";
    object      nuSgs;
}
// * * * * * * * * * * * * * * * * * * * * * * * * * * * * * * * * * * * * * //

dimensions      [0 2 -1 0 0 0 0];

internalField   nonuniform List<scalar> 
4400
(
0.00206344
0.0021039
0.0019913
0.00192266
0.0019242
0.00194142
0.00194006
0.00200232
0.00197205
0.00209809
0.00127737
0.00179239
0.00188377
0.00185359
0.00182076
0.00182527
0.00182032
0.00185469
0.00174728
0.00181499
0.000484536
0.00104937
0.00115881
0.00113146
0.00107249
0.00106788
0.00105132
0.00107349
0.00100586
0.000777643
0.000143447
0.000417813
0.00043755
0.000398712
0.000347249
0.000337648
0.00032726
0.000337381
0.000309745
0.000221912
3.44333e-05
0.000109701
9.81802e-05
6.58031e-05
4.79732e-05
4.51485e-05
4.18424e-05
4.55592e-05
3.8035e-05
3.13475e-05
7.76063e-06
2.17348e-05
1.57741e-05
7.56509e-06
3.78988e-06
2.74929e-06
2.05289e-06
2.19208e-06
3.10796e-06
7.80492e-06
3.71303e-06
7.26822e-06
6.20192e-06
4.14205e-06
2.37238e-06
1.21876e-06
5.37873e-07
4.29883e-07
1.11805e-06
7.42884e-06
3.47881e-06
6.46941e-06
5.84373e-06
4.07327e-06
2.35138e-06
1.20823e-06
5.38587e-07
3.75184e-07
1.06923e-06
8.98052e-06
3.44381e-06
6.38714e-06
5.7908e-06
4.05715e-06
2.34376e-06
1.20395e-06
5.47142e-07
3.22524e-07
1.20029e-06
4.17695e-06
3.42853e-06
6.35235e-06
5.76692e-06
4.04924e-06
2.34025e-06
1.20203e-06
5.50721e-07
3.00196e-07
8.77687e-07
4.5168e-06
3.42852e-06
6.35237e-06
5.76696e-06
4.04919e-06
2.34035e-06
1.20131e-06
5.54557e-07
2.85744e-07
8.26699e-07
4.51578e-06
3.44382e-06
6.38718e-06
5.79093e-06
4.05704e-06
2.34416e-06
1.2022e-06
5.57108e-07
2.77408e-07
7.29581e-07
4.15092e-06
3.47879e-06
6.46877e-06
5.84365e-06
4.07306e-06
2.35195e-06
1.20469e-06
5.59485e-07
2.74872e-07
6.80913e-07
4.37249e-06
3.71421e-06
7.2447e-06
6.19149e-06
4.13822e-06
2.37292e-06
1.21135e-06
5.8603e-07
4.84791e-07
1.42993e-06
5.30513e-06
7.78235e-06
2.15991e-05
1.5676e-05
7.48138e-06
3.79535e-06
2.48527e-06
3.32778e-06
4.76599e-06
9.89011e-06
1.63648e-05
3.44903e-05
0.000109588
9.80782e-05
6.56331e-05
4.84143e-05
4.40369e-05
4.75915e-05
5.34067e-05
7.36363e-05
7.92954e-05
0.000143467
0.000418028
0.000437769
0.000398845
0.000349394
0.000336663
0.000341166
0.000348369
0.000377985
0.000364793
0.000484344
0.00104946
0.00115918
0.00113143
0.00107572
0.00106559
0.00107017
0.00107144
0.00108379
0.00104873
0.00127713
0.00179219
0.00188381
0.00185324
0.00182148
0.00182203
0.00182365
0.00181409
0.00179893
0.00173256
0.00206343
0.00210384
0.00199129
0.00192207
0.00192284
0.00193198
0.00192644
0.00190131
0.00186353
0.00172115
0.000956413
0.000675867
0.000425133
0.000219116
0.000117917
6.73759e-05
3.80904e-05
2.15008e-05
1.21001e-05
6.86131e-06
3.9758e-06
2.37291e-06
1.46363e-06
9.32651e-07
6.09527e-07
4.04898e-07
2.71674e-07
1.8344e-07
1.24378e-07
8.45741e-08
5.76264e-08
3.93249e-08
2.68676e-08
1.83744e-08
1.25767e-08
8.61539e-09
5.90662e-09
4.0531e-09
2.78401e-09
1.91453e-09
1.31849e-09
9.09646e-10
6.29015e-10
4.36295e-10
3.03918e-10
2.12858e-10
1.50147e-10
1.07003e-10
7.73238e-11
5.68812e-11
4.28055e-11
3.31299e-11
2.64899e-11
2.19418e-11
1.88338e-11
1.67147e-11
1.52755e-11
1.43006e-11
1.36516e-11
1.32324e-11
1.29543e-11
1.28363e-11
1.2837e-11
1.28865e-11
1.30283e-11
1.33434e-11
1.3859e-11
1.46217e-11
1.5747e-11
1.74037e-11
1.98308e-11
2.33799e-11
2.85538e-11
3.61058e-11
4.71289e-11
6.32012e-11
8.67852e-11
1.21368e-10
1.72042e-10
2.4623e-10
3.54816e-10
5.13777e-10
7.46522e-10
1.08733e-09
1.58645e-09
2.31756e-09
3.38865e-09
4.95809e-09
7.2582e-09
1.06299e-08
1.55739e-08
2.28255e-08
3.3467e-08
4.90917e-08
7.20644e-08
1.05843e-07
1.55829e-07
2.29133e-07
3.40795e-07
4.99454e-07
7.70791e-07
1.11286e-06
1.91906e-06
2.60911e-06
5.93856e-06
6.60069e-06
2.13643e-05
2.19962e-05
5.7529e-05
0.000188107
0.000684932
0.000359519
0.000206724
0.000174592
0.000119132
6.90038e-05
3.59516e-05
1.85655e-05
1.00412e-05
5.74911e-06
3.46847e-06
2.17968e-06
1.40264e-06
9.157e-07
6.04808e-07
4.03396e-07
2.71089e-07
1.83171e-07
1.24241e-07
8.4499e-08
5.75831e-08
3.9299e-08
2.68517e-08
1.83642e-08
1.25701e-08
8.61105e-09
5.90394e-09
4.05151e-09
2.78301e-09
1.91389e-09
1.31801e-09
9.09324e-10
6.28876e-10
4.3611e-10
3.03741e-10
2.12819e-10
1.50132e-10
1.0695e-10
7.72678e-11
5.68467e-11
4.27884e-11
3.31179e-11
2.64768e-11
2.19266e-11
1.88162e-11
1.66964e-11
1.52588e-11
1.42852e-11
1.36362e-11
1.32175e-11
1.29398e-11
1.28214e-11
1.28218e-11
1.28712e-11
1.30129e-11
1.33283e-11
1.38425e-11
1.46054e-11
1.57342e-11
1.73916e-11
1.98167e-11
2.33657e-11
2.8553e-11
3.61119e-11
4.71158e-11
6.31962e-11
8.67837e-11
1.21363e-10
1.72021e-10
2.46184e-10
3.54741e-10
5.13653e-10
7.46302e-10
1.08695e-09
1.5858e-09
2.3164e-09
3.38659e-09
4.95449e-09
7.25192e-09
1.06188e-08
1.55541e-08
2.27905e-08
3.34049e-08
4.89815e-08
7.18675e-08
1.05491e-07
1.55233e-07
2.27825e-07
3.39996e-07
4.89927e-07
8.21343e-07
1.0437e-06
2.43059e-06
2.68221e-06
7.35014e-06
7.87069e-06
2.12862e-05
2.15521e-05
6.07792e-05
0.000153309
0.000204402
0.000115086
7.81811e-05
7.35934e-05
9.94745e-05
8.152e-05
4.35271e-05
2.17485e-05
1.09326e-05
5.85868e-06
3.42205e-06
2.12846e-06
1.37236e-06
9.01846e-07
5.99127e-07
4.01091e-07
2.7011e-07
1.82726e-07
1.24025e-07
8.43875e-08
5.75231e-08
3.92657e-08
2.68329e-08
1.83535e-08
1.25639e-08
8.60749e-09
5.90186e-09
4.05027e-09
2.7823e-09
1.91346e-09
1.31776e-09
9.09183e-10
6.28706e-10
4.36027e-10
3.03738e-10
2.12749e-10
1.50039e-10
1.06903e-10
7.72524e-11
5.683e-11
4.27611e-11
3.30848e-11
2.64429e-11
2.18944e-11
1.87857e-11
1.66663e-11
1.52279e-11
1.4254e-11
1.36056e-11
1.31869e-11
1.29089e-11
1.27908e-11
1.27914e-11
1.28409e-11
1.29824e-11
1.32971e-11
1.3812e-11
1.45742e-11
1.57006e-11
1.73569e-11
1.9784e-11
2.33323e-11
2.85119e-11
3.60663e-11
4.70805e-11
6.31535e-11
8.67346e-11
1.21307e-10
1.71959e-10
2.4611e-10
3.54635e-10
5.13492e-10
7.46053e-10
1.08655e-09
1.58512e-09
2.31525e-09
3.38463e-09
4.95109e-09
7.24594e-09
1.06083e-08
1.55356e-08
2.27577e-08
3.33462e-08
4.88778e-08
7.16774e-08
1.05168e-07
1.5458e-07
2.26832e-07
3.381e-07
4.83991e-07
8.51961e-07
9.72245e-07
3.31622e-06
2.69682e-06
1.84569e-05
1.18173e-05
5.13675e-05
3.08889e-05
0.000120644
0.000145941
5.70674e-05
4.18726e-05
4.92611e-05
5.55674e-05
4.9983e-05
4.82148e-05
3.93501e-05
2.16852e-05
1.132e-05
6.0647e-06
3.46778e-06
2.12094e-06
1.35788e-06
8.91811e-07
5.93796e-07
3.9855e-07
2.68932e-07
1.82171e-07
1.23755e-07
8.42517e-08
5.74528e-08
3.92284e-08
2.68125e-08
1.83424e-08
1.2558e-08
8.60428e-09
5.89998e-09
4.04911e-09
2.78158e-09
1.91306e-09
1.31757e-09
9.0907e-10
6.28686e-10
4.36057e-10
3.03701e-10
2.12701e-10
1.50036e-10
1.06903e-10
7.7228e-11
5.67924e-11
4.27199e-11
3.30433e-11
2.64011e-11
2.18511e-11
1.8742e-11
1.66225e-11
1.51836e-11
1.42094e-11
1.35609e-11
1.31421e-11
1.28644e-11
1.27465e-11
1.27471e-11
1.27964e-11
1.29378e-11
1.32525e-11
1.37672e-11
1.45287e-11
1.56553e-11
1.73129e-11
1.97403e-11
2.32874e-11
2.84678e-11
3.60262e-11
4.70417e-11
6.31077e-11
8.6693e-11
1.21268e-10
1.71917e-10
2.46057e-10
3.54567e-10
5.13397e-10
7.45898e-10
1.08628e-09
1.58464e-09
2.31439e-09
3.38305e-09
4.94818e-09
7.24066e-09
1.05988e-08
1.55183e-08
2.27264e-08
3.32894e-08
4.87765e-08
7.1486e-08
1.04856e-07
1.53835e-07
2.26232e-07
3.33667e-07
4.87399e-07
7.94722e-07
1.02574e-06
3.25818e-06
3.36721e-06
2.44955e-05
2.01901e-05
8.52046e-05
6.16023e-05
0.000118238
0.000144324
1.57797e-05
1.97572e-05
4.33491e-05
4.68639e-05
4.38637e-05
2.93089e-05
1.69893e-05
1.06134e-05
6.96338e-06
4.59302e-06
3.02758e-06
1.99586e-06
1.32034e-06
8.78469e-07
5.88073e-07
3.95858e-07
2.67626e-07
1.81527e-07
1.23431e-07
8.40854e-08
5.73649e-08
3.91807e-08
2.67861e-08
1.83273e-08
1.2549e-08
8.59889e-09
5.89688e-09
4.04737e-09
2.78058e-09
1.91242e-09
1.31712e-09
9.08754e-10
6.28441e-10
4.3586e-10
3.0355e-10
2.12585e-10
1.49943e-10
1.06816e-10
7.71457e-11
5.67181e-11
4.26526e-11
3.29791e-11
2.63384e-11
2.17902e-11
1.86813e-11
1.65616e-11
1.51235e-11
1.41503e-11
1.35024e-11
1.30839e-11
1.28063e-11
1.26885e-11
1.26891e-11
1.27384e-11
1.28797e-11
1.31942e-11
1.37087e-11
1.44698e-11
1.55962e-11
1.72537e-11
1.96809e-11
2.32274e-11
2.84073e-11
3.5966e-11
4.69804e-11
6.30409e-11
8.66255e-11
1.21194e-10
1.71831e-10
2.45951e-10
3.54429e-10
5.13203e-10
7.4561e-10
1.08583e-09
1.58392e-09
2.31321e-09
3.38105e-09
4.94477e-09
7.23475e-09
1.05884e-08
1.55e-08
2.26938e-08
3.32307e-08
4.86718e-08
7.12893e-08
1.04532e-07
1.53052e-07
2.25686e-07
3.28161e-07
5.02573e-07
7.14964e-07
1.19871e-06
2.40005e-06
4.40081e-06
1.61597e-05
1.98552e-05
6.38387e-05
6.39987e-05
8.17107e-05
0.000136446
7.25924e-06
1.19511e-05
2.30799e-05
5.66971e-05
4.70196e-05
2.55527e-05
1.50411e-05
9.22416e-06
5.98641e-06
4.03994e-06
2.75391e-06
1.87136e-06
1.26685e-06
8.56449e-07
5.79222e-07
3.92187e-07
2.66016e-07
1.80781e-07
1.2307e-07
8.3905e-08
5.72721e-08
3.91318e-08
2.67599e-08
1.8313e-08
1.2541e-08
8.59439e-09
5.89431e-09
4.04588e-09
2.7797e-09
1.91189e-09
1.3168e-09
9.08541e-10
6.28289e-10
4.3576e-10
3.03464e-10
2.12497e-10
1.49865e-10
1.06748e-10
7.70789e-11
5.66517e-11
4.25858e-11
3.29111e-11
2.62693e-11
2.17205e-11
1.86111e-11
1.64912e-11
1.50532e-11
1.40801e-11
1.34324e-11
1.3014e-11
1.27366e-11
1.26189e-11
1.26195e-11
1.26688e-11
1.281e-11
1.31243e-11
1.36387e-11
1.43993e-11
1.55256e-11
1.71838e-11
1.96116e-11
2.31576e-11
2.83374e-11
3.5898e-11
4.69137e-11
6.29681e-11
8.65552e-11
1.21123e-10
1.71753e-10
2.4586e-10
3.54314e-10
5.13049e-10
7.45383e-10
1.08547e-09
1.58333e-09
2.3122e-09
3.3793e-09
4.94169e-09
7.22929e-09
1.05787e-08
1.54825e-08
2.26622e-08
3.31734e-08
4.85677e-08
7.10955e-08
1.0419e-07
1.5232e-07
2.24816e-07
3.23439e-07
5.21952e-07
6.59271e-07
1.55874e-06
1.79892e-06
6.67889e-06
8.80087e-06
1.30688e-05
3.85688e-05
5.80606e-05
5.39904e-05
0.000103768
8.08384e-06
1.2311e-05
1.49657e-05
1.47338e-05
1.534e-05
1.94509e-05
1.70557e-05
1.06804e-05
6.58139e-06
4.2092e-06
2.77792e-06
1.86065e-06
1.25337e-06
8.46826e-07
5.73491e-07
3.89121e-07
2.64461e-07
1.80005e-07
1.22682e-07
8.37083e-08
5.71707e-08
3.90786e-08
2.67315e-08
1.82976e-08
1.25325e-08
8.58968e-09
5.89164e-09
4.04435e-09
2.77881e-09
1.91136e-09
1.31648e-09
9.08324e-10
6.28137e-10
4.35656e-10
3.03367e-10
2.124e-10
1.49787e-10
1.06679e-10
7.7005e-11
5.65738e-11
4.25078e-11
3.28332e-11
2.6191e-11
2.16414e-11
1.85313e-11
1.6411e-11
1.49728e-11
1.39998e-11
1.33524e-11
1.29342e-11
1.26569e-11
1.25393e-11
1.254e-11
1.25893e-11
1.27304e-11
1.30446e-11
1.35587e-11
1.4319e-11
1.54454e-11
1.71039e-11
1.95319e-11
2.30783e-11
2.82586e-11
3.58205e-11
4.68361e-11
6.28877e-11
8.6478e-11
1.21044e-10
1.71668e-10
2.45763e-10
3.54198e-10
5.12895e-10
7.45162e-10
1.08513e-09
1.58277e-09
2.31125e-09
3.37763e-09
4.93874e-09
7.22404e-09
1.05693e-08
1.54655e-08
2.26313e-08
3.31173e-08
4.84643e-08
7.09065e-08
1.03829e-07
1.51671e-07
2.23493e-07
3.20906e-07
5.17728e-07
6.40873e-07
1.55872e-06
1.41289e-06
7.00667e-06
5.96996e-06
1.2719e-05
2.66612e-05
4.40794e-05
3.53077e-05
9.04962e-05
5.2834e-06
5.81376e-06
1.0786e-05
1.55598e-05
1.41867e-05
1.12037e-05
8.43205e-06
6.36168e-06
4.78564e-06
3.50317e-06
2.49748e-06
1.74786e-06
1.20802e-06
8.28199e-07
5.65442e-07
3.85466e-07
2.62737e-07
1.7917e-07
1.22268e-07
8.34998e-08
5.70638e-08
3.90229e-08
2.67019e-08
1.82817e-08
1.25239e-08
8.58491e-09
5.88897e-09
4.04282e-09
2.77792e-09
1.91083e-09
1.31615e-09
9.08112e-10
6.27985e-10
4.35536e-10
3.03266e-10
2.12308e-10
1.49702e-10
1.06596e-10
7.69219e-11
5.6491e-11
4.24248e-11
3.27492e-11
2.61056e-11
2.15545e-11
1.84435e-11
1.63227e-11
1.48845e-11
1.39117e-11
1.32643e-11
1.28464e-11
1.25693e-11
1.24518e-11
1.24524e-11
1.25018e-11
1.26428e-11
1.29568e-11
1.34706e-11
1.42307e-11
1.53573e-11
1.70163e-11
1.94448e-11
2.29918e-11
2.8173e-11
3.57359e-11
4.67509e-11
6.28002e-11
8.63943e-11
1.20959e-10
1.71577e-10
2.45662e-10
3.54077e-10
5.1274e-10
7.44945e-10
1.0848e-09
1.58224e-09
2.31033e-09
3.37604e-09
4.93592e-09
7.219e-09
1.05602e-08
1.54491e-08
2.26014e-08
3.30626e-08
4.83623e-08
7.07223e-08
1.03458e-07
1.51086e-07
2.21828e-07
3.20175e-07
4.95683e-07
6.48259e-07
1.35497e-06
1.30423e-06
5.22589e-06
3.98696e-06
1.57427e-05
1.38737e-05
3.0132e-05
2.61463e-05
9.88878e-05
3.75748e-06
4.93268e-06
7.68139e-06
1.43549e-05
1.4903e-05
1.25612e-05
9.07025e-06
6.6168e-06
4.82725e-06
3.46462e-06
2.44921e-06
1.71149e-06
1.18509e-06
8.15261e-07
5.58651e-07
3.82035e-07
2.61031e-07
1.78323e-07
1.21846e-07
8.32866e-08
5.69552e-08
3.8967e-08
2.66728e-08
1.82665e-08
1.25161e-08
8.58093e-09
5.88678e-09
4.04154e-09
2.77717e-09
1.91042e-09
1.31595e-09
9.08003e-10
6.27923e-10
4.35507e-10
3.03226e-10
2.12252e-10
1.49648e-10
1.06541e-10
7.68575e-11
5.64173e-11
4.23455e-11
3.26669e-11
2.60202e-11
2.14653e-11
1.83525e-11
1.62311e-11
1.4792e-11
1.38184e-11
1.31708e-11
1.2753e-11
1.24761e-11
1.23587e-11
1.23594e-11
1.24088e-11
1.25498e-11
1.28635e-11
1.3377e-11
1.41368e-11
1.52639e-11
1.69237e-11
1.93528e-11
2.29009e-11
2.80842e-11
3.56492e-11
4.66642e-11
6.27132e-11
8.6315e-11
1.20882e-10
1.715e-10
2.45582e-10
3.5399e-10
5.12635e-10
7.44801e-10
1.08457e-09
1.58185e-09
2.30963e-09
3.37476e-09
4.93355e-09
7.21462e-09
1.05521e-08
1.54341e-08
2.25736e-08
3.30113e-08
4.82649e-08
7.05463e-08
1.03092e-07
1.50535e-07
2.20089e-07
3.20051e-07
4.72572e-07
6.71239e-07
1.06183e-06
1.41747e-06
2.94406e-06
3.1066e-06
1.39898e-05
9.93395e-06
1.83769e-05
2.38346e-05
0.000100538
4.35837e-06
5.2355e-06
5.52962e-06
7.30484e-06
7.87164e-06
7.72215e-06
6.96976e-06
5.61528e-06
4.34174e-06
3.22994e-06
2.33365e-06
1.65392e-06
1.15643e-06
8.0104e-07
5.51599e-07
3.78533e-07
2.59285e-07
1.77446e-07
1.21401e-07
8.30589e-08
5.68368e-08
3.89044e-08
2.66393e-08
1.82481e-08
1.25057e-08
8.57489e-09
5.88341e-09
4.0397e-09
2.77613e-09
1.90977e-09
1.31549e-09
9.0767e-10
6.27667e-10
4.35289e-10
3.0305e-10
2.12107e-10
1.4952e-10
1.06423e-10
7.67468e-11
5.63122e-11
4.22447e-11
3.25678e-11
2.59215e-11
2.13669e-11
1.82533e-11
1.61314e-11
1.46931e-11
1.37204e-11
1.30734e-11
1.2656e-11
1.23792e-11
1.22619e-11
1.22627e-11
1.2312e-11
1.24529e-11
1.27664e-11
1.32794e-11
1.40392e-11
1.51661e-11
1.68265e-11
1.92562e-11
2.28055e-11
2.7989e-11
3.55536e-11
4.65668e-11
6.26141e-11
8.62168e-11
1.2078e-10
1.71387e-10
2.45453e-10
3.53835e-10
5.12437e-10
7.44532e-10
1.08418e-09
1.58125e-09
2.30866e-09
3.37313e-09
4.93077e-09
7.20979e-09
1.05435e-08
1.54187e-08
2.25457e-08
3.29602e-08
4.8169e-08
7.03727e-08
1.02735e-07
1.49982e-07
2.18444e-07
3.19277e-07
4.60231e-07
7.12826e-07
9.43267e-07
1.93615e-06
2.05596e-06
4.17502e-06
1.07338e-05
9.87455e-06
1.98482e-05
3.22524e-05
8.02987e-05
3.23856e-06
3.68232e-06
4.9277e-06
8.0622e-06
8.43734e-06
7.96231e-06
6.63668e-06
5.28353e-06
4.10347e-06
3.08147e-06
2.24831e-06
1.60691e-06
1.13138e-06
7.88037e-07
5.44962e-07
3.75178e-07
2.57596e-07
1.76595e-07
1.2097e-07
8.28379e-08
5.67227e-08
3.88449e-08
2.6608e-08
1.82314e-08
1.24967e-08
8.57001e-09
5.88072e-09
4.03819e-09
2.77527e-09
1.90926e-09
1.31518e-09
9.07458e-10
6.27507e-10
4.35178e-10
3.0295e-10
2.12004e-10
1.49426e-10
1.06338e-10
7.66601e-11
5.6222e-11
4.21531e-11
3.24753e-11
2.58275e-11
2.12708e-11
1.81556e-11
1.60331e-11
1.45947e-11
1.36221e-11
1.29753e-11
1.25583e-11
1.22817e-11
1.21645e-11
1.21653e-11
1.22146e-11
1.23553e-11
1.26684e-11
1.31811e-11
1.39405e-11
1.5068e-11
1.67289e-11
1.91598e-11
2.27107e-11
2.78957e-11
3.54606e-11
4.6472e-11
6.25209e-11
8.61278e-11
1.2069e-10
1.71292e-10
2.45349e-10
3.53716e-10
5.12292e-10
7.4434e-10
1.0839e-09
1.5808e-09
2.30789e-09
3.3718e-09
4.92843e-09
7.20559e-09
1.05359e-08
1.54048e-08
2.252e-08
3.29128e-08
4.80793e-08
7.02076e-08
1.024e-07
1.49426e-07
2.16964e-07
3.18579e-07
4.51494e-07
7.34755e-07
8.93641e-07
2.06933e-06
1.89434e-06
5.0432e-06
9.72064e-06
1.02762e-05
4.32218e-05
4.13581e-05
5.91156e-05
3.41659e-06
4.03601e-06
4.55705e-06
5.83304e-06
6.46834e-06
6.37864e-06
5.92664e-06
4.91471e-06
3.88132e-06
2.94722e-06
2.17049e-06
1.56349e-06
1.10796e-06
7.75749e-07
5.3863e-07
3.71945e-07
2.55951e-07
1.75758e-07
1.20542e-07
8.26184e-08
5.6609e-08
3.87856e-08
2.65767e-08
1.82148e-08
1.24877e-08
8.56518e-09
5.87808e-09
4.03673e-09
2.77445e-09
1.90879e-09
1.31488e-09
9.07266e-10
6.27369e-10
4.3506e-10
3.0285e-10
2.11916e-10
1.4934e-10
1.0625e-10
7.65713e-11
5.61331e-11
4.20643e-11
3.23861e-11
2.57363e-11
2.11768e-11
1.80596e-11
1.59364e-11
1.44979e-11
1.35255e-11
1.2879e-11
1.24623e-11
1.21858e-11
1.20688e-11
1.20696e-11
1.21188e-11
1.22593e-11
1.2572e-11
1.30844e-11
1.38435e-11
1.49712e-11
1.66332e-11
1.90662e-11
2.26191e-11
2.78045e-11
3.53684e-11
4.6381e-11
6.243e-11
8.60405e-11
1.20602e-10
1.71199e-10
2.45248e-10
3.53603e-10
5.12158e-10
7.44167e-10
1.08365e-09
1.58039e-09
2.30721e-09
3.37061e-09
4.92633e-09
7.20179e-09
1.0529e-08
1.53921e-08
2.24965e-08
3.28689e-08
4.7996e-08
7.00519e-08
1.02091e-07
1.48872e-07
2.15695e-07
3.17329e-07
4.45815e-07
7.31571e-07
8.76146e-07
1.99744e-06
1.93559e-06
4.28549e-06
9.29417e-06
9.58961e-06
4.78256e-05
4.01735e-05
4.67873e-05
3.35462e-06
3.70287e-06
4.31627e-06
5.72673e-06
6.23184e-06
6.08635e-06
5.57703e-06
4.63492e-06
3.6892e-06
2.82718e-06
2.09982e-06
1.52343e-06
1.08598e-06
7.64033e-07
5.32522e-07
3.68806e-07
2.5435e-07
1.74944e-07
1.20127e-07
8.24057e-08
5.64994e-08
3.87287e-08
2.65469e-08
1.8199e-08
1.24793e-08
8.56065e-09
5.87561e-09
4.03538e-09
2.7737e-09
1.90836e-09
1.31463e-09
9.07099e-10
6.27256e-10
4.34988e-10
3.02788e-10
2.11854e-10
1.49288e-10
1.0621e-10
7.65385e-11
5.61072e-11
4.20485e-11
3.23819e-11
2.57429e-11
2.11931e-11
1.80852e-11
1.59704e-11
1.45387e-11
1.3571e-11
1.29273e-11
1.25109e-11
1.22355e-11
1.2117e-11
1.2117e-11
1.21638e-11
1.23018e-11
1.26105e-11
1.31194e-11
1.38728e-11
1.49923e-11
1.66467e-11
1.90711e-11
2.26128e-11
2.77857e-11
3.53372e-11
4.63371e-11
6.23792e-11
8.59849e-11
1.20539e-10
1.71126e-10
2.45164e-10
3.53505e-10
5.12042e-10
7.44019e-10
1.08344e-09
1.58004e-09
2.3066e-09
3.36954e-09
4.92443e-09
7.19837e-09
1.05227e-08
1.53806e-08
2.24751e-08
3.28287e-08
4.792e-08
6.99075e-08
1.01811e-07
1.48333e-07
2.14637e-07
3.15215e-07
4.42371e-07
7.13521e-07
8.73309e-07
1.78501e-06
1.94299e-06
3.43837e-06
8.40652e-06
8.1654e-06
4.14949e-05
3.22838e-05
3.46036e-05
3.93038e-06
4.27905e-06
4.69984e-06
5.69383e-06
6.08607e-06
5.95686e-06
5.49265e-06
4.58339e-06
3.65361e-06
2.8023e-06
2.083e-06
1.51238e-06
1.07903e-06
7.599e-07
5.30185e-07
3.67541e-07
2.53692e-07
1.74615e-07
1.19972e-07
8.23395e-08
5.64767e-08
3.87264e-08
2.65537e-08
1.82094e-08
1.24907e-08
8.57188e-09
5.88641e-09
4.04575e-09
2.78384e-09
1.9185e-09
1.3251e-09
9.1827e-10
6.39548e-10
4.48899e-10
3.18918e-10
2.30869e-10
1.71859e-10
1.32899e-10
1.07641e-10
9.15228e-11
8.12858e-11
7.47121e-11
7.03816e-11
6.74532e-11
6.53868e-11
6.3857e-11
6.26794e-11
6.17346e-11
6.09738e-11
6.02272e-11
5.98287e-11
5.95161e-11
5.93534e-11
5.89658e-11
5.89144e-11
5.8809e-11
5.91464e-11
5.95279e-11
5.98063e-11
6.06215e-11
6.16126e-11
6.29772e-11
6.57514e-11
6.99036e-11
7.64557e-11
8.76823e-11
1.06204e-10
1.36029e-10
1.82562e-10
2.53447e-10
3.59442e-10
5.16252e-10
7.46962e-10
1.08543e-09
1.58127e-09
2.30717e-09
3.36942e-09
4.92339e-09
7.19586e-09
1.05177e-08
1.53708e-08
2.24562e-08
3.27923e-08
4.78508e-08
6.97748e-08
1.0156e-07
1.47824e-07
2.13745e-07
3.12704e-07
4.40157e-07
6.91053e-07
8.75037e-07
1.58175e-06
1.9121e-06
2.88808e-06
7.14458e-06
6.77882e-06
2.92383e-05
2.33501e-05
2.41892e-05
9.40877e-06
9.05756e-06
8.43968e-06
8.25027e-06
7.97993e-06
7.4498e-06
6.51737e-06
5.38699e-06
4.24604e-06
3.21246e-06
2.35444e-06
1.68736e-06
1.19083e-06
8.31694e-07
5.76988e-07
3.98717e-07
2.75006e-07
1.89614e-07
1.30859e-07
9.05026e-08
6.28078e-08
4.38085e-08
3.07764e-08
2.18388e-08
1.57118e-08
1.15143e-08
8.64068e-09
6.67294e-09
5.32201e-09
4.38855e-09
3.73548e-09
3.2702e-09
2.9319e-09
2.68042e-09
2.48972e-09
2.34304e-09
2.22817e-09
2.13705e-09
2.06456e-09
2.00641e-09
1.95933e-09
1.921e-09
1.88967e-09
1.86467e-09
1.84406e-09
1.82627e-09
1.81084e-09
1.79715e-09
1.78514e-09
1.77229e-09
1.76605e-09
1.76019e-09
1.75611e-09
1.74762e-09
1.74531e-09
1.73952e-09
1.7449e-09
1.74542e-09
1.74312e-09
1.74824e-09
1.74797e-09
1.74664e-09
1.75605e-09
1.76028e-09
1.7606e-09
1.76999e-09
1.78141e-09
1.79029e-09
1.8013e-09
1.8278e-09
1.86894e-09
1.92937e-09
2.02835e-09
2.20041e-09
2.505e-09
3.03328e-09
3.91542e-09
5.32163e-09
7.4808e-09
1.07183e-08
1.55082e-08
2.25434e-08
3.28342e-08
4.78418e-08
6.96902e-08
1.01356e-07
1.47357e-07
2.12955e-07
3.10127e-07
4.38335e-07
6.69818e-07
8.76325e-07
1.42874e-06
1.85544e-06
2.54086e-06
6.07379e-06
5.67659e-06
2.02654e-05
1.67859e-05
1.72309e-05
3.94952e-05
3.27025e-05
2.60465e-05
2.1889e-05
1.87987e-05
1.61081e-05
1.35752e-05
1.1129e-05
8.79653e-06
6.7054e-06
4.97472e-06
3.63283e-06
2.63568e-06
1.91311e-06
1.39664e-06
1.02958e-06
7.68672e-07
5.8245e-07
4.48626e-07
3.51622e-07
2.8059e-07
2.28012e-07
1.88664e-07
1.58895e-07
1.36133e-07
1.18555e-07
1.04866e-07
9.41111e-08
8.5603e-08
7.88397e-08
7.34314e-08
6.90824e-08
6.55778e-08
6.27421e-08
6.04426e-08
5.8582e-08
5.70626e-08
5.58171e-08
5.48039e-08
5.39752e-08
5.32933e-08
5.27309e-08
5.22657e-08
5.18989e-08
5.15973e-08
5.13275e-08
5.10929e-08
5.08805e-08
5.0692e-08
5.04911e-08
5.0402e-08
5.0304e-08
5.02173e-08
5.00156e-08
4.9993e-08
4.99377e-08
5.00561e-08
5.00571e-08
5.00108e-08
5.01092e-08
5.01019e-08
5.0057e-08
5.02347e-08
5.0266e-08
5.023e-08
5.03541e-08
5.04652e-08
5.04707e-08
5.04273e-08
5.05542e-08
5.07218e-08
5.08627e-08
5.1023e-08
5.12283e-08
5.1502e-08
5.18731e-08
5.23842e-08
5.30986e-08
5.41131e-08
5.55935e-08
5.78231e-08
6.13239e-08
6.70656e-08
7.67626e-08
9.30463e-08
1.19433e-07
1.60818e-07
2.22697e-07
3.15836e-07
4.42632e-07
6.56821e-07
8.78704e-07
1.31661e-06
1.84563e-06
2.3146e-06
5.18488e-06
4.84856e-06
1.41412e-05
1.23256e-05
1.2136e-05
0.000168331
0.000126701
9.44771e-05
7.31259e-05
5.85914e-05
4.84532e-05
4.08269e-05
3.4332e-05
2.83647e-05
2.2962e-05
1.8347e-05
1.46077e-05
1.16735e-05
9.40677e-06
7.66568e-06
6.32776e-06
5.29541e-06
4.49385e-06
3.86719e-06
3.37386e-06
2.98268e-06
2.67049e-06
2.41997e-06
2.21795e-06
2.05433e-06
1.92134e-06
1.81303e-06
1.72453e-06
1.6521e-06
1.59289e-06
1.54436e-06
1.5045e-06
1.47184e-06
1.445e-06
1.42298e-06
1.40503e-06
1.39022e-06
1.37796e-06
1.36797e-06
1.35976e-06
1.35296e-06
1.34734e-06
1.34262e-06
1.33906e-06
1.33622e-06
1.33347e-06
1.33116e-06
1.32892e-06
1.32702e-06
1.32502e-06
1.32391e-06
1.32287e-06
1.32189e-06
1.31848e-06
1.31883e-06
1.31869e-06
1.3207e-06
1.32062e-06
1.31995e-06
1.32198e-06
1.32193e-06
1.32113e-06
1.32309e-06
1.32504e-06
1.32504e-06
1.32615e-06
1.3276e-06
1.32907e-06
1.32921e-06
1.33072e-06
1.33301e-06
1.33534e-06
1.33803e-06
1.34126e-06
1.34517e-06
1.34993e-06
1.35575e-06
1.3629e-06
1.37164e-06
1.38243e-06
1.39577e-06
1.41234e-06
1.43293e-06
1.45877e-06
1.49142e-06
1.53272e-06
1.58613e-06
1.65333e-06
1.74698e-06
1.85416e-06
2.03987e-06
2.21682e-06
2.5645e-06
3.02891e-06
3.45117e-06
5.59419e-06
5.57709e-06
1.14269e-05
1.09884e-05
1.13406e-05
0.000492217
0.000394845
0.000306986
0.000237115
0.000188472
0.000157028
0.000135849
0.000119222
0.000104433
9.09925e-05
7.91937e-05
6.92199e-05
6.09789e-05
5.42413e-05
4.87578e-05
4.42996e-05
4.06728e-05
3.77175e-05
3.53059e-05
3.33358e-05
3.1723e-05
3.04013e-05
2.93173e-05
2.84276e-05
2.76969e-05
2.70962e-05
2.66029e-05
2.61969e-05
2.58626e-05
2.55883e-05
2.53627e-05
2.51766e-05
2.50238e-05
2.48978e-05
2.47941e-05
2.47098e-05
2.46399e-05
2.45818e-05
2.45346e-05
2.44957e-05
2.44633e-05
2.44369e-05
2.44136e-05
2.43974e-05
2.43861e-05
2.43727e-05
2.43628e-05
2.43502e-05
2.43415e-05
2.43354e-05
2.4332e-05
2.43246e-05
2.43185e-05
2.43037e-05
2.43117e-05
2.43121e-05
2.4322e-05
2.43259e-05
2.43271e-05
2.43356e-05
2.43429e-05
2.43429e-05
2.43479e-05
2.43597e-05
2.43711e-05
2.43832e-05
2.43974e-05
2.44142e-05
2.44345e-05
2.44591e-05
2.44887e-05
2.45248e-05
2.45687e-05
2.46214e-05
2.46852e-05
2.47622e-05
2.48555e-05
2.49684e-05
2.51046e-05
2.52697e-05
2.54696e-05
2.57114e-05
2.60035e-05
2.63574e-05
2.67864e-05
2.73053e-05
2.79354e-05
2.86964e-05
2.96264e-05
3.0739e-05
3.21438e-05
3.37176e-05
3.59688e-05
3.79904e-05
4.19484e-05
4.38389e-05
5.11964e-05
5.27432e-05
6.17523e-05
6.87082e-05
0.000806624
0.000682877
0.000594976
0.000526516
0.000470678
0.000426957
0.000392613
0.000363607
0.000337533
0.000313883
0.00029288
0.000274664
0.00025912
0.000245986
0.000234956
0.000225729
0.000218032
0.00021162
0.000206288
0.00020186
0.000198186
0.000195139
0.000192617
0.000190529
0.000188803
0.000187375
0.000186197
0.000185223
0.000184418
0.000183756
0.000183209
0.000182758
0.000182385
0.000182078
0.000181825
0.000181618
0.000181447
0.000181304
0.000181188
0.000181093
0.000181013
0.000180949
0.000180891
0.000180851
0.000180827
0.000180798
0.00018079
0.000180767
0.000180764
0.000180756
0.000180742
0.000180744
0.000180741
0.000180742
0.000180736
0.000180739
0.000180739
0.000180739
0.000180746
0.000180764
0.000180789
0.000180819
0.000180855
0.000180899
0.000180951
0.000181016
0.000181095
0.000181189
0.000181304
0.000181442
0.00018161
0.000181813
0.00018206
0.000182358
0.000182718
0.000183153
0.00018368
0.000184317
0.000185086
0.000186016
0.00018714
0.000188497
0.000190133
0.000192109
0.000194492
0.000197361
0.000200817
0.000204974
0.000209967
0.000215981
0.000223166
0.000231833
0.000242181
0.000254256
0.000269797
0.000282589
0.000310184
0.000320143
0.000355757
0.000386252
0.00080323
0.000777675
0.000766312
0.000755311
0.000740016
0.000721189
0.000701694
0.000682986
0.000665317
0.000648843
0.000633765
0.000620177
0.000608079
0.000597432
0.000588166
0.000580181
0.000573357
0.000567566
0.000562678
0.000558573
0.000555138
0.000552272
0.000549888
0.000547908
0.000546266
0.000544908
0.000543784
0.000542856
0.000542091
0.000541459
0.000540939
0.00054051
0.000540157
0.000539867
0.000539628
0.000539431
0.00053927
0.000539138
0.000539029
0.00053894
0.000538867
0.000538808
0.000538758
0.000538719
0.000538695
0.000538678
0.00053867
0.000538666
0.000538663
0.000538662
0.000538663
0.000538664
0.000538666
0.000538672
0.000538679
0.00053869
0.000538705
0.000538728
0.000538757
0.000538796
0.000538849
0.000538916
0.000538999
0.000539099
0.000539221
0.000539369
0.000539549
0.000539767
0.000540031
0.000540352
0.000540742
0.000541214
0.000541787
0.000542481
0.000543323
0.000544343
0.00054558
0.000547078
0.000548895
0.000551095
0.00055376
0.000556987
0.000560893
0.00056562
0.000571334
0.000578241
0.000586568
0.00059663
0.000608656
0.000623301
0.000640189
0.000661771
0.000683619
0.000716666
0.000740215
0.000791582
0.000817059
0.000891926
0.000916944
0.00101083
6.0928e-06
1.87254e-05
4.05694e-05
7.20318e-05
0.000114921
0.000165463
0.000217355
0.000267547
0.000313489
0.000353784
0.000388019
0.000416467
0.000439761
0.00045866
0.000473918
0.000486208
0.000496104
0.000504078
0.000510514
0.000515717
0.00051993
0.000523349
0.000526127
0.000528389
0.000530232
0.000531735
0.000532963
0.000533967
0.000534789
0.000535461
0.000536012
0.000536463
0.000536832
0.000537135
0.000537384
0.000537587
0.000537754
0.000537891
0.000538003
0.000538095
0.00053817
0.00053823
0.00053828
0.00053832
0.00053835
0.000538379
0.000538395
0.000538418
0.000538429
0.000538452
0.000538466
0.000538462
0.000538439
0.000538416
0.000538396
0.000538378
0.000538354
0.000538323
0.000538285
0.000538237
0.000538179
0.000538108
0.000538022
0.000537917
0.000537789
0.000537633
0.000537444
0.000537215
0.000536936
0.000536598
0.000536188
0.00053569
0.000535086
0.000534354
0.000533465
0.000532387
0.000531078
0.00052949
0.000527564
0.000525225
0.000522387
0.000518942
0.00051476
0.000509681
0.000503514
0.000496023
0.000486924
0.000475869
0.00046244
0.000446124
0.000426307
0.000402246
0.000373058
0.000337717
0.00029512
0.000244354
0.000185556
0.000121956
6.2761e-05
2.13439e-05
6.78941e-06
7.25492e-06
8.66948e-06
1.18044e-05
1.75943e-05
2.63524e-05
3.78835e-05
5.10295e-05
6.50702e-05
7.92205e-05
9.28229e-05
0.000105425
0.000116775
0.000126777
0.000135449
0.000142873
0.000149169
0.000154472
0.000158916
0.000162626
0.000165714
0.000168278
0.000170404
0.000172165
0.000173623
0.000174828
0.000175823
0.000176644
0.000177324
0.000177885
0.000178348
0.00017873
0.000179045
0.000179305
0.00017952
0.000179697
0.000179843
0.000179963
0.000180062
0.000180143
0.00018021
0.000180266
0.00018031
0.00018035
0.000180373
0.00018041
0.000180428
0.000180467
0.000180486
0.000180538
0.000180586
0.000180567
0.000180566
0.000180564
0.000180564
0.000180535
0.000180521
0.00018051
0.000180505
0.000180504
0.000180496
0.000180471
0.000180449
0.000180414
0.000180372
0.000180335
0.000180296
0.000180246
0.000180182
0.000180108
0.00018002
0.000179914
0.000179787
0.000179634
0.000179448
0.000179223
0.000178948
0.000178616
0.000178215
0.000177728
0.000177133
0.000176409
0.000175525
0.00017444
0.000173108
0.000171464
0.000169425
0.000166886
0.000163704
0.00015969
0.000154605
0.000148124
0.000139841
0.000129248
0.000115747
9.8738e-05
7.79311e-05
5.41999e-05
3.10261e-05
1.50856e-05
8.31667e-06
7.58363e-06
7.8053e-06
8.06274e-06
7.89826e-06
7.27237e-06
6.56063e-06
6.26715e-06
6.61638e-06
7.5113e-06
8.93098e-06
1.05093e-05
1.2119e-05
1.36749e-05
1.51257e-05
1.64425e-05
1.76138e-05
1.864e-05
1.95283e-05
2.02899e-05
2.09381e-05
2.14866e-05
2.19481e-05
2.23356e-05
2.26596e-05
2.293e-05
2.3155e-05
2.33419e-05
2.34972e-05
2.36263e-05
2.37331e-05
2.38215e-05
2.38947e-05
2.3955e-05
2.40052e-05
2.40467e-05
2.40809e-05
2.41091e-05
2.41324e-05
2.41516e-05
2.41675e-05
2.41806e-05
2.41911e-05
2.42008e-05
2.42058e-05
2.42151e-05
2.42194e-05
2.42282e-05
2.42335e-05
2.42441e-05
2.42577e-05
2.42583e-05
2.42593e-05
2.42612e-05
2.42663e-05
2.42677e-05
2.42707e-05
2.42751e-05
2.42815e-05
2.42899e-05
2.43005e-05
2.43114e-05
2.43258e-05
2.43386e-05
2.43539e-05
2.43764e-05
2.44058e-05
2.44399e-05
2.44804e-05
2.45303e-05
2.45914e-05
2.46652e-05
2.47553e-05
2.4864e-05
2.49946e-05
2.51518e-05
2.53401e-05
2.55655e-05
2.58359e-05
2.61574e-05
2.65377e-05
2.69863e-05
2.7512e-05
2.81229e-05
2.88268e-05
2.96286e-05
3.05278e-05
3.15175e-05
3.25779e-05
3.36675e-05
3.47217e-05
3.56307e-05
3.62289e-05
3.60827e-05
3.52377e-05
3.29619e-05
2.85083e-05
2.22897e-05
1.56931e-05
1.37653e-05
1.05375e-05
8.57656e-06
8.49893e-06
8.73979e-06
8.43067e-06
7.44768e-06
6.21119e-06
4.9629e-06
3.83296e-06
2.88808e-06
2.14873e-06
1.60186e-06
1.23341e-06
1.02036e-06
9.27976e-07
9.1514e-07
9.355e-07
9.74075e-07
1.01753e-06
1.05931e-06
1.09736e-06
1.13105e-06
1.16033e-06
1.18551e-06
1.20698e-06
1.22516e-06
1.24047e-06
1.2533e-06
1.26405e-06
1.27304e-06
1.28052e-06
1.28674e-06
1.29191e-06
1.29618e-06
1.29974e-06
1.30269e-06
1.30513e-06
1.30715e-06
1.30881e-06
1.31019e-06
1.31132e-06
1.31226e-06
1.31302e-06
1.31373e-06
1.31408e-06
1.31476e-06
1.31507e-06
1.31573e-06
1.31608e-06
1.31692e-06
1.31849e-06
1.31922e-06
1.32008e-06
1.32146e-06
1.32335e-06
1.32525e-06
1.32748e-06
1.33006e-06
1.33312e-06
1.33684e-06
1.34136e-06
1.34673e-06
1.3533e-06
1.36081e-06
1.36982e-06
1.38103e-06
1.39473e-06
1.41111e-06
1.43079e-06
1.45458e-06
1.48327e-06
1.51773e-06
1.55918e-06
1.60881e-06
1.66816e-06
1.73906e-06
1.82355e-06
1.92418e-06
2.04407e-06
2.18656e-06
2.35581e-06
2.55696e-06
2.79604e-06
3.08022e-06
3.41822e-06
3.82021e-06
4.29793e-06
4.86467e-06
5.53453e-06
6.3196e-06
7.23097e-06
8.26166e-06
9.41115e-06
1.05329e-05
1.16181e-05
1.23925e-05
1.24877e-05
1.2078e-05
1.16303e-05
1.4532e-05
1.35228e-05
1.00421e-05
9.53098e-06
9.77297e-06
9.29792e-06
8.08467e-06
6.64515e-06
5.22947e-06
3.98198e-06
2.95644e-06
2.15181e-06
1.54373e-06
1.09483e-06
7.69573e-07
5.37406e-07
3.73762e-07
2.59679e-07
1.81144e-07
1.28069e-07
9.32619e-08
7.15806e-08
5.90975e-08
5.2596e-08
4.95699e-08
4.83481e-08
4.80008e-08
4.80522e-08
4.82017e-08
4.84374e-08
4.86792e-08
4.89058e-08
4.91089e-08
4.9287e-08
4.94401e-08
4.95714e-08
4.96831e-08
4.9777e-08
4.98555e-08
4.99211e-08
4.99759e-08
5.00215e-08
5.00595e-08
5.00899e-08
5.01193e-08
5.01332e-08
5.01601e-08
5.01733e-08
5.01961e-08
5.02167e-08
5.02526e-08
5.03464e-08
5.04445e-08
5.05587e-08
5.07168e-08
5.09149e-08
5.11333e-08
5.13837e-08
5.16734e-08
5.20131e-08
5.24221e-08
5.29162e-08
5.35097e-08
5.42309e-08
5.50856e-08
5.61167e-08
5.73826e-08
5.89273e-08
6.07969e-08
6.30675e-08
6.58352e-08
6.92121e-08
7.33323e-08
7.83747e-08
8.45502e-08
9.21315e-08
1.01471e-07
1.13011e-07
1.2733e-07
1.45198e-07
1.67589e-07
1.95805e-07
2.31599e-07
2.77308e-07
3.36074e-07
4.12184e-07
5.11454e-07
6.41811e-07
8.1404e-07
1.04286e-06
1.34732e-06
1.75383e-06
2.29137e-06
3.00488e-06
3.9084e-06
5.04983e-06
6.40803e-06
7.90278e-06
9.5542e-06
1.0968e-05
1.68252e-05
1.7308e-05
1.22428e-05
1.12418e-05
1.14065e-05
1.05665e-05
8.93822e-06
7.18064e-06
5.548e-06
4.16399e-06
3.05739e-06
2.20743e-06
1.57306e-06
1.10966e-06
7.76607e-07
5.40201e-07
3.73998e-07
2.5803e-07
1.77563e-07
1.21964e-07
8.36703e-08
5.73574e-08
3.93092e-08
2.69494e-08
1.84987e-08
1.27336e-08
8.81664e-09
6.1769e-09
4.42587e-09
3.29777e-09
2.60449e-09
2.20419e-09
1.98736e-09
1.87552e-09
1.81935e-09
1.79151e-09
1.77782e-09
1.77122e-09
1.76832e-09
1.7674e-09
1.76752e-09
1.76766e-09
1.768e-09
1.7684e-09
1.769e-09
1.76932e-09
1.76992e-09
1.77033e-09
1.77092e-09
1.77205e-09
1.77305e-09
1.77696e-09
1.78365e-09
1.79168e-09
1.8021e-09
1.81476e-09
1.82907e-09
1.84548e-09
1.86461e-09
1.88712e-09
1.91428e-09
1.94723e-09
1.98722e-09
2.03621e-09
2.0956e-09
2.16844e-09
2.259e-09
2.3717e-09
2.5119e-09
2.68755e-09
2.90932e-09
3.19143e-09
3.55319e-09
4.02233e-09
4.6376e-09
5.45544e-09
6.55913e-09
8.07072e-09
1.0171e-08
1.31282e-08
1.73355e-08
2.33733e-08
3.20916e-08
4.47124e-08
6.30525e-08
8.97897e-08
1.28859e-07
1.86055e-07
2.69889e-07
3.92827e-07
5.72936e-07
8.36189e-07
1.21879e-06
1.77045e-06
2.55301e-06
3.65415e-06
5.15498e-06
7.05492e-06
9.30165e-06
1.10449e-05
2.00397e-05
2.1979e-05
1.59546e-05
1.45627e-05
1.43011e-05
1.25526e-05
1.0179e-05
7.92095e-06
5.97343e-06
4.4004e-06
3.18491e-06
2.27435e-06
1.60736e-06
1.12685e-06
7.85041e-07
5.44252e-07
3.75907e-07
2.589e-07
1.7794e-07
1.22113e-07
8.37148e-08
5.7353e-08
3.92784e-08
2.68967e-08
1.84192e-08
1.26166e-08
8.64552e-09
5.92774e-09
4.06732e-09
2.7934e-09
1.92076e-09
1.32284e-09
9.13159e-10
6.32538e-10
4.40545e-10
3.0956e-10
2.20736e-10
1.61224e-10
1.22173e-10
9.73315e-11
8.21257e-11
7.31358e-11
6.79364e-11
6.49394e-11
6.31992e-11
6.21606e-11
6.15333e-11
6.11491e-11
6.09085e-11
6.0808e-11
6.07346e-11
6.08404e-11
6.11132e-11
6.15462e-11
6.21162e-11
6.282e-11
6.36567e-11
6.46631e-11
6.58983e-11
6.74394e-11
6.94151e-11
7.19906e-11
7.54053e-11
8.00397e-11
8.64686e-11
9.56645e-11
1.09253e-10
1.29454e-10
1.60314e-10
2.07526e-10
2.78787e-10
3.8514e-10
5.42872e-10
7.75657e-10
1.11814e-09
1.62118e-09
2.35956e-09
3.44324e-09
5.03387e-09
7.36933e-09
1.08001e-08
1.58427e-08
2.32588e-08
3.41728e-08
5.02469e-08
7.39394e-08
1.08889e-07
1.60482e-07
2.36689e-07
3.49278e-07
5.15539e-07
7.60651e-07
1.12073e-06
1.64644e-06
2.4059e-06
3.49103e-06
5.02648e-06
7.03655e-06
9.37383e-06
1.15165e-05
2.42408e-05
2.78196e-05
2.37272e-05
2.30866e-05
2.08925e-05
1.63316e-05
1.2176e-05
8.98221e-06
6.54129e-06
4.70251e-06
3.34338e-06
2.35605e-06
1.64872e-06
1.14741e-06
7.95067e-07
5.49046e-07
3.78149e-07
2.59921e-07
1.7839e-07
1.22302e-07
8.37886e-08
5.73779e-08
3.92839e-08
2.68953e-08
1.84162e-08
1.26139e-08
8.64333e-09
5.9259e-09
4.0657e-09
2.79191e-09
1.91927e-09
1.32115e-09
9.10995e-10
6.29565e-10
4.36346e-10
3.03605e-10
2.12339e-10
1.49559e-10
1.06358e-10
7.66163e-11
5.61443e-11
4.20616e-11
3.23835e-11
2.57432e-11
2.11977e-11
1.80946e-11
1.59808e-11
1.45488e-11
1.35807e-11
1.29345e-11
1.25147e-11
1.22332e-11
1.21197e-11
1.21258e-11
1.21856e-11
1.23386e-11
1.2663e-11
1.31787e-11
1.39424e-11
1.50679e-11
1.67239e-11
1.91504e-11
2.26957e-11
2.78606e-11
3.53977e-11
4.64412e-11
6.25178e-11
8.61696e-11
1.20814e-10
1.71592e-10
2.45974e-10
3.54891e-10
5.14411e-10
7.48117e-10
1.0906e-09
1.59263e-09
2.3288e-09
3.40873e-09
4.99353e-09
7.32018e-09
1.07377e-08
1.57604e-08
2.31463e-08
3.40143e-08
5.00179e-08
7.36024e-08
1.08387e-07
1.59732e-07
2.35578e-07
3.47678e-07
5.13337e-07
7.57811e-07
1.11759e-06
1.64387e-06
2.40688e-06
3.49734e-06
5.07168e-06
7.08654e-06
9.87437e-06
1.19135e-05
2.77763e-05
3.57386e-05
4.20588e-05
4.68397e-05
3.82455e-05
2.54238e-05
1.62739e-05
1.07852e-05
7.36902e-06
5.10186e-06
3.54118e-06
2.45454e-06
1.69747e-06
1.17128e-06
8.06596e-07
5.54529e-07
3.80712e-07
2.61094e-07
1.78911e-07
1.22525e-07
8.38784e-08
5.74104e-08
3.92929e-08
2.68957e-08
1.84141e-08
1.26115e-08
8.64132e-09
5.92446e-09
4.06474e-09
2.79129e-09
1.91889e-09
1.32094e-09
9.10886e-10
6.29529e-10
4.36357e-10
3.03629e-10
2.12375e-10
1.49613e-10
1.06416e-10
7.66692e-11
5.61896e-11
4.20992e-11
3.24113e-11
2.57587e-11
2.11996e-11
1.80827e-11
1.59565e-11
1.45135e-11
1.35362e-11
1.28832e-11
1.24593e-11
1.21749e-11
1.2057e-11
1.206e-11
1.21151e-11
1.22637e-11
1.25855e-11
1.3102e-11
1.3867e-11
1.4995e-11
1.66548e-11
1.90882e-11
2.26433e-11
2.78202e-11
3.53688e-11
4.64177e-11
6.25061e-11
8.61628e-11
1.20809e-10
1.71583e-10
2.45955e-10
3.54851e-10
5.14335e-10
7.47981e-10
1.09036e-09
1.59221e-09
2.32808e-09
3.4075e-09
4.99143e-09
7.31663e-09
1.07317e-08
1.57503e-08
2.31295e-08
3.39868e-08
4.99737e-08
7.35337e-08
1.08285e-07
1.59595e-07
2.35422e-07
3.47568e-07
5.13461e-07
7.58715e-07
1.12048e-06
1.65228e-06
2.42573e-06
3.5467e-06
5.11642e-06
7.46377e-06
1.00301e-05
1.31283e-05
3.65922e-05
4.86781e-05
8.14274e-05
0.000101836
7.7863e-05
4.70554e-05
2.60984e-05
1.47193e-05
8.87468e-06
5.70469e-06
3.80269e-06
2.57495e-06
1.75448e-06
1.19846e-06
8.19511e-07
5.6061e-07
3.83538e-07
2.62384e-07
1.79486e-07
1.22773e-07
8.39804e-08
5.74487e-08
3.93048e-08
2.68976e-08
1.84125e-08
1.26091e-08
8.6393e-09
5.92313e-09
4.06399e-09
2.79088e-09
1.91865e-09
1.3208e-09
9.10824e-10
6.29508e-10
4.36372e-10
3.03676e-10
2.12433e-10
1.49676e-10
1.0649e-10
7.67508e-11
5.62757e-11
4.2188e-11
3.25012e-11
2.58501e-11
2.12932e-11
1.81766e-11
1.60503e-11
1.46077e-11
1.36308e-11
1.29782e-11
1.25548e-11
1.22716e-11
1.21536e-11
1.2156e-11
1.221e-11
1.23576e-11
1.2679e-11
1.31962e-11
1.39614e-11
1.50895e-11
1.67486e-11
1.91814e-11
2.27361e-11
2.79137e-11
3.54631e-11
4.65062e-11
6.25942e-11
8.62445e-11
1.20885e-10
1.7165e-10
2.46007e-10
3.5488e-10
5.14327e-10
7.47912e-10
1.09019e-09
1.59186e-09
2.32741e-09
3.4063e-09
4.98933e-09
7.31299e-09
1.07255e-08
1.57397e-08
2.31118e-08
3.39577e-08
4.99268e-08
7.34605e-08
1.08177e-07
1.59449e-07
2.35265e-07
3.475e-07
5.13796e-07
7.6021e-07
1.1253e-06
1.66318e-06
2.45679e-06
3.59004e-06
5.30938e-06
7.50775e-06
1.10507e-05
1.36152e-05
3.82432e-05
7.18488e-05
0.000150751
0.000199765
0.000150666
8.97354e-05
4.72245e-05
2.37453e-05
1.22527e-05
6.87566e-06
4.21769e-06
2.73632e-06
1.82322e-06
1.22938e-06
8.33741e-07
5.67187e-07
3.86563e-07
2.63758e-07
1.80098e-07
1.23038e-07
8.40897e-08
5.74907e-08
3.93185e-08
2.69001e-08
1.84115e-08
1.26074e-08
8.63774e-09
5.92179e-09
4.0629e-09
2.79009e-09
1.91815e-09
1.32053e-09
9.10687e-10
6.2947e-10
4.3639e-10
3.03705e-10
2.12487e-10
1.49757e-10
1.06575e-10
7.68314e-11
5.63578e-11
4.22749e-11
3.25928e-11
2.59441e-11
2.13876e-11
1.82722e-11
1.61472e-11
1.47046e-11
1.37272e-11
1.30746e-11
1.26519e-11
1.23699e-11
1.22519e-11
1.22539e-11
1.2307e-11
1.24537e-11
1.27745e-11
1.32921e-11
1.40577e-11
1.51856e-11
1.68441e-11
1.92763e-11
2.28311e-11
2.80089e-11
3.55581e-11
4.65962e-11
6.26851e-11
8.63277e-11
1.20961e-10
1.71718e-10
2.46059e-10
3.54908e-10
5.14315e-10
7.47833e-10
1.08999e-09
1.59147e-09
2.3267e-09
3.40501e-09
4.98705e-09
7.30905e-09
1.07187e-08
1.57282e-08
2.30925e-08
3.39256e-08
4.98747e-08
7.33783e-08
1.08053e-07
1.59278e-07
2.35064e-07
3.47373e-07
5.14036e-07
7.61745e-07
1.12945e-06
1.67696e-06
2.47723e-06
3.68091e-06
5.35248e-06
7.97974e-06
1.12253e-05
1.46257e-05
5.7318e-05
0.000109253
0.000246686
0.000327047
0.000257014
0.000157907
8.42199e-05
4.12255e-05
1.94745e-05
9.47853e-06
5.06112e-06
3.00616e-06
1.91745e-06
1.26636e-06
8.49516e-07
5.74199e-07
3.89721e-07
2.65177e-07
1.80726e-07
1.23309e-07
8.42022e-08
5.75338e-08
3.93328e-08
2.69031e-08
1.84105e-08
1.26056e-08
8.63602e-09
5.92049e-09
4.06201e-09
2.78952e-09
1.9178e-09
1.32034e-09
9.10596e-10
6.29432e-10
4.36414e-10
3.03749e-10
2.12533e-10
1.49824e-10
1.06658e-10
7.69185e-11
5.64457e-11
4.23637e-11
3.26829e-11
2.60359e-11
2.1481e-11
1.83665e-11
1.62423e-11
1.48003e-11
1.3823e-11
1.31708e-11
1.27486e-11
1.24675e-11
1.23495e-11
1.23512e-11
1.24035e-11
1.25493e-11
1.28695e-11
1.33872e-11
1.41525e-11
1.52808e-11
1.69388e-11
1.93703e-11
2.29239e-11
2.81028e-11
3.56524e-11
4.66867e-11
6.27746e-11
8.64096e-11
1.21037e-10
1.71785e-10
2.46111e-10
3.54933e-10
5.14298e-10
7.47746e-10
1.08979e-09
1.59106e-09
2.32592e-09
3.40362e-09
4.98461e-09
7.30481e-09
1.07114e-08
1.57158e-08
2.30714e-08
3.38905e-08
4.98172e-08
7.32868e-08
1.07914e-07
1.5908e-07
2.34826e-07
3.47185e-07
5.14249e-07
7.62929e-07
1.13474e-06
1.68615e-06
2.51832e-06
3.71579e-06
5.54316e-06
8.14946e-06
1.17012e-05
1.79427e-05
5.75445e-05
0.000145864
0.000353188
0.00043877
0.000371016
0.000243029
0.000136039
6.84649e-05
3.20199e-05
1.45697e-05
6.85619e-06
3.56126e-06
2.08112e-06
1.31818e-06
8.68243e-07
5.81768e-07
3.92974e-07
2.66605e-07
1.81351e-07
1.23576e-07
8.4312e-08
5.75756e-08
3.93463e-08
2.69058e-08
1.84095e-08
1.26035e-08
8.63414e-09
5.91923e-09
4.0613e-09
2.78915e-09
1.91759e-09
1.32023e-09
9.10539e-10
6.29415e-10
4.36433e-10
3.03794e-10
2.12591e-10
1.49894e-10
1.06733e-10
7.69947e-11
5.65264e-11
4.24495e-11
3.27709e-11
2.61254e-11
2.15722e-11
1.84581e-11
1.63338e-11
1.48924e-11
1.39159e-11
1.32642e-11
1.28425e-11
1.2562e-11
1.24438e-11
1.24452e-11
1.24969e-11
1.2642e-11
1.29614e-11
1.3479e-11
1.42442e-11
1.53727e-11
1.70303e-11
1.9461e-11
2.30139e-11
2.81935e-11
3.57438e-11
4.67728e-11
6.2861e-11
8.64882e-11
1.2111e-10
1.71849e-10
2.46158e-10
3.54954e-10
5.14275e-10
7.47648e-10
1.08956e-09
1.59062e-09
2.32511e-09
3.40215e-09
4.98202e-09
7.30031e-09
1.07036e-08
1.57024e-08
2.30487e-08
3.38525e-08
4.97544e-08
7.31856e-08
1.07756e-07
1.58849e-07
2.34517e-07
3.46911e-07
5.14226e-07
7.64301e-07
1.13823e-06
1.7016e-06
2.54033e-06
3.79847e-06
5.71557e-06
8.29867e-06
1.3506e-05
1.76003e-05
6.09977e-05
0.000207927
0.000453945
0.00050445
0.00042891
0.000297448
0.000186062
0.000101394
4.92366e-05
2.23815e-05
1.00133e-05
4.65804e-06
2.4084e-06
1.40884e-06
8.94722e-07
5.90653e-07
3.96387e-07
2.68025e-07
1.8196e-07
1.23837e-07
8.44201e-08
5.76176e-08
3.93601e-08
2.69084e-08
1.84084e-08
1.26016e-08
8.63247e-09
5.91796e-09
4.06042e-09
2.78857e-09
1.91724e-09
1.32004e-09
9.10434e-10
6.29396e-10
4.36473e-10
3.03803e-10
2.12618e-10
1.49973e-10
1.06821e-10
7.70728e-11
5.66022e-11
4.25282e-11
3.28524e-11
2.62088e-11
2.16569e-11
1.85437e-11
1.64202e-11
1.49792e-11
1.40031e-11
1.33517e-11
1.29306e-11
1.26506e-11
1.25324e-11
1.25336e-11
1.25848e-11
1.27292e-11
1.30479e-11
1.35651e-11
1.43304e-11
1.54588e-11
1.71161e-11
1.95456e-11
2.30985e-11
2.82784e-11
3.58288e-11
4.68534e-11
6.29435e-11
8.65626e-11
1.21178e-10
1.71907e-10
2.462e-10
3.5497e-10
5.14249e-10
7.47547e-10
1.08933e-09
1.59016e-09
2.32425e-09
3.40061e-09
4.97929e-09
7.29552e-09
1.06953e-08
1.56882e-08
2.30244e-08
3.38115e-08
4.96861e-08
7.30742e-08
1.07579e-07
1.58584e-07
2.34151e-07
3.46486e-07
5.14068e-07
7.64991e-07
1.14263e-06
1.71352e-06
2.56523e-06
3.91562e-06
5.73888e-06
9.21806e-06
1.32501e-05
2.14906e-05
9.25278e-05
0.00019913
0.000549398
0.000549133
0.000457329
0.000315806
0.000201399
0.000118381
6.34525e-05
3.10464e-05
1.41988e-05
6.35867e-06
2.98693e-06
1.57636e-06
9.39156e-07
6.02924e-07
4.00275e-07
2.69448e-07
1.82526e-07
1.24067e-07
8.4511e-08
5.76507e-08
3.93705e-08
2.69105e-08
1.84078e-08
1.26005e-08
8.63147e-09
5.91709e-09
4.05973e-09
2.78811e-09
1.91698e-09
1.31994e-09
9.1046e-10
6.29421e-10
4.36553e-10
3.03943e-10
2.12706e-10
1.50037e-10
1.06901e-10
7.71645e-11
5.6695e-11
4.26158e-11
3.29361e-11
2.62904e-11
2.17371e-11
1.86241e-11
1.65013e-11
1.506e-11
1.40832e-11
1.34318e-11
1.30109e-11
1.27314e-11
1.26132e-11
1.26143e-11
1.2665e-11
1.28088e-11
1.31269e-11
1.36439e-11
1.44089e-11
1.55373e-11
1.71944e-11
1.9624e-11
2.31759e-11
2.83568e-11
3.59083e-11
4.69327e-11
6.30223e-11
8.66369e-11
1.2125e-10
1.71976e-10
2.46261e-10
3.55014e-10
5.14258e-10
7.47495e-10
1.08917e-09
1.58979e-09
2.32352e-09
3.39922e-09
4.97674e-09
7.29095e-09
1.06872e-08
1.56739e-08
2.29997e-08
3.37691e-08
4.96145e-08
7.29556e-08
1.07387e-07
1.58288e-07
2.33716e-07
3.45954e-07
5.13646e-07
7.65314e-07
1.14766e-06
1.71782e-06
2.63028e-06
3.902e-06
6.19631e-06
9.15933e-06
1.4294e-05
2.23658e-05
0.000103772
0.000178437
0.000620955
0.000608708
0.000490403
0.000331339
0.00020775
0.000121983
6.69958e-05
3.44504e-05
1.67501e-05
7.85238e-06
3.67581e-06
1.8223e-06
1.01032e-06
6.21432e-07
4.0524e-07
2.70971e-07
1.83061e-07
1.24267e-07
8.4584e-08
5.76733e-08
3.9374e-08
2.69078e-08
1.84036e-08
1.25966e-08
8.62842e-09
5.91506e-09
4.0585e-09
2.78734e-09
1.91651e-09
1.31961e-09
9.10209e-10
6.29319e-10
4.3647e-10
3.03862e-10
2.12707e-10
1.50076e-10
1.0693e-10
7.71912e-11
5.67326e-11
4.26657e-11
3.29933e-11
2.6352e-11
2.18017e-11
1.869e-11
1.65678e-11
1.5128e-11
1.41524e-11
1.35017e-11
1.30812e-11
1.28021e-11
1.26838e-11
1.26846e-11
1.2735e-11
1.28783e-11
1.31959e-11
1.37121e-11
1.4477e-11
1.56053e-11
1.72625e-11
1.96901e-11
2.32411e-11
2.84226e-11
3.59747e-11
4.69913e-11
6.30795e-11
8.66856e-11
1.2129e-10
1.72e-10
2.4626e-10
3.54975e-10
5.14159e-10
7.47294e-10
1.0888e-09
1.58915e-09
2.32241e-09
3.39732e-09
4.97349e-09
7.28539e-09
1.06777e-08
1.56577e-08
2.2972e-08
3.37221e-08
4.95353e-08
7.28241e-08
1.07171e-07
1.57951e-07
2.33187e-07
3.45317e-07
5.12744e-07
7.66309e-07
1.14703e-06
1.74225e-06
2.62622e-06
4.02983e-06
6.27623e-06
9.29395e-06
1.55474e-05
2.65096e-05
0.000101815
0.000225623
0.000697131
0.000633915
0.000507702
0.00035553
0.000216083
0.000123066
6.72274e-05
3.48358e-05
1.71946e-05
8.22112e-06
3.92399e-06
1.95666e-06
1.06567e-06
6.39767e-07
4.10673e-07
2.72574e-07
1.83574e-07
1.24444e-07
8.46438e-08
5.76906e-08
3.93764e-08
2.69054e-08
1.84004e-08
1.25938e-08
8.62635e-09
5.91363e-09
4.05754e-09
2.78674e-09
1.91614e-09
1.31939e-09
9.10101e-10
6.29263e-10
4.36436e-10
3.03854e-10
2.1273e-10
1.50118e-10
1.06981e-10
7.72454e-11
5.67836e-11
4.27144e-11
3.3043e-11
2.6404e-11
2.1856e-11
1.87456e-11
1.66242e-11
1.51847e-11
1.42098e-11
1.35598e-11
1.31398e-11
1.2861e-11
1.27428e-11
1.27435e-11
1.27936e-11
1.29364e-11
1.32533e-11
1.37693e-11
1.45339e-11
1.56611e-11
1.73181e-11
1.97451e-11
2.32967e-11
2.84758e-11
3.60271e-11
4.70443e-11
6.31318e-11
8.67295e-11
1.21326e-10
1.72026e-10
2.46268e-10
3.54953e-10
5.14087e-10
7.47138e-10
1.0885e-09
1.58859e-09
2.3214e-09
3.39553e-09
4.97034e-09
7.2799e-09
1.06682e-08
1.56411e-08
2.29435e-08
3.36732e-08
4.94517e-08
7.26835e-08
1.06935e-07
1.57574e-07
2.32584e-07
3.44441e-07
5.11811e-07
7.6496e-07
1.15198e-06
1.74355e-06
2.65217e-06
4.1486e-06
6.25424e-06
1.04077e-05
1.75843e-05
2.77854e-05
0.000105749
0.000654918
0.000774575
0.000630556
0.000493511
0.000361387
0.000223798
0.000121953
6.3067e-05
3.22001e-05
1.61459e-05
7.92761e-06
3.87824e-06
1.96436e-06
1.07587e-06
6.45053e-07
4.12825e-07
2.73386e-07
1.83866e-07
1.24545e-07
8.46766e-08
5.76987e-08
3.93755e-08
2.6902e-08
1.83972e-08
1.25915e-08
8.6248e-09
5.91251e-09
4.05674e-09
2.78622e-09
1.91585e-09
1.31928e-09
9.10108e-10
6.29262e-10
4.36455e-10
3.03975e-10
2.12828e-10
1.50137e-10
1.07001e-10
7.72987e-11
5.68492e-11
4.27754e-11
3.30981e-11
2.64547e-11
2.19038e-11
1.87934e-11
1.66723e-11
1.52316e-11
1.42554e-11
1.36052e-11
1.31851e-11
1.29063e-11
1.27881e-11
1.27889e-11
1.28388e-11
1.29813e-11
1.32974e-11
1.38139e-11
1.45781e-11
1.57047e-11
1.73613e-11
1.979e-11
2.33416e-11
2.85184e-11
3.60685e-11
4.70916e-11
6.31763e-11
8.67689e-11
1.21363e-10
1.7206e-10
2.46294e-10
3.54959e-10
5.14056e-10
7.4704e-10
1.08828e-09
1.58814e-09
2.32055e-09
3.39396e-09
4.9675e-09
7.27476e-09
1.0659e-08
1.56249e-08
2.2915e-08
3.36236e-08
4.93657e-08
7.25372e-08
1.06683e-07
1.57174e-07
2.31859e-07
3.43612e-07
5.09831e-07
7.64931e-07
1.15204e-06
1.74252e-06
2.74563e-06
4.0872e-06
6.50558e-06
1.07988e-05
1.6438e-05
3.57797e-05
0.000128741
0.00102503
0.000845798
0.000520343
0.000354253
0.000293202
0.000208372
0.000118262
5.84934e-05
2.75251e-05
1.30858e-05
6.44671e-06
3.30867e-06
1.78989e-06
1.03469e-06
6.37962e-07
4.12141e-07
2.73483e-07
1.8395e-07
1.24572e-07
8.46746e-08
5.76874e-08
3.93636e-08
2.68922e-08
1.83897e-08
1.2586e-08
8.62096e-09
5.91008e-09
4.05528e-09
2.78531e-09
1.91529e-09
1.31886e-09
9.09818e-10
6.29167e-10
4.36319e-10
3.03835e-10
2.12841e-10
1.50177e-10
1.06991e-10
7.72791e-11
5.68474e-11
4.27912e-11
3.31224e-11
2.64816e-11
2.19312e-11
1.88199e-11
1.6699e-11
1.52604e-11
1.42859e-11
1.36359e-11
1.32163e-11
1.29381e-11
1.28196e-11
1.28201e-11
1.28698e-11
1.3012e-11
1.33284e-11
1.38436e-11
1.46073e-11
1.57364e-11
1.73943e-11
1.98201e-11
2.33695e-11
2.85547e-11
3.61118e-11
4.71198e-11
6.32029e-11
8.67971e-11
1.21389e-10
1.72071e-10
2.46278e-10
3.54913e-10
5.13963e-10
7.46855e-10
1.08793e-09
1.58754e-09
2.3195e-09
3.39208e-09
4.96419e-09
7.26904e-09
1.06491e-08
1.56075e-08
2.28846e-08
3.35707e-08
4.92738e-08
7.23795e-08
1.06407e-07
1.5673e-07
2.3102e-07
3.42671e-07
5.06791e-07
7.67166e-07
1.1363e-06
1.79223e-06
2.71266e-06
4.20793e-06
7.33216e-06
1.03704e-05
1.83574e-05
3.52412e-05
0.000178181
0.000979531
0.000783055
0.000460578
0.000244519
0.000150645
0.000109636
7.49689e-05
4.29679e-05
2.18026e-05
1.05354e-05
5.181e-06
2.73176e-06
1.56707e-06
9.62553e-07
6.18283e-07
4.07513e-07
2.72481e-07
1.83714e-07
1.24489e-07
8.46287e-08
5.76572e-08
3.93434e-08
2.68789e-08
1.83812e-08
1.25809e-08
8.61786e-09
5.90802e-09
4.05386e-09
2.78438e-09
1.9147e-09
1.31853e-09
9.09626e-10
6.29e-10
4.36259e-10
3.03845e-10
2.12806e-10
1.50135e-10
1.06998e-10
7.73075e-11
5.68623e-11
4.27917e-11
3.31214e-11
2.64854e-11
2.19396e-11
1.88323e-11
1.67134e-11
1.52745e-11
1.43e-11
1.3651e-11
1.32316e-11
1.29536e-11
1.28357e-11
1.28364e-11
1.2886e-11
1.30279e-11
1.33433e-11
1.38591e-11
1.46217e-11
1.57469e-11
1.74037e-11
1.98303e-11
2.33788e-11
2.85512e-11
3.6103e-11
4.71266e-11
6.3197e-11
8.67804e-11
1.21363e-10
1.72039e-10
2.46231e-10
3.54829e-10
5.13817e-10
7.46614e-10
1.08753e-09
1.58686e-09
2.31835e-09
3.39016e-09
4.96092e-09
7.26339e-09
1.06393e-08
1.55907e-08
2.28555e-08
3.35204e-08
4.91865e-08
7.223e-08
1.06143e-07
1.56305e-07
2.302e-07
3.41648e-07
5.04175e-07
7.66857e-07
1.12388e-06
1.89528e-06
2.52506e-06
5.77959e-06
7.23039e-06
1.56775e-05
2.30921e-05
4.91044e-05
0.000198266
0.00219349
0.00135286
0.00174453
0.00187589
0.00192108
0.0019324
0.00193595
0.00193733
0.00193744
0.00193747
0.00166705
0.00164002
0.00161593
0.0017212
0.00179651
0.00181749
0.00182308
0.00182511
0.00182549
0.00182552
0.000903096
0.0010715
0.000930436
0.000961414
0.00102794
0.00105303
0.00106052
0.0010631
0.00106376
0.00106385
0.000438146
0.000461484
0.000334379
0.000298915
0.000313364
0.000326676
0.000331053
0.000332548
0.000332982
0.000333052
0.000311067
0.00026446
0.000145777
7.80273e-05
5.01201e-05
4.34312e-05
4.25445e-05
4.25708e-05
4.26125e-05
4.26261e-05
0.000278049
0.000221797
0.000120619
5.88061e-05
2.62987e-05
1.09873e-05
4.59889e-06
2.48416e-06
2.04741e-06
1.98883e-06
0.000244382
0.000187414
0.000101599
4.91258e-05
2.14746e-05
8.62723e-06
3.22978e-06
1.14099e-06
3.87152e-07
1.31962e-07
0.000212776
0.000154107
8.35755e-05
3.95717e-05
1.67768e-05
6.54233e-06
2.38652e-06
8.23984e-07
2.71678e-07
8.25642e-08
0.000176086
0.000123185
6.65715e-05
3.0264e-05
1.23495e-05
4.67437e-06
1.66707e-06
5.65738e-07
1.84041e-07
5.53692e-08
0.00013513
9.98329e-05
4.99569e-05
2.15492e-05
8.50962e-06
3.15611e-06
1.11086e-06
3.73697e-07
1.20872e-07
3.6243e-08
0.000106117
7.39411e-05
3.43322e-05
1.43478e-05
5.59407e-06
2.06488e-06
7.25866e-07
2.44359e-07
7.92079e-08
2.38203e-08
8.01138e-05
4.83089e-05
2.20689e-05
9.28447e-06
3.652e-06
1.35816e-06
4.80688e-07
1.62926e-07
5.31853e-08
1.61009e-08
5.65998e-05
3.06602e-05
1.43494e-05
6.159e-06
2.4575e-06
9.24476e-07
3.30513e-07
1.13081e-07
3.72689e-08
1.1468e-08
3.89691e-05
2.16131e-05
1.03023e-05
4.46e-06
1.80127e-06
6.8997e-07
2.57381e-07
1.06467e-07
6.68629e-08
5.86439e-08
2.84248e-05
2.37336e-05
1.34232e-05
6.88421e-06
4.35034e-06
3.02926e-06
2.31726e-06
2.07112e-06
2.01046e-06
1.9677e-06
4.78695e-05
9.88604e-05
8.21657e-05
5.90937e-05
5.10019e-05
4.65801e-05
4.39886e-05
4.30697e-05
4.28583e-05
4.25761e-05
0.000234069
0.000414406
0.000400421
0.000362284
0.000346871
0.000339676
0.00033558
0.000334153
0.000333846
0.000333254
0.000751259
0.00110196
0.00111648
0.00109343
0.00107676
0.00106989
0.00106604
0.00106486
0.00106455
0.00106425
0.00160618
0.00188871
0.00187765
0.00184835
0.00183554
0.00182987
0.00182679
0.00182601
0.00182563
0.0018256
0.00223897
0.0021168
0.00199294
0.00195718
0.00194714
0.00194108
0.0019382
0.00193775
0.00193755
0.00193754
)
;

boundaryField
{
    inlet
    {
        type            zeroGradient;
    }
    outlet
    {
        type            zeroGradient;
    }
    walls
    {
        type            zeroGradient;
    }
    frontAndBack
    {
        type            empty;
    }
}


// ************************************************************************* //
