/*--------------------------------*- C++ -*----------------------------------*\
| =========                 |                                                 |
| \\      /  F ield         | OpenFOAM: The Open Source CFD Toolbox           |
|  \\    /   O peration     | Version:  2.4.0                                 |
|   \\  /    A nd           | Web:      www.OpenFOAM.org                      |
|    \\/     M anipulation  |                                                 |
\*---------------------------------------------------------------------------*/
FoamFile
{
    version     2.0;
    format      ascii;
    class       volVectorField;
    location    "0.118";
    object      U_0;
}
// * * * * * * * * * * * * * * * * * * * * * * * * * * * * * * * * * * * * * //

dimensions      [0 1 -1 0 0 0 0];

internalField   nonuniform List<vector> 
4400
(
(5.40557 0.316717 0)
(3.31292 0.0607594 0)
(2.58609 0.00135845 0)
(2.23086 -0.00199445 0)
(2.08508 -0.00154943 0)
(1.98774 -0.00051785 0)
(1.95742 -0.000237127 0)
(1.89393 0.000162418 0)
(1.87289 0.00277119 0)
(1.66663 -0.0650618 0)
(8.69217 0.85734 0)
(7.53029 0.344876 0)
(6.63813 0.115824 0)
(5.9024 0.055396 0)
(5.5341 0.0270383 0)
(5.24617 0.0156221 0)
(5.16679 0.0110246 0)
(4.97861 0.00850916 0)
(4.96817 0.0262244 0)
(4.6579 -0.101173 0)
(9.90494 0.937252 0)
(9.972 0.477675 0)
(9.50771 0.212123 0)
(8.73564 0.130111 0)
(8.29863 0.0763199 0)
(7.86553 0.0449827 0)
(7.78026 0.0314253 0)
(7.47594 0.0228761 0)
(7.4888 0.0448799 0)
(7.18436 -0.0855197 0)
(10.1488 0.807661 0)
(11.0873 0.499012 0)
(11.2925 0.264344 0)
(10.796 0.19679 0)
(10.4975 0.133585 0)
(10.0068 0.0824297 0)
(9.98103 0.0588339 0)
(9.60055 0.0443384 0)
(9.62007 0.0605231 0)
(9.37405 -0.065787 0)
(10.0943 0.647594 0)
(11.2893 0.438075 0)
(12.0099 0.243934 0)
(11.9119 0.2161 0)
(11.9498 0.170892 0)
(11.5447 0.115032 0)
(11.6521 0.0832181 0)
(11.2974 0.0720067 0)
(11.3276 0.0706259 0)
(11.1548 -0.0319195 0)
(10.0795 0.515268 0)
(11.2135 0.364232 0)
(12.0912 0.185529 0)
(12.1747 0.18051 0)
(12.5431 0.165009 0)
(12.3293 0.121287 0)
(12.6167 0.0893814 0)
(12.4258 0.089307 0)
(12.5185 0.0815211 0)
(12.447 -0.00448732 0)
(10.0726 0.394209 0)
(11.1692 0.294767 0)
(12.0491 0.138471 0)
(12.1667 0.13584 0)
(12.5826 0.129111 0)
(12.5296 0.1048 0)
(12.8673 0.0652544 0)
(12.8888 0.0910231 0)
(13.0935 0.0616586 0)
(13.1477 0.0618601 0)
(10.0401 0.269911 0)
(11.138 0.222881 0)
(11.9469 0.0927693 0)
(12.2482 0.101359 0)
(12.4836 0.0875166 0)
(12.5527 0.0881325 0)
(12.7986 0.032328 0)
(12.9715 0.0771086 0)
(13.2309 0.0295046 0)
(13.2906 0.0846884 0)
(10.0056 0.163401 0)
(11.1138 0.132357 0)
(11.8892 0.0513009 0)
(12.2499 0.058183 0)
(12.3905 0.066173 0)
(12.5776 0.0552991 0)
(12.7775 0.0111609 0)
(13.0001 0.0338419 0)
(13.177 0.022798 0)
(13.2171 0.0430462 0)
(10.0035 0.0479749 0)
(11.1201 0.0500118 0)
(11.8583 0.00903992 0)
(12.1679 0.0294116 0)
(12.4012 0.0221197 0)
(12.6097 0.0289578 0)
(12.8072 -0.0205057 0)
(12.9332 0.0229347 0)
(13.0937 -0.00631716 0)
(13.261 0.0141626 0)
(10.0107 -0.0601717 0)
(11.1277 -0.0402095 0)
(11.8271 -0.0169802 0)
(12.173 -0.0167741 0)
(12.4011 -0.0129479 0)
(12.6193 -0.00762058 0)
(12.8125 -0.0311932 0)
(12.9205 -0.00390037 0)
(13.1091 -0.0370484 0)
(13.2806 -0.0348966 0)
(10.0219 -0.176149 0)
(11.1248 -0.120038 0)
(11.8438 -0.0556429 0)
(12.194 -0.0530321 0)
(12.4213 -0.0549492 0)
(12.6329 -0.0404912 0)
(12.8159 -0.0522972 0)
(12.9511 -0.0238374 0)
(13.1534 -0.0657921 0)
(13.2406 -0.0608776 0)
(10.0389 -0.286384 0)
(11.1186 -0.2056 0)
(11.8936 -0.0913118 0)
(12.2223 -0.0973424 0)
(12.4698 -0.089945 0)
(12.6332 -0.0717924 0)
(12.8348 -0.071157 0)
(12.9984 -0.0511906 0)
(13.201 -0.0924782 0)
(13.1857 -0.0949623 0)
(10.0455 -0.403976 0)
(11.124 -0.278343 0)
(11.9869 -0.139007 0)
(12.2414 -0.13785 0)
(12.531 -0.125923 0)
(12.6294 -0.101144 0)
(12.861 -0.0962279 0)
(12.9383 -0.0759998 0)
(13.0953 -0.107324 0)
(12.9026 -0.107664 0)
(10.0177 -0.520083 0)
(11.2058 -0.35062 0)
(12.068 -0.192918 0)
(12.2527 -0.183065 0)
(12.4798 -0.160467 0)
(12.4437 -0.124137 0)
(12.5528 -0.108398 0)
(12.4634 -0.0870356 0)
(12.5062 -0.0986039 0)
(12.1341 -0.127099 0)
(10.0381 -0.648873 0)
(11.3158 -0.430736 0)
(12.0002 -0.250983 0)
(11.9555 -0.214995 0)
(11.8963 -0.168753 0)
(11.6392 -0.117311 0)
(11.5621 -0.0979292 0)
(11.3373 -0.0710906 0)
(11.2813 -0.0846032 0)
(10.8782 -0.103327 0)
(10.1133 -0.807986 0)
(11.1164 -0.495073 0)
(11.2818 -0.268936 0)
(10.8184 -0.195353 0)
(10.4639 -0.133077 0)
(10.0709 -0.0839729 0)
(9.89942 -0.0685107 0)
(9.62959 -0.0475304 0)
(9.55623 -0.0635701 0)
(9.15862 -0.0749572 0)
(9.88596 -0.937702 0)
(9.99381 -0.475674 0)
(9.49726 -0.2148 0)
(8.74702 -0.128866 0)
(8.28111 -0.0768458 0)
(7.90109 -0.0450961 0)
(7.72427 -0.0378803 0)
(7.48137 -0.0265941 0)
(7.42775 -0.0396154 0)
(7.0153 -0.0524352 0)
(8.68276 -0.857465 0)
(7.5425 -0.343973 0)
(6.63176 -0.116894 0)
(5.90777 -0.0547644 0)
(5.52596 -0.0276417 0)
(5.26262 -0.0151835 0)
(5.13479 -0.0144019 0)
(4.96519 -0.0108939 0)
(4.92627 -0.0177798 0)
(4.55602 -0.0249538 0)
(5.40358 -0.316849 0)
(3.31585 -0.0606777 0)
(2.58505 -0.00148961 0)
(2.23207 0.00208295 0)
(2.08205 0.0013275 0)
(1.99241 0.000929463 0)
(1.94577 -0.000394734 0)
(1.88057 -0.000420267 0)
(1.85787 -0.000697998 0)
(1.66898 0.00737193 0)
(2.66459 0.0140517 0)
(2.47911 0.182996 0)
(2.88105 0.310235 0)
(3.38153 0.476552 0)
(4.26262 0.686497 0)
(5.13793 1.11619 0)
(6.20342 0.923807 0)
(6.16867 0.281106 0)
(7.4601 -0.306294 0)
(6.87047 -1.13655 0)
(7.66249 -2.10646 0)
(8.79194 -2.99483 0)
(7.97923 -3.97451 0)
(8.8205 -4.05751 0)
(7.92415 -3.91749 0)
(6.88969 -2.93641 0)
(7.04103 -2.65983 0)
(4.6906 -1.82206 0)
(4.15025 1.33869 0)
(5.748 3.55077 0)
(6.24768 4.00575 0)
(7.31387 4.40642 0)
(7.40689 3.2969 0)
(7.8939 2.56665 0)
(7.59949 2.10214 0)
(9.31158 0.354843 0)
(9.08872 -1.03396 0)
(9.95718 -2.56977 0)
(11.249 -4.72267 0)
(12.5557 -6.53067 0)
(12.977 -8.01191 0)
(14.1192 -8.82972 0)
(13.3923 -8.91183 0)
(14.1294 -8.38389 0)
(12.6821 -7.6252 0)
(11.9783 -6.27697 0)
(11.5848 -5.0924 0)
(10.0101 -3.79501 0)
(11.0435 -2.88224 0)
(9.54293 -1.57522 0)
(10.9211 -0.584189 0)
(9.87755 0.467395 0)
(10.7895 1.15934 0)
(9.65655 2.20203 0)
(10.6202 2.65777 0)
(8.96722 3.51524 0)
(9.79935 3.80991 0)
(7.61313 4.57766 0)
(8.78366 4.04843 0)
(5.63931 4.38618 0)
(7.39927 4.7216 0)
(4.47981 5.59108 0)
(7.3657 5.77537 0)
(6.31084 6.82716 0)
(6.84632 5.81574 0)
(8.77139 5.46562 0)
(7.35574 3.96707 0)
(9.74406 2.47665 0)
(8.64033 -0.0793067 0)
(10.4623 -1.67033 0)
(8.68082 -3.76024 0)
(11.4481 -5.3619 0)
(9.00701 -6.73429 0)
(11.2079 -6.99944 0)
(8.84068 -6.91008 0)
(9.88782 -4.75311 0)
(7.96073 -4.49384 0)
(8.20485 -2.57424 0)
(5.70178 -1.22757 0)
(4.90085 1.10795 0)
(4.55087 -1.97039 0)
(6.65156 -2.52385 0)
(7.76066 -3.66856 0)
(8.69348 -2.7905 0)
(9.29929 -2.05111 0)
(9.85744 -0.841721 0)
(10.5055 0.374489 0)
(10.9444 1.52815 0)
(11.311 2.79154 0)
(11.3628 3.65208 0)
(10.972 3.98807 0)
(10.1959 4.02023 0)
(9.24941 4.1335 0)
(8.47319 4.14347 0)
(7.66061 3.68754 0)
(6.80982 3.43744 0)
(6.60648 3.01022 0)
(5.76228 3.69109 0)
(5.61368 3.70433 0)
(5.04896 4.53634 0)
(5.13539 3.18036 0)
(3.70787 4.05861 0)
(6.15229 2.61764 0)
(2.80491 2.47994 0)
(8.01853 0.267824 0)
(4.4125 0.852742 0)
(8.3868 -0.22576 0)
(4.97958 1.44246 0)
(7.40964 0.352776 0)
(3.79155 4.21274 0)
(5.10968 0.0951065 0)
(4.93419 0.276869 0)
(4.89547 0.254177 0)
(5.18033 0.29938 0)
(5.64912 0.320346 0)
(5.91409 0.634084 0)
(7.38708 0.639397 0)
(7.16243 0.0836224 0)
(8.477 -0.54671 0)
(8.76136 -1.2601 0)
(8.70425 -2.3954 0)
(10.4299 -3.14961 0)
(9.48282 -3.95534 0)
(9.81107 -4.0092 0)
(9.27646 -3.68675 0)
(7.89262 -2.703 0)
(8.21965 -2.0589 0)
(5.81148 -1.3232 0)
(4.72049 1.0816 0)
(6.61055 3.11003 0)
(7.29023 3.71706 0)
(7.75317 4.25498 0)
(8.61854 3.12286 0)
(8.47562 2.54456 0)
(8.69034 1.84085 0)
(10.0959 0.120311 0)
(10.0075 -1.26224 0)
(11.1652 -3.03227 0)
(12.2037 -5.13621 0)
(13.1169 -6.86701 0)
(13.5564 -8.30715 0)
(14.2638 -8.97381 0)
(13.3098 -8.8418 0)
(13.502 -8.08078 0)
(11.5465 -7.136 0)
(11.0695 -5.88395 0)
(10.1132 -4.71118 0)
(8.62007 -3.6108 0)
(9.75995 -2.89648 0)
(8.11752 -1.53716 0)
(10.0261 -0.58471 0)
(8.75041 0.456468 0)
(10.0098 1.15514 0)
(8.81968 2.28145 0)
(10.2488 2.74498 0)
(8.47633 3.67413 0)
(9.74777 3.98262 0)
(7.33169 4.83029 0)
(8.96184 4.41499 0)
(5.45841 4.67518 0)
(7.45808 4.99923 0)
(5.11103 5.59905 0)
(6.96403 5.52573 0)
(7.06262 6.68562 0)
(6.81794 5.47895 0)
(9.25439 5.09514 0)
(7.94436 3.84342 0)
(10.0004 2.24013 0)
(9.41243 -0.26029 0)
(10.7273 -1.66821 0)
(9.22735 -3.94787 0)
(11.6616 -5.6468 0)
(9.26195 -6.9369 0)
(11.5152 -6.9691 0)
(8.60579 -6.65872 0)
(9.9984 -4.57044 0)
(7.34431 -4.12695 0)
(7.72564 -1.92649 0)
(4.7456 -0.663553 0)
(5.29741 1.36557 0)
(4.34753 -2.59266 0)
(7.02486 -3.03152 0)
(7.5484 -4.22567 0)
(8.44714 -2.8424 0)
(8.70175 -2.33687 0)
(9.22685 -1.01479 0)
(9.85674 0.160744 0)
(10.381 1.35975 0)
(10.8768 2.69155 0)
(11.0869 3.67056 0)
(10.8659 4.19024 0)
(10.1895 4.35579 0)
(9.3404 4.43939 0)
(8.34194 4.5189 0)
(7.87847 3.93576 0)
(6.81909 3.7709 0)
(6.72035 3.05414 0)
(6.00088 4.12271 0)
(5.74826 3.49356 0)
(5.23995 4.7289 0)
(7.38482 3.69915 0)
(2.86709 4.26733 0)
(8.14459 2.17249 0)
(4.13953 2.44099 0)
(9.07349 -0.436724 0)
(5.43512 1.03139 0)
(9.24676 -0.854521 0)
(6.01803 1.64476 0)
(10.3076 0.358329 0)
(6.25835 4.61536 0)
(7.32486 0.05537 0)
(7.23393 0.260092 0)
(7.19 0.201328 0)
(7.27065 0.181041 0)
(7.92704 0.22444 0)
(7.58883 0.344814 0)
(9.03412 0.376433 0)
(9.06891 -0.0124203 0)
(9.75076 -0.869827 0)
(10.8565 -1.43973 0)
(10.2732 -2.50004 0)
(11.592 -3.27615 0)
(10.9033 -3.85772 0)
(10.5666 -3.89992 0)
(10.3265 -3.43973 0)
(8.60719 -2.42434 0)
(9.15953 -1.57813 0)
(7.16424 -0.775826 0)
(5.53139 0.869633 0)
(7.51398 2.5232 0)
(8.16518 3.49064 0)
(8.25819 4.03744 0)
(9.72724 2.9463 0)
(9.08274 2.50653 0)
(9.81289 1.53481 0)
(10.761 -0.0456927 0)
(11.0441 -1.53512 0)
(12.2508 -3.49699 0)
(12.8757 -5.46426 0)
(13.6156 -7.13576 0)
(13.9665 -8.45596 0)
(14.1199 -8.89068 0)
(12.9153 -8.54169 0)
(12.5204 -7.58683 0)
(10.2622 -6.5533 0)
(9.87359 -5.44976 0)
(8.38109 -4.29628 0)
(7.26874 -3.46147 0)
(8.15943 -2.81248 0)
(6.49052 -1.4566 0)
(8.98275 -0.687556 0)
(7.45264 0.437763 0)
(9.13158 1.1556 0)
(7.82426 2.2803 0)
(9.66863 2.77542 0)
(7.67927 3.81235 0)
(9.5581 4.14406 0)
(6.89232 5.00924 0)
(9.05546 4.7441 0)
(5.32115 4.93013 0)
(7.32039 5.10975 0)
(5.91964 5.59097 0)
(6.51223 5.26332 0)
(7.83537 6.48444 0)
(6.93293 5.12553 0)
(9.34509 4.72838 0)
(8.55374 3.74696 0)
(10.1864 2.05447 0)
(10.0181 -0.433724 0)
(10.778 -1.77442 0)
(9.92098 -3.93468 0)
(11.835 -5.51283 0)
(9.78347 -6.79736 0)
(11.6116 -6.71796 0)
(8.32771 -6.25193 0)
(9.93193 -4.28673 0)
(6.5936 -3.60531 0)
(7.31338 -1.28343 0)
(3.90264 -0.254688 0)
(6.22214 1.32987 0)
(4.13368 -2.86816 0)
(7.17805 -3.46684 0)
(6.83944 -4.70048 0)
(8.12335 -2.76961 0)
(7.86815 -2.6156 0)
(8.40062 -1.10006 0)
(9.01457 -0.130017 0)
(9.57716 1.21397 0)
(10.1456 2.526 0)
(10.4525 3.66262 0)
(10.4595 4.27438 0)
(9.82789 4.68988 0)
(9.27249 4.73307 0)
(8.19406 4.93797 0)
(7.69371 4.10093 0)
(7.08512 4.20121 0)
(6.60989 2.92781 0)
(5.99433 4.54163 0)
(7.52039 3.57112 0)
(3.89316 4.73063 0)
(8.94516 3.35737 0)
(3.86605 4.52689 0)
(9.32875 1.73161 0)
(5.277 2.40093 0)
(9.35521 -0.769401 0)
(5.35 1.29625 0)
(9.48063 -1.15174 0)
(5.81112 1.75309 0)
(10.5712 -0.180855 0)
(8.3774 4.47915 0)
(9.39556 0.0706458 0)
(9.3607 0.28569 0)
(9.38776 0.206911 0)
(9.13649 0.0134111 0)
(9.98829 0.0876555 0)
(9.6597 0.220676 0)
(10.6226 0.0229889 0)
(11.1367 -0.101044 0)
(11.3489 -1.01983 0)
(12.4601 -1.65409 0)
(11.9032 -2.45003 0)
(12.3242 -3.31175 0)
(11.9744 -3.69298 0)
(10.9343 -3.72588 0)
(11.0973 -3.19814 0)
(9.14655 -2.17977 0)
(9.70656 -1.19074 0)
(8.40723 -0.252672 0)
(6.62288 0.798172 0)
(8.3395 2.06294 0)
(8.61101 3.403 0)
(9.07557 3.76664 0)
(10.4316 2.82523 0)
(9.70789 2.42316 0)
(10.823 1.24091 0)
(11.3937 -0.207055 0)
(12.0797 -1.90004 0)
(13.0471 -3.88652 0)
(13.3679 -5.69998 0)
(14.0361 -7.36138 0)
(14.0656 -8.46559 0)
(13.637 -8.64413 0)
(12.1859 -8.07622 0)
(11.2582 -6.97186 0)
(9.01039 -5.95711 0)
(8.6533 -4.90811 0)
(6.5337 -3.79781 0)
(5.71028 -3.36387 0)
(6.21929 -2.69 0)
(5.1553 -1.47627 0)
(8.05653 -0.962455 0)
(6.36329 0.355925 0)
(8.56616 1.11297 0)
(6.85679 2.22728 0)
(9.06875 2.78398 0)
(6.78953 3.79636 0)
(9.21734 4.24381 0)
(6.35056 5.08722 0)
(8.95227 5.04202 0)
(5.40184 5.24188 0)
(6.97448 5.05211 0)
(6.59051 5.60531 0)
(6.13072 5.01963 0)
(8.2615 6.18068 0)
(7.39744 4.89219 0)
(9.21582 4.41517 0)
(8.99994 3.61043 0)
(10.3928 1.87963 0)
(10.3959 -0.512728 0)
(10.8664 -1.87062 0)
(10.4127 -4.04116 0)
(11.6901 -5.67915 0)
(10.1432 -6.84266 0)
(11.253 -6.52465 0)
(8.00647 -5.83222 0)
(9.71284 -3.96532 0)
(5.65875 -3.06483 0)
(7.12633 -0.721492 0)
(3.14879 -0.0600986 0)
(7.35815 1.12639 0)
(3.94876 -2.8128 0)
(7.20517 -3.74365 0)
(5.97885 -5.08204 0)
(7.71698 -2.65507 0)
(6.80117 -2.93568 0)
(7.56371 -1.07481 0)
(7.93526 -0.550069 0)
(8.58347 1.1711 0)
(9.11006 2.31626 0)
(9.58566 3.66642 0)
(9.72399 4.34045 0)
(9.31212 4.96022 0)
(8.92361 4.92035 0)
(8.11904 5.42723 0)
(7.47175 4.00538 0)
(6.83596 4.67961 0)
(7.72326 3.03161 0)
(4.92498 4.58872 0)
(9.19712 3.63816 0)
(4.27951 4.90243 0)
(9.74092 3.0711 0)
(4.42878 4.42791 0)
(10.0862 1.24001 0)
(5.97831 2.64772 0)
(9.5489 -0.889586 0)
(5.66686 1.49314 0)
(9.02321 -1.52477 0)
(6.32516 1.93179 0)
(8.83222 -0.819969 0)
(8.76432 4.0526 0)
(11.0926 0.0775493 0)
(11.0475 0.232602 0)
(11.2515 0.206987 0)
(11.0543 -0.0367133 0)
(11.6529 -0.0938748 0)
(11.5786 0.145246 0)
(12.1385 -0.249266 0)
(12.6958 -0.30025 0)
(12.8102 -1.10734 0)
(13.4445 -1.86763 0)
(13.184 -2.33386 0)
(12.8382 -3.23256 0)
(12.6519 -3.42413 0)
(11.2338 -3.43311 0)
(11.2777 -2.94145 0)
(9.5486 -1.89394 0)
(9.87882 -0.938815 0)
(9.39132 0.16924 0)
(7.67183 0.820359 0)
(8.84823 1.77108 0)
(8.81116 3.30543 0)
(10.103 3.48263 0)
(10.7962 2.80492 0)
(10.6169 2.23121 0)
(11.726 0.966878 0)
(12.0637 -0.379754 0)
(12.9787 -2.23294 0)
(13.5326 -4.14772 0)
(13.7594 -5.88212 0)
(14.2686 -7.48655 0)
(13.7794 -8.29044 0)
(12.8729 -8.17521 0)
(11.2408 -7.43077 0)
(9.94013 -6.2405 0)
(7.80934 -5.34307 0)
(7.19973 -4.27748 0)
(4.70641 -3.21704 0)
(4.24764 -3.26484 0)
(4.50615 -2.69867 0)
(4.81237 -1.83562 0)
(7.39206 -1.39464 0)
(5.60498 0.229777 0)
(8.2579 0.956306 0)
(6.18949 2.13974 0)
(8.58689 2.82207 0)
(5.87402 3.75979 0)
(8.69876 4.32502 0)
(5.9191 5.07962 0)
(8.4919 5.25293 0)
(5.78412 5.54349 0)
(6.43763 4.90781 0)
(7.01697 5.63915 0)
(6.05779 4.80017 0)
(8.14273 5.77804 0)
(7.90133 4.73515 0)
(9.0062 4.06888 0)
(9.07787 3.33193 0)
(10.5515 1.6006 0)
(10.4626 -0.570942 0)
(11.0545 -2.06125 0)
(10.7677 -4.0509 0)
(11.6916 -5.63724 0)
(10.3969 -6.54767 0)
(10.6282 -6.12192 0)
(7.79908 -5.30664 0)
(9.19072 -3.52428 0)
(4.71548 -2.51441 0)
(7.30614 -0.362185 0)
(2.81291 0.00153752 0)
(7.88973 0.680084 0)
(3.49586 -2.74521 0)
(7.17579 -4.00163 0)
(5.42632 -5.26914 0)
(7.40715 -2.42583 0)
(5.61106 -3.18059 0)
(6.7699 -0.939664 0)
(6.60129 -1.05593 0)
(7.53551 1.15853 0)
(7.96089 1.92354 0)
(8.49966 3.67751 0)
(8.82115 4.19374 0)
(8.5404 5.26285 0)
(8.31043 4.87455 0)
(7.76925 5.94983 0)
(7.65874 4.03743 0)
(6.02811 4.86855 0)
(9.10837 3.20791 0)
(4.15716 4.60535 0)
(10.3369 3.24775 0)
(4.49727 4.91751 0)
(10.6399 2.8107 0)
(5.72832 4.65734 0)
(10.1137 0.914587 0)
(6.78373 2.7689 0)
(9.56634 -0.788146 0)
(6.25804 1.71615 0)
(8.70107 -1.70345 0)
(7.17078 1.91055 0)
(8.61579 -1.03057 0)
(8.47852 3.22367 0)
(12.3497 0.0977244 0)
(12.3288 0.198926 0)
(12.4124 0.0927587 0)
(12.4716 -0.0914259 0)
(12.9108 -0.234537 0)
(12.9657 0.0497055 0)
(13.4387 -0.382008 0)
(13.8137 -0.463522 0)
(14.0044 -1.0389 0)
(14.1166 -1.95495 0)
(13.8856 -2.17594 0)
(13.3625 -3.00385 0)
(12.9475 -3.19431 0)
(11.7129 -3.03057 0)
(11.1725 -2.6289 0)
(9.8174 -1.57911 0)
(9.70524 -0.82191 0)
(9.80193 0.333081 0)
(8.71726 0.901085 0)
(9.1214 1.61518 0)
(9.09164 2.93225 0)
(10.769 3.0721 0)
(10.9492 2.6855 0)
(11.6812 1.8708 0)
(12.3019 0.765403 0)
(12.6408 -0.573088 0)
(13.5583 -2.50427 0)
(13.8027 -4.29832 0)
(14.037 -6.03859 0)
(14.1971 -7.44167 0)
(13.1729 -7.92912 0)
(11.9071 -7.56381 0)
(10.1134 -6.70109 0)
(8.61756 -5.57979 0)
(6.76892 -4.69778 0)
(5.51528 -3.49561 0)
(2.91327 -2.69455 0)
(3.06972 -3.43649 0)
(3.48647 -3.08399 0)
(4.99291 -2.41674 0)
(6.43607 -1.70136 0)
(5.0087 0.114033 0)
(7.64392 0.72857 0)
(5.54293 2.11334 0)
(8.16259 2.83688 0)
(5.23864 3.69825 0)
(7.99258 4.32173 0)
(5.7074 5.08215 0)
(7.61262 5.2976 0)
(6.27803 5.78424 0)
(5.91894 4.84159 0)
(7.13547 5.56423 0)
(6.34529 4.67175 0)
(7.85736 5.36029 0)
(8.1011 4.55891 0)
(8.949 3.71679 0)
(8.87817 2.93403 0)
(10.6535 1.32996 0)
(10.4677 -0.653631 0)
(11.3295 -2.25419 0)
(10.8635 -4.10746 0)
(11.6672 -5.62505 0)
(10.2678 -6.24828 0)
(9.88544 -5.72744 0)
(7.62774 -4.81698 0)
(8.25241 -2.98494 0)
(4.1082 -2.05338 0)
(7.01039 -0.202445 0)
(2.82184 0.0875359 0)
(7.25984 0.425872 0)
(3.00308 -2.72382 0)
(7.07507 -4.42675 0)
(4.77887 -5.33835 0)
(7.17237 -2.20139 0)
(4.52186 -3.29684 0)
(6.10079 -0.749016 0)
(5.18239 -1.62065 0)
(6.50544 1.30813 0)
(6.54587 1.44223 0)
(7.37594 3.83435 0)
(7.70834 3.90293 0)
(7.76613 5.66128 0)
(7.58201 4.62316 0)
(7.06595 6.33243 0)
(8.4851 4.19299 0)
(4.74732 4.86656 0)
(10.3139 3.11663 0)
(3.84338 4.6833 0)
(10.9648 2.73479 0)
(5.30357 5.14193 0)
(10.2307 2.32596 0)
(6.8636 4.60204 0)
(10.5781 0.996879 0)
(7.06116 2.85877 0)
(9.94543 -0.622558 0)
(7.03752 1.82573 0)
(9.18242 -1.53437 0)
(7.65317 1.75285 0)
(9.22434 -0.784875 0)
(8.46855 2.43931 0)
(12.9843 0.073491 0)
(13.1062 0.121823 0)
(13.0932 -0.073392 0)
(13.1968 -0.212413 0)
(13.596 -0.362292 0)
(13.64 -0.117825 0)
(14.1122 -0.453009 0)
(14.3625 -0.655689 0)
(14.5718 -0.99279 0)
(14.4285 -1.86355 0)
(13.9982 -2.04634 0)
(13.7106 -2.70169 0)
(12.9492 -2.90336 0)
(12.0101 -2.57342 0)
(11.187 -2.29309 0)
(10.2339 -1.26816 0)
(9.76522 -0.582759 0)
(9.60681 0.336603 0)
(9.33608 0.960213 0)
(9.29764 1.63422 0)
(9.60424 2.5149 0)
(10.8047 2.72332 0)
(11.1708 2.37596 0)
(12.3507 1.45789 0)
(12.3869 0.618107 0)
(13.1246 -0.832006 0)
(13.8638 -2.69646 0)
(13.9255 -4.3778 0)
(14.1657 -6.09545 0)
(13.7879 -7.22845 0)
(12.2764 -7.37693 0)
(10.7509 -6.84741 0)
(8.98306 -5.92396 0)
(7.44066 -4.90926 0)
(5.64178 -3.96764 0)
(3.80161 -2.62877 0)
(1.76521 -2.34263 0)
(2.15738 -3.75393 0)
(2.82476 -3.54937 0)
(4.62589 -2.81256 0)
(4.83666 -1.69891 0)
(4.46219 0.046541 0)
(6.43323 0.50254 0)
(4.75682 2.12318 0)
(7.41715 2.80966 0)
(4.6392 3.76475 0)
(7.19713 4.20604 0)
(5.71825 5.10639 0)
(6.52889 5.15466 0)
(6.61176 5.93981 0)
(5.6301 4.89115 0)
(7.00096 5.27166 0)
(6.5861 4.57838 0)
(7.79016 5.00559 0)
(8.03773 4.39701 0)
(9.07404 3.4746 0)
(8.79634 2.61959 0)
(10.7629 1.07374 0)
(10.547 -0.781713 0)
(11.5855 -2.40443 0)
(10.8668 -4.1178 0)
(11.5663 -5.45316 0)
(9.734 -5.79653 0)
(9.27085 -5.248 0)
(7.31261 -4.23863 0)
(7.13876 -2.39011 0)
(3.84159 -1.60026 0)
(5.64766 0.00534828 0)
(2.76297 0.173444 0)
(5.91282 0.279594 0)
(3.19535 -2.81542 0)
(6.56422 -4.913 0)
(3.32628 -5.31095 0)
(6.66092 -2.07247 0)
(3.4833 -3.31654 0)
(5.56106 -0.565912 0)
(3.6855 -2.03419 0)
(5.52278 1.40185 0)
(5.0422 0.695487 0)
(6.44515 3.92668 0)
(6.28512 3.32849 0)
(6.95305 5.96541 0)
(7.02719 4.37554 0)
(5.84953 6.53693 0)
(9.5768 4.30579 0)
(3.79273 4.91423 0)
(10.756 2.72006 0)
(4.54896 4.79289 0)
(10.6347 2.21116 0)
(6.11572 5.26349 0)
(10.5228 2.27143 0)
(7.16043 4.48978 0)
(10.9335 0.976969 0)
(7.71501 2.97043 0)
(10.1648 -0.469449 0)
(7.91242 1.72778 0)
(9.75972 -1.47592 0)
(8.39294 1.33887 0)
(9.92825 -0.651963 0)
(9.02608 1.85717 0)
(13.0808 0.0659755 0)
(13.2966 0.106623 0)
(13.3488 -0.171674 0)
(13.4766 -0.268622 0)
(13.854 -0.432792 0)
(13.7646 -0.28656 0)
(14.2027 -0.487505 0)
(14.3782 -0.796482 0)
(14.3567 -0.984087 0)
(14.2906 -1.71504 0)
(13.7037 -1.94872 0)
(13.6315 -2.46758 0)
(12.8428 -2.64962 0)
(12.0232 -2.15318 0)
(11.3531 -1.95705 0)
(10.4777 -1.07306 0)
(9.98708 -0.272061 0)
(9.68566 0.33948 0)
(9.57716 0.90771 0)
(9.48216 1.60552 0)
(10.1953 2.23983 0)
(10.8035 2.51855 0)
(11.6819 2.04177 0)
(12.4639 1.24866 0)
(12.4676 0.429874 0)
(13.6319 -1.13112 0)
(13.9434 -2.77371 0)
(13.9217 -4.428 0)
(14.0222 -6.03367 0)
(13.028 -6.80389 0)
(11.1626 -6.68516 0)
(9.53575 -6.07549 0)
(7.84733 -5.21722 0)
(6.38081 -4.24328 0)
(4.3848 -3.11299 0)
(2.14337 -1.83662 0)
(1.0293 -2.24089 0)
(1.31734 -4.03319 0)
(1.97738 -4.03398 0)
(3.63157 -3.08161 0)
(3.06372 -1.85558 0)
(4.09839 -0.201082 0)
(4.93958 0.320146 0)
(4.04399 2.13603 0)
(6.15533 2.69418 0)
(4.20515 3.83949 0)
(6.11618 3.98584 0)
(5.58233 5.19303 0)
(5.52915 4.97625 0)
(6.55705 5.96303 0)
(5.58186 4.98831 0)
(6.7037 4.8837 0)
(6.48564 4.4147 0)
(7.85874 4.70033 0)
(7.9832 4.23939 0)
(9.26146 3.33357 0)
(9.02569 2.30653 0)
(10.9617 0.773992 0)
(10.6996 -0.920903 0)
(11.6571 -2.50634 0)
(10.7843 -4.11746 0)
(11.2255 -5.1505 0)
(9.04805 -5.30799 0)
(8.77785 -4.76789 0)
(6.68023 -3.6328 0)
(6.2466 -1.84835 0)
(3.53029 -1.11237 0)
(4.2244 0.221677 0)
(2.40247 0.142499 0)
(4.62428 0.0367133 0)
(3.4388 -2.86137 0)
(5.1976 -4.91548 0)
(1.2446 -5.14866 0)
(5.9159 -2.09982 0)
(2.47689 -3.38603 0)
(5.05547 -0.273076 0)
(2.34457 -2.34857 0)
(4.75279 1.66174 0)
(3.32313 0.0206291 0)
(5.39206 4.27201 0)
(4.86132 2.65569 0)
(5.9418 6.27411 0)
(6.81821 4.24513 0)
(4.03912 6.36053 0)
(10.1922 4.04512 0)
(3.74073 5.09004 0)
(10.4082 2.11285 0)
(5.33225 4.8996 0)
(10.3454 1.9046 0)
(6.39809 5.30629 0)
(10.795 2.12605 0)
(7.85572 4.35897 0)
(10.7569 1.06809 0)
(8.51081 2.88442 0)
(10.2541 -0.269151 0)
(8.74251 1.53666 0)
(9.87676 -1.17842 0)
(8.80369 0.948075 0)
(10.0275 -0.576374 0)
(9.80733 1.44782 0)
(13.1545 0.0715944 0)
(13.3868 0.119296 0)
(13.4883 -0.205908 0)
(13.6059 -0.302306 0)
(13.9172 -0.461702 0)
(13.7273 -0.412466 0)
(13.9555 -0.524617 0)
(14.0958 -0.828975 0)
(13.9121 -0.943429 0)
(13.9865 -1.58214 0)
(13.6186 -1.86759 0)
(13.5868 -2.22284 0)
(12.808 -2.36832 0)
(11.9581 -1.8591 0)
(11.7134 -1.67349 0)
(10.622 -0.86741 0)
(10.1632 -0.0211185 0)
(10.3605 0.361629 0)
(9.83284 0.892066 0)
(9.61448 1.53581 0)
(10.4071 2.08723 0)
(10.9916 2.3069 0)
(12.0316 1.80169 0)
(12.3379 1.17532 0)
(12.935 0.139601 0)
(13.8973 -1.35632 0)
(13.6984 -2.75716 0)
(13.7795 -4.43679 0)
(13.562 -5.80835 0)
(11.9633 -6.18829 0)
(9.86443 -5.93198 0)
(8.33463 -5.36372 0)
(6.80808 -4.52784 0)
(5.26055 -3.50613 0)
(3.01847 -2.18369 0)
(0.709259 -1.17375 0)
(0.299633 -2.23344 0)
(0.561426 -4.24872 0)
(0.759909 -4.54059 0)
(2.38571 -3.2676 0)
(1.24716 -2.10823 0)
(3.37025 -0.570281 0)
(3.27862 0.193049 0)
(3.44121 2.07098 0)
(4.59414 2.47654 0)
(3.61731 3.93402 0)
(4.74482 3.74082 0)
(5.33494 5.26709 0)
(4.7156 4.86929 0)
(6.14557 5.78097 0)
(5.60146 5.0623 0)
(6.50009 4.62405 0)
(6.21981 4.15195 0)
(7.90979 4.37422 0)
(7.97501 4.04715 0)
(9.39755 3.09229 0)
(9.44599 1.92137 0)
(11.1363 0.5278 0)
(10.7226 -1.00999 0)
(11.5596 -2.57087 0)
(10.5729 -3.97957 0)
(10.6695 -4.75007 0)
(8.29818 -4.81085 0)
(8.1884 -4.23561 0)
(5.82056 -3.03372 0)
(5.68536 -1.33694 0)
(2.83102 -0.584708 0)
(3.58336 0.408339 0)
(1.54536 0.124318 0)
(4.02641 -0.288219 0)
(2.71648 -2.75881 0)
(3.58299 -4.37552 0)
(-0.345305 -5.019 0)
(5.32934 -2.48086 0)
(1.69076 -3.31551 0)
(4.59861 -0.132244 0)
(1.31443 -2.53523 0)
(4.09628 1.79206 0)
(1.82561 -0.615223 0)
(4.51803 4.32759 0)
(3.7537 1.93489 0)
(4.59489 6.41227 0)
(7.08182 4.1904 0)
(2.27064 6.11945 0)
(9.89911 3.3414 0)
(4.15111 5.28135 0)
(9.73593 1.65982 0)
(5.70241 5.01964 0)
(9.93404 1.80134 0)
(6.82709 5.11283 0)
(10.5402 1.97565 0)
(8.32169 4.13761 0)
(10.4969 1.10427 0)
(9.25293 2.6986 0)
(10.5215 -0.0585409 0)
(9.4457 1.29075 0)
(10.2786 -0.918905 0)
(9.48699 0.642545 0)
(10.1418 -0.520175 0)
(10.2338 1.08592 0)
(13.3259 0.0602923 0)
(13.4643 0.0812232 0)
(13.4875 -0.24145 0)
(13.5965 -0.280383 0)
(13.7675 -0.471081 0)
(13.5395 -0.480568 0)
(13.6889 -0.49982 0)
(13.8601 -0.842712 0)
(13.7515 -0.951116 0)
(13.9558 -1.5068 0)
(13.6967 -1.81114 0)
(13.4373 -2.00479 0)
(12.9013 -2.1061 0)
(12.1048 -1.62654 0)
(11.8977 -1.38728 0)
(10.8533 -0.664967 0)
(10.5309 0.0483754 0)
(10.8592 0.432334 0)
(10.0667 1.02498 0)
(9.84351 1.4674 0)
(10.427 1.79891 0)
(11.1549 1.91773 0)
(11.9715 1.58177 0)
(12.3643 0.953813 0)
(13.2932 -0.199672 0)
(13.5349 -1.40047 0)
(13.2514 -2.73527 0)
(13.5078 -4.39694 0)
(12.7535 -5.36973 0)
(10.6579 -5.42684 0)
(8.55994 -5.16083 0)
(7.15681 -4.72054 0)
(5.75708 -3.88931 0)
(4.13439 -2.68443 0)
(1.72074 -1.25992 0)
(-0.35197 -0.662949 0)
(-0.37508 -2.29376 0)
(-0.452003 -4.28082 0)
(-0.670749 -4.74855 0)
(1.08998 -3.0775 0)
(-0.357335 -2.12904 0)
(2.31967 -0.873898 0)
(1.56308 0.150683 0)
(2.7051 1.9744 0)
(2.80365 2.31477 0)
(3.04789 3.90331 0)
(3.64158 3.39046 0)
(4.77751 5.18364 0)
(4.13208 4.72312 0)
(5.56865 5.38195 0)
(5.45794 5.02981 0)
(6.39799 4.43952 0)
(5.97777 3.83751 0)
(7.86158 3.99768 0)
(7.98593 3.7309 0)
(9.46616 2.73785 0)
(9.82461 1.52576 0)
(11.0318 0.340345 0)
(10.617 -1.0574 0)
(11.3154 -2.55743 0)
(10.2202 -3.78057 0)
(9.95159 -4.27733 0)
(7.53214 -4.27717 0)
(7.47812 -3.69031 0)
(5.05044 -2.45874 0)
(5.27605 -0.837261 0)
(2.23651 -0.0976278 0)
(3.48752 0.598263 0)
(0.904212 0.189842 0)
(3.70949 -0.705947 0)
(1.5593 -2.57533 0)
(2.85136 -3.90512 0)
(-0.507199 -5.26942 0)
(4.86112 -3.04618 0)
(0.948974 -3.12846 0)
(4.05065 0.114916 0)
(0.572099 -2.60677 0)
(3.4155 2.06748 0)
(0.718375 -1.02536 0)
(3.48652 4.6156 0)
(2.88176 1.39088 0)
(3.15715 6.34832 0)
(7.60894 4.14413 0)
(1.77072 6.05403 0)
(8.92073 2.45063 0)
(4.4923 5.41691 0)
(8.9593 1.39301 0)
(5.89212 4.99696 0)
(9.51809 1.71419 0)
(7.0542 4.80589 0)
(10.1555 1.83818 0)
(8.68323 3.9305 0)
(10.4581 1.09999 0)
(9.86432 2.38867 0)
(10.9487 0.116183 0)
(10.0968 1.09064 0)
(10.787 -0.686281 0)
(10.2834 0.397852 0)
(10.7393 -0.433976 0)
(10.6283 0.789 0)
(13.3126 0.0930514 0)
(13.3985 0.0953055 0)
(13.3628 -0.246941 0)
(13.4921 -0.24923 0)
(13.6541 -0.480981 0)
(13.5051 -0.536329 0)
(13.7028 -0.528677 0)
(13.8308 -0.881891 0)
(13.7612 -0.96957 0)
(13.8431 -1.45732 0)
(13.5783 -1.68902 0)
(13.298 -1.78879 0)
(12.9455 -1.93872 0)
(12.2281 -1.43919 0)
(11.8997 -1.12061 0)
(11.2253 -0.539722 0)
(10.891 0.138471 0)
(10.8929 0.57818 0)
(10.3946 1.09212 0)
(10.1911 1.37911 0)
(10.4191 1.55914 0)
(11.0712 1.60131 0)
(11.7145 1.27578 0)
(12.2838 0.596437 0)
(12.8603 -0.359508 0)
(12.7469 -1.3558 0)
(12.9233 -2.79384 0)
(13.0343 -4.23562 0)
(11.6061 -4.71045 0)
(9.17139 -4.59081 0)
(7.23646 -4.48426 0)
(6.02812 -4.11902 0)
(4.63507 -3.21888 0)
(2.97948 -1.86113 0)
(0.551431 -0.393754 0)
(-1.07623 -0.273463 0)
(-1.04824 -2.32352 0)
(-1.50865 -4.23392 0)
(-1.73131 -5.04241 0)
(0.133859 -3.19792 0)
(-0.980107 -2.48274 0)
(1.40019 -1.38579 0)
(0.10292 0.0782307 0)
(1.84851 1.74106 0)
(1.26001 2.08973 0)
(2.52646 3.66873 0)
(2.58362 3.11519 0)
(3.88867 4.95435 0)
(3.61775 4.55444 0)
(4.90965 5.01285 0)
(5.09615 4.87839 0)
(6.23567 4.2758 0)
(5.81461 3.53209 0)
(7.65121 3.53509 0)
(7.92439 3.32965 0)
(9.45154 2.33812 0)
(9.90805 1.21607 0)
(10.6538 0.24161 0)
(10.4333 -1.07313 0)
(10.96 -2.47238 0)
(9.70566 -3.44082 0)
(9.10482 -3.71562 0)
(6.72001 -3.73748 0)
(6.63535 -3.1987 0)
(4.39957 -1.98291 0)
(4.7953 -0.407166 0)
(2.03648 0.30607 0)
(3.14764 0.793902 0)
(0.923517 0.234832 0)
(2.99989 -0.92763 0)
(0.972824 -2.44998 0)
(2.9705 -3.85705 0)
(0.12474 -5.51701 0)
(3.85388 -3.5962 0)
(-0.292505 -2.80701 0)
(3.545 0.0738347 0)
(-0.0527188 -2.6563 0)
(2.8556 2.21336 0)
(0.220141 -1.36846 0)
(2.60857 4.45281 0)
(2.78064 1.23653 0)
(0.964153 5.86895 0)
(7.51594 3.40897 0)
(2.27222 6.19235 0)
(7.79874 1.7558 0)
(4.62431 5.53556 0)
(8.32686 1.23015 0)
(5.89079 4.79145 0)
(9.02474 1.58783 0)
(7.37982 4.41354 0)
(9.78763 1.68139 0)
(8.99345 3.58779 0)
(10.5321 1.07598 0)
(10.4069 2.064 0)
(11.197 0.303422 0)
(10.597 0.88334 0)
(11.0657 -0.559034 0)
(10.8742 0.194237 0)
(11.2108 -0.31791 0)
(11.0768 0.616639 0)
(13.2215 0.131023 0)
(13.3626 0.0875079 0)
(13.3252 -0.273157 0)
(13.5076 -0.226366 0)
(13.7468 -0.530741 0)
(13.601 -0.608981 0)
(13.7284 -0.529099 0)
(13.7057 -0.87629 0)
(13.6566 -0.953122 0)
(13.589 -1.3647 0)
(13.3409 -1.59618 0)
(13.1447 -1.64135 0)
(12.7174 -1.76419 0)
(12.057 -1.22648 0)
(11.7668 -0.913918 0)
(11.3239 -0.43813 0)
(10.8415 0.284471 0)
(10.8114 0.676392 0)
(10.5876 1.10817 0)
(10.2477 1.41507 0)
(10.3349 1.5084 0)
(10.8501 1.36672 0)
(11.3021 0.967726 0)
(11.7865 0.378864 0)
(12.0855 -0.390494 0)
(12.293 -1.41425 0)
(12.7148 -2.83824 0)
(12.1727 -3.85055 0)
(10.1153 -3.90046 0)
(7.70199 -3.74347 0)
(5.99218 -3.84872 0)
(4.81874 -3.56229 0)
(3.50637 -2.54732 0)
(1.87533 -1.04238 0)
(-0.373499 0.377306 0)
(-1.44161 0.038706 0)
(-1.63034 -2.21721 0)
(-2.19259 -4.27687 0)
(-2.81785 -5.31535 0)
(-1.38029 -3.69695 0)
(-1.47471 -2.89191 0)
(-0.328623 -1.59687 0)
(-1.57231 0.00658817 0)
(0.613346 1.50072 0)
(-0.192751 1.85976 0)
(1.66112 3.44627 0)
(1.4339 2.91797 0)
(2.89776 4.61835 0)
(2.86337 4.32548 0)
(4.39712 4.66588 0)
(4.54168 4.56893 0)
(5.85711 4.06583 0)
(5.66464 3.19851 0)
(7.21782 3.0823 0)
(7.73138 2.86949 0)
(9.24693 1.93618 0)
(9.63816 1.0003 0)
(10.1824 0.118793 0)
(10.1802 -1.122 0)
(10.4545 -2.30959 0)
(9.04486 -3.00468 0)
(8.14274 -3.13149 0)
(5.92281 -3.19684 0)
(5.76662 -2.70877 0)
(3.91848 -1.56042 0)
(4.26454 -0.0473052 0)
(2.09633 0.63761 0)
(2.76055 0.988901 0)
(1.68033 0.317 0)
(2.5901 -0.799424 0)
(1.20477 -2.4185 0)
(2.87329 -3.91092 0)
(0.0764651 -5.34649 0)
(2.01294 -3.39988 0)
(-1.97812 -2.62785 0)
(2.90349 -0.131675 0)
(-0.962533 -2.45932 0)
(2.06011 2.27988 0)
(0.147719 -1.55904 0)
(1.41972 4.44931 0)
(3.44611 1.32084 0)
(-0.736442 5.4038 0)
(6.03621 2.17965 0)
(2.80682 6.36477 0)
(6.49982 1.20735 0)
(4.64477 5.43613 0)
(7.50046 1.08321 0)
(5.81065 4.45318 0)
(8.3976 1.37929 0)
(7.73761 3.95892 0)
(9.27497 1.61618 0)
(9.33076 3.16857 0)
(10.7206 0.974489 0)
(10.8718 1.70281 0)
(11.2614 0.470182 0)
(11.1578 0.725949 0)
(11.4698 -0.464661 0)
(11.591 -0.0390583 0)
(11.635 -0.325643 0)
(11.518 0.445934 0)
(13.1721 0.149997 0)
(13.395 0.0798788 0)
(13.3427 -0.27932 0)
(13.5832 -0.231672 0)
(13.7232 -0.544768 0)
(13.468 -0.612806 0)
(13.5587 -0.509163 0)
(13.3941 -0.833364 0)
(13.3166 -0.913571 0)
(13.1904 -1.26793 0)
(12.917 -1.49896 0)
(12.6842 -1.48342 0)
(12.1579 -1.55969 0)
(11.6342 -1.0702 0)
(11.2974 -0.735427 0)
(10.84 -0.301574 0)
(10.4789 0.392877 0)
(10.5027 0.755345 0)
(10.3221 1.13594 0)
(10.113 1.4424 0)
(10.2813 1.47832 0)
(10.6499 1.23248 0)
(10.9542 0.826833 0)
(11.3429 0.277424 0)
(11.6842 -0.471447 0)
(12.1035 -1.58346 0)
(12.1155 -2.76239 0)
(10.8818 -3.20072 0)
(8.49663 -2.9696 0)
(6.23102 -3.00364 0)
(4.7945 -3.27807 0)
(3.66638 -2.97771 0)
(2.39454 -1.88664 0)
(0.886551 -0.306546 0)
(-1.03825 0.966958 0)
(-1.47354 0.255753 0)
(-1.90656 -2.01499 0)
(-2.71593 -4.05742 0)
(-3.93772 -5.05604 0)
(-3.31183 -3.95481 0)
(-2.67121 -2.78789 0)
(-2.63906 -1.36521 0)
(-3.25324 -0.105015 0)
(-0.363803 1.2349 0)
(-1.56392 1.54996 0)
(0.713273 3.08446 0)
(0.248465 2.63163 0)
(1.93436 4.24984 0)
(2.09067 3.98237 0)
(3.91983 4.34957 0)
(3.9561 4.22974 0)
(5.39767 3.78798 0)
(5.51676 2.89756 0)
(6.70228 2.68504 0)
(7.59787 2.39376 0)
(8.86899 1.61317 0)
(9.17898 0.837784 0)
(9.80505 -0.0217274 0)
(9.86583 -1.14401 0)
(9.81924 -2.06069 0)
(8.24983 -2.48123 0)
(7.20303 -2.50382 0)
(5.18898 -2.64332 0)
(4.88433 -2.30075 0)
(3.47681 -1.24274 0)
(3.68901 0.216138 0)
(2.29198 0.901226 0)
(2.67968 1.0825 0)
(2.45612 0.351953 0)
(2.76144 -0.641824 0)
(1.74403 -2.31424 0)
(2.08439 -3.64749 0)
(-0.947984 -4.69997 0)
(0.163868 -3.02246 0)
(-3.16048 -2.81503 0)
(2.56938 -0.502164 0)
(-2.30089 -2.19144 0)
(1.58332 2.18251 0)
(-0.36626 -1.16254 0)
(-0.481982 4.01858 0)
(3.43474 1.04756 0)
(-0.741315 5.022 0)
(3.52446 1.07596 0)
(2.71372 6.59148 0)
(5.21899 0.787219 0)
(4.40962 5.14547 0)
(6.74367 0.911239 0)
(6.022 3.97301 0)
(7.99195 1.20583 0)
(7.75094 3.57128 0)
(9.22663 1.4837 0)
(9.79165 2.55994 0)
(10.9145 0.837453 0)
(10.8796 1.46352 0)
(11.4535 0.535794 0)
(11.8172 0.491768 0)
(11.9761 -0.431706 0)
(11.8166 -0.0871831 0)
(11.2892 -0.131601 0)
(10.9412 0.491263 0)
(12.987 0.122063 0)
(13.2455 0.0376665 0)
(13.1184 -0.272633 0)
(13.3322 -0.245291 0)
(13.3004 -0.509217 0)
(12.9908 -0.579078 0)
(13.0023 -0.479787 0)
(12.7124 -0.732371 0)
(12.6416 -0.870724 0)
(12.4428 -1.18014 0)
(12.0671 -1.35377 0)
(11.7596 -1.31714 0)
(11.0951 -1.33919 0)
(10.6019 -0.864545 0)
(10.2547 -0.533306 0)
(9.83977 -0.190503 0)
(9.67108 0.462895 0)
(9.72112 0.810875 0)
(9.68838 1.10192 0)
(9.72807 1.42637 0)
(10.0222 1.4621 0)
(10.3751 1.15642 0)
(10.6567 0.702974 0)
(10.9957 0.140752 0)
(11.3925 -0.634582 0)
(11.6276 -1.62655 0)
(10.9884 -2.38642 0)
(9.21502 -2.41653 0)
(6.90351 -2.08582 0)
(4.95053 -2.31678 0)
(3.65052 -2.75415 0)
(2.60693 -2.4379 0)
(1.44362 -1.28139 0)
(0.145305 0.319087 0)
(-1.3743 1.39099 0)
(-1.1977 0.39747 0)
(-1.75124 -1.70189 0)
(-2.60214 -3.68891 0)
(-4.30242 -4.77675 0)
(-4.52376 -4.12939 0)
(-3.67589 -2.70092 0)
(-4.09339 -1.45033 0)
(-4.04264 -0.628807 0)
(-1.12588 0.740419 0)
(-3.1731 1.37047 0)
(-0.402213 2.79592 0)
(-1.16596 2.34372 0)
(1.04348 3.84482 0)
(1.08081 3.43157 0)
(3.37746 3.96049 0)
(3.50839 3.82277 0)
(4.90959 3.45042 0)
(5.30205 2.63542 0)
(6.36636 2.29065 0)
(7.43384 1.92523 0)
(8.3209 1.34616 0)
(8.75758 0.638832 0)
(9.4804 -0.201949 0)
(9.42698 -1.10858 0)
(9.08168 -1.70429 0)
(7.37213 -1.90827 0)
(6.39372 -1.92619 0)
(4.60052 -2.14153 0)
(4.17214 -1.91968 0)
(3.03681 -0.959241 0)
(3.16977 0.397376 0)
(2.42012 1.03713 0)
(2.89117 1.0498 0)
(2.84187 0.337061 0)
(3.13439 -0.522835 0)
(2.14968 -1.976 0)
(1.43756 -3.0067 0)
(-1.50375 -4.0557 0)
(-0.836814 -2.80496 0)
(-3.06592 -3.14548 0)
(1.39517 -0.789677 0)
(-3.77796 -1.88262 0)
(0.349948 1.8165 0)
(-1.32744 -0.900894 0)
(-2.21732 3.15243 0)
(1.51481 0.652316 0)
(-0.689896 5.38775 0)
(1.35105 0.280298 0)
(2.44647 6.47794 0)
(4.45525 0.554329 0)
(3.99695 4.64488 0)
(6.49446 0.719363 0)
(6.14943 3.46247 0)
(7.87984 1.154 0)
(7.57839 3.01653 0)
(9.60787 1.2152 0)
(9.69309 2.09793 0)
(11.0069 0.825056 0)
(10.8469 1.22677 0)
(11.9012 0.36324 0)
(11.8193 0.32626 0)
(11.7339 -0.287222 0)
(11.1106 0.122741 0)
(10.6406 0.107231 0)
(10.43 0.444596 0)
(12.3473 0.0725309 0)
(12.5528 0.0368939 0)
(12.3028 -0.20454 0)
(12.4495 -0.226887 0)
(12.259 -0.41842 0)
(11.9316 -0.480735 0)
(11.8916 -0.422889 0)
(11.5883 -0.643874 0)
(11.5087 -0.820897 0)
(11.1828 -1.04501 0)
(10.7063 -1.16572 0)
(10.2888 -1.10337 0)
(9.55916 -1.06027 0)
(9.1518 -0.686106 0)
(8.83852 -0.387037 0)
(8.46861 -0.0893647 0)
(8.45991 0.478716 0)
(8.56027 0.820494 0)
(8.67202 1.0602 0)
(8.93215 1.31771 0)
(9.35369 1.33535 0)
(9.75744 1.02262 0)
(10.1039 0.56097 0)
(10.4789 0.00289212 0)
(10.7249 -0.749639 0)
(10.5039 -1.49261 0)
(9.39851 -1.79781 0)
(7.46446 -1.55033 0)
(5.43663 -1.31984 0)
(3.8688 -1.73443 0)
(2.67434 -2.25361 0)
(1.67608 -1.93645 0)
(0.682144 -0.78568 0)
(-0.313837 0.791035 0)
(-1.37435 1.57025 0)
(-0.589667 0.440632 0)
(-1.01347 -1.32749 0)
(-2.07408 -3.12207 0)
(-4.36507 -4.31961 0)
(-5.2692 -4.1796 0)
(-4.50077 -2.73879 0)
(-4.86269 -1.67562 0)
(-4.52202 -1.06456 0)
(-2.85092 0.575527 0)
(-5.07606 1.30142 0)
(-1.29552 2.39247 0)
(-2.7912 1.89775 0)
(0.388312 3.46316 0)
(-0.0723669 2.83363 0)
(2.65434 3.49826 0)
(2.9361 3.40588 0)
(4.43618 3.06522 0)
(5.09231 2.31226 0)
(6.19649 1.87082 0)
(7.06904 1.55741 0)
(7.84043 1.11409 0)
(8.43158 0.400288 0)
(9.12978 -0.327329 0)
(8.78364 -0.963506 0)
(8.22089 -1.26888 0)
(6.53819 -1.37577 0)
(5.87611 -1.41642 0)
(4.24129 -1.65956 0)
(3.74237 -1.54685 0)
(2.59599 -0.723999 0)
(2.88611 0.451371 0)
(2.45876 0.995166 0)
(3.18504 0.944153 0)
(3.09565 0.296003 0)
(3.56867 -0.417779 0)
(2.43346 -1.51095 0)
(1.46394 -2.34152 0)
(-1.1608 -3.45405 0)
(-1.24406 -2.82274 0)
(-3.10794 -3.26323 0)
(-0.445987 -0.726695 0)
(-5.04941 -1.5728 0)
(-0.789006 1.16798 0)
(-3.01446 -0.640999 0)
(-2.70142 2.75671 0)
(-1.46551 0.147971 0)
(-0.357744 5.63214 0)
(0.206349 -0.118859 0)
(1.619 5.6688 0)
(3.97759 0.409841 0)
(3.51133 3.9483 0)
(6.0961 0.513606 0)
(5.67879 2.95454 0)
(7.42011 1.07119 0)
(7.36298 2.34428 0)
(9.40955 0.965515 0)
(9.35002 1.68971 0)
(10.7546 0.595157 0)
(10.5601 0.912582 0)
(11.4366 0.246525 0)
(11.1334 0.39021 0)
(11.3347 -0.0710214 0)
(10.9511 0.291837 0)
(11.0117 0.166122 0)
(11.192 0.245335 0)
(11.1308 0.0141977 0)
(11.1365 0.0247465 0)
(10.8261 -0.139887 0)
(10.9368 -0.198897 0)
(10.6844 -0.316762 0)
(10.4572 -0.400336 0)
(10.4004 -0.392579 0)
(10.1064 -0.563567 0)
(9.94071 -0.733536 0)
(9.47126 -0.86461 0)
(8.94016 -0.9312 0)
(8.45107 -0.878888 0)
(7.77747 -0.812299 0)
(7.42016 -0.518593 0)
(7.10306 -0.265992 0)
(6.82851 -0.0146064 0)
(6.8947 0.474743 0)
(7.08108 0.763473 0)
(7.34271 0.915734 0)
(7.72077 1.12254 0)
(8.27617 1.1334 0)
(8.8013 0.836738 0)
(9.19633 0.401378 0)
(9.51743 -0.120151 0)
(9.5236 -0.700404 0)
(8.87908 -1.11219 0)
(7.52607 -1.11449 0)
(5.8243 -0.785452 0)
(4.28184 -0.69855 0)
(3.06039 -1.24583 0)
(1.92482 -1.79267 0)
(0.958707 -1.49826 0)
(0.1863 -0.407494 0)
(-0.441391 1.13702 0)
(-1.02507 1.53965 0)
(0.332206 0.386959 0)
(0.0713718 -0.898479 0)
(-1.28317 -2.32454 0)
(-4.0561 -3.57604 0)
(-5.92877 -3.89017 0)
(-5.70227 -2.76523 0)
(-5.70594 -1.84972 0)
(-5.64612 -1.04587 0)
(-4.90098 0.650531 0)
(-6.2442 0.977248 0)
(-1.79382 1.85036 0)
(-4.39252 1.46436 0)
(-0.20848 2.92136 0)
(-0.960274 2.30738 0)
(1.56888 2.87967 0)
(2.4452 2.84579 0)
(3.91239 2.57125 0)
(4.73796 1.91675 0)
(5.90026 1.49192 0)
(6.54828 1.21293 0)
(7.52069 0.799633 0)
(8.03804 0.154843 0)
(8.57728 -0.358168 0)
(7.86865 -0.732449 0)
(7.33446 -0.833756 0)
(5.84368 -0.954134 0)
(5.66093 -1.02694 0)
(4.11935 -1.23815 0)
(3.68292 -1.16781 0)
(2.27992 -0.553173 0)
(2.86324 0.415333 0)
(2.41863 0.857715 0)
(3.49334 0.820794 0)
(3.41655 0.217884 0)
(4.12837 -0.278592 0)
(2.89625 -1.05439 0)
(2.00286 -1.63049 0)
(-0.575768 -2.77771 0)
(-1.33473 -2.51761 0)
(-3.55271 -2.6634 0)
(-2.61738 -0.592519 0)
(-5.51525 -1.30963 0)
(-2.07257 0.632063 0)
(-4.65854 -0.225156 0)
(-3.39034 2.6376 0)
(-3.1174 -0.787764 0)
(0.143229 5.74795 0)
(0.138343 -0.293429 0)
(0.849437 4.41929 0)
(3.76524 0.309203 0)
(3.4164 3.05549 0)
(5.26088 0.395087 0)
(5.22271 2.39444 0)
(6.57816 0.863486 0)
(7.37008 1.67009 0)
(8.46592 0.687638 0)
(9.07903 1.24296 0)
(9.87404 0.417122 0)
(10.126 0.847743 0)
(10.813 0.224738 0)
(11.1564 0.283659 0)
(11.5167 -0.116219 0)
(11.6863 0.17648 0)
(12.0297 0.0465325 0)
(12.6003 -0.022528 0)
(9.29984 7.31807e-05 0)
(9.16898 0.038764 0)
(8.99584 -0.103629 0)
(9.09047 -0.181636 0)
(8.85986 -0.250163 0)
(8.70831 -0.341448 0)
(8.55561 -0.337681 0)
(8.23705 -0.455684 0)
(7.94843 -0.575209 0)
(7.41895 -0.640824 0)
(6.90333 -0.698938 0)
(6.37067 -0.648662 0)
(5.74098 -0.569107 0)
(5.40606 -0.374334 0)
(5.12083 -0.170571 0)
(4.93006 0.0525957 0)
(5.08119 0.404124 0)
(5.37885 0.612142 0)
(5.73636 0.742948 0)
(6.24676 0.883697 0)
(6.90609 0.860112 0)
(7.46982 0.617802 0)
(7.87321 0.248701 0)
(8.07497 -0.153433 0)
(7.7868 -0.488883 0)
(6.90112 -0.633641 0)
(5.69168 -0.485489 0)
(4.48473 -0.185832 0)
(3.53811 -0.244164 0)
(2.6534 -0.822651 0)
(1.52862 -1.34832 0)
(0.503705 -1.12735 0)
(-0.0848153 -0.159076 0)
(-0.404332 1.27817 0)
(-0.0832266 1.33005 0)
(1.44461 0.0989561 0)
(1.43314 -0.559677 0)
(0.06737 -1.40577 0)
(-3.03094 -2.55957 0)
(-5.8492 -3.23398 0)
(-6.80631 -2.67271 0)
(-6.7633 -1.79371 0)
(-6.86953 -0.853144 0)
(-6.14286 0.453956 0)
(-6.52673 0.338173 0)
(-2.74939 1.40239 0)
(-5.61774 1.18049 0)
(-0.994306 2.17294 0)
(-1.54429 1.89079 0)
(0.509309 2.18634 0)
(1.68353 2.24702 0)
(3.39395 2.08002 0)
(4.2296 1.51186 0)
(5.53408 1.12949 0)
(6.04858 0.857641 0)
(7.19228 0.49116 0)
(7.36468 0.0096874 0)
(7.77564 -0.281654 0)
(6.80409 -0.431514 0)
(6.65809 -0.472024 0)
(5.43877 -0.665859 0)
(5.59065 -0.753856 0)
(4.06706 -0.848459 0)
(3.86852 -0.752955 0)
(2.22858 -0.347014 0)
(2.98095 0.343064 0)
(2.36024 0.690209 0)
(3.83402 0.5755 0)
(3.76325 0.0972084 0)
(4.58611 -0.21795 0)
(3.29467 -0.619924 0)
(2.67356 -1.06946 0)
(0.0463672 -1.98634 0)
(-0.929708 -1.93959 0)
(-3.73036 -1.99393 0)
(-3.0336 -0.494243 0)
(-4.88801 -1.07088 0)
(-3.51863 0.53943 0)
(-4.45153 -0.270587 0)
(-2.68321 2.80656 0)
(-3.1722 -1.34872 0)
(0.533417 4.39742 0)
(0.818996 -0.0346188 0)
(0.625548 2.95679 0)
(3.70645 0.338608 0)
(2.94713 2.43522 0)
(4.55081 0.339238 0)
(5.2081 1.84457 0)
(6.09873 0.665107 0)
(7.716 1.14314 0)
(7.87085 0.577748 0)
(9.31992 0.904047 0)
(9.56029 0.285229 0)
(10.6682 0.476694 0)
(11.1418 -0.0496585 0)
(11.9468 -0.00815734 0)
(12.0956 -0.222764 0)
(12.5209 -0.0106698 0)
(12.7778 -0.198138 0)
(13.2071 -0.282095 0)
(7.07517 0.0457205 0)
(6.99306 0.0599066 0)
(6.97174 -0.0842974 0)
(6.98121 -0.139905 0)
(6.77006 -0.172674 0)
(6.59562 -0.238059 0)
(6.36719 -0.236741 0)
(6.04956 -0.313741 0)
(5.67789 -0.386433 0)
(5.15946 -0.42881 0)
(4.63182 -0.45993 0)
(4.0684 -0.407284 0)
(3.53603 -0.36378 0)
(3.22347 -0.246766 0)
(2.96592 -0.0893364 0)
(2.88679 0.0597022 0)
(3.11608 0.277702 0)
(3.46183 0.438598 0)
(3.90797 0.534665 0)
(4.51764 0.603483 0)
(5.18494 0.569732 0)
(5.76592 0.395403 0)
(6.13402 0.143252 0)
(6.13085 -0.0754665 0)
(5.69214 -0.197853 0)
(4.96265 -0.193598 0)
(4.18954 -0.0403099 0)
(3.61343 0.143179 0)
(3.25505 0.0256356 0)
(2.65591 -0.448139 0)
(1.56334 -0.886267 0)
(0.460118 -0.767613 0)
(-0.0228162 0.0283905 0)
(-0.0857027 1.09427 0)
(1.24971 0.795157 0)
(2.47952 -0.172647 0)
(2.79827 -0.267405 0)
(1.79245 -0.514667 0)
(-1.06224 -1.38585 0)
(-4.35715 -2.32246 0)
(-6.79761 -2.36092 0)
(-7.50539 -1.7488 0)
(-7.66625 -0.899337 0)
(-7.10617 0.0104121 0)
(-7.06598 -0.0905151 0)
(-4.38406 1.21651 0)
(-6.3068 0.735523 0)
(-2.18809 1.06543 0)
(-2.11861 1.6241 0)
(-0.61276 1.63491 0)
(0.504362 1.38264 0)
(2.86162 1.46615 0)
(3.48757 1.05686 0)
(4.9995 0.728195 0)
(5.40432 0.503514 0)
(6.55401 0.238031 0)
(6.32218 -0.0196739 0)
(6.77697 -0.141325 0)
(5.81304 -0.225358 0)
(6.22332 -0.288989 0)
(4.9661 -0.468373 0)
(5.26846 -0.499741 0)
(3.63531 -0.561568 0)
(3.9102 -0.4394 0)
(2.23484 -0.183944 0)
(3.1 0.309326 0)
(2.49055 0.475323 0)
(4.18845 0.285969 0)
(4.02553 -0.0402204 0)
(4.67241 -0.113146 0)
(3.30216 -0.265158 0)
(2.98938 -0.506428 0)
(0.59091 -1.22603 0)
(-0.26509 -1.35668 0)
(-3.07321 -1.45754 0)
(-2.52625 -0.716989 0)
(-4.57443 -0.610639 0)
(-3.12083 0.113202 0)
(-4.72091 -0.43327 0)
(-1.19122 2.05786 0)
(-2.86421 -1.16392 0)
(-0.918333 2.73712 0)
(1.32432 0.109607 0)
(-0.282061 2.29917 0)
(3.53957 0.198141 0)
(3.21315 1.89685 0)
(4.79325 0.149254 0)
(6.32038 1.11464 0)
(6.822 0.36298 0)
(8.68761 0.576395 0)
(8.56386 0.307982 0)
(10.2744 0.421883 0)
(10.1883 0.0516471 0)
(11.446 0.0862184 0)
(11.309 -0.210354 0)
(11.9313 -0.22479 0)
(11.5931 -0.326692 0)
(11.7717 -0.159073 0)
(11.399 -0.186542 0)
(11.1639 -0.143011 0)
(4.65424 0.0328824 0)
(4.6556 0.0199246 0)
(4.63572 -0.0670691 0)
(4.55048 -0.0885705 0)
(4.36273 -0.102479 0)
(4.16879 -0.141743 0)
(3.92185 -0.137318 0)
(3.60748 -0.169816 0)
(3.22736 -0.205155 0)
(2.76237 -0.222918 0)
(2.26764 -0.235183 0)
(1.78642 -0.210994 0)
(1.34778 -0.19298 0)
(1.03971 -0.128637 0)
(0.845304 -0.0453404 0)
(0.832339 0.0292992 0)
(1.04433 0.16081 0)
(1.40872 0.261726 0)
(1.91245 0.302019 0)
(2.53333 0.325868 0)
(3.16967 0.304704 0)
(3.69832 0.213393 0)
(3.97909 0.110586 0)
(3.94055 0.0564997 0)
(3.68364 0.0374501 0)
(3.38896 0.0544739 0)
(3.20988 0.127118 0)
(3.25097 0.217088 0)
(3.35866 0.154228 0)
(3.06889 -0.149925 0)
(2.11413 -0.467884 0)
(1.01662 -0.450367 0)
(0.591577 0.0961524 0)
(0.979075 0.661773 0)
(2.57763 0.198879 0)
(3.00765 -0.417725 0)
(2.87722 -0.368253 0)
(2.9105 0.0356507 0)
(1.32541 -0.139928 0)
(-1.58461 -1.09305 0)
(-4.87754 -1.52971 0)
(-7.07857 -1.29799 0)
(-7.9739 -0.735621 0)
(-8.03469 -0.241644 0)
(-7.82137 -0.13783 0)
(-6.149 0.863539 0)
(-6.09563 0.30999 0)
(-4.37207 0.412047 0)
(-3.73589 1.25224 0)
(-0.482869 1.12078 0)
(-0.583292 0.716232 0)
(2.08129 0.88537 0)
(2.75885 0.592145 0)
(4.14909 0.361166 0)
(4.53918 0.227774 0)
(5.41796 0.0999795 0)
(5.22707 -0.0314876 0)
(5.65652 -0.0956715 0)
(4.88025 -0.127018 0)
(5.17704 -0.150972 0)
(3.948 -0.233661 0)
(4.11493 -0.231118 0)
(2.62165 -0.223138 0)
(3.05667 -0.125787 0)
(1.82215 0.0408536 0)
(2.8652 0.198075 0)
(2.5963 0.17407 0)
(3.93385 -0.0287875 0)
(3.39266 -0.071959 0)
(3.93256 0.0351872 0)
(2.85742 0.0623943 0)
(3.16867 -0.0726208 0)
(1.28385 -0.56155 0)
(0.75734 -0.681963 0)
(-1.95894 -0.808998 0)
(-1.35149 -0.467986 0)
(-4.35779 -0.333296 0)
(-1.0828 0.0276623 0)
(-5.10547 -0.320508 0)
(-0.434501 1.22745 0)
(-2.60518 -0.674806 0)
(-1.33184 1.68773 0)
(1.3529 0.142032 0)
(0.746027 1.40813 0)
(3.6843 0.0379209 0)
(4.62651 0.846635 0)
(5.41494 -0.0781362 0)
(6.96619 0.370168 0)
(7.02242 0.0736096 0)
(8.27619 0.168047 0)
(8.09241 0.0642803 0)
(9.22534 0.0712245 0)
(8.83856 -0.0922341 0)
(9.51072 -0.0949665 0)
(8.80353 -0.171941 0)
(8.92042 -0.129449 0)
(8.1572 -0.100673 0)
(8.24145 0.0100343 0)
(7.78052 0.0147106 0)
(7.85869 -0.0268956 0)
(1.75332 0.036415 0)
(1.78672 0.011149 0)
(1.7594 -0.0138329 0)
(1.65927 -0.0188901 0)
(1.52258 -0.0214739 0)
(1.36246 -0.0271713 0)
(1.1816 -0.0179583 0)
(0.983657 -0.0225768 0)
(0.743408 -0.0311205 0)
(0.455643 -0.0399311 0)
(0.132465 -0.0508031 0)
(-0.197244 -0.0483731 0)
(-0.520431 -0.0501656 0)
(-0.775002 -0.0382174 0)
(-0.933062 -0.0194165 0)
(-0.968268 -0.00310848 0)
(-0.832406 0.0335348 0)
(-0.53455 0.0570594 0)
(-0.126591 0.0631863 0)
(0.34917 0.0707203 0)
(0.8359 0.0730887 0)
(1.25066 0.0669738 0)
(1.53763 0.0629582 0)
(1.72043 0.0634026 0)
(1.85344 0.0586265 0)
(1.96886 0.0477512 0)
(2.1258 0.0564454 0)
(2.41718 0.0808619 0)
(2.78284 0.0843844 0)
(2.90512 0.0185485 0)
(2.42154 -0.110402 0)
(1.58429 -0.157319 0)
(1.24763 -0.00708063 0)
(1.96484 0.0848993 0)
(2.80205 -0.0993604 0)
(2.3033 -0.213195 0)
(1.40068 -0.113799 0)
(1.2716 0.10348 0)
(1.71679 0.304602 0)
(1.65015 0.0943137 0)
(-0.306945 -0.259169 0)
(-2.82307 -0.446503 0)
(-4.58275 -0.396364 0)
(-5.60039 -0.29403 0)
(-6.29766 -0.339226 0)
(-6.00534 0.0690136 0)
(-5.05239 0.0656225 0)
(-4.8276 0.0207855 0)
(-4.05987 0.231765 0)
(-1.24532 0.280993 0)
(-1.04832 0.169955 0)
(0.959941 0.187362 0)
(1.69991 0.0678392 0)
(2.43266 0.0049984 0)
(2.73977 -0.025923 0)
(2.9817 -0.0432125 0)
(2.87391 -0.0457028 0)
(2.87207 -0.0103745 0)
(2.59643 0.00972352 0)
(2.66605 0.0186806 0)
(2.22029 0.00212689 0)
(2.19457 -0.0123325 0)
(1.60194 -0.0606647 0)
(1.57207 -0.0629848 0)
(1.18233 -0.0696072 0)
(1.57323 -0.0537166 0)
(1.49175 -0.044789 0)
(1.83488 -0.0273388 0)
(1.40543 0.0308844 0)
(1.8893 0.0820995 0)
(1.64258 0.0912467 0)
(2.33616 0.0644409 0)
(1.40892 -0.112739 0)
(1.14215 -0.157128 0)
(-0.724947 -0.264176 0)
(-0.899728 -0.163191 0)
(-2.88679 -0.197787 0)
(-1.12127 -0.156283 0)
(-4.31142 -0.171775 0)
(-0.723448 0.151997 0)
(-2.52032 -0.299668 0)
(-0.894282 0.32963 0)
(0.779539 -0.0924005 0)
(0.372762 0.186509 0)
(2.68221 -0.170247 0)
(2.54922 0.0869192 0)
(3.09223 -0.10393 0)
(3.53664 0.053166 0)
(3.54943 -0.0190212 0)
(3.96654 0.00858601 0)
(3.90054 -0.0122993 0)
(4.21421 0.0113922 0)
(4.00529 -0.000711847 0)
(4.14616 0.0303073 0)
(3.8262 0.0271611 0)
(3.87444 0.0133504 0)
(3.57065 0.00137967 0)
(3.66808 -0.0160114 0)
(3.5026 0.0147571 0)
(3.6977 -0.0601808 0)
(-0.312432 0.0177382 0)
(0.400816 -0.0479185 0)
(0.691284 -0.0345016 0)
(0.941881 0.0515343 0)
(0.91341 0.0712807 0)
(0.71461 0.0887091 0)
(0.56192 -0.0209689 0)
(0.986225 -0.108675 0)
(1.67656 -0.0455946 0)
(2.17419 0.0706089 0)
(2.23602 0.227102 0)
(1.51086 0.207615 0)
(0.552959 0.0348933 0)
(-0.0304773 -0.0670649 0)
(-0.162728 -0.0643351 0)
(-0.0120714 -0.0632286 0)
(0.213401 -0.0559057 0)
(0.798403 -0.0949432 0)
(1.70516 -0.0666877 0)
(2.32997 0.0320431 0)
(2.59321 0.0530284 0)
(2.81812 -0.0853984 0)
(3.20863 -0.234559 0)
(3.3074 -0.168455 0)
(2.2867 0.126742 0)
(0.414791 0.289061 0)
(-1.35805 0.291607 0)
(-2.72754 0.250253 0)
(-3.81326 0.249727 0)
(-4.68603 0.220014 0)
(-5.25831 0.199789 0)
(-5.73988 0.253677 0)
(-5.78209 0.0534046 0)
(-5.11179 0.000284977 0)
(-4.47433 -0.0887878 0)
(-3.59449 -0.120793 0)
(-2.30845 -0.100383 0)
(-1.60602 -0.166743 0)
(-0.469766 -0.124826 0)
(0.351018 -0.092524 0)
(1.22621 -0.056579 0)
(1.78899 0.000409115 0)
(2.12775 0.0423091 0)
(2.24485 0.0694421 0)
(2.26143 0.0823924 0)
(2.09271 0.0834924 0)
(1.90865 0.0479776 0)
(1.69652 -0.00563551 0)
(1.54902 -0.0471467 0)
(1.47927 -0.0878896 0)
(1.75043 -0.165604 0)
(2.30412 -0.200225 0)
(2.83577 -0.155959 0)
(2.80929 0.00357027 0)
(1.98358 0.173895 0)
(0.555147 0.261786 0)
(-0.805156 0.271824 0)
(-2.05046 0.284055 0)
(-3.03002 0.128635 0)
(-3.3356 0.125167 0)
(-3.40267 -0.0114223 0)
(-2.91257 -0.0988602 0)
(-2.03438 -0.146773 0)
(-1.06702 -0.161943 0)
(-0.0992099 -0.132252 0)
(0.616225 -0.0893788 0)
(1.15039 -0.0555041 0)
(1.50749 -0.0338262 0)
(1.75786 -0.0195957 0)
(1.88891 -0.00788998 0)
(1.91251 0.0063675 0)
(1.81913 0.0193525 0)
(1.6451 0.031245 0)
(1.41471 0.0393885 0)
(1.1768 0.0401459 0)
(0.967758 0.0311078 0)
(0.826004 0.0144554 0)
(0.761781 -0.00414068 0)
(0.760754 -0.0207863 0)
(0.798075 -0.030967 0)
(0.845087 -0.0364983 0)
(0.887618 -0.0372555 0)
(0.914692 -0.0358022 0)
(0.925601 -0.0313808 0)
(0.920773 -0.0240299 0)
(0.895967 -0.00928481 0)
(0.835914 0.00642928 0)
(0.738651 0.020024 0)
(0.602639 0.0286729 0)
(0.422545 0.0397517 0)
(0.189267 0.0530455 0)
(-0.0383865 0.0550524 0)
(-0.1627 0.034743 0)
(-0.210845 0.0178963 0)
(-0.323915 0.00754049 0)
(-0.575269 0.025365 0)
(-1.19854 0.15474 0)
(-1.98315 0.161457 0)
(-1.52093 -0.108468 0)
(-0.624436 -0.224069 0)
(-0.427458 -0.0483924 0)
(0.880827 -0.392193 0)
(0.797089 -0.232039 0)
(1.19756 -0.0858986 0)
(1.32376 -0.034781 0)
(1.33574 0.129941 0)
(1.35946 -0.0763802 0)
(1.42408 -0.420788 0)
(2.35876 -0.413609 0)
(3.08153 -0.318983 0)
(3.75527 0.0872278 0)
(4.11829 0.506311 0)
(3.65828 0.581111 0)
(2.6727 0.363274 0)
(1.82876 0.0574705 0)
(1.50845 -0.138919 0)
(1.51448 -0.260195 0)
(2.10839 -0.561766 0)
(3.12446 -0.626874 0)
(4.04234 -0.332285 0)
(4.88181 -0.138074 0)
(5.13675 -0.194461 0)
(4.04546 0.00902598 0)
(1.49744 0.657285 0)
(-1.60252 1.23297 0)
(-4.20974 1.30925 0)
(-5.91511 1.02884 0)
(-6.87686 0.732696 0)
(-7.66439 0.614768 0)
(-8.02264 0.316072 0)
(-7.88186 0.137071 0)
(-7.72544 0.152292 0)
(-6.73257 -0.494027 0)
(-5.9512 -0.410304 0)
(-4.21856 -0.641468 0)
(-3.8492 -0.811726 0)
(-1.52147 -0.722764 0)
(-1.14823 -0.596973 0)
(0.255893 -0.653032 0)
(1.05863 -0.60578 0)
(2.17405 -0.531502 0)
(2.93295 -0.343441 0)
(3.65474 -0.202331 0)
(3.9485 -0.118478 0)
(4.25138 -0.0250202 0)
(4.33779 0.092357 0)
(4.50402 0.114246 0)
(4.62348 0.143091 0)
(4.70112 0.176043 0)
(4.54719 0.0495648 0)
(4.3213 -0.219384 0)
(4.03056 -0.308743 0)
(3.53879 -0.04947 0)
(2.66154 0.416718 0)
(1.20117 0.798549 0)
(-0.426667 0.911226 0)
(-1.93966 0.769077 0)
(-2.67777 0.773775 0)
(-3.5645 0.288884 0)
(-3.83761 0.176232 0)
(-3.24388 -0.175699 0)
(-2.86973 -0.428305 0)
(-1.57875 -0.616406 0)
(-0.4425 -0.651641 0)
(0.806214 -0.561216 0)
(1.70629 -0.414081 0)
(2.43473 -0.294833 0)
(2.92316 -0.205825 0)
(3.31521 -0.133899 0)
(3.55208 -0.0548843 0)
(3.66397 0.0281994 0)
(3.59177 0.100151 0)
(3.39035 0.146834 0)
(3.08658 0.164299 0)
(2.76439 0.15268 0)
(2.45888 0.117346 0)
(2.21731 0.0711163 0)
(2.0386 0.0288853 0)
(1.90473 0.00212156 0)
(1.77904 -0.005936 0)
(1.63249 0.000596177 0)
(1.45508 0.00975364 0)
(1.25062 0.02067 0)
(1.02673 0.0280651 0)
(0.794024 0.0385747 0)
(0.57369 0.0477274 0)
(0.383313 0.061098 0)
(0.222623 0.0758619 0)
(0.0577902 0.105256 0)
(-0.146667 0.133735 0)
(-0.382751 0.142861 0)
(-0.577585 0.0987734 0)
(-0.669743 0.0364477 0)
(-0.721787 0.0487931 0)
(-0.889689 0.167412 0)
(-1.42079 0.290114 0)
(-2.09402 0.386229 0)
(-2.29337 0.0738483 0)
(-1.23397 -0.533196 0)
(-0.863986 -0.750186 0)
(0.208243 -0.172521 0)
(0.606529 -0.519682 0)
(0.548231 -0.243492 0)
(0.963778 -0.108847 0)
(0.885182 -0.0752056 0)
(0.796205 0.164968 0)
(0.927822 -0.0535845 0)
(0.453205 -0.618304 0)
(1.44199 -0.76858 0)
(2.23145 -0.597964 0)
(2.96089 -0.148561 0)
(3.84995 0.330754 0)
(4.41392 0.58251 0)
(4.26944 0.649737 0)
(3.88761 0.390337 0)
(3.32474 0.0552077 0)
(3.00733 -0.224746 0)
(3.50266 -0.853558 0)
(4.216 -1.11862 0)
(5.03297 -0.760237 0)
(5.51696 -0.289249 0)
(4.45167 0.288987 0)
(1.65911 1.17982 0)
(-1.85056 1.99796 0)
(-4.65228 2.2642 0)
(-6.39416 1.92543 0)
(-7.20568 1.29483 0)
(-7.36583 0.900131 0)
(-7.71569 0.797323 0)
(-7.36579 0.299519 0)
(-7.12326 -0.0824485 0)
(-6.87161 0.0717484 0)
(-5.19162 -0.95115 0)
(-5.39277 -1.04217 0)
(-2.464 -1.11356 0)
(-2.19979 -1.2017 0)
(-0.644294 -1.25805 0)
(0.203254 -1.00112 0)
(1.41794 -1.01231 0)
(2.09246 -0.970954 0)
(3.1201 -0.906062 0)
(3.67592 -0.641454 0)
(4.56259 -0.374064 0)
(4.86363 -0.177488 0)
(4.97767 -0.0960812 0)
(4.81878 0.0247965 0)
(4.7899 -0.0493009 0)
(5.00132 -0.108726 0)
(5.81513 0.0175551 0)
(6.41796 0.152265 0)
(6.07534 0.0554815 0)
(5.06073 0.0786 0)
(3.74874 0.437652 0)
(2.41946 0.993791 0)
(0.723959 1.46683 0)
(-1.02155 1.54515 0)
(-2.62936 1.1868 0)
(-3.19351 1.19091 0)
(-3.76812 0.472621 0)
(-4.56695 0.203146 0)
(-3.27874 -0.459459 0)
(-3.31846 -0.746906 0)
(-1.66078 -1.1891 0)
(-0.429758 -1.20949 0)
(1.0662 -1.05415 0)
(2.14378 -0.776428 0)
(3.01955 -0.557289 0)
(3.56968 -0.400634 0)
(4.00091 -0.291918 0)
(4.2455 -0.164123 0)
(4.40365 -0.0155539 0)
(4.42765 0.128022 0)
(4.38237 0.236234 0)
(4.22972 0.30378 0)
(3.99077 0.319282 0)
(3.66351 0.278692 0)
(3.32313 0.200476 0)
(3.00993 0.12738 0)
(2.74719 0.084761 0)
(2.50863 0.0824888 0)
(2.26926 0.0996499 0)
(2.00214 0.123964 0)
(1.7094 0.140451 0)
(1.39527 0.158638 0)
(1.07305 0.161438 0)
(0.758252 0.163307 0)
(0.462191 0.157296 0)
(0.177135 0.166603 0)
(-0.0905247 0.182942 0)
(-0.334162 0.220772 0)
(-0.575201 0.230967 0)
(-0.803603 0.177641 0)
(-0.974095 0.0834002 0)
(-1.07164 0.104293 0)
(-1.12179 0.31823 0)
(-1.49692 0.47133 0)
(-2.07182 0.506989 0)
(-1.85147 -0.0385444 0)
(-0.993834 -0.776825 0)
(-0.530115 -1.11767 0)
(0.423987 -0.419083 0)
(0.399382 -0.504576 0)
(0.401659 -0.361333 0)
(0.626639 -0.154423 0)
(0.273602 -0.00902157 0)
(-0.0513954 0.206712 0)
(0.043324 0.0308264 0)
(-0.467049 -0.722389 0)
(0.270676 -1.12049 0)
(0.87159 -0.921829 0)
(1.85653 -0.441922 0)
(2.77064 0.0168351 0)
(3.66175 0.330906 0)
(4.14659 0.576064 0)
(4.68337 0.466242 0)
(4.32396 0.265858 0)
(4.10997 -0.162722 0)
(4.54292 -1.04672 0)
(4.80088 -1.37688 0)
(4.99751 -0.784723 0)
(4.51686 0.195259 0)
(2.35559 1.2939 0)
(-1.05658 2.46474 0)
(-4.26031 3.09775 0)
(-5.78766 2.9517 0)
(-6.3872 2.36873 0)
(-6.4252 1.50086 0)
(-6.42015 0.905417 0)
(-6.75273 0.693393 0)
(-6.14797 0.233423 0)
(-5.85844 -0.40063 0)
(-6.04232 -0.215005 0)
(-3.4028 -1.12309 0)
(-3.8718 -1.58922 0)
(-1.72196 -1.92733 0)
(-0.454524 -1.69215 0)
(0.888064 -1.6558 0)
(1.74443 -1.48302 0)
(2.85285 -1.37445 0)
(3.36381 -1.33461 0)
(4.34804 -1.22181 0)
(4.65018 -0.930754 0)
(5.3457 -0.675994 0)
(5.79198 -0.288385 0)
(6.10639 0.00821048 0)
(5.75129 0.209462 0)
(5.17692 0.0200058 0)
(5.07218 -0.352335 0)
(5.76205 -0.396676 0)
(6.6251 -0.0346993 0)
(6.60189 0.285348 0)
(5.27282 0.59469 0)
(3.62036 1.0351 0)
(2.00598 1.70014 0)
(0.152614 2.15905 0)
(-1.48094 2.23583 0)
(-3.23331 1.48754 0)
(-3.78919 1.43867 0)
(-3.82311 0.618383 0)
(-5.07971 0.167213 0)
(-3.4007 -0.853493 0)
(-3.68879 -1.13372 0)
(-1.82905 -1.88651 0)
(-0.62878 -1.85513 0)
(0.978802 -1.64197 0)
(2.20032 -1.21408 0)
(3.24467 -0.868166 0)
(3.95128 -0.597879 0)
(4.50555 -0.397189 0)
(4.7457 -0.203774 0)
(4.79151 -0.0386244 0)
(4.67262 0.115772 0)
(4.54853 0.245526 0)
(4.40108 0.348381 0)
(4.2704 0.403992 0)
(4.13381 0.39875 0)
(3.98329 0.343055 0)
(3.7935 0.264301 0)
(3.55365 0.207516 0)
(3.29071 0.187631 0)
(3.00842 0.211812 0)
(2.72358 0.242187 0)
(2.41274 0.281268 0)
(2.09118 0.299994 0)
(1.74398 0.318447 0)
(1.3724 0.307993 0)
(0.977621 0.307479 0)
(0.580897 0.295052 0)
(0.21546 0.313218 0)
(-0.129398 0.331574 0)
(-0.464337 0.346532 0)
(-0.766037 0.273716 0)
(-1.02485 0.147438 0)
(-1.20131 0.119046 0)
(-1.16892 0.392561 0)
(-1.24053 0.59951 0)
(-1.77627 0.5252 0)
(-1.39126 -0.255871 0)
(-0.965321 -1.10035 0)
(-0.3709 -1.45045 0)
(0.0587045 -0.512988 0)
(0.321717 -0.568932 0)
(0.327287 -0.36391 0)
(0.210127 -0.051495 0)
(-0.336841 0.179367 0)
(-0.850121 0.311618 0)
(-0.809308 0.11898 0)
(-1.45926 -0.729486 0)
(-1.24382 -1.28436 0)
(-0.850079 -1.2974 0)
(0.540573 -0.903015 0)
(1.60194 -0.366495 0)
(2.34317 -0.0213573 0)
(3.10377 0.202848 0)
(4.27241 0.23853 0)
(4.32754 0.296282 0)
(4.44229 -0.198906 0)
(4.69436 -1.15594 0)
(4.58926 -1.33719 0)
(4.11911 -0.495372 0)
(2.94887 0.921245 0)
(0.309359 2.48862 0)
(-2.928 3.72061 0)
(-5.18323 3.86862 0)
(-5.63494 3.17596 0)
(-5.77348 2.39205 0)
(-5.46374 1.49536 0)
(-5.42398 0.926745 0)
(-5.59757 0.580899 0)
(-5.15554 0.262768 0)
(-4.33865 -0.478253 0)
(-5.22431 -0.705661 0)
(-2.80519 -1.72049 0)
(-2.36957 -1.94841 0)
(-0.338799 -2.46152 0)
(0.847957 -2.31051 0)
(2.30368 -2.09773 0)
(3.25966 -1.87708 0)
(4.3413 -1.64702 0)
(4.84777 -1.59361 0)
(5.54471 -1.47448 0)
(5.91643 -1.04768 0)
(6.22256 -0.80679 0)
(6.3326 -0.469758 0)
(6.72754 -0.0810985 0)
(6.7476 0.427386 0)
(6.23626 0.28602 0)
(5.59042 -0.365892 0)
(5.86812 -0.621585 0)
(6.46568 -0.141967 0)
(6.35488 0.524261 0)
(5.2188 1.16322 0)
(3.30861 1.7438 0)
(1.38152 2.37183 0)
(-0.433782 2.7904 0)
(-1.39826 2.90118 0)
(-2.73611 1.90733 0)
(-3.9082 1.68165 0)
(-3.20719 0.755422 0)
(-4.91762 0.195973 0)
(-3.05889 -1.09063 0)
(-3.4658 -1.4805 0)
(-1.63367 -2.50786 0)
(-0.419307 -2.49263 0)
(1.11553 -2.26235 0)
(2.25656 -1.70583 0)
(3.31785 -1.24749 0)
(4.11782 -0.902732 0)
(4.82746 -0.630039 0)
(5.31785 -0.29921 0)
(5.57682 0.0262552 0)
(5.44519 0.254039 0)
(5.07173 0.350592 0)
(4.63431 0.403609 0)
(4.3141 0.43042 0)
(4.14278 0.409646 0)
(4.16591 0.347797 0)
(4.2371 0.303446 0)
(4.2058 0.289015 0)
(3.96022 0.30976 0)
(3.63166 0.332366 0)
(3.30039 0.363049 0)
(3.03652 0.382726 0)
(2.77803 0.424005 0)
(2.51456 0.439462 0)
(2.19572 0.474804 0)
(1.81939 0.473874 0)
(1.38129 0.49888 0)
(0.885634 0.483145 0)
(0.390112 0.495907 0)
(-0.0482399 0.480628 0)
(-0.416596 0.421419 0)
(-0.769751 0.264197 0)
(-1.06071 0.161373 0)
(-1.10584 0.352947 0)
(-0.805326 0.648142 0)
(-1.30374 0.562285 0)
(-0.865859 -0.302066 0)
(-0.688817 -1.25503 0)
(-0.26885 -1.69875 0)
(0.151989 -0.58916 0)
(0.20075 -0.599366 0)
(0.167356 -0.288803 0)
(-0.135063 0.149324 0)
(-0.816541 0.406961 0)
(-1.541 0.495856 0)
(-1.76938 0.2922 0)
(-2.90493 -0.593972 0)
(-2.90134 -1.34201 0)
(-2.67178 -1.60951 0)
(-1.26379 -1.36877 0)
(0.0329831 -0.639082 0)
(0.784746 -0.31796 0)
(1.84807 -0.249773 0)
(3.28535 -0.0868175 0)
(3.59217 0.167301 0)
(4.08297 -0.300231 0)
(4.35859 -1.2177 0)
(4.07786 -1.15186 0)
(3.00657 0.0363569 0)
(1.23715 1.81276 0)
(-1.53154 3.60165 0)
(-3.98355 4.66022 0)
(-4.80703 4.32488 0)
(-4.65652 3.32325 0)
(-4.83339 2.44696 0)
(-4.56533 1.54996 0)
(-4.63069 0.957059 0)
(-4.65362 0.404859 0)
(-4.63166 0.0569045 0)
(-3.28717 -0.69494 0)
(-3.76455 -0.814384 0)
(-1.83959 -2.20588 0)
(-1.29981 -2.67425 0)
(0.920549 -3.15638 0)
(2.05403 -2.91516 0)
(3.73026 -2.5862 0)
(4.58803 -2.25926 0)
(5.60584 -1.98247 0)
(6.30008 -1.82323 0)
(6.65186 -1.74007 0)
(7.13918 -1.18913 0)
(7.39851 -0.830825 0)
(7.16319 -0.514251 0)
(7.35184 -0.160949 0)
(7.42583 0.487244 0)
(7.01512 0.538898 0)
(6.22985 -0.199331 0)
(6.08271 -0.705298 0)
(6.34107 -0.18034 0)
(6.03192 0.774 0)
(5.01335 1.74094 0)
(3.2499 2.52989 0)
(1.00175 3.16064 0)
(-0.552404 3.29398 0)
(-1.00438 3.5006 0)
(-1.74445 2.46103 0)
(-3.71663 2.06525 0)
(-2.54158 0.892552 0)
(-4.61111 0.309251 0)
(-2.51983 -1.39274 0)
(-3.14374 -1.70949 0)
(-1.43331 -3.11072 0)
(-0.0476344 -3.08104 0)
(1.62906 -2.78058 0)
(2.59217 -2.14231 0)
(3.46446 -1.63679 0)
(4.28955 -1.22489 0)
(5.15321 -0.879805 0)
(5.72163 -0.49132 0)
(6.04617 -0.0959248 0)
(6.16691 0.291463 0)
(6.1781 0.572936 0)
(5.81807 0.676541 0)
(5.23063 0.606609 0)
(4.70027 0.438539 0)
(4.48006 0.279988 0)
(4.5293 0.239291 0)
(4.58893 0.310255 0)
(4.47255 0.406252 0)
(4.22477 0.468839 0)
(3.97878 0.48344 0)
(3.73869 0.505865 0)
(3.5081 0.526974 0)
(3.25076 0.576798 0)
(2.96098 0.597117 0)
(2.63769 0.658327 0)
(2.25096 0.672649 0)
(1.79932 0.728014 0)
(1.26416 0.716882 0)
(0.704193 0.69799 0)
(0.192514 0.578443 0)
(-0.254123 0.429601 0)
(-0.667523 0.251711 0)
(-0.939889 0.308953 0)
(-0.506897 0.602093 0)
(-0.736123 0.590835 0)
(-0.31278 -0.392451 0)
(-0.426989 -1.31827 0)
(-0.14803 -1.85159 0)
(0.0699008 -0.655223 0)
(0.112103 -0.602592 0)
(-0.0877814 -0.242334 0)
(-0.481582 0.34789 0)
(-1.36845 0.714319 0)
(-2.30619 0.844048 0)
(-2.99531 0.644779 0)
(-4.26663 -0.394677 0)
(-4.3604 -1.36125 0)
(-4.46799 -1.86126 0)
(-3.06686 -1.90717 0)
(-1.55981 -1.09392 0)
(-0.470512 -0.830726 0)
(0.794163 -0.817266 0)
(2.18349 -0.448509 0)
(2.60403 -0.105754 0)
(3.63939 -0.54536 0)
(3.91606 -1.2171 0)
(3.39349 -0.786807 0)
(1.8735 0.760487 0)
(-0.170043 2.81066 0)
(-2.8771 4.54373 0)
(-4.38928 5.13311 0)
(-4.15286 4.34981 0)
(-3.86926 3.27262 0)
(-4.14719 2.39856 0)
(-3.91745 1.54516 0)
(-3.87312 0.974389 0)
(-3.4831 0.350586 0)
(-3.64826 -0.0534179 0)
(-2.1881 -1.14894 0)
(-2.33092 -1.24912 0)
(-0.267187 -2.6779 0)
(0.242821 -3.32051 0)
(2.41589 -3.8207 0)
(3.33658 -3.53364 0)
(5.09474 -3.13121 0)
(5.87541 -2.65429 0)
(6.83297 -2.32875 0)
(7.60695 -1.98542 0)
(7.70914 -1.90432 0)
(8.07223 -1.32785 0)
(8.33095 -0.798752 0)
(8.04138 -0.468338 0)
(7.98418 -0.213643 0)
(7.95576 0.569911 0)
(7.70744 0.823851 0)
(6.81056 0.0357523 0)
(6.35703 -0.647975 0)
(6.27113 -0.0767041 0)
(5.85836 1.06152 0)
(4.73671 2.23811 0)
(3.36273 3.29523 0)
(1.401 4.04923 0)
(0.014565 3.64783 0)
(-1.0681 3.6812 0)
(-1.83082 2.75911 0)
(-3.6279 2.25011 0)
(-1.84619 0.89592 0)
(-4.06625 0.243591 0)
(-1.84837 -1.7599 0)
(-2.47131 -2.08343 0)
(-1.07136 -3.83169 0)
(0.0111162 -3.85917 0)
(2.07554 -3.33501 0)
(3.31964 -2.42852 0)
(3.88266 -1.91975 0)
(4.43089 -1.60869 0)
(5.2669 -1.25892 0)
(6.15668 -0.692209 0)
(6.6784 -0.138029 0)
(6.79014 0.246348 0)
(6.7359 0.52858 0)
(6.76449 0.809088 0)
(6.58072 0.925851 0)
(6.09661 0.748349 0)
(5.44217 0.419781 0)
(5.07539 0.239202 0)
(4.99607 0.310377 0)
(4.9713 0.476687 0)
(4.78991 0.572047 0)
(4.49507 0.582245 0)
(4.20832 0.579887 0)
(3.94742 0.614023 0)
(3.74564 0.654884 0)
(3.50739 0.721544 0)
(3.24885 0.752776 0)
(2.92755 0.844872 0)
(2.54538 0.876707 0)
(2.09919 0.960596 0)
(1.60473 0.919081 0)
(1.07269 0.849448 0)
(0.539457 0.638661 0)
(0.0227212 0.451535 0)
(-0.508254 0.314187 0)
(-0.35141 0.470051 0)
(-0.144791 0.523196 0)
(0.215597 -0.348402 0)
(-0.134505 -1.25767 0)
(-0.0877094 -1.93675 0)
(-0.0229224 -0.646467 0)
(-0.218211 -0.531569 0)
(-0.596236 -0.029975 0)
(-1.11257 0.676712 0)
(-2.05237 1.09073 0)
(-3.08785 1.27992 0)
(-4.0741 1.05046 0)
(-5.22218 -0.164807 0)
(-5.77155 -1.34575 0)
(-5.75937 -2.18145 0)
(-4.60279 -2.51367 0)
(-3.16622 -1.68566 0)
(-1.54591 -1.45261 0)
(-0.44947 -1.31363 0)
(1.00262 -0.808052 0)
(1.77448 -0.528657 0)
(3.22704 -0.835398 0)
(3.36273 -1.12475 0)
(2.66293 -0.319373 0)
(0.831936 1.52243 0)
(-1.07084 3.76318 0)
(-3.34752 5.30349 0)
(-3.83917 5.31498 0)
(-3.45056 4.26954 0)
(-3.3189 3.24788 0)
(-3.51748 2.32632 0)
(-3.22376 1.43393 0)
(-3.03193 0.758511 0)
(-2.29813 0.0891251 0)
(-2.23791 -0.158479 0)
(-0.667275 -1.43524 0)
(-0.782169 -1.64095 0)
(1.44872 -3.06507 0)
(2.12405 -3.90988 0)
(3.99948 -4.41301 0)
(4.71794 -4.15711 0)
(6.44884 -3.64216 0)
(7.25398 -2.98088 0)
(7.97194 -2.67133 0)
(8.6636 -2.18436 0)
(8.82854 -2.02619 0)
(8.95408 -1.42959 0)
(9.21832 -0.748058 0)
(8.83964 -0.375887 0)
(8.59569 -0.157198 0)
(8.28432 0.672471 0)
(8.26589 1.06189 0)
(7.20937 0.342108 0)
(6.6975 -0.45041 0)
(6.22573 0.0763397 0)
(5.82035 1.41054 0)
(4.4662 2.78007 0)
(3.23246 3.91018 0)
(1.95551 4.76838 0)
(1.30474 4.23863 0)
(-0.677106 4.16308 0)
(-1.45518 3.06864 0)
(-3.11504 2.20708 0)
(-0.781196 0.870682 0)
(-2.685 0.202717 0)
(-0.934518 -1.75859 0)
(-1.11691 -2.26793 0)
(0.0616513 -4.14431 0)
(0.480162 -4.59723 0)
(2.03808 -4.22709 0)
(3.89801 -2.87415 0)
(4.76389 -2.05305 0)
(5.02111 -1.78595 0)
(5.54206 -1.59249 0)
(6.18596 -1.08258 0)
(7.06008 -0.364966 0)
(7.5838 0.251321 0)
(7.71743 0.582524 0)
(7.49182 0.781757 0)
(7.50292 0.941769 0)
(7.28782 0.94007 0)
(6.79637 0.697329 0)
(6.00418 0.409957 0)
(5.62507 0.349185 0)
(5.42853 0.49682 0)
(5.31291 0.650208 0)
(4.99665 0.714884 0)
(4.69298 0.718597 0)
(4.40967 0.734903 0)
(4.17808 0.759985 0)
(3.9646 0.814718 0)
(3.71484 0.905567 0)
(3.43176 0.976708 0)
(3.0776 1.09102 0)
(2.67419 1.10776 0)
(2.23811 1.15632 0)
(1.80779 1.02802 0)
(1.33942 0.920153 0)
(0.872188 0.672122 0)
(0.245618 0.498616 0)
(0.0131372 0.377011 0)
(0.117392 0.378034 0)
(0.494345 -0.358945 0)
(0.104922 -1.19887 0)
(-0.0282986 -1.94402 0)
(-0.115005 -0.537237 0)
(-0.654605 -0.362642 0)
(-1.14943 0.187692 0)
(-1.71352 1.00279 0)
(-2.6538 1.47354 0)
(-3.68057 1.74132 0)
(-4.81813 1.49175 0)
(-5.89867 0.134448 0)
(-6.37367 -1.34757 0)
(-6.34736 -2.38862 0)
(-6.077 -2.80832 0)
(-4.8046 -2.30611 0)
(-2.58843 -2.00701 0)
(-1.76704 -1.7495 0)
(0.0663706 -1.30343 0)
(1.24686 -1.11039 0)
(2.87133 -1.13228 0)
(2.79652 -0.950184 0)
(2.02458 0.229475 0)
(-0.0255746 2.26028 0)
(-1.67517 4.55034 0)
(-3.11917 5.71395 0)
(-2.67971 5.24446 0)
(-2.56944 4.23602 0)
(-2.55661 3.33088 0)
(-2.5242 2.33511 0)
(-2.1475 1.4695 0)
(-1.77393 0.653717 0)
(-1.30784 -0.181625 0)
(-1.02499 -0.485295 0)
(0.544096 -1.81464 0)
(0.617658 -2.12793 0)
(3.02302 -3.51704 0)
(3.65438 -4.48393 0)
(5.61422 -4.91595 0)
(6.26781 -4.62504 0)
(7.61513 -4.14419 0)
(8.41605 -3.34577 0)
(9.11439 -2.92852 0)
(9.5682 -2.3204 0)
(9.7549 -2.07743 0)
(9.60612 -1.52097 0)
(9.85051 -0.693378 0)
(9.45198 -0.22424 0)
(9.09911 -0.0301371 0)
(8.60439 0.772786 0)
(8.69072 1.27274 0)
(7.56579 0.68127 0)
(6.97418 -0.191271 0)
(6.26396 0.296015 0)
(5.81078 1.71795 0)
(4.50267 3.30572 0)
(3.02962 4.33504 0)
(1.99552 4.9985 0)
(1.94917 4.58862 0)
(-0.222075 4.8525 0)
(0.453305 3.67521 0)
(-1.87962 2.54549 0)
(-0.425938 0.807947 0)
(-1.66135 0.340429 0)
(-0.332536 -2.05251 0)
(-0.275519 -2.38876 0)
(1.03245 -4.28869 0)
(1.81551 -4.82206 0)
(2.3917 -4.90371 0)
(3.95369 -3.57058 0)
(5.28353 -2.38111 0)
(5.80868 -1.95325 0)
(6.1522 -1.77482 0)
(6.6736 -1.31523 0)
(7.05582 -0.690258 0)
(7.81879 -0.0298461 0)
(8.48509 0.545612 0)
(8.75829 0.88537 0)
(8.54674 1.02982 0)
(8.55644 1.08332 0)
(8.11133 0.983213 0)
(7.31512 0.727131 0)
(6.34278 0.53399 0)
(6.04443 0.595975 0)
(5.74572 0.76594 0)
(5.53562 0.856661 0)
(5.08402 0.847227 0)
(4.82572 0.825488 0)
(4.52632 0.863821 0)
(4.29472 0.915594 0)
(4.01058 0.990038 0)
(3.71398 1.09324 0)
(3.39778 1.18874 0)
(2.99783 1.30246 0)
(2.58015 1.27441 0)
(2.17374 1.24881 0)
(1.73281 1.02158 0)
(1.44257 0.944873 0)
(0.953439 0.67145 0)
(0.694762 0.525991 0)
(0.341693 0.261872 0)
(0.618507 -0.358122 0)
(0.332938 -1.11307 0)
(0.0101662 -1.90281 0)
(-0.257629 -0.321425 0)
(-0.931 -0.128043 0)
(-1.56177 0.461813 0)
(-2.09016 1.32129 0)
(-2.96545 1.84208 0)
(-4.01295 2.20063 0)
(-5.08943 1.8928 0)
(-5.6894 0.368798 0)
(-6.07623 -1.25325 0)
(-6.46085 -2.33885 0)
(-6.74996 -2.99487 0)
(-6.00913 -3.1895 0)
(-3.74571 -2.66563 0)
(-2.47529 -2.36592 0)
(-0.533786 -2.08093 0)
(0.912675 -1.78667 0)
(2.47668 -1.39024 0)
(2.25755 -0.757966 0)
(1.57866 0.791916 0)
(-0.526874 2.96476 0)
(-2.11396 5.06536 0)
(-2.72216 5.70289 0)
(-1.9123 4.97304 0)
(-1.89214 4.14932 0)
(-1.8239 3.29849 0)
(-1.70151 2.15508 0)
(-1.47203 1.27636 0)
(-0.632668 0.497347 0)
(-0.535029 -0.363593 0)
(0.0945398 -0.849204 0)
(1.77908 -2.1963 0)
(1.58785 -2.77423 0)
(4.60281 -4.17471 0)
(5.31314 -5.06625 0)
(6.94481 -5.50793 0)
(7.67875 -5.1054 0)
(8.88643 -4.49618 0)
(9.47705 -3.62384 0)
(10.1347 -3.18253 0)
(10.2983 -2.48291 0)
(10.6245 -2.06173 0)
(10.2149 -1.52288 0)
(10.3577 -0.601444 0)
(9.90414 -0.0437557 0)
(9.4716 0.129272 0)
(8.89246 0.902463 0)
(8.95379 1.48924 0)
(7.84943 1.06133 0)
(7.1459 0.098778 0)
(6.30479 0.619999 0)
(5.80488 2.04223 0)
(4.65781 3.85573 0)
(3.21528 4.86175 0)
(1.92309 5.16406 0)
(1.87428 4.90103 0)
(-0.237349 5.14137 0)
(1.35868 3.79966 0)
(-1.2027 2.68625 0)
(-0.00191798 0.67577 0)
(-1.26166 -0.00447081 0)
(0.382375 -2.62352 0)
(0.340299 -2.95083 0)
(1.40504 -4.99668 0)
(2.54079 -5.30042 0)
(3.44181 -5.24785 0)
(4.16878 -4.08085 0)
(5.48289 -2.78554 0)
(6.19465 -2.16575 0)
(6.63857 -2.01276 0)
(7.15789 -1.49172 0)
(7.51864 -0.853924 0)
(7.80944 -0.338637 0)
(8.74189 0.214055 0)
(9.47746 0.782731 0)
(9.68625 1.06038 0)
(9.61006 1.1637 0)
(9.49113 1.22427 0)
(8.53816 1.13476 0)
(7.44955 0.868782 0)
(6.55989 0.750569 0)
(6.35498 0.875881 0)
(5.89698 0.993582 0)
(5.64074 0.999094 0)
(5.09635 0.974185 0)
(4.84454 0.953045 0)
(4.49087 1.01532 0)
(4.36722 1.1152 0)
(4.03843 1.25472 0)
(3.68327 1.39196 0)
(3.25792 1.47615 0)
(2.73395 1.50705 0)
(2.34762 1.36454 0)
(1.82237 1.27536 0)
(1.5225 0.943458 0)
(1.2885 0.882189 0)
(1.2927 0.586087 0)
(0.835726 0.381006 0)
(0.850738 -0.271387 0)
(0.604233 -0.958264 0)
(0.0943954 -1.80959 0)
(-0.319354 -0.0505336 0)
(-1.04285 0.141621 0)
(-1.66325 0.71442 0)
(-2.23031 1.60987 0)
(-3.00142 2.19376 0)
(-3.91478 2.55825 0)
(-4.6742 2.19799 0)
(-4.82843 0.552041 0)
(-5.1881 -1.06672 0)
(-5.80357 -2.1182 0)
(-6.40829 -3.07566 0)
(-6.4263 -3.71524 0)
(-5.10605 -3.61902 0)
(-2.87701 -3.14878 0)
(-1.34287 -2.86947 0)
(0.439616 -2.48258 0)
(1.88201 -1.60435 0)
(1.74912 -0.55506 0)
(1.19039 1.30635 0)
(-0.503847 3.63597 0)
(-2.02344 5.41049 0)
(-1.95898 5.60383 0)
(-1.53546 4.85877 0)
(-1.27787 4.12917 0)
(-1.05404 3.28822 0)
(-0.862193 2.00074 0)
(-0.787702 0.977631 0)
(0.428595 0.230377 0)
(0.482123 -0.619175 0)
(1.11968 -1.35732 0)
(3.07064 -2.60139 0)
(2.83858 -3.26838 0)
(5.9338 -4.88147 0)
(6.82747 -5.69368 0)
(8.40413 -5.98502 0)
(8.94922 -5.50617 0)
(9.91646 -4.84097 0)
(10.3705 -3.86657 0)
(11.1138 -3.31039 0)
(10.9415 -2.55155 0)
(11.344 -1.99371 0)
(10.6788 -1.46979 0)
(10.7005 -0.498433 0)
(10.1519 0.145894 0)
(9.72523 0.329609 0)
(9.0955 1.04586 0)
(9.12041 1.68987 0)
(8.09211 1.41098 0)
(7.26872 0.466258 0)
(6.33624 0.945155 0)
(5.94273 2.34512 0)
(4.72681 4.31553 0)
(3.77347 5.39647 0)
(2.41683 5.5837 0)
(2.12218 5.43139 0)
(0.225634 5.17236 0)
(1.70801 3.83151 0)
(-0.725966 2.88122 0)
(1.102 0.784463 0)
(0.074673 0.0889138 0)
(1.45515 -2.47401 0)
(1.80045 -2.95226 0)
(2.7108 -5.1063 0)
(3.12908 -5.79405 0)
(4.06531 -5.72562 0)
(4.84259 -4.3909 0)
(5.57528 -3.13145 0)
(6.49401 -2.39624 0)
(6.94384 -2.19806 0)
(7.51988 -1.69441 0)
(7.97889 -0.940959 0)
(8.05209 -0.561791 0)
(8.69073 -0.173146 0)
(9.78505 0.502943 0)
(10.2761 0.975171 0)
(10.3519 1.12598 0)
(10.4105 1.4081 0)
(9.87205 1.58175 0)
(8.55804 1.35249 0)
(7.48305 1.03417 0)
(6.77096 1.02351 0)
(6.54806 1.15703 0)
(5.93553 1.18473 0)
(5.56592 1.14311 0)
(5.03673 1.12811 0)
(4.89678 1.12589 0)
(4.46553 1.21719 0)
(4.28115 1.35569 0)
(3.76703 1.52883 0)
(3.41456 1.65796 0)
(2.8553 1.68914 0)
(2.34111 1.60881 0)
(1.81512 1.37215 0)
(1.53051 1.20079 0)
(1.13655 0.731669 0)
(1.46674 0.755078 0)
(1.30284 0.426291 0)
(1.17314 -0.18434 0)
(0.833387 -0.779731 0)
(0.191959 -1.67179 0)
(-0.307942 0.229628 0)
(-0.975195 0.406044 0)
(-1.57314 0.957546 0)
(-2.17086 1.84996 0)
(-2.71739 2.48931 0)
(-3.38307 2.81047 0)
(-3.77105 2.36454 0)
(-3.56035 0.696495 0)
(-3.80196 -0.852273 0)
(-4.54188 -1.78906 0)
(-5.18245 -2.77609 0)
(-5.42697 -3.78875 0)
(-5.2409 -4.46421 0)
(-3.97344 -3.91332 0)
(-2.04929 -3.62582 0)
(-0.340382 -3.14891 0)
(1.11123 -1.84772 0)
(1.399 -0.410368 0)
(0.73289 1.72833 0)
(-0.276737 4.22505 0)
(-1.30703 5.63013 0)
(-0.715202 5.54892 0)
(-0.7666 4.8685 0)
(-0.376106 4.01817 0)
(-0.110241 3.32947 0)
(0.360907 2.05755 0)
(0.279054 0.781808 0)
(1.62728 -0.00199966 0)
(1.70162 -0.78975 0)
(2.45239 -1.71781 0)
(4.18316 -3.04809 0)
(4.2844 -3.83141 0)
(7.44323 -5.51166 0)
(8.1353 -6.26599 0)
(9.62103 -6.49198 0)
(10.0526 -5.85773 0)
(10.8861 -5.07332 0)
(11.147 -4.0662 0)
(11.8844 -3.43869 0)
(11.4526 -2.58409 0)
(11.9047 -1.86188 0)
(11.1171 -1.29041 0)
(11.02 -0.31555 0)
(10.3336 0.37147 0)
(9.89001 0.548441 0)
(9.18625 1.19322 0)
(9.13823 1.91388 0)
(8.26473 1.78769 0)
(7.34563 0.858672 0)
(6.35962 1.22048 0)
(6.14224 2.64505 0)
(4.72017 4.7229 0)
(4.44729 5.69915 0)
(3.24932 6.06851 0)
(2.94767 5.84979 0)
(1.14765 5.28376 0)
(2.55049 4.08765 0)
(0.394297 3.17303 0)
(1.64115 0.527613 0)
(1.22463 -0.174179 0)
(1.99195 -2.99622 0)
(2.51932 -3.38423 0)
(3.63597 -5.35447 0)
(4.35232 -5.91503 0)
(4.63841 -6.1291 0)
(5.42804 -4.66299 0)
(6.03246 -3.38549 0)
(6.76908 -2.64134 0)
(7.33467 -2.44284 0)
(7.83325 -1.91458 0)
(8.41175 -1.0426 0)
(8.50177 -0.632973 0)
(8.57906 -0.55167 0)
(9.76052 0.140537 0)
(10.6306 0.866087 0)
(10.7445 1.09444 0)
(10.7289 1.3756 0)
(10.7402 1.87854 0)
(9.92231 1.8608 0)
(8.59886 1.48362 0)
(7.64522 1.28491 0)
(6.96569 1.33657 0)
(6.53408 1.40064 0)
(5.82428 1.35007 0)
(5.47473 1.23878 0)
(4.99991 1.2253 0)
(4.79594 1.30855 0)
(4.3384 1.5239 0)
(4.00769 1.71635 0)
(3.42598 1.88032 0)
(2.88334 1.93654 0)
(2.3014 1.81181 0)
(1.6382 1.63287 0)
(1.51275 1.19631 0)
(1.01244 0.964631 0)
(1.1774 0.457632 0)
(1.40119 0.471958 0)
(1.45866 0.0242869 0)
(1.11196 -0.575653 0)
(0.385492 -1.40472 0)
(-0.226267 0.479707 0)
(-0.867977 0.665531 0)
(-1.32699 1.19352 0)
(-1.81307 2.03732 0)
(-2.2022 2.65181 0)
(-2.56142 2.88485 0)
(-2.59665 2.37417 0)
(-2.15028 0.780635 0)
(-2.28167 -0.661999 0)
(-2.97589 -1.50748 0)
(-3.29272 -2.5356 0)
(-3.36848 -3.66973 0)
(-3.90135 -4.3501 0)
(-4.70765 -4.50511 0)
(-2.31325 -4.44779 0)
(-1.23332 -3.71698 0)
(0.480056 -2.22802 0)
(1.33128 -0.338482 0)
(0.528917 1.9862 0)
(-0.222712 4.58075 0)
(-0.573232 5.65484 0)
(0.306097 5.42948 0)
(0.200531 4.81285 0)
(0.5527 3.75813 0)
(0.641122 3.08617 0)
(1.66254 1.92584 0)
(1.27599 0.525002 0)
(2.69153 -0.278738 0)
(2.56461 -1.10423 0)
(3.68925 -2.19369 0)
(5.1138 -3.58267 0)
(5.71556 -4.59481 0)
(8.83035 -6.23476 0)
(9.35115 -6.71244 0)
(10.7578 -6.83101 0)
(10.9416 -6.13023 0)
(11.6303 -5.26073 0)
(11.7932 -4.21777 0)
(12.5356 -3.49675 0)
(11.8986 -2.57177 0)
(12.3038 -1.74542 0)
(11.3812 -1.07546 0)
(11.2623 -0.123974 0)
(10.4754 0.604345 0)
(10.0085 0.798566 0)
(9.22311 1.38743 0)
(9.16813 2.07553 0)
(8.37408 2.11482 0)
(7.39059 1.24395 0)
(6.36426 1.53729 0)
(6.2643 2.95018 0)
(4.72031 5.10591 0)
(5.06056 5.91592 0)
(3.91875 6.39072 0)
(3.85681 6.103 0)
(2.01991 5.48408 0)
(3.31547 4.10607 0)
(1.63118 3.27107 0)
(2.58553 0.51487 0)
(2.43731 -0.465053 0)
(3.11414 -3.08491 0)
(3.56916 -3.77178 0)
(4.11143 -5.95021 0)
(5.19063 -6.27456 0)
(5.40112 -6.38856 0)
(5.92934 -4.92519 0)
(6.49247 -3.65189 0)
(7.27029 -2.89587 0)
(7.92785 -2.6629 0)
(8.12539 -2.17656 0)
(8.74565 -1.20528 0)
(9.04435 -0.632916 0)
(8.78924 -0.740893 0)
(9.35722 -0.338332 0)
(10.739 0.628912 0)
(11.0939 1.1148 0)
(10.9621 1.38393 0)
(10.9662 1.90462 0)
(10.8037 2.20613 0)
(9.77722 1.95999 0)
(8.64302 1.67746 0)
(7.77123 1.62894 0)
(6.93935 1.66613 0)
(6.38829 1.5956 0)
(5.65882 1.4331 0)
(5.39779 1.39608 0)
(4.85813 1.50924 0)
(4.6564 1.6815 0)
(3.95774 1.93615 0)
(3.47934 2.05851 0)
(2.71572 2.1803 0)
(2.21413 2.05869 0)
(1.45077 1.72049 0)
(1.37976 1.47831 0)
(0.917699 0.799614 0)
(0.925682 0.674372 0)
(1.15195 0.192546 0)
(1.36004 -0.0253003 0)
(1.3902 -0.293469 0)
(0.603716 -1.01271 0)
(-0.210185 0.68503 0)
(-0.694977 0.891827 0)
(-1.04495 1.36257 0)
(-1.36269 2.14899 0)
(-1.37978 2.77817 0)
(-1.44264 2.90645 0)
(-1.29488 2.31078 0)
(-0.790224 0.803783 0)
(-0.816857 -0.517998 0)
(-1.45637 -1.32878 0)
(-1.61403 -2.4049 0)
(-1.77855 -3.39494 0)
(-2.26277 -3.86467 0)
(-3.0494 -4.76895 0)
(-2.31222 -5.07373 0)
(-1.71634 -4.29992 0)
(0.182551 -2.83206 0)
(1.31299 -0.380657 0)
(0.916451 2.20939 0)
(0.128123 4.66997 0)
(0.111026 5.50771 0)
(0.829525 5.21681 0)
(1.01363 4.74266 0)
(1.48304 3.63868 0)
(1.25963 2.85151 0)
(2.74638 1.7592 0)
(1.99664 0.351165 0)
(3.60245 -0.466056 0)
(3.40913 -1.32842 0)
(4.9134 -2.62275 0)
(6.02206 -4.06233 0)
(7.31109 -5.37051 0)
(10.067 -6.96821 0)
(10.3023 -7.16643 0)
(11.6168 -7.15893 0)
(11.6662 -6.37052 0)
(12.2836 -5.40153 0)
(12.342 -4.34053 0)
(12.967 -3.52626 0)
(12.1864 -2.49724 0)
(12.5773 -1.59615 0)
(11.5848 -0.834312 0)
(11.4979 0.085476 0)
(10.5784 0.908282 0)
(10.1236 1.06727 0)
(9.23638 1.5674 0)
(9.14636 2.25279 0)
(8.36324 2.44392 0)
(7.53712 1.63992 0)
(6.31556 1.83513 0)
(6.36691 3.18818 0)
(4.76854 5.35495 0)
(5.59882 6.00901 0)
(4.31717 6.59208 0)
(4.81894 6.34705 0)
(2.61688 5.72832 0)
(4.05875 4.20334 0)
(2.76949 3.33554 0)
(3.51114 0.533057 0)
(3.84734 -0.522034 0)
(4.00328 -3.07113 0)
(4.92032 -3.75093 0)
(5.40017 -5.9471 0)
(5.99056 -6.4542 0)
(6.17982 -6.6546 0)
(6.58719 -5.03334 0)
(6.85456 -3.95252 0)
(7.70766 -3.21585 0)
(8.46444 -2.87218 0)
(8.5835 -2.31325 0)
(8.68741 -1.44404 0)
(9.23919 -0.685613 0)
(9.1773 -0.703948 0)
(9.07138 -0.695234 0)
(10.3027 0.156879 0)
(11.3943 1.00912 0)
(11.3036 1.46914 0)
(11.0883 1.95512 0)
(10.9052 2.33681 0)
(10.3325 2.31608 0)
(9.31252 2.07618 0)
(8.43645 2.00943 0)
(7.54723 1.97971 0)
(6.72653 1.84643 0)
(6.13256 1.68267 0)
(5.5106 1.56041 0)
(5.20126 1.61256 0)
(4.6294 1.87182 0)
(4.20275 2.16559 0)
(3.46117 2.39747 0)
(2.7279 2.44618 0)
(2.16497 2.3553 0)
(1.40046 1.9394 0)
(1.13188 1.42912 0)
(1.09139 1.14264 0)
(0.586843 0.339367 0)
(1.23167 0.262966 0)
(0.907222 -0.0101113 0)
(1.35769 -0.268389 0)
(0.758312 -0.667476 0)
(-0.151473 0.853318 0)
(-0.508812 1.04089 0)
(-0.509637 1.48189 0)
(-0.672267 2.15427 0)
(-0.589053 2.70591 0)
(-0.270471 2.79408 0)
(0.0559015 2.15219 0)
(0.519701 0.736368 0)
(0.515232 -0.409825 0)
(-0.00553214 -1.1878 0)
(-0.201015 -2.23605 0)
(-0.705 -3.2501 0)
(-0.701168 -3.76734 0)
(-0.465956 -4.50503 0)
(-1.43131 -4.99876 0)
(-1.6668 -4.70312 0)
(-0.098942 -3.38048 0)
(1.27287 -0.654197 0)
(1.40728 2.41273 0)
(0.984703 4.77526 0)
(1.26755 5.36995 0)
(1.52416 5.04409 0)
(1.85212 4.67105 0)
(2.65994 3.63442 0)
(1.96633 2.69187 0)
(3.54918 1.57603 0)
(2.58535 0.0804091 0)
(4.29913 -0.868448 0)
(4.24486 -1.73966 0)
(6.12601 -3.12565 0)
(6.97536 -4.61792 0)
(8.89201 -6.13294 0)
(11.0816 -7.5785 0)
(11.1619 -7.49786 0)
(12.4129 -7.36919 0)
(12.2041 -6.53782 0)
(12.8521 -5.5241 0)
(12.8021 -4.45029 0)
(13.33 -3.50287 0)
(12.3651 -2.39047 0)
(12.7057 -1.41856 0)
(11.5923 -0.590141 0)
(11.5868 0.274809 0)
(10.7213 1.16324 0)
(10.3577 1.36363 0)
(9.22191 1.84069 0)
(9.17832 2.41778 0)
(8.26846 2.70978 0)
(7.70404 2.07429 0)
(6.13622 2.14834 0)
(6.49673 3.48851 0)
(4.80545 5.55614 0)
(5.93814 5.97782 0)
(4.43273 6.79044 0)
(5.74173 6.63338 0)
(3.3963 6.03087 0)
(4.67127 4.23074 0)
(4.01075 3.35252 0)
(4.23611 0.428254 0)
(4.99231 -0.861077 0)
(4.60151 -3.47173 0)
(5.64343 -4.33717 0)
(5.95342 -6.41929 0)
(6.91857 -6.67794 0)
(6.74739 -6.88461 0)
(7.17624 -5.12796 0)
(7.38604 -4.18917 0)
(8.15763 -3.5108 0)
(8.76627 -3.08554 0)
(8.95703 -2.26824 0)
(8.50264 -1.51741 0)
(8.59822 -0.835648 0)
(8.90931 -0.67047 0)
(8.9494 -0.7736 0)
(9.47742 -0.313544 0)
(10.7934 0.639845 0)
(11.469 1.46149 0)
(11.3486 2.08109 0)
(10.8881 2.49708 0)
(10.2358 2.56365 0)
(9.49654 2.4151 0)
(8.72053 2.33954 0)
(7.92252 2.33194 0)
(7.19864 2.22526 0)
(6.30868 1.92516 0)
(5.89647 1.7675 0)
(5.27739 1.85393 0)
(4.83386 2.04996 0)
(4.18071 2.45769 0)
(3.61531 2.66133 0)
(2.63155 2.74419 0)
(2.2087 2.61451 0)
(1.6229 2.10901 0)
(1.18185 1.66173 0)
(1.03276 0.924712 0)
(1.13034 0.701757 0)
(0.529387 -0.0456113 0)
(1.62899 -0.0343334 0)
(0.697804 -0.221498 0)
(0.879007 -0.276603 0)
(-0.149563 0.960184 0)
(-0.348933 1.0683 0)
(-0.110356 1.4417 0)
(0.213494 2.11784 0)
(0.415167 2.62039 0)
(0.945249 2.64482 0)
(1.36704 2.0064 0)
(1.78741 0.6904 0)
(1.83724 -0.361064 0)
(1.36711 -1.05153 0)
(1.34269 -2.02787 0)
(0.74938 -3.15561 0)
(0.772335 -3.87926 0)
(1.04499 -4.28876 0)
(0.622135 -4.56316 0)
(-0.719675 -4.74202 0)
(-0.0306952 -3.91881 0)
(1.47302 -1.00187 0)
(1.70537 2.38093 0)
(1.6092 4.78727 0)
(2.49634 5.27757 0)
(2.54533 4.96261 0)
(2.76515 4.45823 0)
(3.9566 3.48556 0)
(2.84922 2.57548 0)
(4.4416 1.46803 0)
(3.73819 -0.125168 0)
(5.16574 -1.17987 0)
(5.15456 -2.1226 0)
(7.41719 -3.66349 0)
(8.10572 -5.23527 0)
(10.2941 -6.7867 0)
(11.7809 -8.04858 0)
(11.8215 -7.78582 0)
(13.0757 -7.59694 0)
(12.6665 -6.65127 0)
(13.4016 -5.57124 0)
(13.077 -4.49496 0)
(13.5211 -3.44074 0)
(12.4035 -2.26585 0)
(12.7437 -1.23951 0)
(11.6924 -0.308944 0)
(11.6102 0.454668 0)
(10.6375 1.41416 0)
(10.5675 1.66481 0)
(9.28574 2.10722 0)
(9.25807 2.62532 0)
(8.11539 3.02087 0)
(7.87953 2.46186 0)
(6.11287 2.42433 0)
(6.55341 3.69621 0)
(4.87034 5.70716 0)
(6.20157 5.9313 0)
(4.28267 6.85229 0)
(6.40923 6.7543 0)
(4.35028 6.22707 0)
(5.33341 4.21212 0)
(5.15008 3.26688 0)
(4.92509 0.45035 0)
(6.167 -0.939819 0)
(5.7371 -3.26757 0)
(7.05035 -4.26459 0)
(6.76324 -6.4667 0)
(7.69282 -6.86872 0)
(7.40317 -7.05125 0)
(7.70456 -5.16194 0)
(7.81217 -4.44262 0)
(8.67779 -3.72383 0)
(8.96325 -3.26934 0)
(8.90684 -2.11113 0)
(7.96955 -1.32251 0)
(7.41276 -0.799531 0)
(7.70176 -0.755726 0)
(8.47595 -0.816026 0)
(8.94869 -0.549612 0)
(9.66333 0.246532 0)
(10.6485 1.24394 0)
(11.2096 2.16026 0)
(10.9528 2.77336 0)
(10.248 2.90581 0)
(9.45875 2.70305 0)
(8.86884 2.63842 0)
(8.1929 2.63614 0)
(7.39371 2.48351 0)
(6.79214 2.23969 0)
(5.94676 1.95744 0)
(5.57731 2.04719 0)
(5.02896 2.36159 0)
(4.26846 2.67012 0)
(3.63162 3.00399 0)
(2.77798 2.98774 0)
(2.35652 2.86077 0)
(2.08137 2.35094 0)
(1.53007 1.74836 0)
(1.46704 1.15707 0)
(1.05022 0.546445 0)
(1.56293 0.0704819 0)
(0.634644 -0.104281 0)
(1.53399 0.155778 0)
(0.576352 0.0132279 0)
(0.0982305 1.07314 0)
(0.0941771 1.07984 0)
(0.367845 1.25819 0)
(0.951035 1.88464 0)
(1.58909 2.43247 0)
(2.27832 2.43798 0)
(2.67911 1.83846 0)
(3.01673 0.68646 0)
(3.13324 -0.359389 0)
(2.64201 -1.03327 0)
(2.8755 -1.86041 0)
(2.55179 -3.03109 0)
(2.38836 -3.88989 0)
(2.13316 -4.38147 0)
(2.57271 -4.37381 0)
(1.23558 -4.43869 0)
(0.595442 -4.28105 0)
(1.75719 -1.44535 0)
(2.25624 2.27093 0)
(2.07325 4.55891 0)
(3.21005 5.07043 0)
(3.39639 4.85037 0)
(3.5729 4.13604 0)
(5.02641 3.31712 0)
(3.84718 2.62098 0)
(5.44223 1.36549 0)
(5.15651 -0.317576 0)
(6.10502 -1.39258 0)
(6.15238 -2.57953 0)
(8.65129 -4.37844 0)
(9.30726 -5.98998 0)
(11.4855 -7.36377 0)
(12.2554 -8.37019 0)
(12.5627 -8.04137 0)
(13.6707 -7.81774 0)
(12.9966 -6.75932 0)
(13.7939 -5.63051 0)
(13.165 -4.49681 0)
(13.5871 -3.30703 0)
(12.3399 -2.05808 0)
(12.5996 -1.09314 0)
(11.657 -0.0678451 0)
(11.6194 0.664003 0)
(10.606 1.59033 0)
(10.7368 1.93334 0)
(9.28451 2.43051 0)
(9.40474 2.84978 0)
(8.02489 3.28262 0)
(7.98823 2.8017 0)
(6.13382 2.82706 0)
(6.41737 3.84692 0)
(5.00396 5.8895 0)
(6.54412 6.00058 0)
(4.1345 6.80126 0)
(6.58714 6.65042 0)
(5.25322 6.24421 0)
(5.86523 4.17685 0)
(6.23069 3.12612 0)
(5.51634 0.368448 0)
(7.25971 -1.21155 0)
(6.17361 -3.63405 0)
(7.90949 -4.63806 0)
(7.43607 -6.55817 0)
(8.53105 -6.97483 0)
(7.97832 -7.17115 0)
(8.26124 -5.14984 0)
(8.194 -4.62972 0)
(9.0227 -3.84157 0)
(8.89809 -3.22727 0)
(8.20089 -1.70384 0)
(6.56502 -0.923445 0)
(6.13495 -0.666808 0)
(6.85199 -1.06935 0)
(8.17075 -1.15512 0)
(9.08429 -0.712719 0)
(9.47953 0.030699 0)
(9.87572 0.943086 0)
(10.6407 2.03857 0)
(10.8243 2.92276 0)
(10.425 3.19129 0)
(9.65564 2.99089 0)
(8.98912 2.87836 0)
(8.40903 2.94387 0)
(7.70389 2.82183 0)
(6.89019 2.51626 0)
(6.3948 2.25605 0)
(5.6333 2.30226 0)
(5.13796 2.509 0)
(4.50029 3.00988 0)
(3.80306 3.42182 0)
(3.21846 3.25568 0)
(2.56368 3.05451 0)
(2.45038 2.37735 0)
(2.01334 2.07142 0)
(1.77241 1.0187 0)
(1.83998 0.78112 0)
(1.46495 -0.0119799 0)
(1.6953 0.115939 0)
(1.08642 -0.264834 0)
(1.64575 0.584984 0)
(0.232847 0.934977 0)
(0.64431 1.00002 0)
(1.10735 1.14191 0)
(1.52974 1.55187 0)
(2.37225 2.01948 0)
(3.36191 2.14623 0)
(3.81942 1.72198 0)
(4.22984 0.741585 0)
(4.45961 -0.300873 0)
(3.73287 -1.0483 0)
(4.20829 -1.79396 0)
(4.11059 -2.88553 0)
(4.19529 -3.75935 0)
(3.71428 -4.41895 0)
(3.75343 -4.32611 0)
(3.10806 -3.82761 0)
(1.70834 -4.13132 0)
(2.2482 -1.90391 0)
(2.83898 2.15291 0)
(3.05453 4.34406 0)
(3.79004 4.80451 0)
(4.20283 4.71812 0)
(4.27079 3.84236 0)
(5.75643 3.15941 0)
(4.79483 2.60312 0)
(6.42279 1.10201 0)
(6.29177 -0.585584 0)
(6.89172 -1.67738 0)
(7.35382 -3.11748 0)
(9.89504 -5.04692 0)
(10.4081 -6.6504 0)
(12.4444 -7.82633 0)
(12.5664 -8.57307 0)
(13.2993 -8.28142 0)
(14.0219 -7.99199 0)
(13.2144 -6.76107 0)
(13.9222 -5.59308 0)
(12.9361 -4.41271 0)
(13.3167 -3.18124 0)
(12.1005 -1.88218 0)
(12.3997 -0.904326 0)
(11.5517 0.174503 0)
(11.5853 0.844942 0)
(10.4621 1.77653 0)
(10.845 2.1673 0)
(9.36821 2.70021 0)
(9.53654 3.08944 0)
(7.89903 3.64467 0)
(8.15037 3.10223 0)
(6.1557 3.22632 0)
(6.42489 3.92854 0)
(4.94784 5.97254 0)
(6.97529 6.12112 0)
(4.3278 6.82127 0)
(6.53504 6.41109 0)
(6.05541 6.1408 0)
(6.25673 4.13462 0)
(7.32657 3.08201 0)
(6.2756 0.351728 0)
(8.32176 -1.3993 0)
(7.03922 -3.6516 0)
(8.88964 -4.83269 0)
(7.82848 -6.72709 0)
(9.33498 -7.09955 0)
(8.40944 -7.21893 0)
(8.73423 -5.12542 0)
(8.51623 -4.78122 0)
(9.15524 -3.79412 0)
(8.39342 -2.91165 0)
(6.76272 -0.89943 0)
(5.0755 -0.654487 0)
(5.79459 -0.901108 0)
(7.19305 -1.65767 0)
(8.43181 -1.77724 0)
(9.4844 -1.10432 0)
(10.1615 -0.0953893 0)
(10.2582 0.785116 0)
(10.4792 1.82557 0)
(10.7604 2.89362 0)
(10.5734 3.36468 0)
(9.9625 3.26171 0)
(9.27538 3.12225 0)
(8.61736 3.18879 0)
(7.89874 3.07753 0)
(7.25316 2.83451 0)
(6.44068 2.50255 0)
(5.88159 2.45027 0)
(5.51968 2.91054 0)
(4.53093 3.20202 0)
(3.97334 3.56671 0)
(3.61245 3.43215 0)
(3.15258 3.27595 0)
(2.74846 2.44116 0)
(2.28881 2.18454 0)
(2.47996 1.11906 0)
(1.8604 0.783245 0)
(2.97357 0.0924498 0)
(1.45093 0.0573575 0)
(2.34444 0.251477 0)
(0.258677 1.09504 0)
(0.387763 0.745885 0)
(0.98824 0.735319 0)
(1.73922 0.923099 0)
(2.31541 1.28546 0)
(3.0623 1.56623 0)
(4.00464 1.75143 0)
(4.59973 1.45738 0)
(5.16132 0.674744 0)
(5.716 -0.235741 0)
(4.76125 -1.06021 0)
(5.42298 -1.84349 0)
(5.35042 -2.92525 0)
(5.72454 -3.73669 0)
(5.70064 -4.23631 0)
(4.84874 -4.30635 0)
(4.57872 -3.47191 0)
(3.60513 -3.79949 0)
(3.05961 -2.1737 0)
(3.14827 1.85584 0)
(4.25184 4.1838 0)
(4.59632 4.64639 0)
(5.32248 4.66567 0)
(5.11997 3.67096 0)
(6.50501 2.97335 0)
(5.74833 2.51251 0)
(7.44419 0.871784 0)
(7.3408 -0.707847 0)
(7.79741 -1.87688 0)
(8.72131 -3.63589 0)
(10.996 -5.62047 0)
(11.3841 -7.19713 0)
(13.1829 -8.23422 0)
(12.8851 -8.73945 0)
(13.9446 -8.45597 0)
(14.0078 -8.06737 0)
(13.0985 -6.72955 0)
(13.5641 -5.53762 0)
(12.2903 -4.26027 0)
(12.787 -3.04755 0)
(11.5633 -1.7156 0)
(12.0455 -0.768405 0)
(11.2406 0.331432 0)
(11.5137 1.03185 0)
(10.3714 1.92573 0)
(10.8602 2.36325 0)
(9.32728 3.01885 0)
(9.68664 3.3351 0)
(7.85888 3.94556 0)
(8.35166 3.3801 0)
(6.02002 3.67237 0)
(6.70425 4.14174 0)
(4.60761 5.8609 0)
(7.38767 6.15345 0)
(4.90913 6.85073 0)
(6.61268 6.22004 0)
(6.91182 5.96332 0)
(6.565 4.14575 0)
(8.38267 2.90834 0)
(7.04766 0.226043 0)
(9.25007 -1.52295 0)
(7.5992 -3.6885 0)
(9.97776 -4.9899 0)
(8.37938 -6.66944 0)
(10.0737 -7.07184 0)
(8.71188 -7.17674 0)
(9.2287 -5.04699 0)
(8.62748 -4.81436 0)
(8.91291 -3.52897 0)
(7.47075 -2.34594 0)
(5.54364 -0.0745625 0)
(4.66713 -0.877398 0)
(6.05821 -1.4912 0)
(7.6782 -2.29641 0)
(8.85626 -2.18347 0)
(9.61145 -1.4896 0)
(10.445 -0.320961 0)
(10.8662 0.7109 0)
(10.9108 1.71724 0)
(11.0439 2.83133 0)
(10.905 3.46158 0)
(10.3521 3.50762 0)
(9.59064 3.3874 0)
(8.86587 3.50431 0)
(8.13901 3.41525 0)
(7.31064 3.11443 0)
(6.72718 2.80896 0)
(6.10193 2.70332 0)
(5.42015 3.0891 0)
(5.11141 3.51593 0)
(4.18574 3.99671 0)
(3.99542 3.32566 0)
(3.52036 3.5457 0)
(3.33835 2.4958 0)
(2.41252 2.31396 0)
(3.31004 1.01192 0)
(2.73947 0.741141 0)
(3.6743 -0.061218 0)
(2.54652 0.680224 0)
(2.24949 -0.0246794 0)
(2.0169 1.98088 0)
(0.846419 0.277709 0)
(1.15069 0.433808 0)
(2.01878 0.656694 0)
(2.74765 0.968028 0)
(3.81706 1.2495 0)
(4.64978 1.49078 0)
(5.33191 1.17442 0)
(5.74218 0.486767 0)
(6.66524 -0.204261 0)
(5.72789 -1.04188 0)
(6.68022 -1.8897 0)
(6.87633 -2.9803 0)
(6.79529 -3.91746 0)
(7.52031 -4.09173 0)
(6.31936 -4.12968 0)
(5.82819 -3.25596 0)
(5.60527 -3.33 0)
(3.87425 -2.13632 0)
(3.55476 1.54483 0)
(5.07186 3.8804 0)
(5.40807 4.37552 0)
(6.53327 4.58155 0)
(6.22951 3.51028 0)
(7.2919 2.73302 0)
(6.66167 2.33234 0)
(8.41972 0.606963 0)
(8.25656 -0.850762 0)
(8.82761 -2.17708 0)
(10.0483 -4.21586 0)
(11.8485 -6.14996 0)
(12.2146 -7.68108 0)
(13.7389 -8.59262 0)
(13.1853 -8.87099 0)
(14.2552 -8.49879 0)
(13.5519 -7.92805 0)
(12.7277 -6.52525 0)
(12.8275 -5.33649 0)
(11.2726 -4.00779 0)
(11.9915 -2.95089 0)
(10.7004 -1.64738 0)
(11.574 -0.633074 0)
(10.6895 0.440924 0)
(11.2806 1.10535 0)
(10.116 2.09984 0)
(10.8151 2.52724 0)
(9.2803 3.24909 0)
(9.77129 3.57096 0)
(7.73689 4.2991 0)
(8.57319 3.7111 0)
(5.81811 4.07772 0)
(7.0918 4.43449 0)
(4.29803 5.70416 0)
(7.5318 6.00839 0)
(5.61451 6.8796 0)
(6.78125 6.05191 0)
(7.89358 5.74119 0)
(6.89539 4.05324 0)
(9.21292 2.69668 0)
(7.91127 0.14798 0)
(10.0154 -1.62003 0)
(8.05663 -3.84688 0)
(10.6801 -5.37928 0)
(8.61624 -6.84409 0)
(10.6582 -7.09155 0)
(8.82562 -7.10722 0)
(9.65224 -4.93987 0)
(8.3999 -4.72731 0)
(8.54559 -3.09173 0)
(6.64117 -1.80367 0)
(5.00562 0.569282 0)
(4.65856 -1.36748 0)
(6.3009 -2.02761 0)
(7.72991 -2.99693 0)
(8.91134 -2.49266 0)
(9.569 -1.75294 0)
(10.2601 -0.576313 0)
(10.8805 0.585057 0)
(11.1806 1.66418 0)
(11.3421 2.82508 0)
(11.2758 3.57131 0)
(10.7731 3.75534 0)
(9.94788 3.67318 0)
(9.12932 3.79601 0)
(8.34724 3.74327 0)
(7.47365 3.37985 0)
(6.80822 3.10449 0)
(6.29369 2.86266 0)
(5.66637 3.45178 0)
(5.2241 3.54926 0)
(4.49181 4.13934 0)
(4.76909 3.52531 0)
(3.75777 3.86152 0)
(4.28254 2.5364 0)
(2.67002 2.56261 0)
(5.30325 0.655066 0)
(3.74991 0.886097 0)
(5.89386 -0.0071471 0)
(3.17704 0.833983 0)
(5.37438 0.344937 0)
(1.26701 2.74853 0)
(4.15854 0.314456 0)
(0.28755 -0.0180615 0)
(1.63476 -0.0232619 0)
(1.47894 -0.00202499 0)
(1.56396 0.00055338 0)
(1.58903 0.000979115 0)
(1.61104 0.000276934 0)
(1.6377 0.000151973 0)
(1.65041 0.000207945 0)
(1.66172 7.33274e-05 0)
(8.72308 0.463814 0)
(3.04693 0.189195 0)
(4.30362 -0.0899535 0)
(4.03234 -0.00577846 0)
(4.0986 -0.00812881 0)
(4.17128 -0.00617464 0)
(4.2337 -0.00647442 0)
(4.30441 -0.00482894 0)
(4.33998 -0.0026946 0)
(4.3754 -0.00138642 0)
(11.6947 0.774932 0)
(6.14052 0.386199 0)
(6.7219 -0.0865574 0)
(6.34887 -0.00134604 0)
(6.29892 -0.0107318 0)
(6.3646 -0.0165897 0)
(6.43632 -0.0175619 0)
(6.52806 -0.0131472 0)
(6.57376 -0.00803399 0)
(6.62669 -0.00422679 0)
(13.2985 0.892685 0)
(9.01299 0.593846 0)
(9.03974 -0.0322523 0)
(8.59053 0.0192902 0)
(8.39639 -0.00178172 0)
(8.41153 -0.0237953 0)
(8.46096 -0.0291662 0)
(8.54774 -0.022772 0)
(8.58736 -0.0148464 0)
(8.64487 -0.00805089 0)
(13.4073 0.735931 0)
(11.0416 0.711688 0)
(10.9589 0.0530298 0)
(10.5766 0.0537092 0)
(10.316 0.0191955 0)
(10.2932 -0.0230974 0)
(10.313 -0.0365433 0)
(10.3787 -0.0301387 0)
(10.4005 -0.0206479 0)
(10.4454 -0.0117749 0)
(12.5414 0.454206 0)
(11.9262 0.686861 0)
(12.0456 0.112813 0)
(11.9633 0.0767921 0)
(11.8304 0.0403806 0)
(11.8672 -0.0181325 0)
(11.9088 -0.0396016 0)
(11.9729 -0.0335182 0)
(11.9837 -0.0229381 0)
(12.0081 -0.0139254 0)
(11.6305 0.253451 0)
(11.8899 0.568259 0)
(12.1523 0.127613 0)
(12.404 0.0597648 0)
(12.5891 0.0307567 0)
(12.8629 -0.0275257 0)
(13.0546 -0.0483373 0)
(13.2005 -0.038007 0)
(13.2466 -0.0230574 0)
(13.2768 -0.0140384 0)
(11.4086 0.17873 0)
(11.6052 0.430619 0)
(11.7966 0.111554 0)
(12.1579 0.00687617 0)
(12.5502 -0.0256752 0)
(13.0972 -0.0728638 0)
(13.5022 -0.0829668 0)
(13.8387 -0.0592538 0)
(13.9877 -0.0325362 0)
(14.1143 -0.0173724 0)
(11.5312 0.155353 0)
(11.5381 0.345327 0)
(11.5512 0.110792 0)
(11.9168 -0.0412731 0)
(12.2963 -0.102899 0)
(12.9389 -0.144217 0)
(13.3913 -0.141219 0)
(13.8663 -0.0999 0)
(14.0699 -0.0583741 0)
(14.3398 -0.03044 0)
(11.6295 0.122129 0)
(11.647 0.286468 0)
(11.5813 0.116418 0)
(12.0032 -0.0822051 0)
(12.3118 -0.176841 0)
(12.8795 -0.212575 0)
(13.2073 -0.198441 0)
(13.6579 -0.1436 0)
(13.8152 -0.0910732 0)
(14.131 -0.0505285 0)
(11.7814 0.102256 0)
(11.8188 0.23416 0)
(11.8443 0.108562 0)
(12.4138 -0.120604 0)
(12.7024 -0.23491 0)
(13.1024 -0.258027 0)
(13.2175 -0.234011 0)
(13.5245 -0.172718 0)
(13.577 -0.116395 0)
(13.8554 -0.0693522 0)
(11.7461 0.111402 0)
(11.8633 0.186477 0)
(12.2391 0.0740147 0)
(12.9912 -0.168965 0)
(13.2989 -0.281676 0)
(13.5112 -0.282386 0)
(13.4331 -0.246995 0)
(13.5577 -0.184033 0)
(13.5 -0.130901 0)
(13.6968 -0.0842039 0)
(11.3098 0.138897 0)
(12.0661 0.0893194 0)
(12.9396 -0.0134347 0)
(13.6963 -0.231143 0)
(13.9247 -0.315409 0)
(13.8808 -0.286374 0)
(13.6913 -0.240832 0)
(13.6403 -0.179508 0)
(13.5435 -0.136007 0)
(13.6289 -0.0942395 0)
(11.5867 0.0283058 0)
(12.9281 -0.0749684 0)
(13.9615 -0.1237 0)
(14.3943 -0.274266 0)
(14.3511 -0.315241 0)
(13.9838 -0.26464 0)
(13.7333 -0.218524 0)
(13.4991 -0.163402 0)
(13.4152 -0.132387 0)
(13.3144 -0.0947523 0)
(12.7817 -0.170278 0)
(14.0365 -0.241046 0)
(14.6201 -0.199703 0)
(14.4508 -0.261213 0)
(14.0296 -0.266355 0)
(13.4707 -0.216855 0)
(13.1629 -0.180699 0)
(12.7997 -0.137286 0)
(12.6775 -0.1144 0)
(12.4168 -0.0815574 0)
(13.7862 -0.374058 0)
(14.0157 -0.30967 0)
(13.8077 -0.18604 0)
(13.2655 -0.19629 0)
(12.7467 -0.199164 0)
(12.1835 -0.163539 0)
(11.8463 -0.135423 0)
(11.4472 -0.101844 0)
(11.3005 -0.0846152 0)
(10.9888 -0.0604902 0)
(12.9169 -0.403944 0)
(12.2504 -0.236601 0)
(11.7946 -0.124396 0)
(11.2889 -0.133043 0)
(10.8115 -0.137355 0)
(10.2971 -0.109043 0)
(9.97173 -0.0878449 0)
(9.60168 -0.0656322 0)
(9.45906 -0.0548331 0)
(9.1621 -0.0397444 0)
(10.2767 -0.254097 0)
(9.64361 -0.145669 0)
(9.21608 -0.0779662 0)
(8.79938 -0.0785173 0)
(8.38817 -0.0777158 0)
(7.96191 -0.0588983 0)
(7.68269 -0.0463784 0)
(7.38458 -0.0349861 0)
(7.26417 -0.0294969 0)
(7.02293 -0.021732 0)
(7.02931 -0.151062 0)
(6.52846 -0.0743164 0)
(6.15334 -0.0357805 0)
(5.84648 -0.0323285 0)
(5.54108 -0.0303387 0)
(5.24473 -0.0212006 0)
(5.05249 -0.0163354 0)
(4.85509 -0.0128134 0)
(4.77218 -0.0108719 0)
(4.61127 -0.0083475 0)
(2.85896 -0.0718274 0)
(2.55586 -0.0116514 0)
(2.33306 -0.00104202 0)
(2.1963 -0.000770357 0)
(2.06889 -0.000271537 0)
(1.9555 0.000696343 0)
(1.88769 0.0004524 0)
(1.81845 -0.000119772 0)
(1.78602 -0.000123965 0)
(1.72656 -0.000402437 0)
)
;

boundaryField
{
    inlet
    {
        type            fixedValue;
        value           uniform (10 0 0);
    }
    outlet
    {
        type            zeroGradient;
    }
    walls
    {
        type            fixedValue;
        value           uniform (0 0 0);
    }
    frontAndBack
    {
        type            empty;
    }
}


// ************************************************************************* //
