/*--------------------------------*- C++ -*----------------------------------*\
| =========                 |                                                 |
| \\      /  F ield         | OpenFOAM: The Open Source CFD Toolbox           |
|  \\    /   O peration     | Version:  2.4.0                                 |
|   \\  /    A nd           | Web:      www.OpenFOAM.org                      |
|    \\/     M anipulation  |                                                 |
\*---------------------------------------------------------------------------*/
FoamFile
{
    version     2.0;
    format      ascii;
    class       volScalarField;
    location    "0.109";
    object      k_0;
}
// * * * * * * * * * * * * * * * * * * * * * * * * * * * * * * * * * * * * * //

dimensions      [0 2 -2 0 0 0 0];

internalField   nonuniform List<scalar> 
4400
(
9.53504
8.48635
6.54066
5.26419
4.66607
4.19733
3.99888
3.81532
3.54969
3.83728
4.40966
6.75375
6.76352
6.26967
5.74035
5.21196
4.94414
4.71744
4.53713
4.44351
1.17358
3.13782
4.2563
4.51534
4.48024
4.29169
4.11964
3.9377
3.93331
3.73417
0.164002
0.91478
1.74372
2.30389
2.67501
2.81412
2.86204
2.83118
2.91946
2.86014
0.0172798
0.146362
0.42485
0.750171
1.07045
1.34883
1.52858
1.62084
1.78374
1.88477
0.00147662
0.0165567
0.0530921
0.145512
0.23113
0.407913
0.509174
0.664309
0.751635
0.946039
0.000137083
0.00145228
0.00442444
0.015096
0.0276153
0.0649847
0.0919049
0.153819
0.191279
0.29694
3.956e-05
0.000195844
0.000373752
0.00109644
0.00195657
0.00550449
0.00861338
0.0164466
0.0236
0.0491972
3.35799e-05
0.000133794
0.000158644
0.000235443
0.000283627
0.0004991
0.000633591
0.00092404
0.00141223
0.00385508
3.31861e-05
0.000139574
0.000154366
0.000182401
0.000211592
0.000237902
0.000235161
0.000236055
0.00024849
0.000368789
3.3146e-05
0.000142305
0.000151217
0.000170793
0.00021982
0.000234188
0.000232776
0.000234858
0.00024044
0.000263018
3.4129e-05
0.000134056
0.00018561
0.000211538
0.000344987
0.000423245
0.000536708
0.000857501
0.00133009
0.00312931
4.05114e-05
0.00027518
0.000469973
0.000831783
0.00251991
0.00476403
0.00741511
0.0152273
0.0232223
0.0494238
0.000136073
0.00159854
0.00481787
0.0112784
0.032136
0.0628192
0.0879282
0.150854
0.192904
0.311173
0.00145772
0.0176379
0.0587224
0.119219
0.266285
0.394087
0.498507
0.676096
0.760288
0.955466
0.0171821
0.154734
0.429073
0.712967
1.1185
1.32611
1.50913
1.66928
1.74111
1.88712
0.163184
0.951172
1.71222
2.29614
2.70117
2.78333
2.86472
2.85455
2.85831
2.87664
1.16717
3.1746
4.20988
4.53585
4.48076
4.26075
4.15023
3.92679
3.87809
3.78538
4.40656
6.77994
6.72799
6.31143
5.69105
5.20239
4.99162
4.63927
4.57383
4.33831
9.53388
8.51171
6.49035
5.31595
4.61983
4.2015
4.02729
3.73401
3.6671
3.32342
2.13972
1.01599
0.840644
0.817657
0.854556
0.871962
0.894193
0.926901
0.915758
0.940873
1.0347
1.35815
0.922378
0.878042
0.549866
0.533735
0.455744
0.423616
0.382443
0.3291
0.328044
0.362054
0.473976
0.504081
0.482185
0.398111
0.198362
0.0912194
0.0507854
0.0352546
0.0308565
0.0303374
0.0308114
0.0335317
0.045455
0.0797446
0.161407
0.217102
0.222706
0.215908
0.193555
0.141448
0.121461
0.151099
0.210072
0.224362
0.203597
0.150588
0.128551
0.116205
0.111182
0.110006
0.111914
0.120712
0.134318
0.137731
0.143396
0.154023
0.158873
0.151881
0.151732
0.165196
0.168121
0.150192
0.276611
0.451542
0.466531
0.429691
0.333015
0.234328
0.180197
0.172113
0.180403
0.194816
0.20096
0.203815
0.199985
0.177877
0.117735
0.0758124
0.0604759
0.0428936
0.0464543
0.0429818
0.0517798
0.0487032
0.0556232
0.0539117
0.0606656
0.0602001
0.0791087
0.0788826
0.111149
0.106472
0.162642
0.149473
0.206864
0.114609
0.145152
0.378683
3.40128
2.33958
1.7768
1.48573
1.41789
1.30569
1.16803
1.14517
1.03238
1.04309
1.01037
1.3152
1.31579
1.13532
0.730858
0.673472
0.541097
0.469518
0.401224
0.383769
0.405261
0.507032
0.543609
0.524238
0.438842
0.222137
0.100022
0.0528925
0.0369626
0.0317059
0.0317984
0.0338462
0.0377719
0.0476381
0.0788112
0.1691
0.258229
0.284276
0.282526
0.268095
0.242034
0.18149
0.132151
0.138565
0.183733
0.21361
0.207074
0.163409
0.135002
0.119544
0.115187
0.115459
0.120982
0.136579
0.142097
0.144348
0.149062
0.1637
0.169428
0.161483
0.167275
0.191625
0.185719
0.156992
0.302723
0.419649
0.398304
0.354195
0.282811
0.212353
0.16435
0.155462
0.160111
0.178067
0.188168
0.196188
0.193096
0.176737
0.122844
0.0765212
0.0662234
0.0455074
0.0496562
0.0451632
0.0481121
0.0455195
0.0434744
0.0408898
0.0427766
0.0438039
0.0574862
0.0641116
0.0943166
0.0980732
0.159263
0.153606
0.318964
0.231364
0.271155
0.352893
3.05733
2.46867
2.11233
1.72744
1.528
1.43032
1.21359
1.17813
1.05187
1.0228
0.975702
1.03914
1.30888
1.26681
1.1178
0.891821
0.653373
0.530505
0.50885
0.52557
0.591699
0.595185
0.570021
0.483389
0.249979
0.108311
0.0539982
0.0376738
0.0331268
0.0332901
0.0380239
0.0471095
0.0566677
0.0795339
0.151402
0.288186
0.342303
0.342647
0.316839
0.28
0.258357
0.21911
0.148471
0.13836
0.158835
0.203443
0.204332
0.186785
0.149286
0.128994
0.129169
0.131722
0.142389
0.149815
0.149624
0.150177
0.15473
0.175831
0.179899
0.173497
0.192134
0.204793
0.188679
0.172047
0.310945
0.376691
0.337225
0.260102
0.204581
0.1718
0.141002
0.137412
0.142068
0.161875
0.175485
0.18895
0.186342
0.175099
0.129093
0.0782781
0.0702138
0.0495431
0.0505206
0.0469448
0.0449941
0.0394075
0.0355058
0.034231
0.0341661
0.0353241
0.0383654
0.0497978
0.0568964
0.0716316
0.0803476
0.104051
0.185658
0.239897
0.324064
0.352755
2.46943
2.10306
1.8698
1.5907
1.27507
1.1775
1.03524
1.0028
0.963282
0.88927
0.840036
0.828199
1.00328
1.13625
1.13748
1.07216
0.885206
0.740933
0.705054
0.69538
0.674456
0.61893
0.500658
0.255234
0.112673
0.0541101
0.0366911
0.0338091
0.0348955
0.0409614
0.0604141
0.0758476
0.092816
0.136936
0.278883
0.393251
0.411108
0.381309
0.315466
0.272555
0.252778
0.232375
0.171611
0.140616
0.146151
0.185677
0.199448
0.195002
0.179024
0.155219
0.152043
0.153609
0.159651
0.158292
0.154234
0.155007
0.16326
0.190181
0.189586
0.184809
0.203791
0.208847
0.184677
0.19675
0.333604
0.373388
0.333174
0.238187
0.161299
0.13394
0.116623
0.117772
0.124554
0.147958
0.163643
0.183177
0.18089
0.172678
0.13941
0.0823095
0.0738871
0.0539769
0.0518158
0.0470716
0.0421561
0.0359665
0.0332358
0.032565
0.0318382
0.0329275
0.0357191
0.0459903
0.0512053
0.0598664
0.0694536
0.0768538
0.0978949
0.183114
0.215636
0.310533
1.73069
1.57366
1.38856
1.21502
0.944642
0.75979
0.652528
0.620072
0.62751
0.648931
0.659552
0.628152
0.662546
0.762602
0.975032
0.99011
0.928115
0.841458
0.745479
0.693408
0.622424
0.466704
0.242449
0.110627
0.0526332
0.0340534
0.0329218
0.0367205
0.0462415
0.0705162
0.107551
0.124778
0.152105
0.240897
0.439158
0.487306
0.452501
0.370448
0.285065
0.244592
0.235775
0.226551
0.192315
0.146252
0.141832
0.159072
0.191668
0.193559
0.190454
0.179016
0.168832
0.169444
0.169575
0.16266
0.158757
0.162004
0.183509
0.207221
0.201896
0.196427
0.208374
0.205062
0.172072
0.193738
0.345435
0.384349
0.347393
0.233238
0.150845
0.115593
0.100093
0.102224
0.109975
0.136882
0.151901
0.177379
0.175141
0.170075
0.146114
0.0908425
0.0807942
0.057694
0.0541157
0.0467888
0.0429169
0.0356423
0.0344465
0.032228
0.0325427
0.033079
0.0374036
0.0435443
0.0582759
0.0640786
0.0799087
0.0801741
0.0808066
0.136371
0.159184
0.239136
0.90939
0.897981
0.856161
0.773196
0.574469
0.373907
0.279754
0.252649
0.261515
0.308714
0.377286
0.400947
0.422157
0.457898
0.552393
0.687365
0.719691
0.694389
0.610723
0.51723
0.376489
0.2012
0.0951763
0.0462501
0.0300621
0.0297774
0.037124
0.0591885
0.0846292
0.141296
0.179346
0.198963
0.239511
0.420498
0.551501
0.535305
0.442068
0.313792
0.243081
0.214872
0.206153
0.210341
0.200038
0.1595
0.142777
0.146898
0.176231
0.189798
0.190348
0.188602
0.180032
0.179078
0.174724
0.164635
0.164821
0.17632
0.213471
0.222394
0.217073
0.202792
0.21136
0.204411
0.167402
0.223508
0.355335
0.416314
0.369822
0.231659
0.146602
0.107295
0.0909313
0.0924064
0.0992493
0.127521
0.142044
0.17128
0.169203
0.169838
0.151335
0.100822
0.086988
0.0611497
0.0565833
0.0470142
0.0446056
0.0371914
0.037172
0.0346371
0.036664
0.035783
0.0395621
0.0443774
0.0604136
0.0663833
0.0748802
0.0770428
0.0802043
0.107988
0.132145
0.219864
0.320962
0.353032
0.345802
0.317201
0.221192
0.120718
0.0817299
0.0679806
0.0713221
0.100103
0.150362
0.182079
0.198942
0.221197
0.251399
0.303602
0.347577
0.340723
0.301879
0.211323
0.129489
0.067665
0.0353887
0.0247766
0.0256324
0.033604
0.0721025
0.119807
0.17079
0.249226
0.278217
0.295461
0.348727
0.575046
0.605894
0.550919
0.375377
0.260761
0.219755
0.201842
0.186902
0.190486
0.192292
0.174168
0.146408
0.143331
0.153901
0.180003
0.187589
0.189022
0.183721
0.18193
0.172166
0.168844
0.173723
0.210434
0.241091
0.240312
0.237513
0.208591
0.210928
0.192223
0.160434
0.260772
0.356944
0.476991
0.364998
0.209533
0.143865
0.102378
0.0865239
0.0877978
0.0935879
0.1212
0.136523
0.170001
0.167244
0.169555
0.153877
0.106571
0.093227
0.064319
0.0598188
0.0482087
0.046987
0.0411707
0.0423607
0.0400159
0.0426601
0.0415244
0.0471652
0.0483949
0.062469
0.067154
0.0780573
0.077735
0.0818943
0.0998781
0.105883
0.183492
0.0716672
0.0878045
0.0844604
0.0734699
0.0453254
0.0230437
0.0149519
0.0120225
0.01327
0.0275694
0.0500058
0.0698275
0.0746501
0.0797426
0.0897777
0.0961612
0.111944
0.108858
0.0929702
0.0610245
0.0374808
0.0213878
0.0184115
0.0209262
0.0325879
0.0693772
0.164737
0.236734
0.314021
0.389119
0.397713
0.406486
0.4785
0.666885
0.640198
0.503721
0.315709
0.243434
0.216196
0.199234
0.184513
0.178379
0.183507
0.176196
0.153411
0.14427
0.146668
0.162438
0.174209
0.183331
0.178585
0.173671
0.170983
0.176618
0.197459
0.258793
0.268862
0.260209
0.254248
0.212203
0.199224
0.162535
0.153876
0.265232
0.424758
0.494302
0.263973
0.168322
0.145004
0.0988773
0.0850687
0.0848664
0.090265
0.116168
0.131211
0.170779
0.168086
0.167536
0.154774
0.11186
0.100747
0.0708488
0.0658998
0.0508219
0.0502608
0.0455619
0.0471859
0.0451162
0.0481132
0.0467058
0.0560303
0.0563634
0.0739145
0.0745403
0.0874861
0.0839752
0.0897613
0.102095
0.107231
0.135157
0.00800507
0.0123498
0.0113644
0.00816756
0.00464764
0.00265461
0.00197037
0.00182914
0.00216674
0.00678762
0.0114739
0.0182597
0.0191095
0.0189969
0.0203352
0.020397
0.0213988
0.0203865
0.0179337
0.0136923
0.0107989
0.0114971
0.0159609
0.0329294
0.0795672
0.193069
0.324546
0.414146
0.504074
0.546942
0.522732
0.517635
0.613412
0.710052
0.652143
0.44889
0.290074
0.242589
0.224704
0.197821
0.192228
0.176241
0.185698
0.17956
0.163181
0.149282
0.147686
0.157939
0.162765
0.175837
0.174387
0.175074
0.1796
0.202803
0.25676
0.297795
0.294861
0.274033
0.261817
0.210344
0.171721
0.136496
0.158451
0.263962
0.488484
0.452669
0.206493
0.159068
0.161412
0.108018
0.0853414
0.0844071
0.0902389
0.114435
0.128591
0.175005
0.173129
0.162521
0.15631
0.118405
0.109127
0.07818
0.072525
0.055386
0.0559516
0.0508994
0.0536314
0.0507344
0.0555406
0.0530241
0.067586
0.0671789
0.0904534
0.0881833
0.10856
0.100557
0.122738
0.118067
0.120907
0.132234
0.000612283
0.00110012
0.000980563
0.000718443
0.000699074
0.00088548
0.000966832
0.0010163
0.00103211
0.00154355
0.00204792
0.00333391
0.00334471
0.00303309
0.00319909
0.00325753
0.00317655
0.0034542
0.00415254
0.00506662
0.00730153
0.0147848
0.038743
0.0972554
0.22552
0.404598
0.544583
0.644138
0.690338
0.664795
0.589096
0.59705
0.712424
0.731214
0.627299
0.41936
0.280494
0.251919
0.225223
0.198695
0.201207
0.18098
0.193793
0.1887
0.17201
0.16535
0.153235
0.160827
0.163695
0.175887
0.177693
0.184815
0.203386
0.264836
0.310102
0.332027
0.316377
0.289954
0.264378
0.189368
0.141483
0.129136
0.164015
0.273119
0.495728
0.384155
0.204977
0.172996
0.186964
0.117765
0.0887304
0.0842824
0.0909921
0.114927
0.128983
0.17834
0.189235
0.163401
0.160631
0.125015
0.117027
0.0859416
0.0804005
0.0623034
0.0633478
0.0576578
0.0616614
0.0577437
0.0659115
0.0624784
0.0879574
0.0867881
0.123386
0.11466
0.142218
0.129665
0.143457
0.140212
0.13604
0.139086
0.00033058
0.000372212
0.000434687
0.000645061
0.00104232
0.00263158
0.00320163
0.00305596
0.00278333
0.00212436
0.00193391
0.00189643
0.00211065
0.00249683
0.00268259
0.00272875
0.00281001
0.0032944
0.00483362
0.00927239
0.0216242
0.0535805
0.12875
0.275112
0.477797
0.674525
0.779776
0.797961
0.771724
0.690616
0.604607
0.633781
0.744474
0.715917
0.605661
0.411941
0.278429
0.250304
0.208939
0.203902
0.20588
0.189255
0.202753
0.199917
0.181086
0.180218
0.167052
0.171401
0.172003
0.181204
0.189567
0.2089
0.257919
0.337802
0.354388
0.362995
0.327339
0.299003
0.239999
0.161935
0.125959
0.127691
0.155296
0.308023
0.42964
0.37142
0.278261
0.213664
0.191313
0.113698
0.107708
0.0850094
0.0929392
0.117304
0.13317
0.175194
0.209891
0.168556
0.165471
0.129381
0.122404
0.0943404
0.0893637
0.0703233
0.0712292
0.0654796
0.0719355
0.0671046
0.0811218
0.07809
0.126535
0.127631
0.189177
0.172474
0.204023
0.183675
0.191039
0.1859
0.176989
0.15765
0.00489561
0.00459483
0.00488669
0.00739865
0.00954148
0.016481
0.0197614
0.0190288
0.0182963
0.0155141
0.0136651
0.0137589
0.0145788
0.0151309
0.0150913
0.0146173
0.0152756
0.0184726
0.0271242
0.0462869
0.0877203
0.177483
0.34262
0.561935
0.788791
0.875642
0.879834
0.849367
0.781794
0.640814
0.590312
0.646239
0.720974
0.649622
0.606989
0.431914
0.286603
0.244393
0.205945
0.231343
0.218916
0.19979
0.205327
0.219255
0.201953
0.206662
0.197515
0.195262
0.195382
0.202093
0.221385
0.261838
0.339727
0.384706
0.390853
0.385288
0.322964
0.285628
0.203926
0.15018
0.122498
0.132363
0.160003
0.326505
0.359589
0.417051
0.352799
0.224367
0.154606
0.101373
0.167195
0.0863944
0.100984
0.122199
0.161095
0.171999
0.212675
0.169871
0.167791
0.133835
0.128982
0.104407
0.0988126
0.0775984
0.0812142
0.0753016
0.0875118
0.0809059
0.103499
0.105902
0.207421
0.22669
0.325761
0.308787
0.322487
0.307194
0.280891
0.252458
0.223679
0.189966
0.060153
0.0576193
0.0582679
0.06876
0.075315
0.0928206
0.100036
0.0958809
0.0931981
0.0852489
0.080117
0.0816501
0.0804858
0.0785704
0.074913
0.0743357
0.0773053
0.0887474
0.119455
0.167245
0.26236
0.423559
0.680792
0.861174
0.937192
0.937875
0.910444
0.839077
0.696644
0.569344
0.556899
0.634995
0.646582
0.594061
0.652527
0.495481
0.312841
0.254597
0.226412
0.272761
0.242702
0.227571
0.214763
0.247868
0.224632
0.239017
0.233897
0.232675
0.24781
0.257921
0.290087
0.332664
0.408268
0.41781
0.414133
0.391889
0.296303
0.254915
0.173698
0.143526
0.119679
0.131119
0.155741
0.309802
0.346535
0.517879
0.359863
0.202365
0.143559
0.140052
0.202525
0.0927252
0.144501
0.131658
0.234141
0.176377
0.216148
0.171124
0.174469
0.140589
0.140852
0.114963
0.111673
0.0906188
0.0997696
0.0911673
0.111295
0.106893
0.14838
0.248366
0.384019
0.496133
0.48468
0.48133
0.436328
0.393223
0.333146
0.280755
0.243798
0.20627
0.313436
0.297925
0.293198
0.309185
0.314398
0.326788
0.327319
0.308572
0.294786
0.271491
0.257828
0.256975
0.252219
0.238534
0.229897
0.229726
0.236323
0.259589
0.315926
0.392481
0.543412
0.800695
0.932718
0.979551
0.975981
0.952168
0.874947
0.718894
0.576599
0.512626
0.525424
0.603559
0.548498
0.550079
0.719803
0.619872
0.374447
0.295979
0.273717
0.279255
0.25358
0.277224
0.242386
0.274537
0.257676
0.272358
0.287808
0.287656
0.304355
0.307172
0.364859
0.402475
0.4451
0.433876
0.421627
0.359854
0.258553
0.223761
0.150724
0.129093
0.111719
0.118823
0.137095
0.278533
0.352209
0.547254
0.339785
0.209819
0.166828
0.169626
0.181108
0.115316
0.225905
0.144952
0.269253
0.184179
0.237302
0.176585
0.202441
0.155632
0.167994
0.135062
0.139446
0.115574
0.123453
0.122279
0.1428
0.255942
0.307056
0.537049
0.530066
0.559038
0.53473
0.494401
0.452834
0.393172
0.361926
0.302521
0.270925
0.228984
0.914115
0.84129
0.775068
0.77003
0.74325
0.725786
0.696747
0.61638
0.58639
0.548879
0.523263
0.518815
0.507909
0.479201
0.462323
0.459949
0.468121
0.500195
0.562336
0.695086
0.88604
0.996025
1.01489
1.00469
0.973972
0.883668
0.690774
0.542093
0.475505
0.467189
0.496466
0.527909
0.455965
0.500106
0.76198
0.826547
0.470099
0.331639
0.298117
0.286427
0.284766
0.330885
0.26793
0.315664
0.296619
0.303962
0.330775
0.324279
0.346103
0.366135
0.452041
0.448016
0.457711
0.42378
0.389748
0.268828
0.222851
0.180091
0.127112
0.101713
0.0967098
0.0985098
0.116934
0.245949
0.370988
0.556603
0.359474
0.309133
0.194804
0.173702
0.161155
0.159559
0.243613
0.163895
0.326751
0.202186
0.298668
0.198037
0.229073
0.187613
0.19026
0.161319
0.152041
0.154004
0.156432
0.189567
0.198204
0.288954
0.351325
0.417319
0.574009
0.589523
0.680936
0.620364
0.617827
0.553822
0.530491
0.443806
0.38858
0.305052
1.73054
1.52712
1.37672
1.30718
1.18255
1.10754
1.01376
0.911475
0.877124
0.831824
0.797185
0.784152
0.751179
0.702503
0.689096
0.68972
0.703454
0.747825
0.863584
0.973365
1.04012
1.04784
1.02522
0.960717
0.845346
0.616193
0.43148
0.379575
0.387821
0.408525
0.440504
0.423259
0.392407
0.442692
0.760745
1.08994
0.690732
0.404157
0.343633
0.338757
0.340238
0.363466
0.311954
0.387121
0.339704
0.352434
0.392131
0.382799
0.432488
0.445205
0.470692
0.445741
0.41584
0.325077
0.290851
0.193162
0.188172
0.137149
0.0998778
0.0945799
0.0945787
0.0924882
0.107107
0.215672
0.36335
0.574247
0.453106
0.420673
0.230485
0.191302
0.204901
0.186011
0.235782
0.193685
0.355978
0.224419
0.265196
0.210983
0.205354
0.208973
0.191224
0.190562
0.182413
0.197846
0.192168
0.199559
0.217039
0.260295
0.470364
0.609059
1.08491
1.1344
1.16786
1.06206
1.00496
0.844127
0.71968
0.569442
0.465074
0.354603
2.53541
2.14862
1.88433
1.67081
1.48478
1.35921
1.23207
1.15165
1.11066
1.05278
1.02375
0.995387
0.938203
0.910446
0.909977
0.916435
0.942471
1.02082
1.06532
1.07176
1.06423
1.01877
0.890689
0.749069
0.522877
0.307964
0.249525
0.257972
0.289012
0.313208
0.338427
0.359124
0.363001
0.385282
0.685388
1.20148
1.17267
0.626737
0.424924
0.389401
0.396925
0.41427
0.401041
0.465654
0.454757
0.440277
0.495875
0.45693
0.478768
0.460093
0.428989
0.334648
0.257206
0.200414
0.161691
0.121153
0.114213
0.0985381
0.0953849
0.101188
0.0976976
0.0929003
0.102247
0.173961
0.312998
0.585027
0.568067
0.514262
0.3006
0.265245
0.267264
0.207319
0.256599
0.256468
0.282492
0.237648
0.261401
0.246756
0.2601
0.25848
0.237412
0.228886
0.229746
0.228241
0.239287
0.269625
0.405705
0.627753
1.34067
1.60604
1.59601
1.52394
1.30191
1.12467
0.979533
0.808297
0.683432
0.550843
0.461685
0.320405
3.1197
2.48894
2.10221
1.81049
1.62387
1.49377
1.39424
1.34176
1.29565
1.25292
1.22741
1.18901
1.15076
1.13902
1.1381
1.13977
1.14483
1.14086
1.11099
1.04076
0.926748
0.771081
0.607191
0.391513
0.231752
0.170489
0.180167
0.205179
0.230267
0.274146
0.33476
0.383681
0.379474
0.347502
0.501451
1.18248
1.56897
1.26525
0.696892
0.484525
0.418624
0.427048
0.436161
0.481347
0.498942
0.471056
0.506034
0.451311
0.427758
0.361444
0.228259
0.191296
0.151644
0.138752
0.114637
0.111818
0.103374
0.108752
0.12524
0.131675
0.132028
0.115839
0.121171
0.154033
0.262064
0.561891
0.6385
0.661956
0.44628
0.392323
0.377863
0.290128
0.366439
0.316654
0.382246
0.292778
0.377029
0.35275
0.367426
0.338769
0.336722
0.341535
0.376235
0.45765
0.646169
1.03703
1.71179
2.1796
2.12988
1.99559
1.48626
1.24873
0.96663
0.873053
0.743996
0.596296
0.534591
0.441804
0.411432
0.334232
3.24032
2.48355
2.0805
1.83506
1.70921
1.61891
1.56048
1.52701
1.47962
1.44579
1.41689
1.37721
1.34989
1.32597
1.28875
1.24429
1.18405
1.08308
0.948264
0.788692
0.602746
0.415206
0.259056
0.162505
0.121937
0.132203
0.165575
0.204111
0.24277
0.306563
0.392974
0.45039
0.43738
0.439633
0.475034
0.829266
1.63434
1.88237
1.93898
1.36274
0.827212
0.507976
0.4265
0.4172
0.429815
0.401316
0.383101
0.36126
0.227402
0.199114
0.140865
0.15414
0.134687
0.150157
0.146552
0.17554
0.172158
0.222257
0.262603
0.299953
0.291682
0.258842
0.265727
0.325502
0.413618
0.600718
0.640261
0.741192
0.763399
0.502485
0.678184
0.411689
0.457652
0.47311
0.494329
0.507965
0.631065
0.699226
0.865188
1.11958
1.27557
1.7009
1.9448
2.77503
2.93096
3.34998
3.04057
2.89038
1.98371
1.65413
1.07513
1.02107
0.85424
0.832628
0.764535
0.761696
0.769138
0.808419
0.93436
1.05329
2.24757
1.84991
1.67238
1.56382
1.48932
1.41286
1.34071
1.27173
1.20401
1.15533
1.12296
1.10195
1.09802
1.09819
1.08394
1.04155
0.953948
0.80505
0.608089
0.399962
0.225603
0.12118
0.0798239
0.072325
0.0861654
0.128119
0.207332
0.310412
0.366665
0.371892
0.383901
0.516292
0.892591
1.25349
1.3189
1.1275
0.785805
1.44956
2.96754
3.87711
4.12784
3.36207
2.2004
1.34864
0.732756
0.339452
0.277701
0.20635
0.175225
0.329135
0.287533
0.34134
0.255002
0.24726
0.176826
0.203005
0.190142
0.288848
0.256053
0.398537
0.388452
0.704068
0.830211
1.43663
1.3103
1.12265
0.640537
0.748982
1.20228
0.778632
1.77932
0.46707
0.793945
0.579101
0.693657
0.972046
1.67836
2.76793
3.04178
4.28553
4.13491
5.24421
4.74392
5.52933
4.30668
4.41456
2.81308
2.7951
1.56246
1.72361
1.02756
1.33748
1.05795
1.44526
1.4612
1.99744
2.17974
3.05227
3.36118
4.2653
0.0337099
0.149666
0.268608
0.599185
0.864165
1.41034
1.81142
1.89888
1.85374
1.69264
1.37811
1.08338
0.764713
0.41824
0.357688
0.430687
0.61909
0.738202
0.64661
0.547134
1.56567
2.81367
3.60768
3.80289
3.73743
3.65187
3.57166
3.29078
2.85045
2.52135
1.96186
1.50955
0.736807
0.560182
0.378502
0.34921
0.457998
0.720029
1.26737
2.0121
2.76201
3.00293
2.95078
2.67565
2.18284
1.37256
0.754675
0.597821
0.739283
1.0344
1.06421
1.07728
0.965676
0.563347
0.395381
0.273005
0.226303
0.23992
0.279553
0.301634
0.310711
0.305223
0.311601
0.334086
0.390733
0.466189
0.577113
0.689894
0.802025
0.867517
0.895037
0.862702
0.779348
0.643264
0.499164
0.361478
0.250229
0.165332
0.112287
0.0876228
0.0852769
0.0998261
0.125883
0.157662
0.18757
0.20635
0.212601
0.201097
0.174752
0.146708
0.129204
0.113743
0.08985
0.0569505
0.0400262
0.043019
0.177422
0.319702
0.230144
0.107512
0.0850769
0.169596
0.144729
0.155674
0.168631
0.207331
0.306916
0.501444
0.63293
0.749864
0.769571
0.734675
0.669077
0.526296
0.352357
0.269504
0.281246
0.40149
1.42733
2.48018
2.2059
2.17732
1.50647
1.06463
0.884846
0.793763
0.704139
0.515292
0.466922
0.459439
0.335571
0.327086
0.292689
0.290103
0.314508
0.299051
0.29258
0.310606
0.370403
0.466471
0.661433
1.06207
1.16806
1.05061
0.817445
0.737479
0.614911
0.560043
0.49271
0.489895
0.286512
0.318313
0.212043
0.22345
0.245484
0.26567
0.278368
0.28963
0.31485
0.315837
0.287465
0.258874
0.253552
0.256981
0.279432
0.317517
0.389095
0.49147
0.611722
0.668517
0.64925
0.517218
0.362912
0.249928
0.178
0.132703
0.10844
0.0969265
0.0941418
0.0962528
0.101632
0.106246
0.108886
0.105202
0.0934326
0.0757847
0.0562328
0.0396884
0.0310506
0.0281691
0.0279935
0.0328014
0.0406323
0.0483403
0.0532196
0.0747352
0.132778
0.140139
0.0956184
0.119422
0.1501
0.128618
0.0951619
0.10474
0.114368
0.116499
0.122298
0.136594
0.151117
0.190381
0.256932
0.289651
0.328845
0.317767
0.219174
0.176384
0.261072
1.14602
2.34117
2.0928
1.06754
0.568363
0.319076
0.238034
0.223655
0.222652
0.233613
0.235904
0.246315
0.249389
0.280937
0.28867
0.299333
0.309864
0.314234
0.285393
0.253631
0.242624
0.247036
0.260321
0.291325
0.316252
0.335408
0.393488
0.598683
0.654559
0.52853
0.376442
0.258434
0.236021
0.16361
0.19305
0.168928
0.199997
0.223431
0.241067
0.260118
0.217625
0.178167
0.174789
0.181005
0.171834
0.158227
0.154789
0.157355
0.170452
0.198547
0.229132
0.262094
0.320798
0.374747
0.377061
0.310275
0.191173
0.129743
0.105359
0.0985445
0.0980783
0.101605
0.108689
0.114672
0.118522
0.123243
0.128763
0.131651
0.130519
0.123214
0.104666
0.0769466
0.0491813
0.0389886
0.0369021
0.0411144
0.0501567
0.0581113
0.078605
0.0951969
0.0746859
0.0691936
0.104015
0.161014
0.11174
0.0795217
0.0953809
0.118287
0.124975
0.137795
0.163226
0.155652
0.133298
0.128434
0.132549
0.152495
0.159965
0.126889
0.171552
0.678584
1.85313
2.0316
0.895352
0.383034
0.250961
0.218108
0.218402
0.236594
0.256397
0.264129
0.266956
0.290385
0.291669
0.290899
0.317315
0.311923
0.335377
0.313935
0.304043
0.277771
0.256177
0.231243
0.216917
0.217762
0.239254
0.273437
0.38852
0.603291
0.580756
0.364368
0.247831
0.182571
0.168441
0.146522
0.162722
0.146652
0.142227
0.167708
0.181865
0.254653
0.253054
0.178764
0.125133
0.116047
0.119631
0.126614
0.130418
0.133361
0.140172
0.157793
0.192494
0.224333
0.229666
0.239329
0.283452
0.285156
0.223513
0.135762
0.100312
0.0917532
0.0919561
0.0948285
0.0998052
0.103415
0.105648
0.108172
0.112081
0.118492
0.126164
0.140351
0.153647
0.154095
0.133694
0.0934639
0.0697233
0.0624923
0.0602053
0.0579523
0.0682983
0.071453
0.0557454
0.0563225
0.102236
0.153514
0.0820954
0.0711049
0.0911293
0.106932
0.123744
0.147062
0.210459
0.202746
0.175947
0.135039
0.108504
0.111737
0.110847
0.113176
0.313496
1.24841
1.79645
1.19636
0.376538
0.213745
0.184703
0.180844
0.202818
0.220502
0.25266
0.262569
0.261623
0.286637
0.304852
0.287854
0.306346
0.294701
0.32671
0.303014
0.282857
0.27114
0.259837
0.245598
0.217832
0.206618
0.214297
0.251757
0.408752
0.58617
0.492966
0.237318
0.174967
0.147128
0.140648
0.135766
0.145359
0.146887
0.131768
0.147396
0.141554
0.175779
0.245945
0.23721
0.153538
0.118203
0.116699
0.121153
0.122298
0.124226
0.130294
0.146162
0.172901
0.206844
0.227809
0.226049
0.234687
0.256536
0.240307
0.156129
0.100038
0.0793514
0.0749284
0.0716001
0.070255
0.0670978
0.064306
0.0601142
0.0575038
0.0589553
0.0662555
0.0813119
0.109739
0.137004
0.162303
0.169808
0.141615
0.111696
0.0989187
0.0731615
0.0607895
0.0583665
0.0433159
0.0454396
0.102757
0.119882
0.0726672
0.0687827
0.0873458
0.0948454
0.118779
0.15133
0.252512
0.24746
0.220848
0.162189
0.11587
0.106956
0.100308
0.132918
0.606446
1.4483
1.55195
0.570355
0.212382
0.170089
0.170528
0.173443
0.198558
0.226996
0.25286
0.263866
0.26449
0.293495
0.299467
0.294024
0.286794
0.288765
0.30928
0.305393
0.278833
0.236886
0.223634
0.233184
0.239097
0.223885
0.216866
0.250791
0.423639
0.535728
0.381384
0.178641
0.137472
0.132732
0.128249
0.133638
0.146154
0.158522
0.143505
0.173566
0.14193
0.158522
0.182939
0.240984
0.208914
0.151085
0.137226
0.134107
0.126488
0.119659
0.120777
0.132648
0.165428
0.202392
0.230525
0.236496
0.231014
0.238606
0.239573
0.189368
0.111831
0.0741365
0.0605558
0.0530811
0.0493131
0.0445521
0.0404477
0.0358985
0.0320433
0.0290001
0.0283335
0.0300218
0.0368427
0.0546264
0.0961189
0.143894
0.172223
0.168174
0.157373
0.12689
0.0688499
0.0546435
0.0378975
0.0418666
0.106401
0.109455
0.0710099
0.0708954
0.0907442
0.101665
0.13455
0.195319
0.286061
0.301548
0.280294
0.223235
0.146507
0.110881
0.102486
0.190268
0.935078
1.42455
1.03448
0.30302
0.167638
0.159841
0.170727
0.184168
0.202762
0.245887
0.260582
0.270944
0.280921
0.289077
0.288763
0.261219
0.26133
0.287032
0.298941
0.297883
0.28177
0.228785
0.191537
0.196266
0.237206
0.24622
0.237408
0.265387
0.419414
0.448127
0.2724
0.157482
0.12916
0.131736
0.124391
0.133043
0.151017
0.156578
0.164051
0.203919
0.167449
0.165025
0.173205
0.200761
0.220337
0.173706
0.141259
0.136521
0.133483
0.131021
0.124545
0.124371
0.140881
0.194459
0.232615
0.247102
0.241416
0.237438
0.23823
0.218647
0.136691
0.0813269
0.0571888
0.0461504
0.040817
0.0368801
0.0337329
0.0308668
0.0285002
0.0266504
0.0257094
0.0242324
0.0225056
0.0238378
0.0316765
0.0541363
0.114055
0.152584
0.180988
0.187353
0.116778
0.0574462
0.0360769
0.0418477
0.111106
0.1053
0.0749342
0.0846851
0.117122
0.143091
0.198452
0.278873
0.291611
0.320159
0.307713
0.271233
0.198089
0.122098
0.113435
0.314498
1.13011
1.31757
0.594162
0.206555
0.160002
0.16503
0.167113
0.185591
0.196509
0.243031
0.251507
0.263778
0.28861
0.267329
0.267758
0.249089
0.254342
0.285018
0.299354
0.293158
0.270857
0.222514
0.175114
0.167207
0.210983
0.255698
0.26496
0.280686
0.377999
0.362884
0.191173
0.135665
0.12076
0.130879
0.123749
0.13474
0.146997
0.138235
0.165695
0.197465
0.180973
0.191624
0.185248
0.184022
0.218572
0.202849
0.146282
0.12815
0.127305
0.128589
0.129277
0.1223
0.124199
0.161525
0.224175
0.249436
0.251408
0.240368
0.237771
0.229024
0.175106
0.0987567
0.0618258
0.0458671
0.0394976
0.0356078
0.0333304
0.031421
0.0305996
0.0312225
0.0316459
0.0315223
0.0295991
0.024953
0.0220516
0.0244179
0.0368263
0.075593
0.138412
0.19227
0.189462
0.0747069
0.0398941
0.0540576
0.116311
0.104341
0.0867994
0.109773
0.135107
0.168523
0.238847
0.292011
0.271972
0.315104
0.312734
0.287486
0.223267
0.141291
0.13858
0.506102
1.15456
1.0591
0.369054
0.176734
0.159817
0.169131
0.168829
0.183527
0.186177
0.231572
0.250504
0.252479
0.302099
0.268923
0.268142
0.252863
0.267178
0.294659
0.302362
0.289874
0.241723
0.19544
0.160047
0.148231
0.175315
0.250185
0.285612
0.293785
0.332664
0.293543
0.154337
0.129585
0.116411
0.131861
0.121463
0.133108
0.136854
0.132387
0.156798
0.158997
0.179919
0.200348
0.187719
0.190792
0.205854
0.246172
0.202686
0.14641
0.124661
0.110846
0.106227
0.104837
0.107968
0.13647
0.198065
0.24165
0.254959
0.248239
0.240111
0.231423
0.201406
0.120602
0.069638
0.0477844
0.039574
0.0363122
0.0350415
0.0358982
0.0369685
0.037601
0.0378824
0.0388641
0.038361
0.0365988
0.0301474
0.0230851
0.0233593
0.0297934
0.0537837
0.131778
0.192808
0.126594
0.0570962
0.0675398
0.12726
0.106894
0.0998087
0.11837
0.134037
0.170201
0.229457
0.245576
0.242029
0.2752
0.306538
0.284246
0.21866
0.149806
0.172359
0.71029
1.12326
0.753197
0.25143
0.161839
0.159602
0.170087
0.174365
0.18651
0.196001
0.216714
0.246988
0.246258
0.306186
0.282527
0.301101
0.289217
0.313762
0.318615
0.303949
0.2697
0.196301
0.149046
0.130525
0.124613
0.13875
0.222486
0.296406
0.309252
0.306862
0.249426
0.14995
0.131542
0.113895
0.137893
0.117453
0.123376
0.137655
0.12918
0.144485
0.150638
0.178811
0.188008
0.186002
0.193824
0.189007
0.25747
0.281817
0.225131
0.149956
0.111918
0.0966244
0.0959493
0.101679
0.130681
0.172854
0.223556
0.253484
0.255345
0.242354
0.232876
0.212084
0.146412
0.0835621
0.0531698
0.0414619
0.0394276
0.0404265
0.0404037
0.0392344
0.0387362
0.0389238
0.0403458
0.0415528
0.041653
0.0404141
0.0349073
0.0260325
0.0238177
0.0271996
0.0497261
0.148925
0.149104
0.101376
0.09175
0.139292
0.108864
0.108543
0.115762
0.116751
0.143257
0.198523
0.223574
0.233573
0.262835
0.301774
0.294471
0.215769
0.165792
0.255304
0.817709
1.02151
0.494126
0.195434
0.156543
0.162936
0.173228
0.184984
0.180248
0.200314
0.213969
0.244315
0.241154
0.286805
0.287392
0.321022
0.325886
0.336681
0.328656
0.292083
0.221082
0.154183
0.105322
0.0940136
0.0938976
0.104581
0.180296
0.288881
0.321455
0.306193
0.232634
0.155348
0.146676
0.114753
0.140768
0.121016
0.109699
0.140744
0.126074
0.142891
0.150695
0.166491
0.164189
0.175597
0.184689
0.185232
0.203254
0.296977
0.294168
0.223498
0.14491
0.111909
0.10387
0.107118
0.134697
0.172148
0.208322
0.247292
0.256439
0.246187
0.233536
0.216916
0.163298
0.0943952
0.0568135
0.0454569
0.0442305
0.0444989
0.0423463
0.039349
0.0387048
0.0393252
0.0421123
0.0431852
0.044538
0.0445749
0.0436373
0.0394239
0.0275236
0.0233329
0.0272305
0.0669288
0.13834
0.120195
0.109374
0.150389
0.109574
0.113043
0.114877
0.114024
0.136099
0.187421
0.218324
0.233928
0.259812
0.302463
0.320126
0.251012
0.212211
0.44369
0.820848
0.85393
0.353196
0.182046
0.159365
0.179834
0.179754
0.203066
0.182643
0.198651
0.219303
0.260428
0.249909
0.28165
0.289999
0.326269
0.344206
0.344265
0.326772
0.261126
0.16681
0.110913
0.0784233
0.0674175
0.067338
0.074379
0.130824
0.266415
0.321325
0.309982
0.233853
0.161435
0.164403
0.123614
0.139839
0.133994
0.11486
0.147146
0.128855
0.151248
0.144286
0.141296
0.144602
0.167149
0.177043
0.181502
0.164774
0.22264
0.27567
0.259233
0.192474
0.136595
0.116356
0.118308
0.15942
0.201008
0.215549
0.244294
0.256991
0.250081
0.234043
0.220447
0.182929
0.105036
0.0641594
0.0508688
0.0490093
0.0466294
0.0422857
0.0386442
0.0388242
0.041949
0.0459904
0.0506897
0.0496402
0.0505752
0.0489768
0.0471701
0.0389379
0.0266031
0.0237779
0.0325812
0.0985573
0.119381
0.116945
0.172352
0.110512
0.119118
0.122505
0.119117
0.13252
0.183274
0.229917
0.260405
0.273677
0.301546
0.340839
0.327555
0.33432
0.555601
0.797518
0.684713
0.269561
0.180766
0.167517
0.195664
0.17893
0.194588
0.184834
0.200414
0.227815
0.27408
0.273651
0.29803
0.316957
0.344702
0.356051
0.347215
0.301345
0.19946
0.111512
0.0673221
0.0516163
0.0496802
0.051412
0.0571629
0.0887693
0.224462
0.314113
0.30968
0.240801
0.164678
0.166975
0.143723
0.132025
0.136021
0.117774
0.147539
0.127669
0.15046
0.132922
0.133195
0.135443
0.161785
0.177031
0.172296
0.150181
0.151994
0.221233
0.228094
0.199365
0.143215
0.123085
0.125051
0.176004
0.261741
0.267689
0.258721
0.257994
0.251712
0.235423
0.223421
0.193444
0.117469
0.0689525
0.0566884
0.0511821
0.0468998
0.0421239
0.0382377
0.0408167
0.0485692
0.0538347
0.0586063
0.0590985
0.0582811
0.0551712
0.0512483
0.0476019
0.0351345
0.0254214
0.0251273
0.0444053
0.0976819
0.127855
0.183677
0.110416
0.127837
0.139012
0.132876
0.136757
0.193181
0.275734
0.314658
0.321022
0.313173
0.363668
0.382978
0.418904
0.576094
0.726133
0.520888
0.22452
0.181882
0.175029
0.201836
0.182329
0.187634
0.189027
0.218325
0.258824
0.278862
0.292912
0.330287
0.370284
0.378351
0.366257
0.338038
0.242102
0.136906
0.0734823
0.0469449
0.0399862
0.0396454
0.0434356
0.0497743
0.0685902
0.174018
0.297508
0.303548
0.262924
0.170783
0.166326
0.148124
0.123142
0.132763
0.114945
0.138722
0.121407
0.130065
0.122274
0.128658
0.133103
0.15458
0.174629
0.166602
0.135996
0.130118
0.156333
0.182691
0.175867
0.141946
0.139756
0.159236
0.212969
0.302822
0.328378
0.310815
0.275359
0.253596
0.23525
0.225691
0.201662
0.130716
0.0771831
0.0589556
0.0553663
0.0464539
0.0410086
0.0389503
0.0432154
0.0546407
0.056996
0.0630423
0.0631508
0.0642899
0.0624735
0.058051
0.0537092
0.0479655
0.0332058
0.0247791
0.0283828
0.0540909
0.139421
0.199318
0.103967
0.129801
0.165962
0.165003
0.155862
0.200409
0.321545
0.395182
0.415707
0.389554
0.374716
0.391348
0.452911
0.564766
0.632712
0.399812
0.225387
0.188658
0.206408
0.209745
0.192834
0.20278
0.216491
0.238224
0.27252
0.288843
0.319165
0.375743
0.395244
0.388128
0.360156
0.294605
0.156529
0.0825985
0.0459528
0.0347552
0.0334534
0.0342702
0.0409897
0.0478011
0.0612356
0.128468
0.272898
0.288773
0.272184
0.187116
0.156942
0.144736
0.117116
0.124508
0.112744
0.126237
0.116565
0.120162
0.117114
0.127766
0.1329
0.147631
0.164263
0.160476
0.132468
0.122373
0.130768
0.147089
0.143697
0.142035
0.155464
0.260496
0.314768
0.319441
0.337427
0.338279
0.300795
0.259041
0.235559
0.226627
0.207238
0.139968
0.084831
0.0621267
0.0568311
0.0462249
0.0391015
0.0405169
0.0466177
0.0522197
0.0541158
0.0543891
0.0629496
0.0637082
0.0679414
0.0636604
0.0622035
0.0557318
0.0490942
0.0302009
0.0261812
0.0359487
0.0898159
0.272393
0.0930978
0.110484
0.179535
0.215691
0.208202
0.239125
0.366824
0.509429
0.573107
0.52367
0.430132
0.385136
0.467574
0.524226
0.54784
0.333333
0.250837
0.207681
0.224505
0.214894
0.216136
0.227642
0.242311
0.248736
0.272601
0.3145
0.386589
0.408963
0.403538
0.377557
0.309855
0.17059
0.0807869
0.0483453
0.0333573
0.0299828
0.0305047
0.0324704
0.0403984
0.0499894
0.0613517
0.0965663
0.238124
0.272834
0.268292
0.210647
0.154608
0.141767
0.114301
0.119763
0.112419
0.122547
0.114406
0.11599
0.113706
0.129991
0.133977
0.143838
0.156184
0.154781
0.132118
0.120714
0.122161
0.124035
0.12604
0.134516
0.187341
0.30065
0.326582
0.321481
0.320823
0.327352
0.309543
0.262083
0.235617
0.226586
0.210532
0.149029
0.0909274
0.0650418
0.0566928
0.0458156
0.0392162
0.0406396
0.0461705
0.0449669
0.0454286
0.0457023
0.0520109
0.0581367
0.0676849
0.0687831
0.0681856
0.0634842
0.0568736
0.0454837
0.0285291
0.0296571
0.0772272
0.27205
0.0891214
0.0907767
0.15221
0.264707
0.324719
0.360267
0.477006
0.589482
0.723113
0.729363
0.540846
0.415023
0.446732
0.471257
0.493059
0.302382
0.29462
0.210418
0.228893
0.224362
0.228559
0.239438
0.249685
0.264304
0.31139
0.390486
0.42743
0.419023
0.38659
0.31256
0.16232
0.0813362
0.0472889
0.0345114
0.0287834
0.0287018
0.0298306
0.0338296
0.0441797
0.0573587
0.0659355
0.0856093
0.19408
0.257653
0.260005
0.230812
0.15669
0.141996
0.114112
0.116626
0.111651
0.113707
0.10871
0.112114
0.112485
0.130501
0.134877
0.14322
0.15351
0.152698
0.133189
0.12237
0.118369
0.111513
0.113933
0.132558
0.234156
0.288997
0.281979
0.271895
0.284386
0.297934
0.294001
0.259364
0.23361
0.225511
0.212232
0.158235
0.0973093
0.0672025
0.0549135
0.0451627
0.0392013
0.0404151
0.0429389
0.041543
0.0450987
0.045364
0.0500025
0.0539674
0.0635915
0.0694664
0.0723529
0.0711208
0.0649518
0.0567791
0.0363824
0.0315519
0.0533042
0.279122
0.0914751
0.0920838
0.145575
0.253149
0.38032
0.439779
0.533546
0.60213
0.769521
0.863938
0.751414
0.49751
0.434469
0.454446
0.459406
0.303652
0.307181
0.2171
0.236637
0.242821
0.245924
0.25086
0.263983
0.301178
0.40655
0.440367
0.439461
0.407048
0.308979
0.157808
0.0791558
0.0464637
0.0344578
0.0293993
0.0277573
0.0286906
0.0324721
0.0450916
0.0641331
0.0760694
0.0791207
0.0877223
0.151791
0.241102
0.248072
0.234555
0.163554
0.14378
0.115427
0.114955
0.110441
0.106662
0.105514
0.110257
0.113247
0.130058
0.134951
0.143884
0.152428
0.151656
0.135437
0.128329
0.118428
0.109021
0.114891
0.166563
0.292749
0.305676
0.288678
0.233435
0.230314
0.253888
0.264138
0.25151
0.22994
0.22315
0.212032
0.166008
0.10161
0.0706404
0.0542812
0.0434676
0.0397302
0.0397262
0.0441684
0.0422059
0.0507973
0.0484296
0.0563378
0.0552144
0.0620481
0.0653884
0.0742205
0.0788014
0.076294
0.0689151
0.0507011
0.0352885
0.0562455
0.326011
0.105018
0.113776
0.159471
0.246608
0.357587
0.407374
0.514682
0.589629
0.740412
0.901844
0.998681
0.697157
0.46093
0.490656
0.451681
0.325501
0.317689
0.244625
0.270299
0.276701
0.277434
0.280957
0.30183
0.388806
0.45424
0.453426
0.430861
0.333469
0.158724
0.0824574
0.0459968
0.0341814
0.030079
0.0281249
0.0284966
0.0326286
0.0445397
0.0809758
0.108077
0.108748
0.1017
0.0975541
0.118947
0.214162
0.235753
0.232954
0.175938
0.144979
0.120492
0.115696
0.109926
0.106447
0.106896
0.111812
0.11801
0.131239
0.135715
0.144997
0.15198
0.150328
0.137571
0.13412
0.127527
0.119265
0.133178
0.256753
0.381946
0.37562
0.333352
0.236799
0.206223
0.213583
0.232144
0.233326
0.223382
0.218606
0.210339
0.17223
0.105865
0.0736007
0.0549036
0.0421828
0.0412887
0.0398588
0.0461173
0.0443342
0.0580117
0.0557894
0.0691277
0.0661511
0.0748877
0.0738269
0.0834648
0.0891354
0.0949769
0.0856879
0.0786297
0.0472982
0.058772
0.341218
0.329888
0.25345
0.275671
0.324378
0.413463
0.467484
0.534007
0.626148
0.720005
0.872971
1.07068
1.10685
0.601815
0.67219
0.466032
0.387256
0.339217
0.322655
0.343468
0.322358
0.308866
0.316044
0.361834
0.460807
0.472869
0.449715
0.371164
0.176667
0.0855565
0.0485693
0.0338777
0.0307019
0.0290165
0.0290362
0.0323911
0.0452164
0.0788537
0.144639
0.16254
0.159258
0.141271
0.114617
0.117234
0.17976
0.222787
0.229274
0.189254
0.146339
0.125233
0.115404
0.110991
0.108386
0.109471
0.11368
0.125394
0.13266
0.137897
0.147791
0.152797
0.149513
0.141351
0.143824
0.14655
0.138345
0.187473
0.399739
0.462892
0.43057
0.346086
0.240962
0.193272
0.190612
0.204394
0.213208
0.21297
0.211524
0.206072
0.177013
0.111103
0.0748839
0.0565689
0.0421649
0.0431119
0.0406196
0.0510272
0.0487075
0.0661777
0.0616308
0.0766031
0.071337
0.0867409
0.0840954
0.105356
0.104956
0.131204
0.112623
0.113746
0.0689603
0.0875527
0.391931
9.73354
1.9198
2.58998
1.8146
2.22377
2.47789
2.64949
2.77515
2.82576
2.87054
6.24897
4.38163
3.65081
3.14199
3.07619
3.18815
3.3258
3.45123
3.51307
3.58062
2.84785
4.87361
3.9001
3.57311
3.19084
3.07966
3.05972
3.0837
3.10722
3.15497
0.932749
4.0824
3.52232
3.42526
3.10248
2.85279
2.70816
2.64585
2.61295
2.61475
0.377241
2.50255
2.46754
2.6281
2.54835
2.37748
2.23992
2.15499
2.10109
2.06917
0.286801
1.32004
1.3714
1.5559
1.61795
1.60441
1.57074
1.5429
1.51943
1.50153
0.295401
0.733282
0.70603
0.741582
0.778318
0.804105
0.819511
0.854207
0.870191
0.904095
0.375538
0.472387
0.435759
0.395698
0.370644
0.359688
0.358497
0.365187
0.374684
0.402963
0.331
0.391773
0.376365
0.332095
0.288117
0.255031
0.234362
0.217763
0.207957
0.200086
0.202652
0.327459
0.333815
0.321933
0.291722
0.254591
0.232718
0.205281
0.194312
0.17142
0.151231
0.206127
0.244872
0.245558
0.237096
0.211296
0.190526
0.167117
0.157275
0.138121
0.137483
0.137337
0.142737
0.139809
0.132315
0.121063
0.108872
0.102579
0.0973674
0.0963273
0.142713
0.106697
0.0907493
0.0785794
0.0745871
0.0753023
0.0780181
0.0877601
0.0970757
0.129254
0.165761
0.102326
0.0695087
0.0649351
0.0731347
0.107792
0.152517
0.247851
0.298847
0.426163
0.206436
0.102579
0.0867569
0.121503
0.242554
0.476516
0.672784
0.877126
0.974445
1.14434
0.206721
0.167853
0.265803
0.60081
1.20859
1.60475
1.85424
1.97721
2.04463
2.07792
0.294163
0.60393
1.45126
2.4912
3.09217
3.25403
3.24897
3.16767
3.11168
2.98278
0.961232
3.06752
4.50275
5.07915
5.02052
4.72741
4.42972
4.10604
3.98259
3.73353
4.5559
6.90139
7.28152
6.92605
6.16577
5.46341
5.03763
4.63465
4.48839
4.19242
7.74705
7.72546
6.83146
5.70599
4.77619
4.15343
3.84526
3.56739
3.46841
3.25101
)
;

boundaryField
{
    inlet
    {
        type            fixedValue;
        value           uniform 2e-05;
    }
    outlet
    {
        type            inletOutlet;
        inletValue      uniform 0;
        value           nonuniform List<scalar> 
20
(
2.87054
3.58062
3.15497
2.61475
2.06917
1.50153
0.904095
0.402963
0.200086
0.17142
0.138121
0.0963273
0.129254
0.426163
1.14434
2.07792
2.98278
3.73353
4.19242
3.25101
)
;
    }
    walls
    {
        type            fixedValue;
        value           uniform 0;
    }
    frontAndBack
    {
        type            empty;
    }
}


// ************************************************************************* //
