/*--------------------------------*- C++ -*----------------------------------*\
| =========                 |                                                 |
| \\      /  F ield         | OpenFOAM: The Open Source CFD Toolbox           |
|  \\    /   O peration     | Version:  2.4.0                                 |
|   \\  /    A nd           | Web:      www.OpenFOAM.org                      |
|    \\/     M anipulation  |                                                 |
\*---------------------------------------------------------------------------*/
FoamFile
{
    version     2.0;
    format      ascii;
    class       volScalarField;
    location    "0.044";
    object      k_0;
}
// * * * * * * * * * * * * * * * * * * * * * * * * * * * * * * * * * * * * * //

dimensions      [0 2 -2 0 0 0 0];

internalField   nonuniform List<scalar> 
4400
(
9.53116
8.49992
6.48131
5.3526
4.57031
4.27212
3.99947
3.81136
3.89463
3.22744
4.4078
6.77352
6.71137
6.35315
5.62478
5.27114
4.95817
4.66654
4.63682
4.52954
1.16989
3.18195
4.17425
4.56911
4.45812
4.28268
4.12619
3.9286
3.80513
3.88673
0.163933
0.969379
1.66742
2.33671
2.67577
2.78738
2.85248
2.84043
2.7602
2.7942
0.0172908
0.179899
0.388673
0.740279
1.12305
1.29982
1.52443
1.62472
1.69037
1.68359
0.00146872
0.0220427
0.0539642
0.119738
0.285589
0.365972
0.539391
0.612011
0.758459
0.762824
0.00013784
0.00232286
0.00501116
0.0114364
0.0384542
0.0556614
0.104426
0.130587
0.189624
0.220011
4.06774e-05
0.000371269
0.000522724
0.00090073
0.00328946
0.00463354
0.00957328
0.0139958
0.0196067
0.0303905
3.40652e-05
0.000158641
0.000178482
0.00020923
0.000412928
0.000466315
0.000689725
0.000903043
0.00106897
0.00160371
3.35094e-05
0.000134681
0.000141386
0.000159033
0.000227037
0.000245177
0.00025658
0.00025448
0.000254941
0.000271034
3.33518e-05
0.000136804
0.000140347
0.000152502
0.000202133
0.000253107
0.000256691
0.000261767
0.000289737
0.000566379
3.42156e-05
0.000132696
0.000138823
0.000176531
0.000253745
0.000573461
0.00072076
0.00101987
0.00188682
0.0069479
4.00887e-05
0.000200839
0.000352373
0.000892096
0.00199245
0.00631721
0.00936537
0.015506
0.0270314
0.0707738
0.000139278
0.00139965
0.00416549
0.0138755
0.0283661
0.0703201
0.096253
0.151685
0.20519
0.370607
0.00149771
0.0162087
0.0506937
0.14097
0.238117
0.423122
0.511242
0.673031
0.784532
1.04631
0.0173989
0.145389
0.405073
0.753194
1.09152
1.35906
1.51673
1.67609
1.7825
1.97886
0.164347
0.913525
1.72436
2.31016
2.69356
2.806
2.87281
2.87025
2.88913
2.9357
1.17349
3.13022
4.24356
4.52213
4.49014
4.26967
4.15267
3.93425
3.88563
3.7759
4.40357
6.74015
6.75921
6.27354
5.74637
5.1759
4.97946
4.62436
4.52261
4.20513
9.52253
8.4696
6.54454
5.26563
4.66539
4.16621
3.99427
3.67935
3.55307
3.07309
2.20686
1.87977
1.57081
1.37831
1.26334
1.06194
0.583078
0.397905
0.394925
0.376004
0.327187
0.283716
0.281355
0.359618
0.487862
0.514348
0.498364
0.432994
0.261543
0.106883
0.0542677
0.0429802
0.0463132
0.0623818
0.115898
0.204204
0.219492
0.211515
0.185726
0.161587
0.149185
0.120691
0.103718
0.102348
0.100589
0.0909927
0.0636562
0.0457831
0.0382573
0.0337871
0.0280123
0.0209912
0.014343
0.00910168
0.00545506
0.00312801
0.00172899
0.000925787
0.000480705
0.000243122
0.000119267
5.7518e-05
2.68301e-05
1.27574e-05
6.07719e-06
3.33055e-06
3.0331e-06
3.51208e-06
9.62419e-06
1.28861e-05
5.56958e-05
5.8739e-05
0.000135378
0.00014758
0.000213617
0.000229983
0.000332339
0.000365864
0.000646437
0.000638673
0.00105253
0.00105296
0.00159904
0.00156762
0.00194394
0.00201067
0.00238307
0.00253475
0.00314155
0.00343185
0.00467463
0.00510602
0.00858144
0.00884128
0.0122315
0.0113736
0.0129166
0.0095351
0.00720417
0.00293109
0.00152753
0.00053647
0.000394148
0.000345736
0.000865397
0.000732078
0.00243067
0.0045978
0.0371998
0.346737
3.36477
2.44299
1.98133
1.63131
1.42236
1.40383
1.2182
0.826729
0.668678
0.502903
0.361684
0.311709
0.33972
0.498971
0.541983
0.530172
0.458887
0.269797
0.108509
0.0515308
0.038089
0.0405598
0.0576661
0.109887
0.230796
0.338154
0.350034
0.3349
0.291297
0.235328
0.192662
0.151529
0.125833
0.114437
0.107631
0.0905171
0.0633629
0.0464829
0.0385585
0.033091
0.0267327
0.019734
0.0134064
0.0085218
0.00514254
0.00297459
0.00165721
0.000893222
0.000466029
0.000236683
0.000116363
5.63373e-05
2.62792e-05
1.26978e-05
6.03228e-06
3.65679e-06
3.4667e-06
4.64228e-06
9.81994e-06
1.71513e-05
4.07706e-05
6.1059e-05
6.4148e-05
9.76415e-05
0.000178587
0.000185943
0.000789288
0.000624356
0.00173705
0.00132666
0.00236295
0.00196902
0.00286228
0.00253798
0.00315479
0.00305741
0.00347809
0.00351432
0.00415277
0.00414356
0.00433542
0.00478632
0.00533965
0.00657495
0.00803967
0.00970616
0.0141244
0.0160404
0.022803
0.0212101
0.0171585
0.00697859
0.00374416
0.00116831
0.0016896
0.00133031
0.00393554
0.00519979
0.0394682
0.253108
3.23253
2.52272
2.05305
1.72604
1.43016
1.37499
1.34285
1.22425
1.11325
0.940198
0.618118
0.524445
0.586788
0.595186
0.561807
0.465278
0.244491
0.102281
0.0475626
0.0332127
0.0349781
0.0502114
0.107299
0.252131
0.416344
0.47191
0.458114
0.433869
0.397602
0.31615
0.248616
0.194744
0.1478
0.124825
0.113694
0.0904566
0.0644097
0.0481913
0.0392511
0.0324629
0.0253596
0.0182958
0.0122711
0.0077606
0.00468275
0.00271759
0.00152246
0.000826303
0.000433902
0.000221799
0.000109528
5.34127e-05
2.49677e-05
1.23639e-05
5.86777e-06
4.06987e-06
3.99198e-06
6.22197e-06
1.03674e-05
2.34093e-05
2.80972e-05
4.85823e-05
6.27347e-05
8.28546e-05
0.000327203
0.000334739
0.000982042
0.00095274
0.00117208
0.00133222
0.00129116
0.00169475
0.00171417
0.002073
0.00213429
0.00256589
0.0026998
0.00317325
0.00353223
0.00396077
0.00425676
0.00467442
0.00587551
0.00628825
0.00759517
0.0081391
0.0107498
0.0127533
0.022717
0.0245336
0.0454253
0.0314851
0.0299394
0.0114171
0.00991425
0.00369303
0.0144355
0.00807609
0.0484553
0.180496
2.46237
2.0772
1.78545
1.56122
1.2772
1.13827
1.15488
1.15311
1.09625
1.00688
0.873501
0.817224
0.764514
0.643695
0.480818
0.232865
0.0997595
0.043952
0.0286554
0.0293993
0.041266
0.0940441
0.251089
0.497996
0.553371
0.533379
0.484005
0.458144
0.435846
0.383633
0.31539
0.232588
0.167459
0.143157
0.12357
0.0933276
0.0669146
0.0500694
0.0397255
0.0316378
0.0238027
0.0167071
0.0110337
0.00693948
0.00419129
0.00244265
0.00137514
0.00074955
0.000394886
0.000202436
0.000100173
4.90537e-05
2.29869e-05
1.1619e-05
5.53161e-06
4.26301e-06
4.1444e-06
7.70062e-06
9.51078e-06
2.55665e-05
2.54316e-05
3.68367e-05
7.20991e-05
0.000107378
0.00028854
0.000369266
0.000364246
0.000645565
0.000575537
0.000903493
0.000952188
0.00135891
0.00138995
0.00175782
0.00178846
0.0021764
0.00225867
0.00282544
0.00298542
0.00354655
0.0037189
0.00422668
0.00541017
0.00590818
0.0074196
0.0079171
0.0111871
0.0120279
0.0199804
0.0226741
0.058771
0.0576195
0.125628
0.0635605
0.0942295
0.0310628
0.0368199
0.0168499
0.0449492
0.122329
1.53496
1.34328
1.22463
1.17164
0.989696
0.789681
0.793415
0.854555
0.825208
0.763531
0.759819
0.741464
0.670452
0.498096
0.247268
0.102754
0.0423688
0.0246001
0.0245542
0.031527
0.0739771
0.219651
0.533771
0.614343
0.598367
0.541646
0.481702
0.456565
0.441412
0.410768
0.34253
0.261807
0.202941
0.167455
0.131827
0.0958527
0.0685361
0.0509284
0.0392368
0.0296755
0.0214602
0.0147525
0.00970411
0.00614875
0.0037609
0.00222059
0.0012635
0.000693778
0.000366972
0.000188432
9.31979e-05
4.56375e-05
2.13757e-05
1.09113e-05
5.28376e-06
4.22108e-06
4.1263e-06
7.78721e-06
8.10222e-06
2.0736e-05
1.90826e-05
2.85053e-05
6.06358e-05
0.000123809
0.000158407
0.000294276
0.000255844
0.000380549
0.000355147
0.000559172
0.000490769
0.000774577
0.00082532
0.00113095
0.00115293
0.00155299
0.00150547
0.00207244
0.00220733
0.0029388
0.00290339
0.00387468
0.00409487
0.00525948
0.00528253
0.00712914
0.00799217
0.0100227
0.0119711
0.0159293
0.0347944
0.0438922
0.175971
0.1472
0.546096
0.304127
0.397345
0.105508
0.086275
0.107075
0.708846
0.634966
0.586309
0.603934
0.592535
0.440009
0.410735
0.451438
0.440514
0.41391
0.43587
0.428786
0.367649
0.197091
0.0881214
0.0383374
0.0212378
0.0204305
0.0248588
0.0525453
0.168775
0.519198
0.665805
0.654222
0.603153
0.500151
0.436871
0.419629
0.416842
0.402503
0.353674
0.287424
0.224901
0.175842
0.134609
0.0999381
0.0721678
0.0518903
0.037912
0.0272182
0.0190821
0.0130524
0.00870147
0.00563249
0.00352053
0.00211654
0.00122029
0.000675778
0.000359151
0.000184705
9.13135e-05
4.46334e-05
2.09211e-05
1.07124e-05
5.36351e-06
4.36883e-06
4.35058e-06
7.82623e-06
7.48241e-06
1.68942e-05
1.40702e-05
2.42131e-05
4.64014e-05
0.000119404
0.000119881
0.000221397
0.000200774
0.000268543
0.000242332
0.000362316
0.000340215
0.000509224
0.000492985
0.000743934
0.000655928
0.000978676
0.000917712
0.00142596
0.001306
0.00194332
0.00179514
0.00284325
0.00273914
0.003781
0.00385191
0.00602818
0.00657367
0.00895442
0.0105937
0.0162946
0.0241181
0.0351327
0.0592612
0.0946934
0.212507
0.257589
0.379563
0.319257
0.300505
0.146842
0.207364
0.185698
0.17827
0.20439
0.213083
0.162263
0.139588
0.156739
0.151462
0.138542
0.149968
0.146333
0.116236
0.0582779
0.029089
0.0179043
0.0173974
0.0217009
0.0425636
0.117545
0.398038
0.707301
0.715634
0.65983
0.519899
0.430426
0.378298
0.363548
0.370682
0.379082
0.362943
0.299852
0.230565
0.180937
0.142579
0.10555
0.0733528
0.0505653
0.0344718
0.023999
0.0169353
0.0119116
0.00820711
0.00546148
0.00348189
0.00212064
0.00123325
0.00068675
0.000366107
0.000188391
9.31134e-05
4.53391e-05
2.12969e-05
1.06804e-05
5.52924e-06
3.89989e-06
3.79144e-06
5.39781e-06
4.88731e-06
9.75895e-06
7.91058e-06
1.65797e-05
2.77486e-05
9.49499e-05
7.41613e-05
0.000140258
0.000128768
0.000184985
0.000171042
0.000256648
0.000260241
0.00038314
0.000358878
0.000505327
0.000493063
0.000667204
0.000692745
0.00102899
0.000983832
0.00135506
0.00138627
0.00188606
0.0020506
0.00282812
0.00294589
0.00405502
0.00463031
0.00615222
0.0077272
0.0120099
0.0287132
0.0321633
0.122741
0.111442
0.391898
0.313206
0.411942
0.361985
0.359801
0.251272
0.0294957
0.0274242
0.0276606
0.0400017
0.0438015
0.0327982
0.0263901
0.0298976
0.0295286
0.0282773
0.0312971
0.0313499
0.0254929
0.015848
0.0142961
0.0151219
0.0215052
0.0421901
0.0975933
0.27035
0.704531
0.797019
0.732063
0.551349
0.412495
0.37773
0.357066
0.342794
0.343487
0.35959
0.356279
0.308854
0.244629
0.194665
0.148521
0.105819
0.0713396
0.0463335
0.0311633
0.0222053
0.0162616
0.0118257
0.00835945
0.00568452
0.00368686
0.00227194
0.00132794
0.000738209
0.000390848
0.0001988
9.71506e-05
4.65846e-05
2.17706e-05
1.06563e-05
5.66835e-06
3.62704e-06
3.63123e-06
3.99239e-06
4.26312e-06
6.41953e-06
6.19127e-06
9.86543e-06
1.99456e-05
6.37518e-05
5.22245e-05
9.18884e-05
0.000102567
0.000135427
0.000132664
0.000193192
0.00020873
0.000297877
0.00031067
0.000385831
0.00042531
0.000571369
0.000589218
0.00076435
0.00084528
0.00115576
0.00124059
0.001528
0.00178806
0.00254852
0.00266618
0.00319658
0.00412009
0.0056815
0.00593142
0.00826752
0.0100395
0.0222095
0.0245088
0.081139
0.0940273
0.234442
0.344855
0.354442
0.366311
0.292871
0.00167657
0.00173121
0.00192166
0.00393806
0.0042109
0.00304688
0.00249548
0.00287573
0.00328322
0.00337956
0.00363174
0.00424504
0.00591542
0.009142
0.0133272
0.0245789
0.0539481
0.106215
0.219711
0.607548
0.859938
0.826992
0.616436
0.410776
0.355849
0.35326
0.348
0.339115
0.333925
0.33803
0.341117
0.312463
0.250542
0.196832
0.147812
0.103423
0.0677686
0.0441215
0.0306923
0.0230475
0.0180341
0.0140015
0.0103615
0.00716309
0.00460311
0.00275601
0.00154846
0.000823301
0.000418474
0.000204738
9.72305e-05
4.51676e-05
2.08069e-05
9.90125e-06
5.30912e-06
3.43742e-06
3.54951e-06
3.74431e-06
5.45548e-06
5.29855e-06
7.22269e-06
9.28362e-06
1.94964e-05
3.54706e-05
4.45743e-05
6.63115e-05
9.45943e-05
0.000110097
0.000127374
0.000157042
0.000196403
0.000225961
0.000293779
0.000310489
0.000398801
0.000450059
0.00057557
0.000608843
0.000863991
0.000941057
0.00121631
0.00131583
0.00184472
0.00204234
0.00263643
0.00285869
0.00411856
0.00481631
0.00549957
0.0070591
0.00843098
0.016723
0.0162292
0.0511643
0.0417476
0.145658
0.135928
0.265678
0.424604
0.364424
0.00030488
0.000321675
0.000372057
0.00041147
0.000442212
0.000538782
0.000730196
0.00153028
0.00174653
0.00166176
0.00166956
0.00226935
0.00545881
0.0153317
0.0316657
0.0706232
0.145416
0.235227
0.443315
0.879927
0.920308
0.774767
0.431595
0.328082
0.316511
0.328729
0.343469
0.33831
0.336982
0.337361
0.336776
0.308291
0.248356
0.194796
0.144236
0.0996124
0.0637848
0.041885
0.0304931
0.0238703
0.0189332
0.0144109
0.0102447
0.00677919
0.00419235
0.00243782
0.001342
0.000704086
0.000354379
0.000172095
8.12673e-05
3.76479e-05
1.74398e-05
8.49933e-06
4.64868e-06
3.58006e-06
3.897e-06
4.81537e-06
8.42287e-06
7.7963e-06
1.59489e-05
1.23799e-05
3.64876e-05
3.39419e-05
8.0348e-05
7.27521e-05
0.00011299
0.000125286
0.000180953
0.000173539
0.000278695
0.000246636
0.000457342
0.000367549
0.000607207
0.000515204
0.000859443
0.000679908
0.00135553
0.00108582
0.00170405
0.0014538
0.00255269
0.00220287
0.0033826
0.00305362
0.00480954
0.00484608
0.00622768
0.00660966
0.00781298
0.0135435
0.0131557
0.0343207
0.0276906
0.096115
0.0840972
0.152563
0.274482
0.332972
0.00105919
0.00137538
0.00128692
0.000878921
0.000815732
0.00161081
0.00347083
0.00470973
0.00625875
0.00634136
0.00702547
0.0106642
0.0257684
0.0508939
0.0904949
0.187567
0.285554
0.431501
0.813896
0.994563
0.933284
0.554673
0.348103
0.294554
0.294287
0.314447
0.344668
0.330898
0.332071
0.332652
0.326367
0.294929
0.241341
0.187921
0.139318
0.0921057
0.0579371
0.040372
0.0314515
0.025925
0.0209214
0.0159692
0.011456
0.00766987
0.00479052
0.00280682
0.00155292
0.000818554
0.000413698
0.000201978
9.57882e-05
4.4484e-05
2.0637e-05
9.88429e-06
5.40206e-06
4.45818e-06
5.15488e-06
7.96504e-06
1.43656e-05
1.72282e-05
3.80187e-05
2.61665e-05
7.64427e-05
4.67135e-05
0.000164283
0.00010747
0.00020202
0.000193609
0.000303799
0.000259118
0.000493323
0.000332623
0.000820871
0.000566278
0.00105025
0.000742836
0.00154575
0.000959549
0.00222669
0.00152335
0.00272639
0.00190446
0.00403466
0.00278787
0.00480796
0.00364911
0.0066496
0.00532428
0.00798615
0.00700436
0.00922829
0.0118855
0.0122244
0.0244993
0.0216695
0.0631174
0.0573691
0.111051
0.128528
0.223009
0.0118503
0.0129064
0.0117685
0.00924132
0.0098535
0.0154141
0.020302
0.0262189
0.0323963
0.0358407
0.0413747
0.0551067
0.0987271
0.147379
0.236613
0.379157
0.493675
0.746995
0.995356
1.01864
0.791702
0.395032
0.312348
0.27945
0.283648
0.304516
0.345023
0.327845
0.324958
0.326434
0.318421
0.280705
0.22803
0.180823
0.129369
0.0818972
0.0547717
0.0417439
0.0369167
0.032741
0.0266653
0.0197471
0.0134354
0.0085088
0.00506194
0.00284798
0.00152602
0.000780012
0.000384727
0.000183048
8.58766e-05
3.90144e-05
1.82373e-05
8.58597e-06
4.89706e-06
4.19922e-06
5.35565e-06
9.47505e-06
1.79833e-05
2.89362e-05
6.51707e-05
5.5965e-05
0.00017748
9.30063e-05
0.000413046
0.000231234
0.000465843
0.000397674
0.00057421
0.000496005
0.0010895
0.000603039
0.00175892
0.00110152
0.00211516
0.00139937
0.00315924
0.00172635
0.00431553
0.00264864
0.00503757
0.00303239
0.00705595
0.00422243
0.00793385
0.00511608
0.0105375
0.00683085
0.0113607
0.00829234
0.0141158
0.0124823
0.0138826
0.0192632
0.0195127
0.0459096
0.0441112
0.0852813
0.0914058
0.137825
0.0887854
0.0918857
0.0884532
0.0783939
0.0808574
0.0982901
0.107114
0.11429
0.129761
0.139676
0.156179
0.191414
0.287623
0.360124
0.496362
0.619604
0.783194
0.95241
1.04181
0.958367
0.525214
0.331452
0.302444
0.266505
0.262001
0.275196
0.310597
0.313089
0.311838
0.315152
0.301081
0.258266
0.217795
0.16973
0.114023
0.0757642
0.0555028
0.0491015
0.0450896
0.0373499
0.028131
0.0196121
0.012724
0.00772937
0.00445984
0.00247143
0.00132873
0.000696393
0.0003569
0.000177985
8.70433e-05
4.18007e-05
1.98394e-05
1.04354e-05
5.36154e-06
5.42043e-06
6.71196e-06
1.08332e-05
2.2301e-05
3.84104e-05
0.000107514
0.000107672
0.000472267
0.000238612
0.00118044
0.000621517
0.00131388
0.00106349
0.0014019
0.00119786
0.00265033
0.00137606
0.00420269
0.00249199
0.0047493
0.00324723
0.00676945
0.00358438
0.00845942
0.00517026
0.00953039
0.00558533
0.0125213
0.00712707
0.0134463
0.00817517
0.0171645
0.0100136
0.0178655
0.0113527
0.020604
0.0148377
0.0201523
0.0199892
0.0211445
0.0365526
0.0368081
0.0644745
0.0677451
0.0965334
0.372669
0.371226
0.354521
0.320232
0.324358
0.343319
0.341742
0.343669
0.357243
0.372619
0.394442
0.455311
0.573965
0.648883
0.783218
0.898418
0.957831
1.01929
1.01094
0.728542
0.378632
0.314219
0.300054
0.240216
0.221797
0.237519
0.263268
0.276654
0.279496
0.285371
0.271714
0.242312
0.201428
0.148317
0.103192
0.0752172
0.0635792
0.0572043
0.0477741
0.0367088
0.0258131
0.0168539
0.0105516
0.00647607
0.00390382
0.00230132
0.00132455
0.000746708
0.000414188
0.000230061
0.000125843
7.64988e-05
4.05848e-05
3.7991e-05
2.78971e-05
4.26934e-05
4.04114e-05
5.77951e-05
8.98156e-05
0.000100572
0.000328498
0.000305159
0.00152098
0.000769637
0.00369302
0.00189774
0.00412015
0.0032771
0.0040382
0.00334747
0.00664201
0.00365989
0.0101817
0.00589726
0.010118
0.00754518
0.0136379
0.00766975
0.0165778
0.0105186
0.0173964
0.0109078
0.0221586
0.012955
0.0230952
0.0145772
0.0282616
0.0161197
0.0289799
0.018071
0.0326448
0.0210671
0.0292838
0.024154
0.0268022
0.0367266
0.0369136
0.051485
0.0533892
0.0708028
0.998925
0.954726
0.86649
0.751785
0.734124
0.732115
0.713641
0.681884
0.681852
0.684034
0.698635
0.763498
0.81783
0.908098
1.00364
1.0273
1.022
1.01149
0.866357
0.459065
0.330754
0.313999
0.301361
0.231115
0.202065
0.2069
0.222889
0.244998
0.25173
0.254483
0.244442
0.218005
0.176831
0.134223
0.101672
0.0836902
0.0721214
0.0588818
0.04454
0.0310529
0.0211096
0.0143451
0.0097223
0.0065601
0.00445127
0.00309271
0.00221395
0.00167148
0.00129711
0.00110513
0.000922975
0.000882416
0.00078186
0.000843375
0.000772172
0.000941961
0.000860553
0.00103631
0.00109172
0.00101603
0.00211465
0.00175294
0.0061902
0.00354701
0.0127962
0.00662148
0.014176
0.0108453
0.013395
0.0111308
0.0180925
0.0112091
0.0254557
0.0145806
0.0243659
0.0181668
0.028542
0.0172721
0.0338958
0.0215137
0.0331608
0.0222742
0.0402194
0.0243179
0.0402142
0.0264718
0.0478791
0.0285563
0.0482569
0.0319486
0.0532364
0.033811
0.0464421
0.0348341
0.0425199
0.0411438
0.0414307
0.0488431
0.0492507
0.0554758
1.81433
1.64935
1.39291
1.2371
1.19999
1.13873
1.02131
0.969209
0.953735
0.950108
0.958721
0.982444
1.04097
1.08877
1.08836
1.07048
1.0178
0.874812
0.520245
0.341851
0.324814
0.365953
0.355243
0.243211
0.195135
0.185655
0.191332
0.216136
0.226719
0.231956
0.222675
0.198232
0.164629
0.131649
0.107407
0.088828
0.0702559
0.0525494
0.038434
0.0286272
0.0218352
0.0175401
0.0151014
0.0139241
0.013448
0.0134444
0.013517
0.0137379
0.0138598
0.0141484
0.0141637
0.014416
0.0142691
0.0147434
0.014319
0.0151785
0.014572
0.0154542
0.0155495
0.0148133
0.0184545
0.0148326
0.0288165
0.0210499
0.0473905
0.0276543
0.0512906
0.0378011
0.0470456
0.0396145
0.0513497
0.0360758
0.064634
0.0378954
0.0595245
0.0445598
0.0582618
0.0409931
0.0674097
0.0435059
0.0608258
0.0460141
0.0709661
0.0439109
0.0697586
0.0502664
0.0803526
0.0496536
0.0806037
0.055754
0.0885397
0.0580316
0.0763482
0.0566049
0.0669841
0.0557234
0.0564794
0.0557878
0.0527377
0.0537733
2.58058
2.18952
1.81656
1.62593
1.48714
1.33191
1.23718
1.19726
1.14689
1.12328
1.13577
1.15832
1.15575
1.14175
1.1012
1.00215
0.776669
0.487359
0.308574
0.303844
0.401535
0.493559
0.520039
0.352353
0.219475
0.183827
0.178238
0.192247
0.20579
0.211826
0.204102
0.183735
0.156992
0.130644
0.107579
0.0862373
0.0683553
0.056331
0.0514954
0.0512192
0.0533093
0.0599796
0.0670979
0.0735488
0.0791093
0.0839587
0.0876369
0.0910968
0.09297
0.0956851
0.0963542
0.0985917
0.0983645
0.100634
0.0988785
0.102927
0.099243
0.105874
0.101445
0.107824
0.107595
0.100669
0.11797
0.0920074
0.151037
0.108028
0.172511
0.124191
0.149731
0.124777
0.138114
0.10553
0.14816
0.100105
0.136862
0.103313
0.121071
0.0933481
0.133284
0.0892829
0.122328
0.093428
0.133281
0.0863201
0.134416
0.097886
0.146525
0.0922898
0.14869
0.106391
0.160164
0.104989
0.136441
0.101359
0.121157
0.09578
0.0957967
0.0853779
0.0737129
0.0663283
3.0766
2.40751
1.99132
1.76442
1.57424
1.442
1.3702
1.31367
1.28474
1.24863
1.23732
1.21657
1.16349
1.07124
0.873977
0.597911
0.369641
0.251767
0.241279
0.327179
0.486647
0.692005
0.857475
0.750407
0.416641
0.264454
0.202585
0.184292
0.194055
0.19881
0.193806
0.178528
0.156886
0.134946
0.117805
0.110705
0.113715
0.132269
0.161329
0.188402
0.211572
0.230486
0.245382
0.257048
0.266134
0.273304
0.278745
0.283313
0.28626
0.289713
0.290793
0.293977
0.293707
0.297284
0.294059
0.30209
0.292343
0.310847
0.290317
0.326689
0.294125
0.344639
0.307497
0.330271
0.33569
0.278424
0.357134
0.279044
0.340065
0.285673
0.305255
0.264519
0.300607
0.237215
0.306972
0.236156
0.273627
0.221164
0.280044
0.209892
0.281299
0.214938
0.277172
0.203354
0.293758
0.213737
0.297228
0.205283
0.313592
0.226734
0.329275
0.219119
0.298705
0.224904
0.278079
0.220333
0.225524
0.197668
0.180986
0.176021
3.05509
2.31048
1.944
1.73775
1.59695
1.5175
1.45257
1.39863
1.34401
1.27474
1.1953
1.06307
0.878652
0.621242
0.368186
0.225938
0.176834
0.177585
0.214415
0.324239
0.497201
0.745989
1.10442
1.3741
1.30651
0.937787
0.615866
0.354406
0.240758
0.218283
0.207746
0.201638
0.201612
0.211063
0.236828
0.276441
0.320606
0.361025
0.392475
0.416149
0.434822
0.44972
0.46172
0.471432
0.479345
0.485746
0.49099
0.495213
0.498649
0.501609
0.503507
0.506346
0.506561
0.510121
0.507098
0.515471
0.502824
0.526715
0.492169
0.551448
0.47813
0.597747
0.47241
0.66531
0.49145
0.711111
0.542253
0.679765
0.576465
0.677124
0.565708
0.723519
0.587165
0.705536
0.6497
0.669634
0.648061
0.699926
0.670654
0.640921
0.705669
0.665038
0.695927
0.63567
0.757465
0.647813
0.753635
0.627303
0.823374
0.66818
0.84381
0.656632
0.87876
0.748322
0.922031
0.844776
0.945214
0.972581
1.03591
1.18998
1.95045
1.59097
1.45421
1.38238
1.31044
1.23196
1.14277
1.03436
0.897493
0.743002
0.573299
0.401985
0.261638
0.165057
0.11932
0.11491
0.137924
0.195427
0.303818
0.415779
0.433848
0.446541
0.660873
1.39579
2.27721
2.79627
2.9796
2.57561
1.73725
1.02055
0.560438
0.326005
0.225207
0.198095
0.222228
0.266605
0.314289
0.356816
0.39176
0.419972
0.442861
0.461582
0.476952
0.489515
0.499759
0.507998
0.514698
0.519977
0.52435
0.527718
0.53047
0.532945
0.533815
0.537162
0.534288
0.542436
0.528894
0.554797
0.513082
0.582906
0.484703
0.634005
0.452101
0.719386
0.435767
0.870379
0.46286
1.06935
0.539496
1.24176
0.618148
1.42338
0.686416
1.62017
0.794652
1.73509
0.91021
1.85277
0.983362
2.00504
1.12971
2.09262
1.23454
2.24106
1.40846
2.26565
1.53373
2.36856
1.80498
2.38482
1.96805
2.46827
2.4602
2.91443
2.99603
3.54139
3.77508
4.65808
4.92781
6.22889
0.089178
0.163718
0.343177
0.75231
1.57544
2.56777
2.3442
1.27114
0.863171
0.842768
0.715903
0.51673
1.60035
4.05452
5.36129
5.62897
4.90647
4.07577
2.96138
2.08353
1.66183
1.14491
0.937573
0.536189
0.406621
0.252891
0.199984
0.184507
0.231362
0.336485
0.488111
0.651413
0.782824
0.857551
0.878412
0.865469
0.823607
0.775779
0.73014
0.689783
0.656141
0.62921
0.608085
0.591709
0.579063
0.569272
0.561651
0.555629
0.550824
0.546851
0.543544
0.540566
0.537936
0.535248
0.532715
0.529816
0.526949
0.523527
0.520025
0.516033
0.511796
0.507445
0.502606
0.498167
0.493015
0.488487
0.483259
0.478215
0.472826
0.466688
0.460496
0.452924
0.444829
0.435509
0.424566
0.412533
0.398357
0.382095
0.364151
0.342662
0.319561
0.292796
0.263262
0.231594
0.196491
0.161567
0.125532
0.093458
0.065542
0.0547876
0.0582856
0.0819158
0.121367
0.174489
0.225568
0.24987
0.230849
0.129363
0.0639865
0.0336046
0.11626
0.122838
0.1466
0.178564
0.222757
0.466652
1.04672
0.987359
0.662006
0.621319
1.21733
2.78261
3.19644
3.22074
1.97337
1.09308
0.687966
0.532792
0.362006
0.288785
0.237144
0.186192
0.168911
0.146201
0.1412
0.144752
0.144032
0.145834
0.145543
0.149139
0.168118
0.218786
0.30354
0.405134
0.499662
0.56864
0.607193
0.618038
0.616798
0.608563
0.593642
0.579634
0.567213
0.55674
0.548098
0.541048
0.535371
0.53079
0.527128
0.524138
0.521769
0.519757
0.518206
0.516761
0.515695
0.514535
0.513691
0.512641
0.511729
0.510708
0.509477
0.508447
0.506765
0.505652
0.50361
0.50219
0.500064
0.49805
0.495992
0.493368
0.491043
0.488182
0.484996
0.48202
0.477951
0.474039
0.469657
0.463887
0.458765
0.451666
0.443585
0.43646
0.42335
0.415188
0.397295
0.385548
0.361394
0.343787
0.308231
0.278897
0.228979
0.185182
0.139137
0.118783
0.0984885
0.0830583
0.0628798
0.053529
0.0510632
0.0569872
0.12064
0.121293
0.143263
0.192986
0.195627
0.201817
0.357185
0.404855
0.4257
1.03444
2.28837
2.63144
2.01673
0.892749
0.432714
0.301962
0.283816
0.277331
0.264641
0.214216
0.189355
0.176678
0.172173
0.167499
0.170571
0.176295
0.174344
0.164851
0.146259
0.124605
0.103629
0.0888745
0.0827937
0.0846249
0.0968038
0.136903
0.192919
0.241428
0.27987
0.306013
0.321025
0.328225
0.329158
0.328398
0.326127
0.322694
0.319412
0.316468
0.313909
0.311779
0.310015
0.308648
0.307539
0.30681
0.306208
0.305941
0.305833
0.305874
0.305957
0.306182
0.306484
0.306644
0.307135
0.307196
0.307575
0.307668
0.308042
0.308267
0.308718
0.30917
0.309983
0.310471
0.312181
0.312461
0.315421
0.315467
0.319776
0.319928
0.325526
0.326294
0.333163
0.335021
0.342985
0.345378
0.352361
0.353185
0.355728
0.352589
0.353267
0.347093
0.340607
0.320668
0.286666
0.217847
0.166392
0.122738
0.10576
0.0799579
0.0637119
0.0649085
0.121155
0.123427
0.166406
0.224038
0.2484
0.226064
0.240623
0.274765
0.553831
1.71765
2.19061
1.76494
0.72003
0.386779
0.329335
0.349089
0.358504
0.361126
0.329613
0.293753
0.278399
0.223674
0.220022
0.206134
0.224468
0.234648
0.243474
0.237887
0.215089
0.180625
0.142075
0.104251
0.0748093
0.0529925
0.0398255
0.0364313
0.0378456
0.043943
0.0592238
0.0757942
0.0896707
0.0999165
0.106532
0.110272
0.112136
0.112295
0.112068
0.11145
0.110527
0.10968
0.108856
0.10825
0.107664
0.107356
0.107054
0.107047
0.107051
0.107196
0.107349
0.107683
0.108103
0.108344
0.109024
0.109304
0.10988
0.110521
0.110823
0.112027
0.112289
0.114071
0.114229
0.116611
0.117007
0.12006
0.120914
0.124777
0.126395
0.131426
0.134223
0.140737
0.145894
0.15308
0.164864
0.173244
0.191186
0.207902
0.23187
0.25981
0.286722
0.30776
0.32375
0.328758
0.332256
0.318594
0.27881
0.224685
0.15226
0.116314
0.0799511
0.0762046
0.119636
0.127936
0.192567
0.248383
0.300075
0.282248
0.250212
0.309594
1.04422
1.79622
1.7855
0.803788
0.390332
0.319731
0.331695
0.344087
0.350588
0.355649
0.328163
0.319187
0.320166
0.260836
0.25559
0.246733
0.269153
0.287323
0.295067
0.29069
0.269267
0.228034
0.190254
0.152674
0.11355
0.0796191
0.0548096
0.038073
0.0260417
0.0181992
0.0154739
0.0154337
0.0159508
0.0174575
0.0189897
0.0200747
0.0203924
0.0203432
0.0201444
0.0196932
0.0191368
0.0186309
0.0181207
0.0177503
0.0173571
0.0171587
0.0169058
0.0168311
0.0167734
0.0168038
0.0168395
0.0169188
0.0171059
0.0171724
0.0174452
0.0175367
0.0178782
0.0179875
0.01834
0.0185501
0.0190185
0.0193335
0.0200056
0.0204045
0.0214278
0.0219557
0.0232671
0.0243519
0.0254262
0.0281677
0.0295179
0.0331136
0.0352554
0.0405666
0.0447838
0.0515361
0.0612889
0.0697844
0.0885659
0.103852
0.133726
0.16501
0.215056
0.262266
0.295802
0.311307
0.296197
0.267995
0.212694
0.141164
0.0913713
0.0876338
0.119251
0.136741
0.218629
0.274544
0.351801
0.349408
0.313997
0.499869
1.41024
1.66637
1.02741
0.449859
0.309318
0.293501
0.295722
0.295358
0.292977
0.293749
0.281578
0.296862
0.287696
0.273715
0.277785
0.286241
0.32667
0.339548
0.337557
0.321956
0.298593
0.263705
0.21661
0.176659
0.142136
0.105877
0.0743328
0.0514175
0.0356664
0.0247063
0.0171009
0.0118845
0.0083271
0.00598148
0.00449153
0.00355965
0.00294352
0.0025181
0.00220292
0.00195733
0.0017491
0.00158658
0.00143848
0.00133739
0.00123223
0.00117919
0.00111107
0.00109032
0.00105788
0.00106022
0.00106053
0.00106896
0.0010928
0.00110203
0.00114586
0.00116013
0.00121294
0.00123338
0.0012727
0.00135903
0.00138575
0.00149788
0.00155003
0.0016869
0.00185286
0.00194268
0.00227516
0.00242244
0.00286018
0.00314444
0.00370588
0.00447424
0.00509169
0.00663414
0.00781074
0.0105494
0.0127337
0.0180609
0.022615
0.0335006
0.0425989
0.0657123
0.0850128
0.130474
0.168338
0.235454
0.263671
0.250541
0.219615
0.16586
0.100986
0.0894834
0.116332
0.143761
0.231644
0.294763
0.396188
0.444206
0.499949
0.951262
1.40198
1.2983
0.581467
0.325357
0.278422
0.27178
0.27554
0.287207
0.277437
0.271948
0.259035
0.265417
0.263556
0.25687
0.267295
0.291334
0.339716
0.353721
0.349812
0.328786
0.3017
0.273504
0.236979
0.193537
0.156941
0.127104
0.0950349
0.0666062
0.0456678
0.0313502
0.021587
0.0147038
0.00982793
0.00647612
0.00417277
0.00261247
0.00159387
0.000954787
0.000567889
0.000342071
0.000212271
0.000139443
9.63213e-05
7.28306e-05
5.63175e-05
4.8689e-05
4.09339e-05
3.89803e-05
3.52917e-05
3.53858e-05
3.50386e-05
3.55659e-05
3.68405e-05
3.72643e-05
4.06226e-05
4.10197e-05
4.52581e-05
4.57601e-05
4.98988e-05
5.36465e-05
5.64769e-05
6.68836e-05
7.03641e-05
8.54333e-05
9.25516e-05
0.000108597
0.000135964
0.000153386
0.000206944
0.000239522
0.000323541
0.000400878
0.000542988
0.00072278
0.00111014
0.00146155
0.00227521
0.00317914
0.00503962
0.00737495
0.0122397
0.0184073
0.0316231
0.046515
0.0812151
0.107787
0.168343
0.185876
0.177472
0.156942
0.121518
0.0850246
0.111553
0.150493
0.242253
0.305604
0.422716
0.542179
0.720758
1.0561
1.27322
0.774213
0.38322
0.27753
0.260312
0.260364
0.286409
0.295229
0.280662
0.274896
0.258813
0.261009
0.265784
0.259562
0.266856
0.289851
0.337642
0.351506
0.346519
0.319623
0.281515
0.25744
0.236651
0.203373
0.164915
0.134965
0.109558
0.0821662
0.0577856
0.0394742
0.0267723
0.0181689
0.0122617
0.00808704
0.00517387
0.00320018
0.00190659
0.00109625
0.000611055
0.000329851
0.000172343
8.76899e-05
4.36837e-05
2.16484e-05
1.07018e-05
5.57528e-06
2.96286e-06
1.91289e-06
1.2273e-06
1.07764e-06
9.13501e-07
9.34992e-07
9.38823e-07
9.55468e-07
1.07282e-06
1.08479e-06
1.25793e-06
1.27683e-06
1.49676e-06
1.61745e-06
1.80592e-06
2.27966e-06
2.48109e-06
3.21077e-06
3.73942e-06
5.23587e-06
6.31482e-06
8.40108e-06
1.17884e-05
1.47986e-05
2.25077e-05
3.17693e-05
4.8562e-05
9.02733e-05
0.000121593
0.000185399
0.000333943
0.000491397
0.000875276
0.00142521
0.00267865
0.00453769
0.00838767
0.0156701
0.0272166
0.0503986
0.0730044
0.119233
0.118243
0.116789
0.129177
0.100334
0.109221
0.154043
0.247344
0.308716
0.432658
0.593071
0.789031
0.994828
0.945823
0.481787
0.300883
0.257035
0.248016
0.266086
0.293563
0.299521
0.289894
0.29481
0.277026
0.27296
0.283788
0.304062
0.318995
0.338453
0.356138
0.352556
0.338449
0.317729
0.282742
0.246418
0.217876
0.200017
0.168938
0.137035
0.113938
0.0924676
0.0691291
0.0484219
0.0327864
0.0219393
0.0146254
0.00966978
0.00627749
0.00396345
0.00241901
0.00141975
0.000799081
0.000432415
0.000225868
0.000114133
5.5961e-05
2.67179e-05
1.24788e-05
5.74575e-06
2.59477e-06
1.17715e-06
5.2181e-07
2.50679e-07
1.13268e-07
6.9532e-08
3.95423e-08
3.32754e-08
3.2059e-08
2.98457e-08
3.52127e-08
3.45073e-08
4.32734e-08
4.58649e-08
5.55009e-08
7.27519e-08
9.59282e-08
1.52354e-07
1.87096e-07
2.68063e-07
3.41146e-07
4.80386e-07
6.93073e-07
1.03658e-06
2.09943e-06
4.09714e-06
6.23777e-06
1.17912e-05
2.16606e-05
5.97232e-05
7.08725e-05
0.000123465
0.000182382
0.000342941
0.00057158
0.00106643
0.00209855
0.00430459
0.008559
0.018228
0.0307828
0.0551906
0.0827843
0.0841646
0.0911099
0.134883
0.101143
0.155244
0.249045
0.298374
0.409701
0.593043
0.747053
0.822835
0.602663
0.346279
0.264463
0.243403
0.248624
0.283854
0.301014
0.299821
0.289396
0.29958
0.298331
0.296416
0.306962
0.350908
0.394364
0.404329
0.398173
0.379204
0.337956
0.320847
0.307356
0.270128
0.220016
0.188751
0.166473
0.136329
0.112955
0.0954486
0.0769005
0.056905
0.0394117
0.0263073
0.0172912
0.0112827
0.00728585
0.0046173
0.00284773
0.00169886
0.000977085
0.00054119
0.000288846
0.000148757
7.40948e-05
3.57821e-05
1.67856e-05
7.67608e-06
3.43471e-06
1.52055e-06
6.58097e-07
2.95087e-07
1.23857e-07
6.33263e-08
2.59538e-08
1.67964e-08
8.05138e-09
5.51561e-09
4.18574e-09
2.97121e-09
3.28669e-09
3.7152e-09
5.16621e-09
8.15465e-09
1.02162e-08
1.65384e-08
1.68707e-08
2.34893e-08
2.98625e-08
4.06069e-08
8.05389e-08
1.32066e-07
3.39509e-07
8.08462e-07
4.8636e-06
1.06126e-05
2.68282e-05
2.6236e-05
3.31716e-05
4.13529e-05
7.62446e-05
9.81687e-05
0.000163217
0.000275119
0.000553475
0.00117542
0.00249002
0.0057979
0.0117979
0.0228809
0.0451844
0.0670901
0.0845807
0.137718
0.0882838
0.152455
0.245609
0.288514
0.366527
0.506622
0.597658
0.614053
0.399268
0.28167
0.245997
0.24072
0.256814
0.29828
0.305529
0.285423
0.258111
0.260392
0.277493
0.295614
0.312052
0.360789
0.418013
0.43589
0.430447
0.410688
0.370327
0.32845
0.315843
0.301448
0.255391
0.195383
0.163734
0.133781
0.107843
0.0923231
0.0790956
0.0628953
0.0457022
0.0310587
0.0203236
0.0130659
0.00831351
0.00522164
0.00321526
0.00192757
0.00111959
0.000628302
0.000340363
0.000178046
9.00379e-05
4.41075e-05
2.09636e-05
9.70779e-06
4.37926e-06
1.94971e-06
8.44018e-07
3.80735e-07
1.5768e-07
8.51303e-08
3.4853e-08
2.57646e-08
1.32302e-08
1.13206e-08
8.25518e-09
7.30807e-09
5.9059e-09
6.29265e-09
9.93805e-09
1.02527e-08
1.58829e-08
1.60175e-08
1.93619e-08
3.12339e-08
3.17638e-08
6.15839e-08
6.24403e-08
1.99206e-07
5.53777e-07
2.33529e-06
2.36282e-06
3.63967e-06
8.78324e-06
9.21113e-06
1.11118e-05
3.14763e-05
3.35284e-05
5.85323e-05
6.85719e-05
0.0001618
0.000203825
0.00037298
0.000759199
0.0017499
0.00426047
0.00939183
0.0200615
0.0450447
0.0745532
0.134523
0.080296
0.14346
0.238575
0.280599
0.331688
0.397341
0.447773
0.432
0.305948
0.258843
0.241148
0.244696
0.280977
0.312328
0.30126
0.260132
0.232323
0.223979
0.223182
0.234371
0.262485
0.322396
0.395245
0.435738
0.434538
0.418619
0.39336
0.340937
0.315404
0.305046
0.278793
0.2186
0.168803
0.134137
0.104496
0.0858784
0.0757791
0.0647994
0.0503232
0.0355836
0.0235787
0.0150606
0.00943743
0.00583472
0.00355094
0.00211573
0.00122777
0.000691394
0.00037706
0.000199056
0.000101725
5.04143e-05
2.42342e-05
1.13531e-05
5.17387e-06
2.32807e-06
1.01797e-06
4.71296e-07
1.97939e-07
1.2192e-07
5.37478e-08
4.80631e-08
3.70584e-08
3.65714e-08
3.72559e-08
3.60718e-08
3.38879e-08
3.45956e-08
3.26757e-08
2.74752e-08
3.13226e-08
4.00253e-08
7.04277e-08
8.20234e-08
1.66112e-07
1.64426e-07
2.72023e-07
2.99134e-07
4.64163e-07
5.34464e-07
6.71818e-07
1.19672e-06
2.12817e-06
3.805e-06
1.25662e-05
1.3038e-05
2.30485e-05
2.75423e-05
7.16961e-05
8.16281e-05
0.000174616
0.000197942
0.000342588
0.000657565
0.00149294
0.00401248
0.0102378
0.026808
0.0619669
0.151276
0.0717702
0.127325
0.232399
0.27719
0.313845
0.337956
0.355085
0.325554
0.278622
0.259194
0.243279
0.252342
0.289796
0.315342
0.302716
0.262003
0.232385
0.222196
0.219225
0.223293
0.241121
0.294735
0.353208
0.385453
0.398065
0.39318
0.377494
0.330029
0.286388
0.27872
0.271037
0.234225
0.181355
0.137421
0.104311
0.0812205
0.0699943
0.0627259
0.0523322
0.0391292
0.0267083
0.0171733
0.0106703
0.00649674
0.00389141
0.00228828
0.00131568
0.000736978
0.000401145
0.000211992
0.000108674
5.41456e-05
2.6187e-05
1.23674e-05
5.68383e-06
2.58665e-06
1.15114e-06
5.54379e-07
2.44507e-07
1.80504e-07
1.00854e-07
1.22134e-07
1.17411e-07
1.43155e-07
1.52013e-07
1.75757e-07
1.69011e-07
1.64544e-07
1.44601e-07
1.49861e-07
1.57669e-07
2.06397e-07
2.53089e-07
3.94923e-07
3.5654e-07
3.70601e-07
3.59033e-07
3.77363e-07
4.1308e-07
4.19332e-07
5.10872e-07
6.14417e-07
8.01763e-07
1.10078e-06
3.80019e-06
4.09933e-06
6.32559e-06
1.63287e-05
2.77168e-05
5.77004e-05
8.035e-05
0.000213628
0.000235412
0.000425851
0.00073665
0.00163804
0.00498097
0.0156557
0.0487132
0.164318
0.0612825
0.104916
0.218769
0.275526
0.308326
0.323375
0.322737
0.300016
0.283328
0.266054
0.252263
0.257044
0.294197
0.314284
0.308768
0.275596
0.247857
0.237955
0.242153
0.261191
0.301235
0.355371
0.38037
0.366714
0.329798
0.301896
0.270775
0.220431
0.18609
0.186533
0.203274
0.211262
0.191065
0.143875
0.105731
0.0792713
0.0646344
0.0585105
0.0517046
0.0411405
0.0292905
0.0192067
0.0119526
0.00720711
0.00425399
0.00246376
0.0013978
0.000774755
0.00041843
0.000220004
0.000112427
5.59758e-05
2.70775e-05
1.28264e-05
5.92255e-06
2.71878e-06
1.24225e-06
6.24669e-07
3.062e-07
2.59082e-07
1.96226e-07
2.60073e-07
2.77013e-07
3.2435e-07
4.17643e-07
4.13482e-07
4.38297e-07
4.64297e-07
5.10893e-07
6.26348e-07
7.95521e-07
9.6479e-07
1.04657e-06
9.61738e-07
9.2919e-07
8.81387e-07
8.38384e-07
8.54569e-07
7.76461e-07
9.91882e-07
9.79338e-07
1.26129e-06
1.1656e-06
2.32329e-06
2.16505e-06
3.48526e-06
4.69764e-06
8.7066e-06
1.01258e-05
1.484e-05
3.79504e-05
9.57953e-05
0.000320725
0.000328368
0.000568995
0.00116209
0.00276974
0.0103688
0.0395903
0.173643
0.0565433
0.0821975
0.188327
0.27242
0.308925
0.327607
0.320821
0.308348
0.300277
0.268766
0.25603
0.262234
0.30686
0.322454
0.320065
0.278212
0.260363
0.262034
0.287396
0.365501
0.41727
0.430513
0.417931
0.369878
0.283655
0.209045
0.157573
0.117682
0.0951671
0.0936137
0.102444
0.143618
0.158169
0.149054
0.110304
0.0791233
0.0613553
0.0536213
0.0493588
0.0416287
0.0310786
0.0209583
0.0131805
0.00792743
0.00463006
0.00264376
0.00147785
0.000807967
0.000431196
0.000224524
0.000113823
5.63548e-05
2.714e-05
1.28411e-05
5.9463e-06
2.7484e-06
1.31325e-06
7.01002e-07
4.16271e-07
4.30506e-07
4.51862e-07
6.75776e-07
8.42058e-07
1.07679e-06
1.74829e-06
1.93034e-06
2.21236e-06
3.1428e-06
3.19223e-06
3.73114e-06
3.73032e-06
4.07893e-06
4.08504e-06
4.113e-06
3.96689e-06
3.58139e-06
3.41396e-06
2.86759e-06
3.10129e-06
2.94029e-06
3.06638e-06
2.77963e-06
3.32824e-06
2.97083e-06
4.4032e-06
4.08674e-06
1.04374e-05
8.57996e-06
1.74182e-05
1.59306e-05
2.47147e-05
4.70312e-05
0.000123812
0.000363701
0.000441201
0.000800165
0.00200272
0.00713526
0.0363305
0.198457
0.0562025
0.065404
0.140164
0.258995
0.310329
0.332336
0.323375
0.322725
0.299988
0.26956
0.256666
0.268503
0.312953
0.325812
0.322542
0.275035
0.257417
0.269492
0.326447
0.415246
0.441529
0.434809
0.398414
0.29615
0.187746
0.137885
0.104646
0.0858501
0.0738198
0.0695321
0.0709651
0.0873983
0.121502
0.126325
0.114475
0.0810469
0.0598254
0.0498908
0.0459001
0.0408813
0.0319969
0.0222632
0.0142361
0.00860146
0.00500261
0.00282911
0.00156207
0.00084284
0.000444005
0.000228436
0.000114526
5.61891e-05
2.68298e-05
1.26352e-05
5.85578e-06
2.71216e-06
1.4078e-06
7.47396e-07
6.60796e-07
7.40845e-07
9.33951e-07
1.5358e-06
2.00071e-06
2.55474e-06
3.97091e-06
4.04783e-06
4.87775e-06
5.31632e-06
6.7298e-06
6.64052e-06
6.90883e-06
7.04349e-06
6.96601e-06
6.89858e-06
6.65104e-06
6.47745e-06
5.82445e-06
5.64875e-06
4.92405e-06
4.62255e-06
4.43398e-06
3.99656e-06
3.95973e-06
4.44538e-06
4.28061e-06
6.33364e-06
6.31012e-06
1.16117e-05
1.3473e-05
3.8184e-05
3.19971e-05
4.41202e-05
7.10802e-05
0.000171273
0.000755159
0.000838735
0.0016415
0.00566249
0.0292779
0.210556
0.0563217
0.058612
0.103858
0.205402
0.31226
0.331157
0.325714
0.320531
0.284586
0.271582
0.258017
0.268771
0.31109
0.324698
0.318855
0.275038
0.256913
0.271877
0.342062
0.416739
0.417769
0.373134
0.255652
0.131499
0.0862054
0.0766274
0.0734908
0.0719146
0.0701027
0.0659846
0.0650076
0.0691607
0.0966641
0.110506
0.107413
0.0842295
0.0596045
0.0475159
0.0427844
0.0392895
0.0320576
0.0230189
0.0150127
0.00915637
0.0053331
0.00300371
0.00164602
0.000879856
0.000458776
0.000233601
0.000115896
5.63182e-05
2.66304e-05
1.2447e-05
5.77804e-06
2.67415e-06
1.52773e-06
8.63911e-07
9.82921e-07
1.1578e-06
2.16711e-06
2.71813e-06
5.39582e-06
5.69916e-06
9.18592e-06
9.32211e-06
1.1773e-05
1.17766e-05
1.48057e-05
1.58266e-05
2.2032e-05
2.27705e-05
2.78924e-05
2.58847e-05
2.5114e-05
2.30188e-05
2.26893e-05
2.14274e-05
1.87809e-05
1.73933e-05
1.39677e-05
1.2767e-05
9.92893e-06
9.48382e-06
7.28728e-06
7.4498e-06
6.81961e-06
7.70205e-06
1.09553e-05
1.67557e-05
3.46934e-05
3.45313e-05
6.96385e-05
0.000166168
0.000408989
0.00117288
0.00168387
0.00430287
0.0279359
0.259201
0.0756715
0.0871697
0.121972
0.160148
0.293249
0.341902
0.343351
0.325303
0.275524
0.276138
0.263094
0.274911
0.316795
0.320906
0.31409
0.285026
0.288304
0.315004
0.375147
0.372231
0.333114
0.209836
0.107146
0.0693182
0.0610542
0.0648219
0.0672848
0.0683583
0.0723288
0.0724582
0.0685594
0.0686376
0.0841137
0.101343
0.101174
0.0860107
0.0600194
0.0460668
0.0404186
0.0373669
0.0314879
0.0231499
0.0154026
0.00951487
0.0055755
0.00314311
0.00171786
0.000913873
0.000473612
0.000239571
0.000118008
5.69746e-05
2.67751e-05
1.24804e-05
5.83341e-06
2.72712e-06
1.76464e-06
1.17815e-06
1.96367e-06
2.30383e-06
7.27425e-06
7.25269e-06
1.94664e-05
1.65351e-05
3.535e-05
2.88687e-05
5.19272e-05
4.49986e-05
7.01996e-05
6.16844e-05
9.62326e-05
8.23513e-05
0.000122911
0.00010681
0.000122084
0.000113036
0.000111331
9.22777e-05
9.41809e-05
8.42095e-05
6.98961e-05
5.43495e-05
5.02853e-05
3.59069e-05
2.90316e-05
1.85592e-05
1.88356e-05
1.49272e-05
1.64837e-05
1.79168e-05
2.06044e-05
4.81857e-05
7.15796e-05
0.000164379
0.000380224
0.000785774
0.00181981
0.00432222
0.0227813
0.279776
0.210531
0.299618
0.354623
0.331413
0.277893
0.336543
0.378711
0.340955
0.292403
0.302816
0.295434
0.306578
0.308417
0.308149
0.313833
0.329357
0.362212
0.409591
0.392241
0.335515
0.201766
0.0972039
0.0603064
0.0528975
0.0563312
0.0732243
0.0768944
0.076495
0.083176
0.0873487
0.0830169
0.0771499
0.0831964
0.0973335
0.0978943
0.0872554
0.0608691
0.0453536
0.0387595
0.035748
0.0304891
0.0227998
0.0153369
0.00957606
0.00566079
0.00320916
0.00175809
0.000935159
0.000483697
0.00024402
0.000119765
5.76635e-05
2.69912e-05
1.25983e-05
5.93858e-06
2.84227e-06
2.05228e-06
1.59664e-06
3.6652e-06
4.06833e-06
1.83465e-05
1.73525e-05
6.16664e-05
4.89417e-05
0.000167703
0.000116792
0.000356226
0.000250115
0.000581004
0.000421682
0.000789808
0.00058416
0.000956593
0.000726442
0.00105006
0.000812312
0.00100512
0.000747339
0.000840355
0.000621479
0.000568454
0.000396327
0.000347134
0.000215438
0.000157382
0.000101316
7.11141e-05
5.12363e-05
3.36767e-05
3.48406e-05
3.44804e-05
5.33147e-05
0.000119024
0.000125909
0.000245786
0.000809981
0.00150091
0.00434945
0.0249702
0.330448
0.919396
0.93486
0.899251
0.864801
0.646774
0.438174
0.394239
0.333104
0.330087
0.343655
0.336646
0.308329
0.290529
0.30329
0.377705
0.436107
0.467283
0.445169
0.380855
0.230488
0.101493
0.0564223
0.0480739
0.0508168
0.0672891
0.117385
0.125293
0.119902
0.115444
0.114117
0.110369
0.0940581
0.0915379
0.0980528
0.0983093
0.0882515
0.0617107
0.0451365
0.0381634
0.034639
0.0292782
0.022073
0.0150194
0.00944656
0.00561208
0.00319454
0.00175632
0.000936964
0.000485376
0.000245009
0.000120129
5.78247e-05
2.70073e-05
1.26896e-05
6.01451e-06
3.05012e-06
2.35305e-06
2.26497e-06
6.40012e-06
6.42001e-06
3.65592e-05
2.90914e-05
0.000117239
9.03753e-05
0.000264231
0.000219981
0.00050822
0.000443872
0.000804572
0.000751847
0.00116554
0.0011426
0.00159106
0.00161528
0.00216059
0.00216812
0.00289787
0.00287514
0.00361454
0.00357105
0.00402447
0.00361211
0.00349045
0.00244644
0.00211491
0.00139292
0.0010024
0.000520858
0.000319097
0.000153722
0.000109991
7.17552e-05
0.000115818
0.000268592
0.000266868
0.000549558
0.00254196
0.00436958
0.0271283
0.378522
9.66666
2.42441
2.56789
1.26459
1.91895
2.13161
2.3598
2.56236
2.6803
2.83235
5.99021
3.42589
3.32212
2.66614
2.67614
2.82039
3.00639
3.20896
3.33469
3.53059
2.95862
4.51534
3.44986
3.25936
2.90924
2.84669
2.855
2.91519
2.97264
3.10423
0.989096
4.41028
3.41044
3.38687
3.04966
2.80375
2.65969
2.58995
2.56459
2.58409
0.317536
3.3692
2.77472
2.93798
2.74989
2.52875
2.36553
2.22213
2.15261
2.08551
0.200873
1.95484
1.71201
1.98195
1.95824
1.89896
1.83549
1.71854
1.66189
1.56873
0.26504
1.04601
0.921829
1.05782
1.08341
1.0947
1.1029
1.08744
1.06216
1.00682
0.330294
0.623745
0.567931
0.578847
0.571101
0.551714
0.549569
0.544907
0.532318
0.504922
0.514537
0.511489
0.484829
0.443511
0.407929
0.368872
0.350357
0.321117
0.306215
0.273061
0.662039
0.574238
0.523419
0.454315
0.401333
0.349861
0.325826
0.282764
0.263766
0.222754
0.55725
0.550052
0.513393
0.437332
0.376547
0.321393
0.293244
0.249976
0.230223
0.189208
0.261716
0.401922
0.373081
0.309462
0.256864
0.216207
0.189755
0.169422
0.160638
0.147829
0.117088
0.199524
0.186324
0.156003
0.138556
0.133665
0.135138
0.143139
0.153894
0.191267
0.0775032
0.102455
0.097144
0.100192
0.115579
0.152993
0.213203
0.316375
0.37948
0.527542
0.0630786
0.0665247
0.0808282
0.148104
0.31885
0.541757
0.791773
0.980948
1.12065
1.28139
0.0603243
0.0987788
0.268609
0.731366
1.35419
1.75127
2.03218
2.13538
2.21587
2.20984
0.163237
0.621016
1.6163
2.76017
3.34886
3.47799
3.45523
3.33494
3.25242
3.06161
1.17242
3.38097
4.94229
5.52522
5.38156
4.977
4.59735
4.2282
4.03841
3.72665
5.53716
7.80923
8.01068
7.48485
6.48262
5.67418
5.12632
4.67252
4.43377
4.0958
9.95262
9.00209
7.57189
6.08148
4.915
4.23166
3.83213
3.51613
3.34991
3.11763
)
;

boundaryField
{
    inlet
    {
        type            fixedValue;
        value           uniform 2e-05;
    }
    outlet
    {
        type            inletOutlet;
        inletValue      uniform 0;
        value           nonuniform List<scalar> 
20
(
2.83235
3.53059
3.10423
2.58409
2.08551
1.56873
1.00682
0.504922
0.273061
0.222754
0.189208
0.147829
0.191267
0.527542
1.28139
2.20984
3.06161
3.72665
4.0958
3.11763
)
;
    }
    walls
    {
        type            fixedValue;
        value           uniform 0;
    }
    frontAndBack
    {
        type            empty;
    }
}


// ************************************************************************* //
