/*--------------------------------*- C++ -*----------------------------------*\
| =========                 |                                                 |
| \\      /  F ield         | OpenFOAM: The Open Source CFD Toolbox           |
|  \\    /   O peration     | Version:  2.4.0                                 |
|   \\  /    A nd           | Web:      www.OpenFOAM.org                      |
|    \\/     M anipulation  |                                                 |
\*---------------------------------------------------------------------------*/
FoamFile
{
    version     2.0;
    format      ascii;
    class       volVectorField;
    location    "0.006";
    object      U;
}
// * * * * * * * * * * * * * * * * * * * * * * * * * * * * * * * * * * * * * //

dimensions      [0 1 -1 0 0 0 0];

internalField   nonuniform List<vector> 
4400
(
(5.44066 0.310746 0)
(3.46632 0.0669884 0)
(2.75969 0.00555837 0)
(2.55911 -0.00383014 0)
(2.60843 -0.00352929 0)
(2.67235 -0.000234551 0)
(2.67859 -0.000556655 0)
(2.83833 -0.00657373 0)
(3.00385 0.0136884 0)
(1.99702 -0.098317 0)
(8.7277 0.835236 0)
(7.91484 0.333954 0)
(7.20135 0.0957893 0)
(6.83105 0.00722338 0)
(6.84097 -0.0160306 0)
(6.95262 -0.00413861 0)
(6.90825 -0.0150131 0)
(7.35685 -0.0208643 0)
(6.78369 0.0128892 0)
(8.6027 -1.00411 0)
(9.75832 0.879568 0)
(10.334 0.429873 0)
(10.1961 0.149889 0)
(9.84535 0.0193147 0)
(9.78334 -0.0257557 0)
(9.90799 -0.00179602 0)
(9.81346 -0.0423424 0)
(10.4373 -0.00690269 0)
(9.21042 -0.137337 0)
(12.6011 -1.41623 0)
(9.78727 0.728473 0)
(11.2213 0.40253 0)
(11.6544 0.149894 0)
(11.3756 0.023988 0)
(11.1993 -0.0284359 0)
(11.3597 0.00419503 0)
(11.145 -0.0805236 0)
(11.6876 0.080959 0)
(11.5293 -0.40141 0)
(11.3515 -1.40984 0)
(9.71252 0.592581 0)
(11.3408 0.336321 0)
(11.9495 0.124906 0)
(11.6644 0.0272653 0)
(11.4742 -0.0313731 0)
(11.5064 0.0158174 0)
(11.6213 -0.0626724 0)
(11.4557 -0.106175 0)
(11.8454 -0.0328977 0)
(12.0671 -1.48769 0)
(9.69061 0.476087 0)
(11.2868 0.275805 0)
(11.9304 0.104908 0)
(11.6624 0.0243296 0)
(11.4705 -0.0193781 0)
(11.5375 0.00612866 0)
(11.5502 -0.0792101 0)
(11.5639 0.0394501 0)
(11.7859 -0.537454 0)
(11.2016 -1.21349 0)
(9.68214 0.364784 0)
(11.2304 0.216711 0)
(11.8973 0.0825587 0)
(11.6454 0.0231381 0)
(11.4719 -0.020947 0)
(11.5207 0.0133039 0)
(11.5708 -0.0512214 0)
(11.5517 -0.155656 0)
(11.5146 -0.128572 0)
(11.5053 -1.18834 0)
(9.67645 0.257288 0)
(11.1886 0.15575 0)
(11.8723 0.0595889 0)
(11.6337 0.017459 0)
(11.4701 -0.0148828 0)
(11.5122 0.0103726 0)
(11.5849 -0.0778959 0)
(11.4634 -0.0351324 0)
(11.6499 -0.409466 0)
(11.1967 -1.26591 0)
(9.67271 0.152992 0)
(11.161 0.0939244 0)
(11.8559 0.0354752 0)
(11.6256 0.0121688 0)
(11.4686 -0.012937 0)
(11.5092 0.00712988 0)
(11.5733 -0.051976 0)
(11.4719 -0.133506 0)
(11.5042 -0.272354 0)
(11.1708 -0.881732 0)
(9.67086 0.0507103 0)
(11.1473 0.0315181 0)
(11.8478 0.0110926 0)
(11.6213 0.00568071 0)
(11.4683 -0.0104415 0)
(11.5044 0.00732431 0)
(11.5706 -0.0627165 0)
(11.4466 -0.0988654 0)
(11.4732 -0.292142 0)
(11.0648 -1.03768 0)
(9.67088 -0.0509047 0)
(11.1472 -0.0310531 0)
(11.848 -0.0134631 0)
(11.6208 -0.000943446 0)
(11.4686 -0.00793164 0)
(11.5011 0.00432941 0)
(11.564 -0.0551358 0)
(11.4313 -0.110495 0)
(11.42 -0.29497 0)
(11.0126 -0.785018 0)
(9.67277 -0.15318 0)
(11.1608 -0.0934719 0)
(11.8564 -0.0378428 0)
(11.6239 -0.00743296 0)
(11.4698 -0.00552153 0)
(11.4981 0.00326101 0)
(11.5572 -0.0535862 0)
(11.4175 -0.107849 0)
(11.3789 -0.262941 0)
(10.942 -0.725848 0)
(9.67655 -0.257462 0)
(11.1883 -0.155357 0)
(11.8731 -0.0617412 0)
(11.6308 -0.0134195 0)
(11.4719 -0.00264722 0)
(11.4954 0.00207882 0)
(11.5506 -0.0504887 0)
(11.4048 -0.101315 0)
(11.3424 -0.249865 0)
(10.8987 -0.604529 0)
(9.68227 -0.364945 0)
(11.2299 -0.216318 0)
(11.8982 -0.0848551 0)
(11.6415 -0.0185 0)
(11.475 0.000948561 0)
(11.4929 0.0014959 0)
(11.5444 -0.0470983 0)
(11.3934 -0.093685 0)
(11.3133 -0.2274 0)
(10.8624 -0.488706 0)
(9.69078 -0.476209 0)
(11.2862 -0.275596 0)
(11.9319 -0.106463 0)
(11.6561 -0.0222782 0)
(11.4791 0.00544607 0)
(11.4906 0.00138124 0)
(11.5387 -0.0433846 0)
(11.3829 -0.083754 0)
(11.2903 -0.205694 0)
(10.8374 -0.373684 0)
(9.71271 -0.592694 0)
(11.3401 -0.336071 0)
(11.9506 -0.126823 0)
(11.6592 -0.0235144 0)
(11.4749 0.0112436 0)
(11.4803 0.00181047 0)
(11.5236 -0.0387013 0)
(11.3627 -0.072347 0)
(11.2552 -0.183409 0)
(10.7957 -0.256004 0)
(9.78749 -0.728521 0)
(11.2205 -0.402519 0)
(11.6563 -0.150772 0)
(11.3642 -0.0236592 0)
(11.2219 0.0171315 0)
(11.2401 0.00255098 0)
(11.268 -0.0320985 0)
(11.1039 -0.0560242 0)
(10.9525 -0.1577 0)
(10.4289 -0.147561 0)
(9.75844 -0.879607 0)
(10.3336 -0.429906 0)
(10.1961 -0.150484 0)
(9.83969 -0.019511 0)
(9.78168 0.0176792 0)
(9.83272 0.00173475 0)
(9.83332 -0.023953 0)
(9.6703 -0.0372882 0)
(9.50118 -0.118194 0)
(8.76176 -0.0598152 0)
(8.72771 -0.835262 0)
(7.91463 -0.334001 0)
(7.20068 -0.0960788 0)
(6.82687 -0.00771292 0)
(6.8316 0.0123024 0)
(6.89098 0.000121633 0)
(6.86702 -0.0137774 0)
(6.72116 -0.0221847 0)
(6.56147 -0.06055 0)
(5.75791 -0.0247956 0)
(5.4406 -0.310748 0)
(3.46611 -0.0669947 0)
(2.75888 -0.00562316 0)
(2.55624 0.00380542 0)
(2.59806 0.00291538 0)
(2.63748 -0.000415696 0)
(2.6099 -0.00248055 0)
(2.52589 -0.00369789 0)
(2.39749 -0.00672029 0)
(1.96823 0.0101181 0)
(9.49464 -3.80435 0)
(10.2856 -5.58114 0)
(10.1641 -4.76395 0)
(9.99932 -3.53666 0)
(7.9199 -3.66831 0)
(5.95688 -3.74237 0)
(5.45109 -3.10593 0)
(5.51428 -2.4118 0)
(5.53514 -1.93003 0)
(5.4636 -1.58081 0)
(5.37533 -1.29879 0)
(5.30628 -1.06547 0)
(5.25793 -0.87283 0)
(5.2242 -0.714493 0)
(5.20031 -0.584781 0)
(5.1832 -0.478643 0)
(5.17081 -0.391785 0)
(5.16176 -0.320677 0)
(5.1551 -0.262456 0)
(5.15017 -0.214788 0)
(5.14648 -0.175759 0)
(5.14371 -0.143806 0)
(5.14162 -0.117648 0)
(5.14003 -0.0962364 0)
(5.13882 -0.0787124 0)
(5.13788 -0.0643718 0)
(5.13715 -0.0526376 0)
(5.13659 -0.0430371 0)
(5.13615 -0.0351831 0)
(5.1358 -0.0287585 0)
(5.13552 -0.0235036 0)
(5.13531 -0.0192057 0)
(5.13513 -0.0156904 0)
(5.135 -0.0128158 0)
(5.13488 -0.0104642 0)
(5.13479 -0.00853899 0)
(5.13472 -0.00696537 0)
(5.13467 -0.00567832 0)
(5.13462 -0.00462243 0)
(5.13458 -0.00375585 0)
(5.13455 -0.00304468 0)
(5.13453 -0.00245924 0)
(5.13451 -0.00197523 0)
(5.13449 -0.00157287 0)
(5.13448 -0.00123578 0)
(5.13447 -0.000950103 0)
(5.13447 -0.000704202 0)
(5.13446 -0.000488143 0)
(5.13446 -0.000293116 0)
(5.13446 -0.000111314 0)
(5.13446 6.44847e-05 0)
(5.13446 0.000241185 0)
(5.13446 0.00042573 0)
(5.13446 0.000625416 0)
(5.13447 0.000847862 0)
(5.13448 0.00110168 0)
(5.13448 0.00139646 0)
(5.1345 0.00174357 0)
(5.13451 0.00215604 0)
(5.13453 0.0026496 0)
(5.13455 0.00324299 0)
(5.13458 0.00395877 0)
(5.13461 0.004824 0)
(5.13465 0.00587139 0)
(5.1347 0.00714066 0)
(5.13476 0.00867979 0)
(5.13484 0.0105469 0)
(5.13493 0.0128124 0)
(5.13504 0.0155621 0)
(5.13517 0.0188997 0)
(5.13533 0.0229511 0)
(5.13553 0.0278692 0)
(5.13577 0.0338397 0)
(5.13606 0.041088 0)
(5.13641 0.0498873 0)
(5.13683 0.06057 0)
(5.13736 0.0735392 0)
(5.13799 0.0892849 0)
(5.13876 0.108402 0)
(5.13971 0.131615 0)
(5.14087 0.159803 0)
(5.14228 0.194042 0)
(5.14405 0.235635 0)
(5.14618 0.286215 0)
(5.149 0.347644 0)
(5.15202 0.422773 0)
(5.15732 0.513306 0)
(5.16002 0.627411 0)
(5.17351 0.757723 0)
(5.16585 0.945464 0)
(5.21082 1.11261 0)
(5.12622 1.48767 0)
(5.3026 1.58398 0)
(4.92453 2.46752 0)
(5.21744 2.17952 0)
(5.11997 3.55476 0)
(4.85834 3.30087 0)
(4.43225 5.32808 0)
(6.09054 5.39601 0)
(3.71038 9.99435 0)
(12.7986 -3.13474 0)
(11.2782 -4.95088 0)
(8.45092 -5.43294 0)
(8.76284 -4.06736 0)
(9.39381 -2.95523 0)
(8.04016 -2.81786 0)
(6.50223 -2.7269 0)
(5.84844 -2.33939 0)
(5.66133 -1.90637 0)
(5.56522 -1.54783 0)
(5.47267 -1.26425 0)
(5.39196 -1.03728 0)
(5.32973 -0.852077 0)
(5.28339 -0.699554 0)
(5.24888 -0.573933 0)
(5.223 -0.470659 0)
(5.20343 -0.385843 0)
(5.18849 -0.316215 0)
(5.17701 -0.259077 0)
(5.16812 -0.21221 0)
(5.16119 -0.17378 0)
(5.15576 -0.142276 0)
(5.15149 -0.116458 0)
(5.14811 -0.095307 0)
(5.14543 -0.0779824 0)
(5.14329 -0.0637958 0)
(5.14158 -0.0521811 0)
(5.14021 -0.0426741 0)
(5.13911 -0.0348931 0)
(5.13823 -0.0285267 0)
(5.13751 -0.0233168 0)
(5.13693 -0.019056 0)
(5.13646 -0.0155696 0)
(5.13608 -0.0127166 0)
(5.13577 -0.0103857 0)
(5.13552 -0.00847585 0)
(5.13532 -0.00691302 0)
(5.13515 -0.00563601 0)
(5.13502 -0.0045888 0)
(5.13491 -0.00372905 0)
(5.13482 -0.00302323 0)
(5.13475 -0.00244216 0)
(5.13469 -0.00196163 0)
(5.13465 -0.00156215 0)
(5.13461 -0.00122742 0)
(5.13458 -0.000943778 0)
(5.13456 -0.000699575 0)
(5.13455 -0.000484916 0)
(5.13454 -0.00029114 0)
(5.13453 -0.000110475 0)
(5.13453 6.42464e-05 0)
(5.13453 0.000239901 0)
(5.13454 0.000423334 0)
(5.13455 0.000621729 0)
(5.13457 0.000842773 0)
(5.13459 0.00109492 0)
(5.13462 0.00138778 0)
(5.13465 0.0017325 0)
(5.1347 0.00214229 0)
(5.13475 0.00263262 0)
(5.13482 0.00322217 0)
(5.13491 0.00393328 0)
(5.13501 0.00479299 0)
(5.13513 0.00583377 0)
(5.13529 0.00709494 0)
(5.13547 0.00862419 0)
(5.1357 0.0104794 0)
(5.13597 0.0127305 0)
(5.1363 0.0154626 0)
(5.13671 0.0187787 0)
(5.1372 0.0228042 0)
(5.13779 0.0276911 0)
(5.13852 0.0336236 0)
(5.13939 0.0408256 0)
(5.14046 0.0495691 0)
(5.14176 0.060184 0)
(5.14333 0.0730709 0)
(5.14524 0.0887166 0)
(5.14757 0.107712 0)
(5.1504 0.130777 0)
(5.15385 0.158786 0)
(5.15806 0.192805 0)
(5.16322 0.234128 0)
(5.16947 0.284378 0)
(5.17742 0.345385 0)
(5.18642 0.42007 0)
(5.20005 0.509658 0)
(5.21034 0.624124 0)
(5.24074 0.749454 0)
(5.23877 0.947082 0)
(5.32163 1.08623 0)
(5.24122 1.51705 0)
(5.50504 1.522 0)
(4.94661 2.62374 0)
(5.91241 1.94848 0)
(4.49354 4.00279 0)
(5.96475 2.96397 0)
(4.67819 5.54457 0)
(8.10177 4.80456 0)
(5.72507 10.5269 0)
(12.2135 -2.91955 0)
(11.1192 -3.27939 0)
(8.24993 -4.16282 0)
(6.584 -4.63901 0)
(7.67972 -3.77898 0)
(8.34586 -2.70715 0)
(7.51334 -2.2551 0)
(6.51086 -2.0451 0)
(5.96685 -1.78136 0)
(5.71876 -1.48722 0)
(5.57622 -1.22222 0)
(5.47447 -1.00391 0)
(5.39813 -0.826175 0)
(5.34017 -0.679963 0)
(5.29579 -0.559154 0)
(5.26163 -0.459429 0)
(5.2352 -0.377234 0)
(5.2146 -0.309561 0)
(5.19845 -0.253897 0)
(5.18571 -0.208153 0)
(5.17563 -0.170585 0)
(5.1676 -0.139749 0)
(5.16119 -0.114451 0)
(5.15606 -0.0937065 0)
(5.15195 -0.0767021 0)
(5.14863 -0.0627686 0)
(5.14595 -0.051355 0)
(5.14379 -0.042008 0)
(5.14204 -0.0343553 0)
(5.14062 -0.0280912 0)
(5.13947 -0.0229644 0)
(5.13853 -0.0187698 0)
(5.13777 -0.0153366 0)
(5.13716 -0.0125288 0)
(5.13665 -0.0102324 0)
(5.13624 -0.00835027 0)
(5.13591 -0.0068116 0)
(5.13564 -0.00555411 0)
(5.13541 -0.00452196 0)
(5.13523 -0.00367422 0)
(5.13509 -0.00297852 0)
(5.13497 -0.00240602 0)
(5.13488 -0.00193265 0)
(5.1348 -0.0015391 0)
(5.13474 -0.00120931 0)
(5.13469 -0.000929802 0)
(5.13466 -0.000689138 0)
(5.13463 -0.000477591 0)
(5.13462 -0.000286569 0)
(5.13461 -0.000108387 0)
(5.1346 6.39805e-05 0)
(5.13461 0.000237291 0)
(5.13462 0.000418321 0)
(5.13464 0.000614202 0)
(5.13467 0.00083241 0)
(5.1347 0.00108128 0)
(5.13475 0.00137032 0)
(5.13481 0.00171061 0)
(5.13489 0.00211506 0)
(5.13498 0.00259895 0)
(5.13509 0.00318076 0)
(5.13523 0.00388264 0)
(5.1354 0.00473115 0)
(5.13561 0.00575828 0)
(5.13587 0.00700298 0)
(5.13617 0.0085124 0)
(5.13655 0.0103435 0)
(5.137 0.0125654 0)
(5.13756 0.0152621 0)
(5.13823 0.0185355 0)
(5.13905 0.0225091 0)
(5.14004 0.0273328 0)
(5.14124 0.0331888 0)
(5.1427 0.0402981 0)
(5.14447 0.0489291 0)
(5.14663 0.0594072 0)
(5.14924 0.0721281 0)
(5.15242 0.0875723 0)
(5.15629 0.106323 0)
(5.16099 0.12909 0)
(5.16671 0.156735 0)
(5.17368 0.19031 0)
(5.1822 0.231092 0)
(5.19253 0.28067 0)
(5.20555 0.340864 0)
(5.2204 0.414512 0)
(5.24261 0.502702 0)
(5.2588 0.616319 0)
(5.31167 0.735369 0)
(5.29706 0.945442 0)
(5.46434 1.0312 0)
(5.31398 1.5776 0)
(5.7218 1.34957 0)
(5.30649 2.78646 0)
(5.98622 1.73218 0)
(4.69005 4.33532 0)
(6.34949 2.36175 0)
(5.31031 5.64609 0)
(8.71495 4.12869 0)
(6.71091 10.633 0)
(10.6682 -2.78305 0)
(11.6855 -3.26622 0)
(10.6922 -3.03421 0)
(7.18314 -3.4483 0)
(5.70021 -3.64137 0)
(6.4357 -2.90422 0)
(6.94048 -2.17072 0)
(6.68666 -1.80647 0)
(6.23398 -1.59432 0)
(5.90371 -1.38049 0)
(5.69638 -1.16083 0)
(5.56022 -0.962583 0)
(5.46504 -0.795307 0)
(5.39474 -0.656249 0)
(5.34085 -0.540817 0)
(5.29886 -0.445175 0)
(5.26591 -0.366094 0)
(5.2399 -0.300807 0)
(5.21927 -0.246984 0)
(5.20284 -0.202667 0)
(5.1897 -0.166214 0)
(5.17915 -0.136254 0)
(5.17067 -0.111648 0)
(5.16384 -0.0914519 0)
(5.15832 -0.0748847 0)
(5.15385 -0.0613008 0)
(5.15023 -0.0501673 0)
(5.1473 -0.0410457 0)
(5.14491 -0.0335744 0)
(5.14297 -0.0274571 0)
(5.14139 -0.0224488 0)
(5.14011 -0.0183501 0)
(5.13906 -0.0149958 0)
(5.13821 -0.0122504 0)
(5.13751 -0.0100049 0)
(5.13695 -0.0081664 0)
(5.13648 -0.00666189 0)
(5.13611 -0.00543122 0)
(5.1358 -0.0044218 0)
(5.13555 -0.00359312 0)
(5.13535 -0.00291293 0)
(5.13519 -0.00235312 0)
(5.13505 -0.0018902 0)
(5.13495 -0.00150529 0)
(5.13487 -0.00118271 0)
(5.1348 -0.000909323 0)
(5.13475 -0.000673919 0)
(5.13472 -0.000466892 0)
(5.13469 -0.000279849 0)
(5.13468 -0.000105342 0)
(5.13467 6.35219e-05 0)
(5.13468 0.000233394 0)
(5.1347 0.0004109 0)
(5.13472 0.000602921 0)
(5.13476 0.000816803 0)
(5.13481 0.00106076 0)
(5.13488 0.00134411 0)
(5.13496 0.00167763 0)
(5.13507 0.002074 0)
(5.1352 0.00254829 0)
(5.13536 0.00311862 0)
(5.13555 0.00380659 0)
(5.13579 0.00463829 0)
(5.13608 0.00564522 0)
(5.13643 0.00686552 0)
(5.13686 0.0083453 0)
(5.13739 0.0101404 0)
(5.13802 0.0123188 0)
(5.13879 0.0149627 0)
(5.13973 0.018172 0)
(5.14086 0.0220678 0)
(5.14224 0.0267971 0)
(5.14392 0.0325386 0)
(5.14595 0.0395089 0)
(5.14842 0.0479711 0)
(5.15142 0.0582445 0)
(5.15506 0.0707169 0)
(5.15949 0.085859 0)
(5.16487 0.104243 0)
(5.1714 0.126563 0)
(5.17936 0.153665 0)
(5.18904 0.186575 0)
(5.20087 0.226548 0)
(5.21521 0.275115 0)
(5.23319 0.334124 0)
(5.25379 0.406089 0)
(5.28443 0.492753 0)
(5.30574 0.603004 0)
(5.38439 0.719488 0)
(5.33774 0.929391 0)
(5.66009 0.974113 0)
(5.21382 1.63457 0)
(6.34542 1.0461 0)
(5.17952 3.11607 0)
(7.06035 1.22862 0)
(5.153 4.61666 0)
(9.02946 1.8211 0)
(4.88708 5.91242 0)
(10.9295 2.77585 0)
(7.64244 10.1257 0)
(10.803 -2.88858 0)
(9.66045 -3.57609 0)
(10.0431 -3.05589 0)
(9.26684 -2.63417 0)
(6.92236 -2.82398 0)
(5.83349 -2.6704 0)
(5.96525 -2.17017 0)
(6.16925 -1.73723 0)
(6.13021 -1.45557 0)
(5.96307 -1.25405 0)
(5.78477 -1.07393 0)
(5.63882 -0.90559 0)
(5.52924 -0.755841 0)
(5.44715 -0.627258 0)
(5.38402 -0.518702 0)
(5.33454 -0.427947 0)
(5.2954 -0.35252 0)
(5.26425 -0.290042 0)
(5.23935 -0.238405 0)
(5.21938 -0.195803 0)
(5.2033 -0.160705 0)
(5.19034 -0.13182 0)
(5.17986 -0.108072 0)
(5.17138 -0.0885617 0)
(5.16451 -0.0725449 0)
(5.15893 -0.0594036 0)
(5.15439 -0.0486273 0)
(5.15071 -0.0397941 0)
(5.1477 -0.0325565 0)
(5.14526 -0.0266284 0)
(5.14326 -0.021774 0)
(5.14164 -0.0178002 0)
(5.14032 -0.0145472 0)
(5.13924 -0.0118846 0)
(5.13835 -0.00970705 0)
(5.13763 -0.00792373 0)
(5.13705 -0.00646352 0)
(5.13657 -0.00526931 0)
(5.13618 -0.00429035 0)
(5.13586 -0.00348649 0)
(5.1356 -0.00282638 0)
(5.1354 -0.00228311 0)
(5.13523 -0.00183392 0)
(5.13509 -0.00146043 0)
(5.13499 -0.00114742 0)
(5.1349 -0.000882131 0)
(5.13484 -0.000653629 0)
(5.1348 -0.000452569 0)
(5.13477 -0.000270855 0)
(5.13475 -0.000101244 0)
(5.13474 6.29789e-05 0)
(5.13475 0.000228256 0)
(5.13477 0.000400986 0)
(5.13481 0.000587855 0)
(5.13486 0.000796037 0)
(5.13492 0.00103349 0)
(5.13501 0.00130925 0)
(5.13511 0.00163381 0)
(5.13525 0.00201956 0)
(5.13541 0.00248118 0)
(5.13562 0.00303624 0)
(5.13587 0.00370582 0)
(5.13617 0.00451538 0)
(5.13654 0.00549557 0)
(5.13699 0.00668345 0)
(5.13754 0.00812394 0)
(5.1382 0.0098715 0)
(5.13901 0.0119922 0)
(5.14 0.0145661 0)
(5.14119 0.0176903 0)
(5.14264 0.021483 0)
(5.1444 0.0260873 0)
(5.14654 0.031677 0)
(5.14913 0.038463 0)
(5.15228 0.0467015 0)
(5.15611 0.0567035 0)
(5.16075 0.0688462 0)
(5.16639 0.0835878 0)
(5.17325 0.101485 0)
(5.18158 0.123213 0)
(5.19172 0.149595 0)
(5.20404 0.181625 0)
(5.21909 0.220527 0)
(5.23735 0.267756 0)
(5.26012 0.325206 0)
(5.28648 0.394887 0)
(5.32472 0.47989 0)
(5.35258 0.584033 0)
(5.45193 0.704088 0)
(5.38 0.889382 0)
(5.85167 0.954909 0)
(5.02566 1.58139 0)
(7.18533 0.8575 0)
(4.11686 3.34552 0)
(9.20579 0.659224 0)
(4.54784 4.95198 0)
(11.5389 1.14097 0)
(5.19985 6.41562 0)
(11.5574 1.60969 0)
(8.66602 9.42841 0)
(10.6288 -1.50465 0)
(9.6884 -2.20372 0)
(9.75757 -2.86581 0)
(10.8669 -2.95958 0)
(9.95983 -2.67822 0)
(7.83593 -2.45631 0)
(6.52885 -2.2118 0)
(6.04712 -1.87119 0)
(5.92512 -1.51967 0)
(5.87098 -1.24263 0)
(5.78595 -1.03186 0)
(5.67971 -0.860614 0)
(5.57856 -0.716984 0)
(5.49325 -0.595812 0)
(5.42394 -0.493703 0)
(5.36816 -0.408091 0)
(5.32341 -0.336696 0)
(5.28748 -0.277384 0)
(5.25855 -0.228246 0)
(5.23522 -0.187628 0)
(5.21636 -0.154109 0)
(5.20109 -0.126488 0)
(5.1887 -0.103754 0)
(5.17864 -0.0850601 0)
(5.17047 -0.0697016 0)
(5.16382 -0.0570925 0)
(5.1584 -0.046747 0)
(5.15399 -0.0382632 0)
(5.1504 -0.0313092 0)
(5.14746 -0.0256117 0)
(5.14507 -0.020945 0)
(5.14312 -0.0171238 0)
(5.14153 -0.0139954 0)
(5.14023 -0.0114346 0)
(5.13916 -0.00933941 0)
(5.1383 -0.00762381 0)
(5.13759 -0.00621912 0)
(5.13701 -0.00507004 0)
(5.13654 -0.00412809 0)
(5.13616 -0.0033546 0)
(5.13585 -0.00271932 0)
(5.1356 -0.00219652 0)
(5.1354 -0.00176432 0)
(5.13523 -0.00140495 0)
(5.13511 -0.00110376 0)
(5.13501 -0.000848453 0)
(5.13493 -0.000628475 0)
(5.13487 -0.000434817 0)
(5.13484 -0.000259687 0)
(5.13482 -9.61288e-05 0)
(5.13481 6.23221e-05 0)
(5.13482 0.000221874 0)
(5.13485 0.000388685 0)
(5.13489 0.000569178 0)
(5.13495 0.000770268 0)
(5.13503 0.000999629 0)
(5.13513 0.00126599 0)
(5.13526 0.00157949 0)
(5.13542 0.00195208 0)
(5.13562 0.00239798 0)
(5.13587 0.00293416 0)
(5.13617 0.00358101 0)
(5.13654 0.00436315 0)
(5.13698 0.00531019 0)
(5.13753 0.00645794 0)
(5.13819 0.0078498 0)
(5.139 0.0095384 0)
(5.13998 0.0115876 0)
(5.14117 0.0140747 0)
(5.14261 0.0170937 0)
(5.14436 0.0207587 0)
(5.14649 0.025208 0)
(5.14908 0.0306095 0)
(5.15221 0.0371672 0)
(5.15602 0.0451286 0)
(5.16065 0.0547941 0)
(5.16627 0.0665282 0)
(5.17309 0.0807737 0)
(5.18138 0.0980679 0)
(5.19145 0.119063 0)
(5.2037 0.144552 0)
(5.21859 0.175492 0)
(5.23676 0.213069 0)
(5.25882 0.25865 0)
(5.28615 0.314156 0)
(5.31829 0.381073 0)
(5.36297 0.463935 0)
(5.40012 0.560525 0)
(5.50877 0.686834 0)
(5.44439 0.831417 0)
(5.96719 0.969839 0)
(4.98111 1.41134 0)
(7.66823 0.876059 0)
(3.19873 3.24513 0)
(10.3755 0.0550537 0)
(4.14876 5.23185 0)
(10.3093 0.085466 0)
(6.43217 6.72265 0)
(9.80465 1.00419 0)
(9.16413 9.00361 0)
(11.5283 -2.25843 0)
(10.6898 -2.90387 0)
(7.9799 -2.9706 0)
(6.49145 -2.68792 0)
(7.0664 -2.03955 0)
(8.26554 -1.56286 0)
(8.41364 -1.45463 0)
(7.61942 -1.40941 0)
(6.79236 -1.2857 0)
(6.26641 -1.12309 0)
(5.96413 -0.958454 0)
(5.77403 -0.80655 0)
(5.64064 -0.673963 0)
(5.54059 -0.561158 0)
(5.46242 -0.465879 0)
(5.40005 -0.385774 0)
(5.34991 -0.318767 0)
(5.30947 -0.262949 0)
(5.27677 -0.216599 0)
(5.25027 -0.178211 0)
(5.22878 -0.146482 0)
(5.21132 -0.120302 0)
(5.19713 -0.0987294 0)
(5.18557 -0.0809749 0)
(5.17616 -0.0663772 0)
(5.16849 -0.0543852 0)
(5.16224 -0.0445408 0)
(5.15714 -0.0364644 0)
(5.15297 -0.029842 0)
(5.14958 -0.0244145 0)
(5.1468 -0.0199678 0)
(5.14454 -0.0163261 0)
(5.14269 -0.0133442 0)
(5.14118 -0.0109028 0)
(5.13994 -0.00890513 0)
(5.13893 -0.00726968 0)
(5.13811 -0.00593035 0)
(5.13744 -0.00483422 0)
(5.13689 -0.00393589 0)
(5.13645 -0.00319842 0)
(5.13609 -0.00259266 0)
(5.13579 -0.00209409 0)
(5.13556 -0.00168194 0)
(5.13537 -0.00133926 0)
(5.13522 -0.00105206 0)
(5.1351 -0.000808564 0)
(5.13501 -0.000598683 0)
(5.13495 -0.000413797 0)
(5.13491 -0.000246481 0)
(5.13488 -9.0101e-05 0)
(5.13488 6.15106e-05 0)
(5.13489 0.000214268 0)
(5.13492 0.000374045 0)
(5.13497 0.000546976 0)
(5.13504 0.000739664 0)
(5.13513 0.000959439 0)
(5.13525 0.00121466 0)
(5.1354 0.00151503 0)
(5.13559 0.00187203 0)
(5.13582 0.00229928 0)
(5.13611 0.00281307 0)
(5.13646 0.00343295 0)
(5.13689 0.00418255 0)
(5.13741 0.00509028 0)
(5.13805 0.00619043 0)
(5.13882 0.0075246 0)
(5.13976 0.00914327 0)
(5.1409 0.0111076 0)
(5.14229 0.0134919 0)
(5.14398 0.016386 0)
(5.14602 0.0198994 0)
(5.1485 0.0241648 0)
(5.15152 0.0293431 0)
(5.15518 0.0356299 0)
(5.15962 0.0432624 0)
(5.16502 0.0525287 0)
(5.17158 0.0637781 0)
(5.17953 0.0774349 0)
(5.1892 0.0940137 0)
(5.20095 0.114139 0)
(5.21523 0.13857 0)
(5.23259 0.16822 0)
(5.25374 0.204224 0)
(5.27947 0.247865 0)
(5.31111 0.301038 0)
(5.34896 0.364836 0)
(5.39901 0.444701 0)
(5.44777 0.533961 0)
(5.55475 0.663543 0)
(5.53333 0.769902 0)
(5.9921 0.982737 0)
(5.17596 1.21302 0)
(7.64694 0.980386 0)
(3.29756 3.02177 0)
(10.3481 -0.646337 0)
(4.27254 5.75497 0)
(8.19907 -1.2601 0)
(7.30374 6.91371 0)
(9.02843 0.816391 0)
(9.75455 8.36443 0)
(9.74295 -1.46691 0)
(9.70848 -1.16082 0)
(11.1266 -1.43905 0)
(10.3868 -2.42368 0)
(7.4371 -2.87865 0)
(5.85361 -2.51249 0)
(5.75031 -1.91194 0)
(5.98326 -1.43447 0)
(6.08793 -1.15622 0)
(6.04674 -0.993523 0)
(5.9342 -0.863158 0)
(5.80331 -0.739103 0)
(5.68221 -0.624007 0)
(5.58039 -0.522429 0)
(5.49719 -0.435132 0)
(5.42955 -0.361105 0)
(5.37464 -0.298871 0)
(5.33007 -0.246858 0)
(5.29388 -0.203561 0)
(5.26445 -0.16763 0)
(5.24049 -0.137885 0)
(5.22099 -0.113309 0)
(5.20509 -0.0930367 0)
(5.19213 -0.0763373 0)
(5.18155 -0.0625968 0)
(5.17292 -0.0513019 0)
(5.16587 -0.042025 0)
(5.16012 -0.034411 0)
(5.15542 -0.0281655 0)
(5.15158 -0.0230454 0)
(5.14844 -0.0188497 0)
(5.14588 -0.0154128 0)
(5.14379 -0.0125981 0)
(5.14208 -0.0102936 0)
(5.14068 -0.00840746 0)
(5.13954 -0.00686332 0)
(5.13861 -0.00559886 0)
(5.13784 -0.00456378 0)
(5.13723 -0.00371554 0)
(5.13672 -0.00301928 0)
(5.13631 -0.00244727 0)
(5.13598 -0.00197646 0)
(5.13571 -0.0015873 0)
(5.1355 -0.00126378 0)
(5.13533 -0.000992662 0)
(5.13519 -0.000762748 0)
(5.13509 -0.000564455 0)
(5.13502 -0.000389636 0)
(5.13497 -0.000231294 0)
(5.13495 -8.31674e-05 0)
(5.13494 6.05794e-05 0)
(5.13495 0.000205515 0)
(5.13499 0.000357194 0)
(5.13504 0.000521413 0)
(5.13512 0.000704427 0)
(5.13523 0.000913165 0)
(5.13536 0.00115556 0)
(5.13553 0.00144084 0)
(5.13575 0.00177991 0)
(5.13601 0.0021857 0)
(5.13634 0.00267372 0)
(5.13674 0.00326259 0)
(5.13723 0.00397479 0)
(5.13782 0.0048373 0)
(5.13854 0.00588268 0)
(5.13942 0.00715048 0)
(5.14049 0.0086887 0)
(5.14179 0.0105555 0)
(5.14337 0.0128213 0)
(5.14528 0.0155718 0)
(5.1476 0.0189108 0)
(5.15043 0.0229645 0)
(5.15385 0.027886 0)
(5.15801 0.033861 0)
(5.16306 0.0411151 0)
(5.1692 0.049922 0)
(5.17664 0.0606137 0)
(5.18569 0.073593 0)
(5.19667 0.089349 0)
(5.21001 0.108474 0)
(5.22623 0.131688 0)
(5.24595 0.159856 0)
(5.26994 0.194052 0)
(5.29916 0.235478 0)
(5.33487 0.285938 0)
(5.37821 0.346334 0)
(5.43292 0.422194 0)
(5.49407 0.505293 0)
(5.59356 0.631666 0)
(5.63349 0.715629 0)
(5.95981 0.961672 0)
(5.53267 1.06125 0)
(7.24489 1.03976 0)
(4.28554 2.83738 0)
(9.66929 -1.25333 0)
(4.55691 6.57359 0)
(7.68628 -2.19377 0)
(8.19828 6.50481 0)
(9.05367 0.809399 0)
(9.98323 7.43126 0)
(10.7013 -1.51243 0)
(9.98255 -2.39236 0)
(8.7294 -2.64694 0)
(8.47581 -1.81845 0)
(8.64611 -1.16221 0)
(8.33785 -1.15133 0)
(7.67959 -1.30966 0)
(7.04671 -1.28772 0)
(6.57901 -1.13272 0)
(6.26013 -0.962233 0)
(6.03778 -0.81412 0)
(5.86738 -0.686841 0)
(5.73018 -0.576872 0)
(5.61941 -0.482647 0)
(5.52978 -0.402426 0)
(5.45691 -0.334462 0)
(5.39756 -0.277213 0)
(5.34921 -0.22925 0)
(5.30979 -0.189237 0)
(5.27765 -0.155968 0)
(5.25142 -0.128384 0)
(5.23001 -0.105564 0)
(5.21253 -0.0867193 0)
(5.19826 -0.0711821 0)
(5.1866 -0.0583884 0)
(5.17707 -0.0478654 0)
(5.16928 -0.0392181 0)
(5.16291 -0.032118 0)
(5.15771 -0.026292 0)
(5.15346 -0.0215145 0)
(5.14998 -0.0175987 0)
(5.14714 -0.0143904 0)
(5.14482 -0.0117628 0)
(5.14292 -0.00961102 0)
(5.14137 -0.00784976 0)
(5.1401 -0.00640804 0)
(5.13907 -0.00522739 0)
(5.13823 -0.00426056 0)
(5.13754 -0.00346832 0)
(5.13698 -0.00281825 0)
(5.13652 -0.00228418 0)
(5.13615 -0.00184454 0)
(5.13586 -0.00148116 0)
(5.13562 -0.00117914 0)
(5.13543 -0.00092606 0)
(5.13528 -0.000711383 0)
(5.13517 -0.000526096 0)
(5.13509 -0.000362579 0)
(5.13503 -0.000214314 0)
(5.135 -7.54466e-05 0)
(5.135 5.9472e-05 0)
(5.13501 0.000195617 0)
(5.13505 0.000338198 0)
(5.13511 0.000492642 0)
(5.1352 0.000664795 0)
(5.13532 0.000861128 0)
(5.13547 0.00108911 0)
(5.13566 0.00135743 0)
(5.1359 0.00167633 0)
(5.13619 0.002058 0)
(5.13656 0.00251703 0)
(5.137 0.00307103 0)
(5.13755 0.00374117 0)
(5.13821 0.00455284 0)
(5.13901 0.00553665 0)
(5.13999 0.00672984 0)
(5.14118 0.00817761 0)
(5.14263 0.00993467 0)
(5.14438 0.0120674 0)
(5.14651 0.0146563 0)
(5.1491 0.0177992 0)
(5.15224 0.021615 0)
(5.15606 0.0262476 0)
(5.16069 0.031872 0)
(5.16632 0.0387006 0)
(5.17315 0.0469909 0)
(5.18144 0.0570554 0)
(5.19151 0.0692732 0)
(5.20373 0.0841042 0)
(5.21859 0.102105 0)
(5.23664 0.123952 0)
(5.25858 0.150457 0)
(5.28525 0.182622 0)
(5.31776 0.221575 0)
(5.35729 0.268971 0)
(5.40579 0.325695 0)
(5.46479 0.39664 0)
(5.53754 0.47469 0)
(5.62943 0.591532 0)
(5.72836 0.670572 0)
(5.91887 0.898428 0)
(5.90292 0.981285 0)
(6.71427 0.978247 0)
(5.53546 2.70756 0)
(8.68959 -1.67205 0)
(4.94288 7.36182 0)
(8.08036 -2.58023 0)
(9.06116 5.88771 0)
(9.118 1.14796 0)
(9.57202 6.29323 0)
(10.1872 -1.37648 0)
(9.93898 -1.06808 0)
(9.73811 -1.15035 0)
(8.88597 -1.89409 0)
(7.8163 -2.18728 0)
(7.17154 -1.86352 0)
(6.89993 -1.44891 0)
(6.70696 -1.15557 0)
(6.48209 -0.969648 0)
(6.26077 -0.834684 0)
(6.07012 -0.721079 0)
(5.90709 -0.617389 0)
(5.7685 -0.522847 0)
(5.65346 -0.439375 0)
(5.5591 -0.367333 0)
(5.48181 -0.305892 0)
(5.41853 -0.253925 0)
(5.36676 -0.210254 0)
(5.32443 -0.173735 0)
(5.28981 -0.143314 0)
(5.2615 -0.118051 0)
(5.23835 -0.0971235 0)
(5.21942 -0.0798235 0)
(5.20393 -0.0655469 0)
(5.19127 -0.0537827 0)
(5.18091 -0.0441006 0)
(5.17243 -0.0361405 0)
(5.1655 -0.0296018 0)
(5.15984 -0.0242349 0)
(5.1552 -0.0198326 0)
(5.15141 -0.0162237 0)
(5.14831 -0.0132664 0)
(5.14578 -0.0108439 0)
(5.14371 -0.00886022 0)
(5.14201 -0.00723624 0)
(5.14063 -0.0059068 0)
(5.1395 -0.00481827 0)
(5.13858 -0.00392677 0)
(5.13783 -0.00319626 0)
(5.13722 -0.00259695 0)
(5.13672 -0.00210458 0)
(5.13631 -0.00169921 0)
(5.13599 -0.00136421 0)
(5.13573 -0.00108586 0)
(5.13552 -0.000852689 0)
(5.13536 -0.000654819 0)
(5.13524 -0.000483857 0)
(5.13515 -0.000332789 0)
(5.13509 -0.000195626 0)
(5.13506 -6.69621e-05 0)
(5.13505 5.82213e-05 0)
(5.13507 0.000184667 0)
(5.13511 0.000317205 0)
(5.13518 0.000460862 0)
(5.13527 0.000621022 0)
(5.1354 0.000803654 0)
(5.13557 0.00101572 0)
(5.13578 0.00126531 0)
(5.13604 0.00156197 0)
(5.13636 0.00191699 0)
(5.13676 0.00234401 0)
(5.13725 0.00285951 0)
(5.13784 0.00348325 0)
(5.13857 0.0042388 0)
(5.13945 0.00515462 0)
(5.14052 0.00626544 0)
(5.14183 0.00761335 0)
(5.14341 0.00924927 0)
(5.14533 0.011235 0)
(5.14767 0.0136455 0)
(5.1505 0.0165719 0)
(5.15395 0.0201249 0)
(5.15813 0.0244385 0)
(5.1632 0.0296758 0)
(5.16936 0.0360346 0)
(5.17684 0.0437545 0)
(5.18593 0.0531265 0)
(5.19696 0.0645035 0)
(5.21035 0.0783135 0)
(5.22662 0.0950742 0)
(5.24638 0.115413 0)
(5.27039 0.140084 0)
(5.29957 0.170012 0)
(5.33514 0.206248 0)
(5.37824 0.250267 0)
(5.43146 0.303032 0)
(5.49463 0.368388 0)
(5.57727 0.441874 0)
(5.6647 0.545313 0)
(5.80849 0.630023 0)
(5.90108 0.806897 0)
(6.19005 0.951261 0)
(6.29562 0.817881 0)
(6.58658 2.60226 0)
(7.69289 -1.8131 0)
(5.65336 7.6325 0)
(8.73381 -2.77096 0)
(8.95901 5.43093 0)
(9.00383 1.60444 0)
(9.04104 5.24515 0)
(10.231 -1.0555 0)
(9.75332 -1.41451 0)
(9.31825 -1.66895 0)
(8.90479 -1.45611 0)
(8.30606 -1.20703 0)
(7.67087 -1.11167 0)
(7.21318 -1.06903 0)
(6.87659 -0.99481 0)
(6.58117 -0.88138 0)
(6.32733 -0.759806 0)
(6.12055 -0.650526 0)
(5.94898 -0.554433 0)
(5.80454 -0.469286 0)
(5.68444 -0.39479 0)
(5.58555 -0.330569 0)
(5.50426 -0.275714 0)
(5.43746 -0.229201 0)
(5.38265 -0.190014 0)
(5.3377 -0.157171 0)
(5.30086 -0.12976 0)
(5.27068 -0.106961 0)
(5.24595 -0.0880494 0)
(5.22569 -0.0723991 0)
(5.20911 -0.0594724 0)
(5.19553 -0.0488129 0)
(5.18442 -0.0400346 0)
(5.17532 -0.032814 0)
(5.16787 -0.0268806 0)
(5.16178 -0.0220089 0)
(5.1568 -0.0180119 0)
(5.15272 -0.0147346 0)
(5.14938 -0.0120486 0)
(5.14666 -0.00984828 0)
(5.14442 -0.00804631 0)
(5.1426 -0.00657095 0)
(5.14111 -0.00536344 0)
(5.13989 -0.00437476 0)
(5.1389 -0.00356478 0)
(5.13809 -0.00290108 0)
(5.13743 -0.00235681 0)
(5.1369 -0.0019097 0)
(5.13646 -0.00154156 0)
(5.13611 -0.00123734 0)
(5.13583 -0.000984698 0)
(5.13561 -0.000773152 0)
(5.13544 -0.000593531 0)
(5.1353 -0.000438123 0)
(5.13521 -0.000300564 0)
(5.13515 -0.000175446 0)
(5.13511 -5.78505e-05 0)
(5.1351 5.67742e-05 0)
(5.13512 0.000172675 0)
(5.13517 0.000294324 0)
(5.13524 0.000426267 0)
(5.13534 0.000573414 0)
(5.13548 0.000741134 0)
(5.13566 0.000935907 0)
(5.13589 0.00116514 0)
(5.13617 0.00143758 0)
(5.13652 0.00176359 0)
(5.13695 0.00215578 0)
(5.13748 0.0026294 0)
(5.13812 0.00320265 0)
(5.1389 0.00389715 0)
(5.13986 0.00473904 0)
(5.14102 0.00576026 0)
(5.14242 0.00699953 0)
(5.14414 0.00850367 0)
(5.14621 0.0103295 0)
(5.14874 0.0125459 0)
(5.1518 0.0152369 0)
(5.15552 0.0185039 0)
(5.16004 0.0224705 0)
(5.16552 0.0272867 0)
(5.17218 0.0331343 0)
(5.18027 0.0402337 0)
(5.19008 0.0488525 0)
(5.202 0.059315 0)
(5.21647 0.0720146 0)
(5.23405 0.0874267 0)
(5.25539 0.106127 0)
(5.28133 0.128806 0)
(5.31282 0.156306 0)
(5.3512 0.1896 0)
(5.3976 0.229964 0)
(5.45506 0.278472 0)
(5.52231 0.337804 0)
(5.61288 0.40654 0)
(5.69981 0.495367 0)
(5.87212 0.58801 0)
(5.9139 0.705522 0)
(6.37349 0.932637 0)
(6.0907 0.627135 0)
(7.25754 2.4682 0)
(6.94653 -1.69231 0)
(6.67024 7.01177 0)
(9.21397 -2.67929 0)
(7.8776 4.94822 0)
(8.9079 1.83481 0)
(9.00136 4.47422 0)
(10.1578 -1.02171 0)
(9.77646 -1.02367 0)
(9.37738 -1.04222 0)
(8.82679 -1.23177 0)
(8.17875 -1.32959 0)
(7.61982 -1.20424 0)
(7.22402 -1.02882 0)
(6.91384 -0.88686 0)
(6.62633 -0.767608 0)
(6.37097 -0.660853 0)
(6.15959 -0.567691 0)
(5.98382 -0.485802 0)
(5.83552 -0.412684 0)
(5.71152 -0.348124 0)
(5.60887 -0.292112 0)
(5.52413 -0.24407 0)
(5.45429 -0.203198 0)
(5.3968 -0.168668 0)
(5.34955 -0.139659 0)
(5.31074 -0.115401 0)
(5.27889 -0.0951915 0)
(5.25276 -0.0784054 0)
(5.23133 -0.0644985 0)
(5.21376 -0.0530015 0)
(5.19937 -0.0435138 0)
(5.18757 -0.0356959 0)
(5.17792 -0.0292622 0)
(5.17001 -0.0239734 0)
(5.16353 -0.0196297 0)
(5.15823 -0.016065 0)
(5.1539 -0.0131419 0)
(5.15035 -0.0107458 0)
(5.14745 -0.00878271 0)
(5.14507 -0.00717524 0)
(5.14313 -0.00585896 0)
(5.14155 -0.00478164 0)
(5.14025 -0.00389969 0)
(5.13919 -0.00317709 0)
(5.13833 -0.00258505 0)
(5.13763 -0.00209969 0)
(5.13706 -0.00170098 0)
(5.13659 -0.00137266 0)
(5.13622 -0.00110138 0)
(5.13592 -0.000876311 0)
(5.13569 -0.000687978 0)
(5.1355 -0.00052794 0)
(5.13536 -0.000389198 0)
(5.13526 -0.000266105 0)
(5.13519 -0.000153889 0)
(5.13516 -4.81425e-05 0)
(5.13515 5.51483e-05 0)
(5.13517 0.000159745 0)
(5.13522 0.000269707 0)
(5.13529 0.000389106 0)
(5.13541 0.000522255 0)
(5.13555 0.000673972 0)
(5.13575 0.000850175 0)
(5.13599 0.00105756 0)
(5.13629 0.00130397 0)
(5.13666 0.0015988 0)
(5.13712 0.00195355 0)
(5.13769 0.00238218 0)
(5.13837 0.00290123 0)
(5.13921 0.00353017 0)
(5.14023 0.00429262 0)
(5.14147 0.00521761 0)
(5.14297 0.00634018 0)
(5.1448 0.00770276 0)
(5.14702 0.00935678 0)
(5.14971 0.0113647 0)
(5.15299 0.0138027 0)
(5.15696 0.0167626 0)
(5.16179 0.0203563 0)
(5.16764 0.02472 0)
(5.17476 0.0300185 0)
(5.18339 0.0364514 0)
(5.19388 0.0442609 0)
(5.20661 0.0537412 0)
(5.22206 0.0652484 0)
(5.24083 0.0792126 0)
(5.26362 0.0961538 0)
(5.2913 0.116698 0)
(5.3249 0.141598 0)
(5.36583 0.17174 0)
(5.41526 0.208211 0)
(5.47645 0.252159 0)
(5.54767 0.305215 0)
(5.64431 0.368573 0)
(5.73406 0.443378 0)
(5.92126 0.540441 0)
(5.94991 0.606626 0)
(6.47156 0.893938 0)
(6.06689 0.458128 0)
(7.54607 2.24993 0)
(6.58509 -1.44774 0)
(7.54913 5.84944 0)
(9.26858 -2.26266 0)
(7.0637 4.33574 0)
(9.02171 1.81345 0)
(9.48251 3.76952 0)
(10.1272 -0.77643 0)
(9.71718 -0.849954 0)
(9.30502 -0.96189 0)
(8.82525 -1.03336 0)
(8.24397 -1.00928 0)
(7.69229 -0.915614 0)
(7.27692 -0.816673 0)
(6.95528 -0.73365 0)
(6.66624 -0.650785 0)
(6.40919 -0.565449 0)
(6.19383 -0.486684 0)
(6.01406 -0.417018 0)
(5.86228 -0.354984 0)
(5.73492 -0.300101 0)
(5.62905 -0.252313 0)
(5.54139 -0.21119 0)
(5.46893 -0.176096 0)
(5.40916 -0.146361 0)
(5.35992 -0.12132 0)
(5.3194 -0.100337 0)
(5.2861 -0.0828245 0)
(5.25874 -0.0682585 0)
(5.23628 -0.0561767 0)
(5.21786 -0.0461792 0)
(5.20274 -0.0379227 0)
(5.19036 -0.0311151 0)
(5.1802 -0.0255101 0)
(5.17189 -0.0209008 0)
(5.16508 -0.0171141 0)
(5.1595 -0.014006 0)
(5.15493 -0.0114569 0)
(5.1512 -0.00936706 0)
(5.14814 -0.00765514 0)
(5.14564 -0.00625298 0)
(5.1436 -0.00510486 0)
(5.14193 -0.00416568 0)
(5.14056 -0.00339684 0)
(5.13945 -0.00276661 0)
(5.13854 -0.00225033 0)
(5.1378 -0.00182731 0)
(5.1372 -0.00147986 0)
(5.13671 -0.00119373 0)
(5.13632 -0.000957358 0)
(5.136 -0.000761539 0)
(5.13575 -0.000597863 0)
(5.13556 -0.000458609 0)
(5.13541 -0.000337529 0)
(5.13531 -0.000229751 0)
(5.13524 -0.000131186 0)
(5.1352 -3.79853e-05 0)
(5.13519 5.33018e-05 0)
(5.13521 0.000145906 0)
(5.13526 0.000243506 0)
(5.13534 0.000349607 0)
(5.13546 0.000467907 0)
(5.13562 0.000602618 0)
(5.13582 0.000759121 0)
(5.13608 0.000943285 0)
(5.1364 0.00116202 0)
(5.13679 0.00142369 0)
(5.13728 0.00173863 0)
(5.13787 0.00211943 0)
(5.1386 0.0025809 0)
(5.13948 0.00314018 0)
(5.14056 0.00381825 0)
(5.14187 0.00464097 0)
(5.14346 0.00563954 0)
(5.14539 0.00685171 0)
(5.14774 0.00832322 0)
(5.15059 0.0101096 0)
(5.15405 0.0122787 0)
(5.15825 0.0149121 0)
(5.16335 0.0181097 0)
(5.16955 0.0219926 0)
(5.17707 0.0267076 0)
(5.1862 0.032432 0)
(5.19729 0.0393817 0)
(5.21075 0.0478183 0)
(5.22709 0.0580588 0)
(5.24692 0.0704854 0)
(5.27101 0.0855596 0)
(5.30026 0.103838 0)
(5.33575 0.125982 0)
(5.37895 0.152788 0)
(5.43109 0.185157 0)
(5.49553 0.224261 0)
(5.57051 0.270899 0)
(5.67167 0.328077 0)
(5.76637 0.390248 0)
(5.95882 0.485835 0)
(5.99724 0.515349 0)
(6.51169 0.822852 0)
(6.14357 0.329718 0)
(7.55675 1.96806 0)
(6.5421 -1.1826 0)
(7.92239 4.69794 0)
(9.02751 -1.69047 0)
(7.18102 3.72639 0)
(9.2792 1.66651 0)
(10.0514 3.05044 0)
(10.0974 -0.624151 0)
(9.69586 -0.660967 0)
(9.27986 -0.70769 0)
(8.79734 -0.788795 0)
(8.24328 -0.825353 0)
(7.72311 -0.770259 0)
(7.31525 -0.681746 0)
(6.99035 -0.606332 0)
(6.69993 -0.537455 0)
(6.44123 -0.46809 0)
(6.22247 -0.403617 0)
(6.03929 -0.3466 0)
(5.8846 -0.295869 0)
(5.75453 -0.250804 0)
(5.64605 -0.211357 0)
(5.55597 -0.177264 0)
(5.48135 -0.148061 0)
(5.41966 -0.123238 0)
(5.36875 -0.102274 0)
(5.32679 -0.0846667 0)
(5.29226 -0.0699435 0)
(5.26386 -0.0576777 0)
(5.24053 -0.0474908 0)
(5.22137 -0.0390526 0)
(5.20564 -0.0320781 0)
(5.19275 -0.0263238 0)
(5.18217 -0.0215837 0)
(5.17351 -0.0176842 0)
(5.1664 -0.0144797 0)
(5.16059 -0.0118489 0)
(5.15583 -0.00969132 0)
(5.15193 -0.00792231 0)
(5.14874 -0.00647289 0)
(5.14613 -0.00528631 0)
(5.144 -0.0043146 0)
(5.14226 -0.00351978 0)
(5.14083 -0.00286928 0)
(5.13967 -0.002336 0)
(5.13872 -0.00189934 0)
(5.13795 -0.00154172 0)
(5.13732 -0.00124799 0)
(5.13681 -0.00100603 0)
(5.1364 -0.000806214 0)
(5.13607 -0.000641141 0)
(5.13581 -0.000503422 0)
(5.13561 -0.000386015 0)
(5.13546 -0.000283458 0)
(5.13535 -0.000191738 0)
(5.13527 -0.000107487 0)
(5.13523 -2.7435e-05 0)
(5.13522 5.12448e-05 0)
(5.13525 0.000131244 0)
(5.1353 0.000215883 0)
(5.13539 0.00030804 0)
(5.13551 0.000410711 0)
(5.13568 0.000527541 0)
(5.13589 0.000663337 0)
(5.13616 0.000823085 0)
(5.13649 0.00101268 0)
(5.1369 0.00123942 0)
(5.13741 0.0015124 0)
(5.13804 0.00184287 0)
(5.1388 0.00224378 0)
(5.13973 0.00272975 0)
(5.14085 0.00331901 0)
(5.14222 0.00403412 0)
(5.14389 0.00490216 0)
(5.14592 0.00595606 0)
(5.14837 0.00723548 0)
(5.15136 0.00878867 0)
(5.15499 0.0106747 0)
(5.15939 0.0129646 0)
(5.16474 0.0157452 0)
(5.17123 0.019122 0)
(5.17911 0.0232229 0)
(5.18867 0.0282018 0)
(5.20029 0.0342466 0)
(5.21439 0.0415849 0)
(5.23151 0.0504928 0)
(5.25229 0.0613019 0)
(5.27751 0.0744132 0)
(5.30814 0.0903096 0)
(5.34529 0.109563 0)
(5.39049 0.132866 0)
(5.44502 0.160957 0)
(5.51223 0.194961 0)
(5.59064 0.235099 0)
(5.69509 0.285313 0)
(5.7957 0.336344 0)
(5.98745 0.424702 0)
(6.04613 0.432166 0)
(6.51925 0.723327 0)
(6.25159 0.245187 0)
(7.43755 1.65045 0)
(6.65383 -0.911776 0)
(7.89175 3.72346 0)
(8.74404 -1.11273 0)
(7.69517 3.15505 0)
(9.47287 1.47007 0)
(10.3889 2.3826 0)
(10.0807 -0.448446 0)
(9.67748 -0.461543 0)
(9.2482 -0.505058 0)
(8.77058 -0.585049 0)
(8.24612 -0.623392 0)
(7.74986 -0.587498 0)
(7.34496 -0.523447 0)
(7.01598 -0.469787 0)
(6.72496 -0.420862 0)
(6.46612 -0.369257 0)
(6.2453 -0.319604 0)
(6.05951 -0.275289 0)
(5.90255 -0.235798 0)
(5.77036 -0.200542 0)
(5.65983 -0.169486 0)
(5.56785 -0.142497 0)
(5.49149 -0.11927 0)
(5.42827 -0.0994459 0)
(5.37601 -0.0826459 0)
(5.33289 -0.0684951 0)
(5.29735 -0.0566346 0)
(5.2681 -0.0467346 0)
(5.24405 -0.0384999 0)
(5.22428 -0.0316706 0)
(5.20805 -0.0260205 0)
(5.19473 -0.0213553 0)
(5.1838 -0.0175104 0)
(5.17485 -0.0143461 0)
(5.16751 -0.0117447 0)
(5.16149 -0.00960925 0)
(5.15657 -0.0078577 0)
(5.15254 -0.0064214 0)
(5.14924 -0.00524511 0)
(5.14654 -0.00428174 0)
(5.14433 -0.00349312 0)
(5.14253 -0.00284881 0)
(5.14106 -0.00232139 0)
(5.13985 -0.00188859 0)
(5.13887 -0.00153455 0)
(5.13807 -0.00124485 0)
(5.13742 -0.00100696 0)
(5.1369 -0.000810888 0)
(5.13647 -0.000649043 0)
(5.13613 -0.000516046 0)
(5.13586 -0.000405436 0)
(5.13565 -0.000310793 0)
(5.13549 -0.000227475 0)
(5.13538 -0.000152432 0)
(5.1353 -8.3041e-05 0)
(5.13526 -1.66175e-05 0)
(5.13526 4.89452e-05 0)
(5.13528 0.000115825 0)
(5.13533 0.000187004 0)
(5.13542 0.000264696 0)
(5.13555 0.000351055 0)
(5.13572 0.000449251 0)
(5.13594 0.000563468 0)
(5.13622 0.000697777 0)
(5.13657 0.000856946 0)
(5.137 0.00104718 0)
(5.13753 0.00127632 0)
(5.13818 0.00155428 0)
(5.13897 0.00189207 0)
(5.13993 0.00230158 0)
(5.1411 0.00279823 0)
(5.14253 0.00340107 0)
(5.14426 0.00413295 0)
(5.14636 0.00502179 0)
(5.14892 0.00610081 0)
(5.15202 0.00741075 0)
(5.15579 0.00900159 0)
(5.16036 0.010933 0)
(5.16592 0.0132784 0)
(5.17267 0.0161275 0)
(5.18085 0.0195876 0)
(5.1908 0.0237888 0)
(5.20286 0.0288896 0)
(5.21752 0.0350825 0)
(5.2353 0.0426005 0)
(5.25689 0.0517232 0)
(5.28309 0.0627886 0)
(5.3149 0.0762044 0)
(5.35348 0.0924488 0)
(5.40037 0.112109 0)
(5.45695 0.135774 0)
(5.52647 0.164461 0)
(5.60791 0.19804 0)
(5.71471 0.240648 0)
(5.82122 0.281781 0)
(6.00919 0.358601 0)
(6.09059 0.355263 0)
(6.51251 0.606254 0)
(6.35359 0.193647 0)
(7.29976 1.32405 0)
(6.7959 -0.645955 0)
(7.74782 2.88005 0)
(8.5429 -0.649231 0)
(8.07998 2.54364 0)
(9.54323 1.24891 0)
(10.4982 1.81225 0)
(10.0586 -0.27579 0)
(9.65834 -0.270256 0)
(9.2167 -0.304819 0)
(8.73871 -0.382835 0)
(8.2372 -0.430773 0)
(7.76346 -0.415733 0)
(7.36443 -0.37344 0)
(7.03361 -0.337726 0)
(6.74269 -0.305562 0)
(6.48438 -0.270193 0)
(6.26239 -0.235038 0)
(6.07474 -0.203386 0)
(5.91611 -0.175093 0)
(5.7824 -0.14963 0)
(5.67039 -0.126981 0)
(5.577 -0.107132 0)
(5.49935 -0.089931 0)
(5.43496 -0.0751617 0)
(5.38167 -0.0625834 0)
(5.33765 -0.051946 0)
(5.30134 -0.0430008 0)
(5.27143 -0.0355144 0)
(5.24681 -0.0292745 0)
(5.22657 -0.0240913 0)
(5.20994 -0.0197978 0)
(5.19629 -0.0162491 0)
(5.18509 -0.0133227 0)
(5.17591 -0.0109131 0)
(5.16838 -0.00893158 0)
(5.16221 -0.0073048 0)
(5.15716 -0.00597088 0)
(5.15302 -0.0048769 0)
(5.14963 -0.00398089 0)
(5.14686 -0.00324778 0)
(5.1446 -0.0026477 0)
(5.14275 -0.00215794 0)
(5.14123 -0.00175713 0)
(5.14 -0.0014279 0)
(5.13899 -0.00115901 0)
(5.13817 -0.000939193 0)
(5.1375 -0.000758777 0)
(5.13696 -0.000609873 0)
(5.13652 -0.000487078 0)
(5.13617 -0.000387247 0)
(5.1359 -0.00030468 0)
(5.13568 -0.00023352 0)
(5.13552 -0.000169987 0)
(5.13541 -0.000112081 0)
(5.13533 -5.79736e-05 0)
(5.13529 -5.57274e-06 0)
(5.13528 4.64382e-05 0)
(5.1353 9.98253e-05 0)
(5.13536 0.000157194 0)
(5.13546 0.000219941 0)
(5.13559 0.000289468 0)
(5.13576 0.000368461 0)
(5.13599 0.000460433 0)
(5.13628 0.000568461 0)
(5.13664 0.000696197 0)
(5.13708 0.000848703 0)
(5.13762 0.00103248 0)
(5.13829 0.00125625 0)
(5.13911 0.00152891 0)
(5.1401 0.00185946 0)
(5.14131 0.00226049 0)
(5.14278 0.0027474 0)
(5.14457 0.0033387 0)
(5.14674 0.00405712 0)
(5.14937 0.00492917 0)
(5.15257 0.00598789 0)
(5.15645 0.00727387 0)
(5.16117 0.00883504 0)
(5.1669 0.0107312 0)
(5.17386 0.0130351 0)
(5.1823 0.0158336 0)
(5.19255 0.0192317 0)
(5.205 0.0233577 0)
(5.2201 0.028368 0)
(5.23844 0.0344511 0)
(5.2607 0.0418332 0)
(5.28772 0.0507878 0)
(5.3205 0.0616455 0)
(5.36026 0.0747904 0)
(5.40854 0.0906985 0)
(5.46682 0.109824 0)
(5.53822 0.133033 0)
(5.6222 0.16002 0)
(5.73064 0.194573 0)
(5.84243 0.226725 0)
(6.02555 0.289362 0)
(6.12771 0.282581 0)
(6.50194 0.481622 0)
(6.43724 0.159958 0)
(7.19147 1.00949 0)
(6.91818 -0.409204 0)
(7.6603 2.13397 0)
(8.42004 -0.3228 0)
(8.31507 1.93745 0)
(9.55433 1.01809 0)
(10.4943 1.32996 0)
(9.85426 -0.0964263 0)
(9.51941 -0.0667401 0)
(9.11172 -0.0999898 0)
(8.66038 -0.184977 0)
(8.19439 -0.246942 0)
(7.74916 -0.25147 0)
(7.36147 -0.228792 0)
(7.03375 -0.209188 0)
(6.74649 -0.192084 0)
(6.49156 -0.171862 0)
(6.27078 -0.150818 0)
(6.08305 -0.131696 0)
(5.92405 -0.114474 0)
(5.78982 -0.0986969 0)
(5.67714 -0.0843885 0)
(5.583 -0.0716416 0)
(5.50461 -0.0604451 0)
(5.4395 -0.0507239 0)
(5.38555 -0.0423708 0)
(5.34094 -0.0352571 0)
(5.30411 -0.0292403 0)
(5.27374 -0.0241819 0)
(5.24874 -0.0199511 0)
(5.22817 -0.0164277 0)
(5.21126 -0.0135031 0)
(5.19738 -0.0110821 0)
(5.18598 -0.00908395 0)
(5.17663 -0.00743743 0)
(5.16897 -0.00608264 0)
(5.16269 -0.00497108 0)
(5.15754 -0.00405971 0)
(5.15333 -0.00331208 0)
(5.14988 -0.00270054 0)
(5.14706 -0.00220012 0)
(5.14475 -0.00179085 0)
(5.14287 -0.00145802 0)
(5.14133 -0.00118548 0)
(5.14007 -0.000961178 0)
(5.13904 -0.000778699 0)
(5.13821 -0.000629563 0)
(5.13753 -0.000507286 0)
(5.13698 -0.000405937 0)
(5.13653 -0.000322708 0)
(5.13617 -0.000256939 0)
(5.13589 -0.000203045 0)
(5.13567 -0.000155644 0)
(5.13551 -0.000112047 0)
(5.13539 -7.13718e-05 0)
(5.13532 -3.26568e-05 0)
(5.13527 5.54357e-06 0)
(5.13527 4.36193e-05 0)
(5.13529 8.34232e-05 0)
(5.13535 0.000127088 0)
(5.13545 0.000174707 0)
(5.13558 0.000227034 0)
(5.13576 0.000286553 0)
(5.136 0.000356025 0)
(5.13629 0.000437301 0)
(5.13665 0.000532937 0)
(5.13711 0.00064685 0)
(5.13767 0.000784363 0)
(5.13835 0.000953218 0)
(5.13919 0.00115979 0)
(5.14021 0.00141008 0)
(5.14144 0.00171396 0)
(5.14295 0.00208302 0)
(5.14478 0.00253151 0)
(5.147 0.00307682 0)
(5.1497 0.00373852 0)
(5.15297 0.00454196 0)
(5.15695 0.00551798 0)
(5.16178 0.0067027 0)
(5.16765 0.00814228 0)
(5.17477 0.00989236 0)
(5.18342 0.0120183 0)
(5.19392 0.0146001 0)
(5.20667 0.0177354 0)
(5.22214 0.0215439 0)
(5.24092 0.0261691 0)
(5.26371 0.0317828 0)
(5.29138 0.038594 0)
(5.32494 0.0468552 0)
(5.36563 0.056857 0)
(5.41503 0.068962 0)
(5.47466 0.0835024 0)
(5.54751 0.101164 0)
(5.63352 0.121585 0)
(5.7431 0.147885 0)
(5.85915 0.171707 0)
(6.03762 0.219073 0)
(6.15649 0.212631 0)
(6.49244 0.357506 0)
(6.5009 0.130124 0)
(7.11838 0.721507 0)
(7.01796 -0.221555 0)
(7.62873 1.48927 0)
(8.36007 -0.0994536 0)
(8.45401 1.37779 0)
(9.54116 0.776042 0)
(10.4397 0.931462 0)
(8.67561 0.0344002 0)
(8.58946 0.0639274 0)
(8.4217 0.0581465 0)
(8.17142 0.00363345 0)
(7.85928 -0.0543406 0)
(7.51969 -0.0782638 0)
(7.19543 -0.0803597 0)
(6.90688 -0.080311 0)
(6.64945 -0.0790259 0)
(6.41856 -0.073604 0)
(6.21572 -0.0663568 0)
(6.04089 -0.0596089 0)
(5.8913 -0.053374 0)
(5.76393 -0.0472487 0)
(5.65617 -0.0412843 0)
(5.56554 -0.0356678 0)
(5.48967 -0.0305193 0)
(5.42639 -0.0258956 0)
(5.37378 -0.0218155 0)
(5.33014 -0.018272 0)
(5.29404 -0.0152268 0)
(5.26422 -0.0126351 0)
(5.23963 -0.0104471 0)
(5.21938 -0.00861276 0)
(5.20272 -0.00708215 0)
(5.18902 -0.00581017 0)
(5.17778 -0.00475862 0)
(5.16855 -0.00388976 0)
(5.16098 -0.00317418 0)
(5.15477 -0.00258838 0)
(5.14968 -0.00210838 0)
(5.14552 -0.00171435 0)
(5.14211 -0.00139291 0)
(5.13933 -0.00113016 0)
(5.13704 -0.000915793 0)
(5.13518 -0.00074335 0)
(5.13366 -0.00060158 0)
(5.13241 -0.000484194 0)
(5.1314 -0.000390155 0)
(5.13057 -0.000313326 0)
(5.1299 -0.000250645 0)
(5.12936 -0.000197409 0)
(5.12892 -0.000154096 0)
(5.12856 -0.00012329 0)
(5.12829 -9.95909e-05 0)
(5.12807 -7.71075e-05 0)
(5.12792 -5.40958e-05 0)
(5.1278 -3.11296e-05 0)
(5.12773 -7.56869e-06 0)
(5.12769 1.61314e-05 0)
(5.12768 3.97478e-05 0)
(5.12771 6.52419e-05 0)
(5.12778 9.52265e-05 0)
(5.12788 0.000127721 0)
(5.12802 0.000162635 0)
(5.1282 0.000202292 0)
(5.12844 0.000248924 0)
(5.12874 0.000303028 0)
(5.12912 0.000365836 0)
(5.12958 0.000439708 0)
(5.13015 0.000528862 0)
(5.13086 0.000640917 0)
(5.13171 0.00077939 0)
(5.13275 0.000946924 0)
(5.13402 0.00115067 0)
(5.13556 0.00139805 0)
(5.13743 0.00169927 0)
(5.13971 0.0020663 0)
(5.14247 0.00251118 0)
(5.14582 0.00305159 0)
(5.14989 0.00370817 0)
(5.15484 0.00450441 0)
(5.16085 0.00547296 0)
(5.16814 0.00665197 0)
(5.17699 0.0080846 0)
(5.18774 0.00982456 0)
(5.20079 0.0119376 0)
(5.21664 0.0145064 0)
(5.23587 0.0176277 0)
(5.25921 0.0214163 0)
(5.28754 0.0260152 0)
(5.32191 0.0315979 0)
(5.36358 0.0383581 0)
(5.41415 0.0465404 0)
(5.47521 0.0563596 0)
(5.54966 0.0683048 0)
(5.63782 0.0820189 0)
(5.74898 0.0998082 0)
(5.86905 0.11542 0)
(6.04535 0.147078 0)
(6.17652 0.142193 0)
(6.49012 0.233895 0)
(6.54387 0.0965467 0)
(7.09449 0.449369 0)
(7.07548 -0.0780769 0)
(7.68977 0.91014 0)
(8.2703 0.0278798 0)
(8.67702 0.874474 0)
(9.41203 0.50569 0)
(10.5318 0.564222 0)
(6.06232 0.0419523 0)
(6.15718 0.0383299 0)
(6.22603 0.0506393 0)
(6.24579 0.0382809 0)
(6.20418 0.0205033 0)
(6.1081 0.016624 0)
(5.98631 0.0188455 0)
(5.86227 0.0166178 0)
(5.74185 0.0118627 0)
(5.62679 0.00847772 0)
(5.52047 0.00608541 0)
(5.42461 0.00362782 0)
(5.33895 0.00133128 0)
(5.26299 -0.0003829 0)
(5.19642 -0.00147831 0)
(5.13878 -0.00208587 0)
(5.08937 -0.00234176 0)
(5.04737 -0.00235857 0)
(5.01192 -0.00223183 0)
(4.98217 -0.00202131 0)
(4.95733 -0.00177416 0)
(4.93666 -0.00152081 0)
(4.91952 -0.00128054 0)
(4.90536 -0.00106219 0)
(4.89367 -0.000868995 0)
(4.88404 -0.000702598 0)
(4.87613 -0.000563531 0)
(4.86964 -0.0004475 0)
(4.86432 -0.000350065 0)
(4.85995 -0.000272784 0)
(4.85638 -0.000211319 0)
(4.85347 -0.000160512 0)
(4.85109 -0.000120877 0)
(4.84914 -8.93055e-05 0)
(4.84756 -6.40233e-05 0)
(4.84626 -4.71318e-05 0)
(4.84521 -3.31275e-05 0)
(4.84435 -2.03366e-05 0)
(4.84366 -1.20013e-05 0)
(4.84309 -5.40423e-06 0)
(4.84264 -1.02269e-06 0)
(4.84227 5.09673e-06 0)
(4.84198 9.63786e-06 0)
(4.84174 7.65243e-06 0)
(4.84155 3.47757e-06 0)
(4.84141 1.70481e-06 0)
(4.8413 4.08597e-06 0)
(4.84123 8.94637e-06 0)
(4.84119 1.61702e-05 0)
(4.84118 2.49937e-05 0)
(4.8412 3.43299e-05 0)
(4.84125 4.4595e-05 0)
(4.84133 5.9055e-05 0)
(4.84145 7.53202e-05 0)
(4.8416 9.23243e-05 0)
(4.84179 0.000111445 0)
(4.84204 0.00013447 0)
(4.84234 0.000160865 0)
(4.84271 0.000190721 0)
(4.84317 0.000224682 0)
(4.84371 0.000265103 0)
(4.84439 0.000318815 0)
(4.8452 0.000387048 0)
(4.8462 0.000469569 0)
(4.84741 0.000570326 0)
(4.84888 0.00069235 0)
(4.85066 0.000841578 0)
(4.85283 0.00102442 0)
(4.85547 0.00124564 0)
(4.85867 0.00151475 0)
(4.86256 0.00184189 0)
(4.86729 0.00223769 0)
(4.87302 0.00272001 0)
(4.88 0.00330881 0)
(4.88847 0.00402507 0)
(4.89875 0.00489551 0)
(4.91125 0.00595233 0)
(4.92642 0.00723922 0)
(4.94485 0.00880461 0)
(4.96723 0.0107052 0)
(4.9944 0.0130136 0)
(5.02739 0.0158203 0)
(5.0674 0.0192198 0)
(5.11597 0.0233366 0)
(5.17465 0.0282561 0)
(5.24615 0.0342859 0)
(5.33096 0.0410199 0)
(5.43727 0.0501403 0)
(5.55303 0.0570209 0)
(5.71955 0.0737961 0)
(5.84602 0.0678292 0)
(6.14136 0.11505 0)
(6.17832 0.0444778 0)
(6.75449 0.210361 0)
(6.57397 -0.0180039 0)
(7.55652 0.420998 0)
(7.45404 0.0538032 0)
(8.69915 0.401692 0)
(8.58178 0.258072 0)
(10.2047 0.196241 0)
(2.18408 0.0386189 0)
(2.2226 -0.00269176 0)
(2.26348 0.00565527 0)
(2.31223 0.0101531 0)
(2.35663 0.0147844 0)
(2.39525 0.0224835 0)
(2.43891 0.0281297 0)
(2.48797 0.028812 0)
(2.53446 0.0270066 0)
(2.57456 0.0248597 0)
(2.60889 0.0225118 0)
(2.63789 0.0198636 0)
(2.66137 0.0171843 0)
(2.67973 0.0147009 0)
(2.69386 0.012481 0)
(2.70471 0.0105308 0)
(2.71303 0.00884173 0)
(2.71945 0.0073965 0)
(2.72444 0.0061685 0)
(2.72837 0.00513835 0)
(2.73149 0.004275 0)
(2.73401 0.00355382 0)
(2.73608 0.00295201 0)
(2.73779 0.00245164 0)
(2.73922 0.00203631 0)
(2.74042 0.00169096 0)
(2.74145 0.00140336 0)
(2.74232 0.00116472 0)
(2.74308 0.000967879 0)
(2.74372 0.000803066 0)
(2.74428 0.000665936 0)
(2.74476 0.000553072 0)
(2.74518 0.000459028 0)
(2.74553 0.000381245 0)
(2.74585 0.000316639 0)
(2.74611 0.000261525 0)
(2.74634 0.000216739 0)
(2.74654 0.000180458 0)
(2.7467 0.000149418 0)
(2.74685 0.000123857 0)
(2.74698 0.00010218 0)
(2.74708 8.63606e-05 0)
(2.74719 7.24336e-05 0)
(2.74728 5.62171e-05 0)
(2.74734 4.02922e-05 0)
(2.74738 2.88542e-05 0)
(2.74742 2.1428e-05 0)
(2.74744 1.70657e-05 0)
(2.74748 1.56391e-05 0)
(2.74752 1.45265e-05 0)
(2.74757 1.33731e-05 0)
(2.74763 1.32797e-05 0)
(2.74771 1.57001e-05 0)
(2.74782 1.75928e-05 0)
(2.74794 1.8955e-05 0)
(2.74809 2.03232e-05 0)
(2.74826 2.17301e-05 0)
(2.74847 2.29081e-05 0)
(2.74871 2.33653e-05 0)
(2.74899 2.16922e-05 0)
(2.7493 1.99192e-05 0)
(2.74968 2.17811e-05 0)
(2.75013 2.57722e-05 0)
(2.75068 3.06159e-05 0)
(2.75134 3.68958e-05 0)
(2.75215 4.44617e-05 0)
(2.75313 5.4616e-05 0)
(2.75432 6.76325e-05 0)
(2.75577 8.29554e-05 0)
(2.75754 0.00010201 0)
(2.75969 0.00012501 0)
(2.76231 0.000152352 0)
(2.76548 0.000187099 0)
(2.76936 0.000230975 0)
(2.77407 0.000284748 0)
(2.77981 0.000350188 0)
(2.78679 0.000429988 0)
(2.7953 0.000529359 0)
(2.80566 0.000651195 0)
(2.81827 0.000799382 0)
(2.83362 0.000981384 0)
(2.8523 0.00120628 0)
(2.87505 0.00147684 0)
(2.90273 0.00180433 0)
(2.93627 0.00217653 0)
(2.97715 0.00266177 0)
(3.02591 0.00303536 0)
(3.08625 0.00388022 0)
(3.15355 0.00337106 0)
(3.24408 0.00588509 0)
(3.32129 -0.000169801 0)
(3.46629 0.011148 0)
(3.50751 -0.016105 0)
(3.77301 0.030785 0)
(3.72442 -0.0405925 0)
(4.23197 0.0827431 0)
(4.27303 -0.0292412 0)
(4.94725 0.0484079 0)
(4.92328 0.0236968 0)
(5.85464 -0.114318 0)
(-0.0487015 0.00732367 0)
(-0.0110309 -0.0173492 0)
(0.179772 -0.0361543 0)
(0.475748 -0.0583407 0)
(0.869094 -0.059182 0)
(1.27111 -0.04917 0)
(1.64266 -0.03401 0)
(1.95513 -0.0184402 0)
(2.19997 -0.00554803 0)
(2.38163 0.00355675 0)
(2.51089 0.00906969 0)
(2.59987 0.0117837 0)
(2.6595 0.0125867 0)
(2.69856 0.0122271 0)
(2.72357 0.0112458 0)
(2.7392 0.00999433 0)
(2.74865 0.00868719 0)
(2.75409 0.00744195 0)
(2.75697 0.00631309 0)
(2.75822 0.00532029 0)
(2.75847 0.00446564 0)
(2.75813 0.00373866 0)
(2.75746 0.00311603 0)
(2.75663 0.00259608 0)
(2.75573 0.00215831 0)
(2.75483 0.00179187 0)
(2.75398 0.00148609 0)
(2.7532 0.00123253 0)
(2.75248 0.00102304 0)
(2.75183 0.00084888 0)
(2.75125 0.000703051 0)
(2.75075 0.000582703 0)
(2.75031 0.000482522 0)
(2.74992 0.000400056 0)
(2.74959 0.000332372 0)
(2.74929 0.0002758 0)
(2.74904 0.000228218 0)
(2.74882 0.000188714 0)
(2.74864 0.000156403 0)
(2.74847 0.000129738 0)
(2.74833 0.000107632 0)
(2.74821 8.9239e-05 0)
(2.74811 7.4456e-05 0)
(2.74801 6.06485e-05 0)
(2.74793 5.22966e-05 0)
(2.74784 4.2264e-05 0)
(2.74779 3.64337e-05 0)
(2.74769 3.44724e-05 0)
(2.74763 2.99205e-05 0)
(2.74754 3.50947e-05 0)
(2.74741 3.17207e-05 0)
(2.74732 1.03013e-05 0)
(2.74729 -5.28504e-06 0)
(2.74724 -4.38877e-06 0)
(2.74717 3.43263e-06 0)
(2.74706 8.89385e-06 0)
(2.74693 1.03012e-05 0)
(2.74676 1.07879e-05 0)
(2.74655 1.06576e-05 0)
(2.74631 1.16658e-05 0)
(2.74602 1.42249e-05 0)
(2.74566 1.70643e-05 0)
(2.74522 2.07788e-05 0)
(2.74469 2.46899e-05 0)
(2.74404 2.86701e-05 0)
(2.74327 3.44795e-05 0)
(2.74232 4.20291e-05 0)
(2.74117 5.1225e-05 0)
(2.73978 6.25961e-05 0)
(2.73808 7.67151e-05 0)
(2.73602 9.42944e-05 0)
(2.73351 0.00011584 0)
(2.73047 0.000142213 0)
(2.72676 0.000174321 0)
(2.72227 0.000213781 0)
(2.7168 0.000262208 0)
(2.71017 0.000320241 0)
(2.70212 0.000391314 0)
(2.69235 0.000477849 0)
(2.6805 0.000581332 0)
(2.66615 0.000705009 0)
(2.64879 0.000852895 0)
(2.62779 0.00102694 0)
(2.60246 0.00122855 0)
(2.57193 0.00145896 0)
(2.53526 0.00171434 0)
(2.49135 0.00198409 0)
(2.439 0.00225394 0)
(2.37689 0.00249293 0)
(2.30371 0.00266146 0)
(2.2181 0.00271759 0)
(2.11877 0.00263249 0)
(2.00442 0.00245839 0)
(1.87348 0.00245937 0)
(1.72334 0.00339315 0)
(1.54852 0.00705388 0)
(1.33734 0.0168303 0)
(1.06787 0.0368158 0)
(0.710727 0.0657701 0)
(0.253294 0.0923945 0)
(-0.0572231 0.0186531 0)
(-0.0195226 -0.0702413 0)
(0.195351 -0.146441 0)
(0.542033 -0.243819 0)
(1.0272 -0.279389 0)
(1.55339 -0.278246 0)
(2.07751 -0.251704 0)
(2.56215 -0.212315 0)
(2.98756 -0.170148 0)
(3.34757 -0.131361 0)
(3.64452 -0.0987743 0)
(3.88526 -0.0729625 0)
(4.07829 -0.05331 0)
(4.23208 -0.0387331 0)
(4.35424 -0.0280965 0)
(4.45122 -0.0204088 0)
(4.52827 -0.0148729 0)
(4.58959 -0.0108831 0)
(4.63851 -0.00799924 0)
(4.67762 -0.00590569 0)
(4.70896 -0.00437532 0)
(4.73414 -0.0032508 0)
(4.75441 -0.00242803 0)
(4.77074 -0.00181429 0)
(4.78394 -0.00135884 0)
(4.79461 -0.00101954 0)
(4.80325 -0.00076594 0)
(4.81026 -0.000574629 0)
(4.81593 -0.000428053 0)
(4.82054 -0.000317025 0)
(4.82429 -0.000235158 0)
(4.82733 -0.000172721 0)
(4.8298 -0.000125907 0)
(4.83181 -9.0301e-05 0)
(4.83344 -6.20398e-05 0)
(4.83477 -4.09931e-05 0)
(4.83584 -2.64839e-05 0)
(4.83672 -1.59866e-05 0)
(4.83743 -7.60221e-06 0)
(4.838 -1.00493e-06 0)
(4.83846 4.07536e-06 0)
(4.83883 7.74429e-06 0)
(4.83913 1.19998e-05 0)
(4.83936 1.27668e-05 0)
(4.83955 1.822e-05 0)
(4.83968 2.03929e-05 0)
(4.83978 2.3807e-05 0)
(4.83983 3.40993e-05 0)
(4.83987 3.76582e-05 0)
(4.83987 5.19597e-05 0)
(4.83982 6.20186e-05 0)
(4.83978 4.75163e-05 0)
(4.83972 3.66827e-05 0)
(4.83961 4.70669e-05 0)
(4.83946 6.88142e-05 0)
(4.83928 9.24918e-05 0)
(4.83905 0.000116754 0)
(4.83875 0.000143744 0)
(4.83839 0.000174203 0)
(4.83794 0.000211368 0)
(4.83739 0.000257495 0)
(4.83672 0.00031316 0)
(4.8359 0.000381425 0)
(4.83491 0.00046232 0)
(4.8337 0.000559686 0)
(4.83224 0.000680635 0)
(4.83045 0.00082807 0)
(4.82828 0.00100584 0)
(4.82565 0.00122172 0)
(4.82245 0.00148462 0)
(4.81857 0.00180437 0)
(4.81385 0.00219273 0)
(4.80812 0.00266455 0)
(4.80116 0.0032369 0)
(4.79272 0.00393156 0)
(4.78247 0.00477541 0)
(4.77003 0.00579747 0)
(4.75494 0.00703735 0)
(4.73662 0.00854119 0)
(4.71441 0.0103607 0)
(4.68747 0.0125604 0)
(4.65481 0.0152184 0)
(4.61524 0.0184231 0)
(4.56732 0.0222764 0)
(4.50935 0.0268967 0)
(4.43928 0.032413 0)
(4.35471 0.0389586 0)
(4.25285 0.0466761 0)
(4.13044 0.0556918 0)
(3.98379 0.0661153 0)
(3.80875 0.0780376 0)
(3.60075 0.0915322 0)
(3.35488 0.106725 0)
(3.06595 0.123912 0)
(2.72883 0.14388 0)
(2.33874 0.168332 0)
(1.8928 0.200005 0)
(1.39331 0.24064 0)
(0.851525 0.28535 0)
(0.284279 0.315708 0)
(-0.0801623 0.0409002 0)
(-0.0688812 -0.116238 0)
(0.141259 -0.251364 0)
(0.494991 -0.429109 0)
(1.00395 -0.496522 0)
(1.54576 -0.50311 0)
(2.08315 -0.465895 0)
(2.58062 -0.405276 0)
(3.02049 -0.337654 0)
(3.39776 -0.273221 0)
(3.71469 -0.216951 0)
(3.9772 -0.170344 0)
(4.19262 -0.132989 0)
(4.36833 -0.103638 0)
(4.51114 -0.080827 0)
(4.62697 -0.0631892 0)
(4.72083 -0.0495626 0)
(4.79689 -0.0390144 0)
(4.85853 -0.0308224 0)
(4.90852 -0.0244353 0)
(4.94909 -0.0194332 0)
(4.98204 -0.0155008 0)
(5.00883 -0.0123934 0)
(5.03062 -0.00992953 0)
(5.04836 -0.00796982 0)
(5.06281 -0.00640755 0)
(5.07458 -0.00515858 0)
(5.08418 -0.00415692 0)
(5.09201 -0.00335047 0)
(5.09839 -0.00270242 0)
(5.10361 -0.00218204 0)
(5.10786 -0.00176226 0)
(5.11133 -0.00142314 0)
(5.11416 -0.00114912 0)
(5.11647 -0.000926385 0)
(5.11836 -0.000746479 0)
(5.1199 -0.000602131 0)
(5.12115 -0.000485055 0)
(5.12218 -0.000389406 0)
(5.12301 -0.00031127 0)
(5.12368 -0.000247515 0)
(5.12423 -0.000195477 0)
(5.12467 -0.000151498 0)
(5.12502 -0.000116747 0)
(5.1253 -8.41547e-05 0)
(5.12552 -5.76108e-05 0)
(5.12568 -3.34405e-05 0)
(5.1258 -5.67475e-06 0)
(5.12588 1.50222e-05 0)
(5.12593 4.1278e-05 0)
(5.12594 6.38825e-05 0)
(5.12593 6.5318e-05 0)
(5.12586 7.05066e-05 0)
(5.12574 9.79285e-05 0)
(5.12559 0.000138417 0)
(5.1254 0.000182451 0)
(5.12516 0.000229786 0)
(5.12485 0.000284372 0)
(5.12447 0.000348256 0)
(5.12401 0.000425662 0)
(5.12343 0.000520239 0)
(5.12273 0.000634067 0)
(5.12188 0.000772148 0)
(5.12084 0.000937933 0)
(5.11957 0.00113806 0)
(5.11803 0.00138347 0)
(5.11616 0.00168212 0)
(5.11388 0.00204337 0)
(5.11112 0.00248182 0)
(5.10777 0.00301484 0)
(5.10369 0.00366235 0)
(5.09875 0.00444846 0)
(5.09275 0.00540293 0)
(5.08546 0.00656113 0)
(5.07662 0.00796658 0)
(5.06589 0.00967262 0)
(5.05286 0.0117411 0)
(5.03706 0.0142498 0)
(5.01789 0.0172922 0)
(4.99463 0.0209769 0)
(4.96641 0.0254368 0)
(4.9322 0.0308319 0)
(4.89073 0.0373486 0)
(4.84048 0.0452053 0)
(4.77963 0.0546571 0)
(4.70599 0.0659919 0)
(4.61699 0.0795256 0)
(4.50956 0.0956025 0)
(4.38015 0.114569 0)
(4.22465 0.136763 0)
(4.03839 0.162493 0)
(3.81621 0.192018 0)
(3.55258 0.225567 0)
(3.24184 0.263376 0)
(2.8787 0.305791 0)
(2.45919 0.353379 0)
(1.98228 0.406626 0)
(1.45288 0.464394 0)
(0.884456 0.519769 0)
(0.294264 0.554164 0)
(-0.115908 0.0831201 0)
(-0.146631 -0.156046 0)
(0.0598634 -0.35639 0)
(0.429871 -0.62578 0)
(0.983152 -0.721993 0)
(1.55207 -0.733454 0)
(2.10683 -0.682443 0)
(2.61207 -0.598422 0)
(3.05283 -0.504333 0)
(3.42716 -0.414057 0)
(3.73964 -0.334313 0)
(3.99763 -0.267249 0)
(4.20914 -0.212508 0)
(4.38178 -0.168621 0)
(4.52232 -0.133791 0)
(4.63655 -0.106289 0)
(4.72935 -0.084606 0)
(4.80471 -0.0675003 0)
(4.86594 -0.0539801 0)
(4.91569 -0.0432672 0)
(4.95615 -0.0347542 0)
(4.98907 -0.0279703 0)
(5.01586 -0.022548 0)
(5.03769 -0.0182029 0)
(5.05547 -0.0147134 0)
(5.06997 -0.0119061 0)
(5.0818 -0.00964333 0)
(5.09144 -0.00781606 0)
(5.09932 -0.00633762 0)
(5.10574 -0.00514111 0)
(5.11099 -0.00417279 0)
(5.11527 -0.00338761 0)
(5.11877 -0.00275016 0)
(5.12162 -0.00223256 0)
(5.12395 -0.00181137 0)
(5.12586 -0.00146898 0)
(5.12741 -0.00119128 0)
(5.12868 -0.000965215 0)
(5.12971 -0.00078045 0)
(5.13055 -0.000629347 0)
(5.13123 -0.000505628 0)
(5.13178 -0.000404152 0)
(5.13223 -0.000319591 0)
(5.13258 -0.000250232 0)
(5.13287 -0.000190079 0)
(5.13309 -0.000138782 0)
(5.13326 -9.41729e-05 0)
(5.13338 -5.07017e-05 0)
(5.13346 -1.29425e-05 0)
(5.13351 2.47756e-05 0)
(5.13353 5.9347e-05 0)
(5.13351 8.25079e-05 0)
(5.13345 0.00010862 0)
(5.13334 0.000151346 0)
(5.13319 0.00020642 0)
(5.13301 0.000268511 0)
(5.13277 0.000338819 0)
(5.13248 0.000421009 0)
(5.13211 0.000518189 0)
(5.13165 0.000634906 0)
(5.13109 0.000776162 0)
(5.13041 0.000946433 0)
(5.12957 0.00115243 0)
(5.12856 0.00140114 0)
(5.12732 0.00170233 0)
(5.12581 0.0020694 0)
(5.12399 0.00251535 0)
(5.12177 0.00305566 0)
(5.11907 0.00371148 0)
(5.1158 0.00450813 0)
(5.11182 0.00547546 0)
(5.10699 0.00664981 0)
(5.10113 0.00807551 0)
(5.09402 0.00980577 0)
(5.08539 0.0119054 0)
(5.07491 0.0144539 0)
(5.0622 0.0175454 0)
(5.04677 0.0212954 0)
(5.02804 0.0258434 0)
(5.00532 0.0313556 0)
(4.97777 0.0380327 0)
(4.94434 0.0461162 0)
(4.90381 0.0558916 0)
(4.85468 0.0676961 0)
(4.79515 0.0819246 0)
(4.72308 0.0990305 0)
(4.63589 0.119522 0)
(4.53053 0.143961 0)
(4.40344 0.172934 0)
(4.25047 0.207032 0)
(4.06689 0.246811 0)
(3.84743 0.292748 0)
(3.58636 0.345192 0)
(3.27781 0.404322 0)
(2.91619 0.470066 0)
(2.49708 0.541849 0)
(2.01881 0.618367 0)
(1.48492 0.695012 0)
(0.907413 0.763256 0)
(0.302489 0.801008 0)
(-0.167279 0.154803 0)
(-0.262658 -0.185051 0)
(-0.0580532 -0.464762 0)
(0.335088 -0.841331 0)
(0.952671 -0.963715 0)
(1.55814 -0.977007 0)
(2.13681 -0.907265 0)
(2.65315 -0.795551 0)
(3.09602 -0.672043 0)
(3.4674 -0.554182 0)
(3.77468 -0.450116 0)
(4.02692 -0.362302 0)
(4.23302 -0.290198 0)
(4.40095 -0.231951 0)
(4.53759 -0.185334 0)
(4.64867 -0.148203 0)
(4.73894 -0.118679 0)
(4.81232 -0.0952006 0)
(4.87198 -0.0765054 0)
(4.92051 -0.0615916 0)
(4.96 -0.0496681 0)
(4.99215 -0.0401139 0)
(5.01834 -0.0324411 0)
(5.03968 -0.0262663 0)
(5.05709 -0.0212882 0)
(5.07128 -0.0172688 0)
(5.08286 -0.0140187 0)
(5.09231 -0.011387 0)
(5.10002 -0.00925298 0)
(5.10632 -0.00752146 0)
(5.11147 -0.00611626 0)
(5.11566 -0.00497463 0)
(5.11909 -0.00404612 0)
(5.12189 -0.00329079 0)
(5.12418 -0.00267558 0)
(5.12605 -0.0021744 0)
(5.12757 -0.00176665 0)
(5.12881 -0.00143427 0)
(5.12983 -0.00116249 0)
(5.13065 -0.000940082 0)
(5.13132 -0.000757804 0)
(5.13186 -0.000608025 0)
(5.1323 -0.000483733 0)
(5.13265 -0.000380885 0)
(5.13293 -0.000293389 0)
(5.13315 -0.000218546 0)
(5.13331 -0.000154039 0)
(5.13343 -9.41498e-05 0)
(5.13351 -4.06803e-05 0)
(5.13356 1.01117e-05 0)
(5.13358 5.87302e-05 0)
(5.13356 0.000100346 0)
(5.1335 0.000143691 0)
(5.1334 0.000200651 0)
(5.13325 0.000271017 0)
(5.13307 0.000351926 0)
(5.13284 0.000444801 0)
(5.13255 0.000553672 0)
(5.13219 0.000682708 0)
(5.13175 0.000837291 0)
(5.1312 0.00102391 0)
(5.13053 0.001249 0)
(5.12972 0.00152116 0)
(5.12873 0.00185043 0)
(5.12752 0.00224923 0)
(5.12605 0.00273388 0)
(5.12426 0.0033225 0)
(5.1221 0.00403633 0)
(5.11946 0.00490267 0)
(5.11626 0.00595463 0)
(5.11238 0.00723181 0)
(5.10767 0.00878233 0)
(5.10195 0.0106646 0)
(5.095 0.0129492 0)
(5.08657 0.0157218 0)
(5.07634 0.019087 0)
(5.06392 0.0231703 0)
(5.04885 0.0281241 0)
(5.03056 0.0341331 0)
(5.00837 0.0414192 0)
(4.98145 0.0502495 0)
(4.94879 0.0609455 0)
(4.90919 0.0738907 0)
(4.86117 0.0895392 0)
(4.80298 0.108426 0)
(4.73248 0.131169 0)
(4.64715 0.158473 0)
(4.54396 0.191121 0)
(4.41936 0.229948 0)
(4.2692 0.275812 0)
(4.08874 0.329534 0)
(3.87265 0.391829 0)
(3.6151 0.463196 0)
(3.31006 0.543823 0)
(2.95163 0.633192 0)
(2.53489 0.730084 0)
(2.05689 0.830499 0)
(1.51987 0.929244 0)
(0.932707 1.01029 0)
(0.311673 1.05592 0)
(-0.236169 0.268805 0)
(-0.429597 -0.19571 0)
(-0.219508 -0.583728 0)
(0.207764 -1.07712 0)
(0.914541 -1.2253 0)
(1.56737 -1.2354 0)
(2.17668 -1.14024 0)
(2.7064 -0.995764 0)
(3.15125 -0.839777 0)
(3.51847 -0.692813 0)
(3.81903 -0.563865 0)
(4.06402 -0.455269 0)
(4.26337 -0.366013 0)
(4.42546 -0.293702 0)
(4.55722 -0.235597 0)
(4.66434 -0.189102 0)
(4.75145 -0.151959 0)
(4.8223 -0.122284 0)
(4.87995 -0.0985522 0)
(4.92689 -0.0795448 0)
(4.96511 -0.0642933 0)
(4.99626 -0.0520327 0)
(5.02165 -0.0421582 0)
(5.04235 -0.0341915 0)
(5.05924 -0.0277539 0)
(5.07302 -0.0225452 0)
(5.08427 -0.0183257 0)
(5.09345 -0.0149033 0)
(5.10095 -0.0121246 0)
(5.10708 -0.00986677 0)
(5.11208 -0.00803172 0)
(5.11616 -0.00653914 0)
(5.1195 -0.00532394 0)
(5.12223 -0.00433438 0)
(5.12445 -0.0035279 0)
(5.12627 -0.00287025 0)
(5.12775 -0.0023344 0)
(5.12896 -0.00189716 0)
(5.12995 -0.00153952 0)
(5.13075 -0.00124675 0)
(5.1314 -0.0010067 0)
(5.13193 -0.000809279 0)
(5.13235 -0.000645767 0)
(5.1327 -0.000510021 0)
(5.13297 -0.000395417 0)
(5.13318 -0.000297579 0)
(5.13334 -0.000213213 0)
(5.13346 -0.000136925 0)
(5.13354 -6.7992e-05 0)
(5.13359 -3.63299e-06 0)
(5.1336 5.84199e-05 0)
(5.13358 0.000116398 0)
(5.13352 0.000176494 0)
(5.13343 0.000248568 0)
(5.13329 0.000334731 0)
(5.13311 0.000434237 0)
(5.13289 0.000549229 0)
(5.13261 0.000684257 0)
(5.13226 0.000844512 0)
(5.13183 0.00103642 0)
(5.1313 0.00126776 0)
(5.13065 0.00154682 0)
(5.12986 0.00188415 0)
(5.1289 0.00229248 0)
(5.12772 0.00278714 0)
(5.1263 0.00338764 0)
(5.12457 0.00411669 0)
(5.12246 0.00500117 0)
(5.11991 0.00607458 0)
(5.11681 0.00737772 0)
(5.11304 0.00895972 0)
(5.10847 0.0108803 0)
(5.10292 0.0132117 0)
(5.09618 0.0160415 0)
(5.088 0.0194759 0)
(5.07808 0.0236445 0)
(5.06603 0.0287031 0)
(5.05141 0.0348407 0)
(5.03366 0.0422866 0)
(5.01214 0.0513168 0)
(4.98601 0.0622643 0)
(4.95432 0.0755297 0)
(4.91588 0.0915925 0)
(4.86926 0.111023 0)
(4.81273 0.134494 0)
(4.74422 0.162792 0)
(4.66122 0.196813 0)
(4.56076 0.237565 0)
(4.4393 0.28614 0)
(4.29269 0.343664 0)
(4.11617 0.411236 0)
(3.90432 0.48981 0)
(3.65121 0.5801 0)
(3.3505 0.682179 0)
(2.99602 0.795711 0)
(2.58164 0.917415 0)
(2.10429 1.04529 0)
(1.56125 1.16293 0)
(0.964068 1.27048 0)
(0.320176 1.31553 0)
(-0.32625 0.440045 0)
(-0.671813 -0.176658 0)
(-0.435341 -0.719518 0)
(0.0443298 -1.34147 0)
(0.867607 -1.51525 0)
(1.58162 -1.51309 0)
(2.22865 -1.38297 0)
(2.77343 -1.19901 0)
(3.21945 -1.00669 0)
(3.58084 -0.828811 0)
(3.87286 -0.674397 0)
(4.10896 -0.545076 0)
(4.30014 -0.439009 0)
(4.45519 -0.353065 0)
(4.58112 -0.283894 0)
(4.68349 -0.228412 0)
(4.76677 -0.183965 0)
(4.83457 -0.148352 0)
(4.88979 -0.119792 0)
(4.93478 -0.0968564 0)
(4.97146 -0.078408 0)
(5.00137 -0.0635444 0)
(5.02578 -0.05155 0)
(5.04569 -0.041856 0)
(5.06194 -0.0340104 0)
(5.07521 -0.0276535 0)
(5.08604 -0.0224971 0)
(5.09489 -0.0183103 0)
(5.10212 -0.0149076 0)
(5.10803 -0.0121405 0)
(5.11285 -0.00988913 0)
(5.11679 -0.00805651 0)
(5.12001 -0.00656354 0)
(5.12264 -0.00534689 0)
(5.12479 -0.00435488 0)
(5.12655 -0.00354551 0)
(5.12798 -0.00288546 0)
(5.12915 -0.00234647 0)
(5.1301 -0.00190548 0)
(5.13087 -0.00154449 0)
(5.1315 -0.00124843 0)
(5.13201 -0.00100478 0)
(5.13242 -0.000803134 0)
(5.13275 -0.000635555 0)
(5.13302 -0.000494572 0)
(5.13322 -0.000374439 0)
(5.13338 -0.000270825 0)
(5.13349 -0.000178328 0)
(5.13357 -9.45654e-05 0)
(5.13361 -1.66486e-05 0)
(5.13363 5.865e-05 0)
(5.13361 0.000131739 0)
(5.13355 0.000207656 0)
(5.13346 0.000294681 0)
(5.13333 0.000396418 0)
(5.13316 0.000513997 0)
(5.13295 0.000650398 0)
(5.13268 0.000810762 0)
(5.13234 0.00100125 0)
(5.13192 0.00122933 0)
(5.13141 0.00150398 0)
(5.13079 0.00183531 0)
(5.13003 0.0022358 0)
(5.1291 0.00272065 0)
(5.12797 0.00330814 0)
(5.1266 0.00402091 0)
(5.12494 0.00488602 0)
(5.12291 0.00593575 0)
(5.12045 0.00720972 0)
(5.11747 0.00875616 0)
(5.11384 0.0106334 0)
(5.10944 0.0129124 0)
(5.1041 0.0156789 0)
(5.09761 0.0190368 0)
(5.08974 0.0231124 0)
(5.08018 0.0280592 0)
(5.06858 0.0340626 0)
(5.05451 0.0413472 0)
(5.03742 0.0501854 0)
(5.0167 0.0609061 0)
(4.99154 0.073906 0)
(4.96102 0.0896631 0)
(4.92398 0.108751 0)
(4.87906 0.131853 0)
(4.82456 0.159781 0)
(4.75847 0.193484 0)
(4.67833 0.234055 0)
(4.58122 0.282733 0)
(4.46362 0.340864 0)
(4.32141 0.409866 0)
(4.14977 0.491115 0)
(3.94322 0.58588 0)
(3.69557 0.694944 0)
(3.4004 0.818949 0)
(3.05028 0.955917 0)
(2.64011 1.10651 0)
(2.15974 1.25537 0)
(1.61732 1.41355 0)
(0.993684 1.51426 0)
(0.349909 1.59685 0)
(-0.441177 0.687326 0)
(-1.02541 -0.11242 0)
(-0.720336 -0.878393 0)
(-0.158824 -1.64971 0)
(0.813142 -1.84463 0)
(1.60429 -1.81486 0)
(2.29588 -1.63683 0)
(2.85641 -1.40508 0)
(3.30181 -1.17198 0)
(3.655 -0.961273 0)
(3.93628 -0.780881 0)
(4.16162 -0.631011 0)
(4.34314 -0.508594 0)
(4.48998 -0.40955 0)
(4.60911 -0.329826 0)
(4.70595 -0.265806 0)
(4.78479 -0.214431 0)
(4.84903 -0.173189 0)
(4.90141 -0.140048 0)
(4.94413 -0.113382 0)
(4.97899 -0.0918946 0)
(5.00745 -0.0745534 0)
(5.03069 -0.0605386 0)
(5.04966 -0.0491965 0)
(5.06516 -0.0400061 0)
(5.07782 -0.0325513 0)
(5.08816 -0.0264985 0)
(5.09662 -0.0215797 0)
(5.10352 -0.0175793 0)
(5.10917 -0.0143237 0)
(5.11378 -0.0116732 0)
(5.11755 -0.00951436 0)
(5.12063 -0.00775462 0)
(5.12315 -0.00632011 0)
(5.1252 -0.00514986 0)
(5.12688 -0.00419462 0)
(5.12825 -0.00341533 0)
(5.12937 -0.00277861 0)
(5.13028 -0.0022575 0)
(5.13102 -0.00183089 0)
(5.13163 -0.00148092 0)
(5.13211 -0.00119281 0)
(5.13251 -0.000954509 0)
(5.13282 -0.000756404 0)
(5.13308 -0.000590012 0)
(5.13327 -0.000448468 0)
(5.13342 -0.000326397 0)
(5.13353 -0.000218162 0)
(5.13361 -0.000120126 0)
(5.13365 -2.89395e-05 0)
(5.13366 5.91599e-05 0)
(5.13364 0.000146247 0)
(5.13359 0.000236966 0)
(5.1335 0.000338513 0)
(5.13338 0.000455456 0)
(5.13322 0.000590477 0)
(5.13301 0.000747437 0)
(5.13276 0.00093211 0)
(5.13243 0.00115156 0)
(5.13204 0.0014143 0)
(5.13155 0.0017305 0)
(5.13095 0.00211194 0)
(5.13023 0.00257301 0)
(5.12934 0.00313123 0)
(5.12827 0.00380766 0)
(5.12696 0.0046281 0)
(5.12536 0.00562372 0)
(5.12343 0.00683189 0)
(5.12109 0.00829815 0)
(5.11823 0.0100779 0)
(5.11477 0.0122383 0)
(5.11057 0.014861 0)
(5.10547 0.0180447 0)
(5.09928 0.0219091 0)
(5.09176 0.0265996 0)
(5.08264 0.0322928 0)
(5.07157 0.0392024 0)
(5.05813 0.0475873 0)
(5.04181 0.0577613 0)
(5.02202 0.0701041 0)
(4.998 0.0850741 0)
(4.96884 0.103224 0)
(4.93346 0.125218 0)
(4.89052 0.151852 0)
(4.83841 0.184071 0)
(4.77517 0.222988 0)
(4.69841 0.269893 0)
(4.60527 0.326255 0)
(4.49228 0.393691 0)
(4.35532 0.473912 0)
(4.18956 0.56864 0)
(3.98934 0.679322 0)
(3.74851 0.807461 0)
(3.45945 0.952366 0)
(3.11665 1.11677 0)
(2.7061 1.2876 0)
(2.23727 1.48429 0)
(1.65992 1.63065 0)
(1.0742 1.83557 0)
(0.277257 1.85603 0)
(-0.589596 1.05257 0)
(-1.54291 0.00761416 0)
(-1.07141 -1.07694 0)
(-0.393963 -2.01721 0)
(0.758095 -2.22658 0)
(1.64134 -2.14594 0)
(2.38253 -1.90302 0)
(2.95784 -1.61337 0)
(3.39958 -1.33456 0)
(3.74142 -1.08912 0)
(4.00931 -0.882407 0)
(4.22186 -0.712349 0)
(4.39215 -0.574197 0)
(4.52956 -0.46271 0)
(4.64096 -0.373036 0)
(4.73155 -0.300998 0)
(4.80535 -0.243128 0)
(4.86556 -0.196608 0)
(4.9147 -0.15917 0)
(4.95485 -0.129001 0)
(4.98764 -0.104654 0)
(5.01444 -0.084979 0)
(5.03634 -0.0690583 0)
(5.05424 -0.0561595 0)
(5.06887 -0.0456973 0)
(5.08084 -0.0372032 0)
(5.09062 -0.0303011 0)
(5.09861 -0.0246881 0)
(5.10515 -0.0201202 0)
(5.11049 -0.0164009 0)
(5.11486 -0.0133711 0)
(5.11843 -0.0109021 0)
(5.12134 -0.00888885 0)
(5.12373 -0.00724683 0)
(5.12568 -0.00590694 0)
(5.12727 -0.00481304 0)
(5.12857 -0.00392023 0)
(5.12963 -0.00319027 0)
(5.13049 -0.00259283 0)
(5.1312 -0.00210384 0)
(5.13177 -0.00170261 0)
(5.13223 -0.00137216 0)
(5.13261 -0.00109889 0)
(5.13291 -0.000871715 0)
(5.13314 -0.000681097 0)
(5.13333 -0.000519133 0)
(5.13347 -0.000379476 0)
(5.13358 -0.000256113 0)
(5.13365 -0.000144458 0)
(5.13369 -4.05474e-05 0)
(5.1337 5.98443e-05 0)
(5.13368 0.000159953 0)
(5.13363 0.000264435 0)
(5.13355 0.000379875 0)
(5.13344 0.000511482 0)
(5.13328 0.000663168 0)
(5.13309 0.000839668 0)
(5.13284 0.00104745 0)
(5.13254 0.00129444 0)
(5.13216 0.0015901 0)
(5.1317 0.0019458 0)
(5.13114 0.00237487 0)
(5.13045 0.00289354 0)
(5.12962 0.00352148 0)
(5.1286 0.00428241 0)
(5.12736 0.00520521 0)
(5.12585 0.0063249 0)
(5.12403 0.00768365 0)
(5.1218 0.00933265 0)
(5.11911 0.0113342 0)
(5.11583 0.0137638 0)
(5.11186 0.0167132 0)
(5.10703 0.0202934 0)
(5.10117 0.0246393 0)
(5.09406 0.0299143 0)
(5.08543 0.0363171 0)
(5.07496 0.0440883 0)
(5.06224 0.0535193 0)
(5.04681 0.0649637 0)
(5.02808 0.0788495 0)
(5.00534 0.0956939 0)
(4.97774 0.116121 0)
(4.94425 0.140884 0)
(4.90358 0.170886 0)
(4.8542 0.207201 0)
(4.79422 0.251106 0)
(4.72136 0.304084 0)
(4.6328 0.367845 0)
(4.52515 0.444273 0)
(4.39433 0.535428 0)
(4.23539 0.643265 0)
(4.04282 0.769947 0)
(3.80941 0.91605 0)
(3.52987 1.0852 0)
(3.18922 1.26811 0)
(2.79843 1.48612 0)
(2.29033 1.66979 0)
(1.80483 1.94573 0)
(0.989995 2.00369 0)
(0.623286 2.20894 0)
(-0.798617 1.56549 0)
(-2.26227 0.193836 0)
(-1.39585 -1.34601 0)
(-0.605381 -2.45732 0)
(0.732327 -2.67474 0)
(1.70732 -2.51 0)
(2.49524 -2.18162 0)
(3.08087 -1.8226 0)
(3.51411 -1.49286 0)
(3.84049 -1.211 0)
(4.09191 -0.977937 0)
(4.28942 -0.788314 0)
(4.44687 -0.635238 0)
(4.57367 -0.512102 0)
(4.67643 -0.413182 0)
(4.76006 -0.333719 0)
(4.82828 -0.269842 0)
(4.88401 -0.218438 0)
(4.92957 -0.177019 0)
(4.96684 -0.143599 0)
(4.99733 -0.116594 0)
(5.02228 -0.0947462 0)
(5.04269 -0.077048 0)
(5.05939 -0.0626951 0)
(5.07306 -0.0510433 0)
(5.08423 -0.041576 0)
(5.09338 -0.0338775 0)
(5.10086 -0.0276131 0)
(5.10698 -0.0225125 0)
(5.11198 -0.0183571 0)
(5.11607 -0.0149708 0)
(5.11942 -0.0122099 0)
(5.12215 -0.00995777 0)
(5.12439 -0.00812083 0)
(5.12622 -0.00662094 0)
(5.12771 -0.00539607 0)
(5.12893 -0.00439643 0)
(5.12992 -0.00357878 0)
(5.13073 -0.00290941 0)
(5.13139 -0.00236148 0)
(5.13193 -0.00191177 0)
(5.13237 -0.00154135 0)
(5.13272 -0.00123512 0)
(5.133 -0.000980584 0)
(5.13322 -0.000767106 0)
(5.1334 -0.000585876 0)
(5.13353 -0.000429666 0)
(5.13363 -0.000291965 0)
(5.1337 -0.000167423 0)
(5.13373 -5.14673e-05 0)
(5.13374 6.05674e-05 0)
(5.13373 0.000172767 0)
(5.13368 0.000290013 0)
(5.13361 0.000418574 0)
(5.1335 0.000564127 0)
(5.13336 0.000731585 0)
(5.13317 0.000926517 0)
(5.13294 0.00115607 0)
(5.13266 0.00142895 0)
(5.13231 0.0017556 0)
(5.13188 0.00214849 0)
(5.13135 0.00262241 0)
(5.1307 0.00319529 0)
(5.12992 0.00388884 0)
(5.12897 0.0047293 0)
(5.12781 0.00574845 0)
(5.1264 0.00698496 0)
(5.12469 0.00848545 0)
(5.12261 0.0103065 0)
(5.12008 0.0125168 0)
(5.11701 0.0151998 0)
(5.11329 0.0184568 0)
(5.10877 0.0224104 0)
(5.10329 0.0272095 0)
(5.09663 0.0330349 0)
(5.08854 0.0401058 0)
(5.07873 0.0486883 0)
(5.06682 0.0591046 0)
(5.05237 0.0717456 0)
(5.03482 0.087085 0)
(5.01353 0.105696 0)
(4.98767 0.128271 0)
(4.95628 0.155646 0)
(4.91815 0.188827 0)
(4.87184 0.229018 0)
(4.81553 0.27765 0)
(4.74705 0.336401 0)
(4.66368 0.407221 0)
(4.56211 0.492291 0)
(4.43825 0.593956 0)
(4.28732 0.714766 0)
(4.10301 0.856424 0)
(3.88028 1.02282 0)
(3.60534 1.20868 0)
(3.28822 1.43238 0)
(2.86093 1.64217 0)
(2.4705 1.94919 0)
(1.69659 2.07935 0)
(1.44711 2.4951 0)
(-0.221813 2.42507 0)
(-1.07033 2.28518 0)
(-3.07272 0.427831 0)
(-1.4604 -1.81263 0)
(-0.635455 -2.96648 0)
(0.818705 -3.18881 0)
(1.83974 -2.90343 0)
(2.64758 -2.46885 0)
(3.23033 -2.02989 0)
(3.64698 -1.64465 0)
(3.95251 -1.32527 0)
(4.18389 -1.0663 0)
(4.36397 -0.858088 0)
(4.50694 -0.691131 0)
(4.62196 -0.557297 0)
(4.71523 -0.44994 0)
(4.79125 -0.363719 0)
(4.85338 -0.294373 0)
(4.90423 -0.238519 0)
(4.94589 -0.193466 0)
(4.98002 -0.157071 0)
(5.00799 -0.127631 0)
(5.03092 -0.103786 0)
(5.04969 -0.084451 0)
(5.06508 -0.0687569 0)
(5.07767 -0.0560062 0)
(5.08799 -0.0456385 0)
(5.09643 -0.0372025 0)
(5.10335 -0.030334 0)
(5.109 -0.0247388 0)
(5.11363 -0.0201785 0)
(5.11742 -0.0164607 0)
(5.12051 -0.0134284 0)
(5.12305 -0.0109543 0)
(5.12512 -0.00893529 0)
(5.12681 -0.00728653 0)
(5.1282 -0.00594019 0)
(5.12932 -0.00484069 0)
(5.13025 -0.00394087 0)
(5.131 -0.00320453 0)
(5.13161 -0.00260189 0)
(5.13211 -0.00210707 0)
(5.13251 -0.00169937 0)
(5.13284 -0.00136236 0)
(5.1331 -0.00108228 0)
(5.13331 -0.000847468 0)
(5.13347 -0.000648238 0)
(5.1336 -0.000476564 0)
(5.13369 -0.000325429 0)
(5.13375 -0.000188843 0)
(5.13378 -6.1625e-05 0)
(5.13379 6.13112e-05 0)
(5.13378 0.000184674 0)
(5.13374 0.000313647 0)
(5.13367 0.000454433 0)
(5.13357 0.000613082 0)
(5.13344 0.000795289 0)
(5.13327 0.00100739 0)
(5.13305 0.00125721 0)
(5.13279 0.00155423 0)
(5.13246 0.00190972 0)
(5.13207 0.00233724 0)
(5.13158 0.00285293 0)
(5.13098 0.0034763 0)
(5.13026 0.00423096 0)
(5.12937 0.00514544 0)
(5.1283 0.00625434 0)
(5.12699 0.00759965 0)
(5.12541 0.00923214 0)
(5.12348 0.0112134 0)
(5.12115 0.0136181 0)
(5.11831 0.0165371 0)
(5.11486 0.0200805 0)
(5.11068 0.0243818 0)
(5.1056 0.0296032 0)
(5.09944 0.0359411 0)
(5.09196 0.0436344 0)
(5.08287 0.0529726 0)
(5.07185 0.0643068 0)
(5.05847 0.0780627 0)
(5.04222 0.0947569 0)
(5.0225 0.115015 0)
(4.99856 0.139593 0)
(4.96948 0.169406 0)
(4.93415 0.205558 0)
(4.89121 0.249374 0)
(4.83897 0.30244 0)
(4.77535 0.366622 0)
(4.69776 0.444125 0)
(4.60296 0.537378 0)
(4.48705 0.649252 0)
(4.34474 0.782147 0)
(4.17144 0.940038 0)
(3.95555 1.12141 0)
(3.70378 1.33909 0)
(3.36016 1.56296 0)
(3.04556 1.86805 0)
(2.39283 2.07235 0)
(2.22298 2.51822 0)
(0.732646 2.53275 0)
(1.43531 2.90605 0)
(-1.4758 3.06006 0)
(-3.53482 0.560758 0)
(-1.07905 -2.62942 0)
(-0.240656 -3.51886 0)
(1.1461 -3.71277 0)
(2.10613 -3.30168 0)
(2.86533 -2.75186 0)
(3.41432 -2.22865 0)
(3.80031 -1.78648 0)
(4.07772 -1.42987 0)
(4.28488 -1.14621 0)
(4.44502 -0.920818 0)
(4.5719 -0.741299 0)
(4.67404 -0.597887 0)
(4.75704 -0.483009 0)
(4.82486 -0.390766 0)
(4.88044 -0.316542 0)
(4.92605 -0.256708 0)
(4.96351 -0.208395 0)
(4.99427 -0.169325 0)
(5.01954 -0.137685 0)
(5.04027 -0.112034 0)
(5.05729 -0.0912155 0)
(5.07125 -0.0743026 0)
(5.08269 -0.0605512 0)
(5.09207 -0.0493623 0)
(5.09976 -0.0402527 0)
(5.10605 -0.0328317 0)
(5.11121 -0.0267837 0)
(5.11543 -0.0218522 0)
(5.11888 -0.0178305 0)
(5.12171 -0.0145489 0)
(5.12402 -0.0118708 0)
(5.12592 -0.00968517 0)
(5.12746 -0.007899 0)
(5.12873 -0.00644087 0)
(5.12976 -0.00524986 0)
(5.1306 -0.00427452 0)
(5.13129 -0.00347651 0)
(5.13185 -0.00282338 0)
(5.13231 -0.00228691 0)
(5.13268 -0.00184488 0)
(5.13297 -0.00147957 0)
(5.13321 -0.001176 0)
(5.1334 -0.000921547 0)
(5.13355 -0.000705744 0)
(5.13367 -0.000519845 0)
(5.13375 -0.000356309 0)
(5.13381 -0.000208599 0)
(5.13384 -7.09965e-05 0)
(5.13385 6.19918e-05 0)
(5.13383 0.000195575 0)
(5.1338 0.000335248 0)
(5.13373 0.000487277 0)
(5.13364 0.000658036 0)
(5.13352 0.00085387 0)
(5.13337 0.00108179 0)
(5.13317 0.00135026 0)
(5.13293 0.00166945 0)
(5.13263 0.00205147 0)
(5.13227 0.00251084 0)
(5.13182 0.00306493 0)
(5.13128 0.00373474 0)
(5.13062 0.00454559 0)
(5.12981 0.00552814 0)
(5.12883 0.00671956 0)
(5.12764 0.00816494 0)
(5.12619 0.00991884 0)
(5.12443 0.0120474 0)
(5.1223 0.0146309 0)
(5.11971 0.017767 0)
(5.11656 0.0215739 0)
(5.11274 0.026195 0)
(5.1081 0.0318047 0)
(5.10247 0.0386141 0)
(5.09564 0.04688 0)
(5.08735 0.0569134 0)
(5.07728 0.069092 0)
(5.06506 0.0838739 0)
(5.05022 0.101815 0)
(5.03221 0.123589 0)
(5.01033 0.150012 0)
(4.98376 0.182072 0)
(4.95147 0.220966 0)
(4.9122 0.268132 0)
(4.86438 0.325306 0)
(4.80608 0.394537 0)
(4.73483 0.478273 0)
(4.64759 0.579284 0)
(4.54022 0.700632 0)
(4.40862 0.845959 0)
(4.24397 1.01686 0)
(4.0485 1.2215 0)
(3.78346 1.44675 0)
(3.52724 1.73332 0)
(3.02881 1.98894 0)
(2.83716 2.40587 0)
(1.72615 2.57533 0)
(1.89054 3.16801 0)
(-0.542683 3.06516 0)
(-1.57236 3.95435 0)
(-2.89877 0.500141 0)
(-0.354478 -3.51357 0)
(0.654376 -4.09497 0)
(1.77575 -4.14774 0)
(2.5566 -3.64975 0)
(3.17751 -3.00505 0)
(3.64347 -2.40665 0)
(3.97681 -1.91275 0)
(4.21623 -1.52214 0)
(4.39438 -1.21619 0)
(4.53196 -0.975638 0)
(4.6412 -0.785186 0)
(4.72946 -0.633491 0)
(4.80149 -0.512115 0)
(4.86059 -0.414655 0)
(4.90923 -0.336187 0)
(4.94929 -0.272877 0)
(4.9823 -0.221703 0)
(5.00949 -0.180274 0)
(5.03187 -0.14669 0)
(5.05028 -0.119435 0)
(5.06542 -0.0972951 0)
(5.07785 -0.0792939 0)
(5.08807 -0.064647 0)
(5.09645 -0.0527216 0)
(5.10332 -0.0430067 0)
(5.10896 -0.0350887 0)
(5.11358 -0.0286328 0)
(5.11736 -0.0233666 0)
(5.12046 -0.0190705 0)
(5.123 -0.0155637 0)
(5.12507 -0.0127013 0)
(5.12677 -0.0103644 0)
(5.12816 -0.00845435 0)
(5.1293 -0.0068951 0)
(5.13023 -0.00562069 0)
(5.13099 -0.00457689 0)
(5.1316 -0.00372324 0)
(5.13211 -0.00302444 0)
(5.13252 -0.00245015 0)
(5.13285 -0.00197698 0)
(5.13312 -0.00158599 0)
(5.13333 -0.00126112 0)
(5.1335 -0.000988835 0)
(5.13364 -0.000757981 0)
(5.13374 -0.000559164 0)
(5.13382 -0.000384351 0)
(5.13387 -0.000226528 0)
(5.1339 -7.94918e-05 0)
(5.13391 6.26299e-05 0)
(5.13389 0.000205437 0)
(5.13386 0.000354748 0)
(5.1338 0.000516949 0)
(5.13372 0.000698735 0)
(5.13361 0.000906939 0)
(5.13347 0.00114921 0)
(5.1333 0.00143458 0)
(5.13308 0.00177388 0)
(5.13282 0.00217992 0)
(5.13249 0.00266815 0)
(5.13209 0.00325705 0)
(5.1316 0.00396893 0)
(5.131 0.0048307 0)
(5.13028 0.00587493 0)
(5.1294 0.00714112 0)
(5.12833 0.00867719 0)
(5.12703 0.0105411 0)
(5.12545 0.0128031 0)
(5.12353 0.0155487 0)
(5.1212 0.0188815 0)
(5.11837 0.0229271 0)
(5.11494 0.0278382 0)
(5.11078 0.0337997 0)
(5.10572 0.0410365 0)
(5.09958 0.0498213 0)
(5.09213 0.0604849 0)
(5.08308 0.073429 0)
(5.0721 0.0891412 0)
(5.05877 0.108213 0)
(5.04258 0.131362 0)
(5.02292 0.159459 0)
(4.99904 0.19356 0)
(4.97001 0.234946 0)
(4.93468 0.285162 0)
(4.89163 0.346087 0)
(4.83908 0.419936 0)
(4.77473 0.509449 0)
(4.6956 0.617552 0)
(4.59822 0.748193 0)
(4.4763 0.90409 0)
(4.32885 1.09143 0)
(4.13195 1.3078 0)
(3.9249 1.56957 0)
(3.5713 1.84763 0)
(3.34435 2.21788 0)
(2.65121 2.5027 0)
(2.43218 3.08771 0)
(1.19087 3.13693 0)
(1.07885 3.76562 0)
(-1.64876 4.61342 0)
(-0.922421 0.32591 0)
(0.612376 -3.93503 0)
(1.76762 -4.64575 0)
(2.57879 -4.46896 0)
(3.13676 -3.89954 0)
(3.57823 -3.19923 0)
(3.92085 -2.54824 0)
(4.17745 -2.01572 0)
(4.36761 -1.59861 0)
(4.51154 -1.27465 0)
(4.62401 -1.02169 0)
(4.7142 -0.822283 0)
(4.78771 -0.663776 0)
(4.84818 -0.537022 0)
(4.89815 -0.435211 0)
(4.93951 -0.353173 0)
(4.97375 -0.286916 0)
(5.0021 -0.233301 0)
(5.02553 -0.189847 0)
(5.04489 -0.154585 0)
(5.06085 -0.12594 0)
(5.07401 -0.102649 0)
(5.08485 -0.0836972 0)
(5.09376 -0.0682656 0)
(5.10109 -0.0556934 0)
(5.1071 -0.0454458 0)
(5.11204 -0.0370895 0)
(5.11609 -0.0302732 0)
(5.11941 -0.0247111 0)
(5.12213 -0.0201719 0)
(5.12436 -0.0164655 0)
(5.12619 -0.01344 0)
(5.12769 -0.0109683 0)
(5.12891 -0.008948 0)
(5.12991 -0.00729991 0)
(5.13073 -0.00595125 0)
(5.13139 -0.00484597 0)
(5.13194 -0.00394274 0)
(5.13238 -0.00320339 0)
(5.13274 -0.00259555 0)
(5.13304 -0.0020947 0)
(5.13327 -0.00168087 0)
(5.13346 -0.00133701 0)
(5.13361 -0.00104885 0)
(5.13373 -0.000804579 0)
(5.13382 -0.000594256 0)
(5.13389 -0.000409394 0)
(5.13393 -0.000242549 0)
(5.13396 -8.70938e-05 0)
(5.13397 6.31689e-05 0)
(5.13396 0.000214181 0)
(5.13393 0.000372029 0)
(5.13388 0.000543301 0)
(5.1338 0.000734927 0)
(5.13371 0.000954186 0)
(5.13359 0.00120924 0)
(5.13343 0.00150966 0)
(5.13324 0.00186684 0)
(5.13301 0.00229426 0)
(5.13272 0.00280816 0)
(5.13236 0.00342803 0)
(5.13193 0.00417735 0)
(5.13141 0.00508441 0)
(5.13077 0.00618352 0)
(5.13 0.00751626 0)
(5.12905 0.00913304 0)
(5.12791 0.0110948 0)
(5.12652 0.0134757 0)
(5.12483 0.0163655 0)
(5.12278 0.0198734 0)
(5.12029 0.0241315 0)
(5.11727 0.0293005 0)
(5.1136 0.0355753 0)
(5.10915 0.0431926 0)
(5.10374 0.0524392 0)
(5.09718 0.0636639 0)
(5.08922 0.0772896 0)
(5.07955 0.09383 0)
(5.06781 0.113909 0)
(5.05356 0.138283 0)
(5.03625 0.167872 0)
(5.01522 0.203793 0)
(4.98964 0.247404 0)
(4.95851 0.300346 0)
(4.92054 0.364634 0)
(4.87415 0.442641 0)
(4.81715 0.537366 0)
(4.74709 0.652042 0)
(4.65951 0.790955 0)
(4.55199 0.957937 0)
(4.41134 1.15763 0)
(4.24936 1.39471 0)
(4.00961 1.66796 0)
(3.77834 2.00016 0)
(3.38732 2.32683 0)
(2.96897 2.86008 0)
(2.44091 3.05863 0)
(1.63819 3.99488 0)
(0.0922467 3.82832 0)
(-2.00149 4.92002 0)
(1.17332 -0.162019 0)
(1.79041 -4.26499 0)
(2.83389 -5.07406 0)
(3.41451 -4.70431 0)
(3.73105 -4.05303 0)
(4.00629 -3.32496 0)
(4.22684 -2.64473 0)
(4.39656 -2.0889 0)
(4.52948 -1.6557 0)
(4.63495 -1.31993 0)
(4.72015 -1.05817 0)
(4.79015 -0.852145 0)
(4.84824 -0.688468 0)
(4.8967 -0.557537 0)
(4.93719 -0.452287 0)
(4.97102 -0.367388 0)
(4.99924 -0.298737 0)
(5.02274 -0.243117 0)
(5.04229 -0.197984 0)
(5.0585 -0.161319 0)
(5.07192 -0.131505 0)
(5.08302 -0.107242 0)
(5.09218 -0.0874833 0)
(5.09973 -0.071383 0)
(5.10595 -0.0582577 0)
(5.11107 -0.0475534 0)
(5.11528 -0.0388204 0)
(5.11873 -0.031694 0)
(5.12157 -0.0258762 0)
(5.1239 -0.0211275 0)
(5.1258 -0.0172483 0)
(5.12736 -0.0140807 0)
(5.12865 -0.0114939 0)
(5.12969 -0.00937753 0)
(5.13055 -0.00765065 0)
(5.13125 -0.00623812 0)
(5.13182 -0.00508059 0)
(5.13229 -0.00413433 0)
(5.13267 -0.00335928 0)
(5.13298 -0.00272201 0)
(5.13323 -0.00219708 0)
(5.13343 -0.00176341 0)
(5.1336 -0.00140308 0)
(5.13373 -0.00110111 0)
(5.13383 -0.000845171 0)
(5.13391 -0.000624829 0)
(5.13396 -0.000431209 0)
(5.134 -0.000256498 0)
(5.13402 -9.37087e-05 0)
(5.13403 6.36408e-05 0)
(5.13402 0.000221775 0)
(5.134 0.000387031 0)
(5.13395 0.000566183 0)
(5.13389 0.000766391 0)
(5.13381 0.000995278 0)
(5.13371 0.00126146 0)
(5.13357 0.00157497 0)
(5.13341 0.00194772 0)
(5.13321 0.00239372 0)
(5.13296 0.00292997 0)
(5.13266 0.00357677 0)
(5.13229 0.00435867 0)
(5.13184 0.00530513 0)
(5.13129 0.00645196 0)
(5.13063 0.00784258 0)
(5.12982 0.00952956 0)
(5.12884 0.0115765 0)
(5.12764 0.0140607 0)
(5.1262 0.017076 0)
(5.12444 0.0207361 0)
(5.1223 0.0251792 0)
(5.11971 0.0305726 0)
(5.11656 0.03712 0)
(5.11275 0.0450682 0)
(5.10811 0.0547168 0)
(5.10248 0.0664296 0)
(5.09565 0.0806485 0)
(5.08736 0.0979099 0)
(5.07729 0.118865 0)
(5.06507 0.144306 0)
(5.05022 0.175195 0)
(5.03218 0.212702 0)
(5.01024 0.258254 0)
(4.98353 0.313577 0)
(4.95092 0.380815 0)
(4.91104 0.462462 0)
(4.86198 0.561851 0)
(4.80124 0.682281 0)
(4.72572 0.829038 0)
(4.62907 1.00562 0)
(4.51013 1.21859 0)
(4.35022 1.47155 0)
(4.15303 1.77053 0)
(3.9228 2.10217 0)
(3.53003 2.55314 0)
(3.229 2.91228 0)
(2.66787 3.6285 0)
(1.40778 3.95899 0)
(1.63569 4.68083 0)
(-1.06819 5.42619 0)
(2.592 -0.730672 0)
(2.9733 -4.7429 0)
(4.0536 -5.41542 0)
(4.4734 -4.82648 0)
(4.40962 -4.09774 0)
(4.43582 -3.38055 0)
(4.53241 -2.69856 0)
(4.62072 -2.1321 0)
(4.69637 -1.69181 0)
(4.76215 -1.35085 0)
(4.81906 -1.08448 0)
(4.86818 -0.874437 0)
(4.91043 -0.707358 0)
(4.94658 -0.573526 0)
(4.97738 -0.465783 0)
(5.00349 -0.378746 0)
(5.02554 -0.308267 0)
(5.04408 -0.251089 0)
(5.05962 -0.204635 0)
(5.07259 -0.166852 0)
(5.08339 -0.136097 0)
(5.09236 -0.111046 0)
(5.09979 -0.0906281 0)
(5.10594 -0.073979 0)
(5.11102 -0.0603978 0)
(5.1152 -0.0493155 0)
(5.11865 -0.0402699 0)
(5.12149 -0.0328849 0)
(5.12382 -0.0268546 0)
(5.12573 -0.0219298 0)
(5.1273 -0.0179066 0)
(5.12859 -0.0146209 0)
(5.12965 -0.0119349 0)
(5.13051 -0.00973945 0)
(5.13122 -0.00794749 0)
(5.1318 -0.00647991 0)
(5.13227 -0.00527781 0)
(5.13266 -0.00429553 0)
(5.13297 -0.00349076 0)
(5.13323 -0.00282892 0)
(5.13344 -0.00228374 0)
(5.1336 -0.00183328 0)
(5.13374 -0.00145899 0)
(5.13385 -0.00114535 0)
(5.13393 -0.000879569 0)
(5.13399 -0.000650769 0)
(5.13404 -0.00044972 0)
(5.13407 -0.000268331 0)
(5.13409 -9.93344e-05 0)
(5.1341 6.40216e-05 0)
(5.13409 0.000228193 0)
(5.13407 0.000399713 0)
(5.13403 0.000585502 0)
(5.13398 0.000792958 0)
(5.13391 0.00102999 0)
(5.13383 0.00130558 0)
(5.13372 0.00163011 0)
(5.13358 0.00201596 0)
(5.13342 0.00247765 0)
(5.13321 0.00303274 0)
(5.13296 0.00370225 0)
(5.13265 0.00451161 0)
(5.13228 0.00549135 0)
(5.13183 0.00667849 0)
(5.13128 0.00811794 0)
(5.13061 0.00986416 0)
(5.1298 0.011983 0)
(5.12881 0.0145545 0)
(5.12761 0.0176756 0)
(5.12616 0.0214642 0)
(5.12439 0.0260633 0)
(5.12225 0.0316463 0)
(5.11964 0.0384237 0)
(5.11648 0.0466512 0)
(5.11265 0.0566392 0)
(5.10799 0.0687642 0)
(5.10234 0.0834838 0)
(5.09547 0.101354 0)
(5.08714 0.12305 0)
(5.07703 0.149391 0)
(5.06475 0.181379 0)
(5.04982 0.220226 0)
(5.03167 0.267421 0)
(5.00957 0.324759 0)
(4.98257 0.394509 0)
(4.94958 0.479241 0)
(4.90873 0.582697 0)
(4.85841 0.707958 0)
(4.79434 0.862185 0)
(4.71339 1.04627 0)
(4.60997 1.274 0)
(4.4634 1.54135 0)
(4.31521 1.85162 0)
(4.02811 2.24722 0)
(3.78617 2.64214 0)
(3.50981 3.16741 0)
(2.54361 3.82365 0)
(2.7502 4.4799 0)
(-0.0336763 5.11128 0)
(-2.66994 4.20289 0)
(4.44634 -2.09396 0)
(4.31991 -5.22698 0)
(5.11128 -5.71909 0)
(5.71638 -4.8535 0)
(5.36438 -3.9865 0)
(4.97426 -3.32512 0)
(4.85432 -2.70028 0)
(4.84412 -2.14735 0)
(4.8627 -1.70829 0)
(4.89001 -1.3675 0)
(4.91908 -1.10042 0)
(4.94734 -0.88902 0)
(4.97363 -0.72034 0)
(4.99736 -0.584894 0)
(5.01836 -0.475629 0)
(5.03666 -0.387195 0)
(5.05244 -0.315462 0)
(5.06593 -0.257179 0)
(5.07739 -0.209763 0)
(5.08705 -0.171152 0)
(5.09517 -0.13969 0)
(5.10196 -0.114037 0)
(5.10762 -0.0931123 0)
(5.11233 -0.0760373 0)
(5.11623 -0.0620999 0)
(5.11946 -0.0507207 0)
(5.12213 -0.0414282 0)
(5.12432 -0.0338387 0)
(5.12613 -0.027639 0)
(5.12762 -0.0225742 0)
(5.12885 -0.018436 0)
(5.12985 -0.0150548 0)
(5.13068 -0.0122909 0)
(5.13135 -0.0100315 0)
(5.13191 -0.00818612 0)
(5.13236 -0.00667515 0)
(5.13273 -0.00543767 0)
(5.13303 -0.00442578 0)
(5.13328 -0.00359656 0)
(5.13348 -0.00291496 0)
(5.13365 -0.00235356 0)
(5.13378 -0.00188968 0)
(5.13388 -0.00150415 0)
(5.13397 -0.0011811 0)
(5.13403 -0.000907371 0)
(5.13409 -0.000671777 0)
(5.13412 -0.000464782 0)
(5.13415 -0.000278001 0)
(5.13416 -0.000103976 0)
(5.13417 6.42345e-05 0)
(5.13416 0.000233289 0)
(5.13414 0.000409894 0)
(5.13412 0.000601125 0)
(5.13408 0.000814452 0)
(5.13402 0.00105811 0)
(5.13396 0.00134132 0)
(5.13387 0.00167482 0)
(5.13376 0.00207124 0)
(5.13363 0.00254559 0)
(5.13347 0.0031159 0)
(5.13327 0.00380379 0)
(5.13303 0.00463529 0)
(5.13274 0.00564184 0)
(5.13239 0.00686154 0)
(5.13195 0.00834049 0)
(5.13143 0.0101346 0)
(5.13079 0.0123115 0)
(5.13002 0.0149535 0)
(5.12907 0.0181603 0)
(5.12793 0.0220529 0)
(5.12655 0.0267782 0)
(5.12486 0.0325144 0)
(5.12282 0.0394779 0)
(5.12033 0.0479314 0)
(5.11732 0.0581938 0)
(5.11367 0.0706523 0)
(5.10923 0.0857771 0)
(5.10384 0.10414 0)
(5.09731 0.126434 0)
(5.08937 0.153505 0)
(5.07973 0.186382 0)
(5.06803 0.226314 0)
(5.05379 0.274842 0)
(5.03648 0.333812 0)
(5.01528 0.405611 0)
(4.98946 0.492848 0)
(4.95723 0.599678 0)
(4.91784 0.728955 0)
(4.866 0.889567 0)
(4.80308 1.08026 0)
(4.70941 1.32345 0)
(4.60489 1.59462 0)
(4.43901 1.94831 0)
(4.19689 2.34326 0)
(4.12488 2.72753 0)
(3.40098 3.49638 0)
(3.26433 3.96777 0)
(2.36867 4.75136 0)
(1.44126 6.08938 0)
(-4.02426 4.0115 0)
(6.46967 -3.2422 0)
(6.03875 -5.57765 0)
(5.31906 -6.01345 0)
(6.06082 -4.97808 0)
(6.16169 -3.82165 0)
(5.61584 -3.13451 0)
(5.23624 -2.61547 0)
(5.08205 -2.12483 0)
(5.0298 -1.70502 0)
(5.0169 -1.37059 0)
(5.01875 -1.10631 0)
(5.02665 -0.895974 0)
(5.03719 -0.727429 0)
(5.04857 -0.591635 0)
(5.05977 -0.481801 0)
(5.07024 -0.392708 0)
(5.07972 -0.320297 0)
(5.08813 -0.261363 0)
(5.09546 -0.213347 0)
(5.10179 -0.174199 0)
(5.10719 -0.142263 0)
(5.11177 -0.1162 0)
(5.11562 -0.0949216 0)
(5.11886 -0.0775457 0)
(5.12156 -0.0633536 0)
(5.12382 -0.0517601 0)
(5.12568 -0.0422881 0)
(5.12723 -0.0345489 0)
(5.12851 -0.0282244 0)
(5.12956 -0.0230566 0)
(5.13043 -0.0188325 0)
(5.13115 -0.0153799 0)
(5.13174 -0.012559 0)
(5.13222 -0.0102515 0)
(5.13261 -0.00836424 0)
(5.13294 -0.0068214 0)
(5.13321 -0.00555896 0)
(5.13342 -0.00452496 0)
(5.1336 -0.00367681 0)
(5.13374 -0.00297999 0)
(5.13386 -0.00240626 0)
(5.13396 -0.0019322 0)
(5.13403 -0.00153822 0)
(5.13409 -0.00120809 0)
(5.13414 -0.000928321 0)
(5.13418 -0.000687527 0)
(5.13421 -0.000476014 0)
(5.13422 -0.000285175 0)
(5.13424 -0.000107356 0)
(5.13424 6.45241e-05 0)
(5.13423 0.000237247 0)
(5.13422 0.000417643 0)
(5.1342 0.000612959 0)
(5.13417 0.00083074 0)
(5.13413 0.00107939 0)
(5.13409 0.00136832 0)
(5.13402 0.00170861 0)
(5.13395 0.00211308 0)
(5.13385 0.00259703 0)
(5.13374 0.00317885 0)
(5.13359 0.00388068 0)
(5.13342 0.00472903 0)
(5.13321 0.00575589 0)
(5.13295 0.00700016 0)
(5.13264 0.00850899 0)
(5.13227 0.0103393 0)
(5.13181 0.0125602 0)
(5.13125 0.0152554 0)
(5.13057 0.0185271 0)
(5.12975 0.0224984 0)
(5.12875 0.0273191 0)
(5.12754 0.0331712 0)
(5.12607 0.0402757 0)
(5.12428 0.0489004 0)
(5.12211 0.0593706 0)
(5.11948 0.0720815 0)
(5.11629 0.0875133 0)
(5.11241 0.106249 0)
(5.10771 0.128997 0)
(5.10201 0.156621 0)
(5.09508 0.190171 0)
(5.08668 0.230926 0)
(5.07646 0.280465 0)
(5.06406 0.340668 0)
(5.04882 0.414047 0)
(5.03043 0.503129 0)
(5.00711 0.612762 0)
(4.97905 0.744688 0)
(4.9412 0.911463 0)
(4.89307 1.10673 0)
(4.82367 1.36321 0)
(4.73961 1.64305 0)
(4.55983 2.04399 0)
(4.50098 2.35222 0)
(4.15875 3.02021 0)
(3.71943 3.4476 0)
(3.9802 4.28083 0)
(2.59237 5.30064 0)
(0.318592 6.73901 0)
(1.38093 3.77189 0)
(8.89387 -3.81358 0)
(8.69945 -5.42494 0)
(5.96889 -5.88579 0)
(5.29379 -5.20732 0)
(5.90767 -3.87031 0)
(5.8951 -2.95717 0)
(5.56863 -2.45614 0)
(5.32559 -2.05038 0)
(5.20054 -1.67629 0)
(5.1435 -1.35926 0)
(5.11744 -1.10228 0)
(5.10534 -0.895465 0)
(5.1005 -0.728711 0)
(5.09975 -0.593798 0)
(5.10127 -0.484319 0)
(5.10397 -0.395283 0)
(5.10717 -0.322762 0)
(5.1105 -0.263629 0)
(5.11371 -0.215377 0)
(5.11668 -0.175983 0)
(5.11934 -0.143808 0)
(5.12169 -0.117524 0)
(5.12373 -0.0960476 0)
(5.12548 -0.0784966 0)
(5.12698 -0.0641524 0)
(5.12824 -0.052428 0)
(5.1293 -0.0428448 0)
(5.13018 -0.0350111 0)
(5.13092 -0.028608 0)
(5.13154 -0.0233728 0)
(5.13205 -0.0190943 0)
(5.13247 -0.0155961 0)
(5.13282 -0.0127347 0)
(5.1331 -0.0103974 0)
(5.13333 -0.00848469 0)
(5.13353 -0.00691893 0)
(5.13369 -0.00563875 0)
(5.13382 -0.00459062 0)
(5.13392 -0.00373073 0)
(5.13401 -0.00302418 0)
(5.13408 -0.00244233 0)
(5.13414 -0.00196135 0)
(5.13419 -0.00156158 0)
(5.13422 -0.00122665 0)
(5.13425 -0.00094287 0)
(5.13427 -0.000698606 0)
(5.13429 -0.000483953 0)
(5.1343 -0.000290288 0)
(5.13431 -0.000109864 0)
(5.13431 6.45559e-05 0)
(5.13431 0.00023987 0)
(5.1343 0.000422936 0)
(5.13429 0.000620972 0)
(5.13427 0.000841758 0)
(5.13425 0.00109378 0)
(5.13422 0.00138659 0)
(5.13418 0.0017313 0)
(5.13413 0.00214109 0)
(5.13408 0.00263149 0)
(5.134 0.00322105 0)
(5.13392 0.00393211 0)
(5.13381 0.00479171 0)
(5.13369 0.00583235 0)
(5.13353 0.00709328 0)
(5.13334 0.00862213 0)
(5.13312 0.0104768 0)
(5.13284 0.0127273 0)
(5.1325 0.0154586 0)
(5.13209 0.0187736 0)
(5.1316 0.0227977 0)
(5.13099 0.0276828 0)
(5.13026 0.033613 0)
(5.12937 0.040812 0)
(5.12829 0.0495518 0)
(5.12698 0.0601619 0)
(5.12539 0.0730429 0)
(5.12347 0.088681 0)
(5.12113 0.107668 0)
(5.11829 0.130722 0)
(5.11486 0.158717 0)
(5.11069 0.192721 0)
(5.10565 0.234028 0)
(5.09951 0.284251 0)
(5.09213 0.345279 0)
(5.08296 0.419748 0)
(5.07228 0.509997 0)
(5.05775 0.621844 0)
(5.04251 0.754665 0)
(5.0167 0.928828 0)
(4.98921 1.12067 0)
(4.9448 1.40203 0)
(4.85307 1.67888 0)
(4.78336 2.09778 0)
(4.66017 2.4563 0)
(4.16086 3.16021 0)
(4.68305 3.39754 0)
(3.74201 4.66219 0)
(3.66549 5.52567 0)
(2.18722 7.78428 0)
(7.99406 -1.87225 0)
(10.2909 -5.3942 0)
(10.5817 -4.82769 0)
(8.26492 -4.72874 0)
(5.62171 -4.89427 0)
(5.20569 -4.06765 0)
(5.54018 -3.01519 0)
(5.60757 -2.36478 0)
(5.48613 -1.9605 0)
(5.3543 -1.62527 0)
(5.26631 -1.33285 0)
(5.21425 -1.08813 0)
(5.18278 -0.887612 0)
(5.16303 -0.724326 0)
(5.15047 -0.591462 0)
(5.14252 -0.483235 0)
(5.13758 -0.394956 0)
(5.13459 -0.322874 0)
(5.13288 -0.263983 0)
(5.13199 -0.21585 0)
(5.13161 -0.176498 0)
(5.13155 -0.14432 0)
(5.13167 -0.118005 0)
(5.13189 -0.0964849 0)
(5.13215 -0.078885 0)
(5.13243 -0.0644915 0)
(5.13269 -0.0527205 0)
(5.13294 -0.0430944 0)
(5.13316 -0.0352226 0)
(5.13336 -0.0287858 0)
(5.13353 -0.0235222 0)
(5.13367 -0.0192187 0)
(5.1338 -0.0156994 0)
(5.1339 -0.0128215 0)
(5.13399 -0.0104683 0)
(5.13406 -0.00854236 0)
(5.13413 -0.00696744 0)
(5.13418 -0.00567912 0)
(5.13422 -0.00462291 0)
(5.13425 -0.00375634 0)
(5.13428 -0.003045 0)
(5.13431 -0.00245934 0)
(5.13432 -0.00197521 0)
(5.13434 -0.00157274 0)
(5.13435 -0.00123559 0)
(5.13436 -0.000949874 0)
(5.13437 -0.000703969 0)
(5.13438 -0.000487909 0)
(5.13438 -0.000292912 0)
(5.13438 -0.000111183 0)
(5.13438 6.45332e-05 0)
(5.13438 0.000241138 0)
(5.13438 0.000425579 0)
(5.13438 0.00062516 0)
(5.13437 0.000847533 0)
(5.13436 0.00110133 0)
(5.13435 0.0013961 0)
(5.13434 0.00174319 0)
(5.13432 0.00215566 0)
(5.1343 0.00264924 0)
(5.13428 0.00324261 0)
(5.13425 0.00395836 0)
(5.13421 0.00482353 0)
(5.13417 0.00587087 0)
(5.13412 0.00714006 0)
(5.13405 0.00867905 0)
(5.13398 0.010546 0)
(5.13388 0.0128114 0)
(5.13377 0.0155608 0)
(5.13363 0.018898 0)
(5.13346 0.0229489 0)
(5.13326 0.0278665 0)
(5.13301 0.0338362 0)
(5.13271 0.0410835 0)
(5.13234 0.0498816 0)
(5.1319 0.0605627 0)
(5.13136 0.0735298 0)
(5.13072 0.089273 0)
(5.12993 0.108387 0)
(5.12898 0.131596 0)
(5.12784 0.15978 0)
(5.12646 0.194014 0)
(5.12482 0.235601 0)
(5.12281 0.286171 0)
(5.12051 0.347611 0)
(5.11744 0.42266 0)
(5.11468 0.513415 0)
(5.10883 0.626709 0)
(5.10775 0.759093 0)
(5.09072 0.940538 0)
(5.09865 1.12097 0)
(5.04093 1.45039 0)
(5.03307 1.64766 0)
(4.97937 2.2416 0)
(4.65887 2.44453 0)
(4.82226 3.25286 0)
(4.61006 3.41345 0)
(3.73983 5.1223 0)
(4.13608 5.67893 0)
(1.9028 8.5735 0)
(4.86501 0.486889 0)
(-0.603049 -0.0175075 0)
(2.36488 -0.0448553 0)
(2.48195 -0.000711216 0)
(2.61055 9.93962e-05 0)
(2.64301 -0.000103276 0)
(2.65178 -4.81689e-05 0)
(2.65453 4.35382e-05 0)
(2.65437 3.04706e-05 0)
(2.65415 -3.96152e-07 0)
(10.0829 0.545198 0)
(2.69461 0.0974136 0)
(5.93312 -0.253139 0)
(6.51077 -0.0534495 0)
(6.79895 -0.0132663 0)
(6.89093 -0.00411438 0)
(6.91724 -0.00134123 0)
(6.92604 -0.000203663 0)
(6.92721 4.71246e-05 0)
(6.92728 -5.72648e-06 0)
(13.1711 0.765014 0)
(6.19553 0.175123 0)
(8.41148 -0.381318 0)
(9.23277 -0.13707 0)
(9.65917 -0.0409661 0)
(9.81573 -0.0130768 0)
(9.86364 -0.0040508 0)
(9.88017 -0.000882507 0)
(9.88365 -7.31693e-05 0)
(9.88432 -3.93953e-05 0)
(14.4048 0.745112 0)
(8.71509 0.227793 0)
(9.85349 -0.463553 0)
(10.5553 -0.241353 0)
(11.0097 -0.0910394 0)
(11.2 -0.031972 0)
(11.2638 -0.0100606 0)
(11.2876 -0.00260742 0)
(11.2936 -0.00052089 0)
(11.295 -0.000139939 0)
(14.4688 0.694986 0)
(9.97399 0.27083 0)
(10.5374 -0.437438 0)
(10.9848 -0.279211 0)
(11.3073 -0.119522 0)
(11.4516 -0.0447619 0)
(11.5034 -0.0145123 0)
(11.5252 -0.00407698 0)
(11.5312 -0.00101247 0)
(11.5325 -0.00025676 0)
(13.9578 0.70216 0)
(10.5896 0.252782 0)
(10.968 -0.44044 0)
(11.2331 -0.32332 0)
(11.4117 -0.14967 0)
(11.4905 -0.0571893 0)
(11.5199 -0.0185276 0)
(11.5353 -0.00536535 0)
(11.5397 -0.00145856 0)
(11.5407 -0.000361129 0)
(13.4009 0.730374 0)
(11.0765 0.227834 0)
(11.3133 -0.392262 0)
(11.4232 -0.319052 0)
(11.4883 -0.156504 0)
(11.5157 -0.0608754 0)
(11.5272 -0.0198061 0)
(11.5373 -0.00589831 0)
(11.5402 -0.00171509 0)
(11.5408 -0.000430232 0)
(12.938 0.706904 0)
(11.4927 0.145818 0)
(11.584 -0.36799 0)
(11.5674 -0.316087 0)
(11.5478 -0.162285 0)
(11.5362 -0.0637893 0)
(11.5334 -0.0206817 0)
(11.539 -0.00625543 0)
(11.5406 -0.00190624 0)
(11.5409 -0.000482716 0)
(12.564 0.629993 0)
(11.8008 0.0596948 0)
(11.7746 -0.324298 0)
(11.6679 -0.291804 0)
(11.5913 -0.157341 0)
(11.5523 -0.0627321 0)
(11.5386 -0.0202813 0)
(11.5404 -0.00621488 0)
(11.541 -0.00197616 0)
(11.541 -0.000508612 0)
(12.3325 0.541769 0)
(12.0314 -0.0378354 0)
(11.9101 -0.287948 0)
(11.7373 -0.264714 0)
(11.6233 -0.149241 0)
(11.5654 -0.0603056 0)
(11.5431 -0.0193781 0)
(11.5417 -0.0059768 0)
(11.5414 -0.00196958 0)
(11.541 -0.000513386 0)
(12.2735 0.426602 0)
(12.2238 -0.126983 0)
(12.0104 -0.252306 0)
(11.7849 -0.232208 0)
(11.647 -0.136827 0)
(11.5761 -0.0561613 0)
(11.547 -0.0179084 0)
(11.5429 -0.00552397 0)
(11.5418 -0.0018805 0)
(11.5411 -0.000497995 0)
(12.3112 0.288688 0)
(12.3742 -0.194531 0)
(12.0826 -0.222347 0)
(11.8171 -0.198846 0)
(11.6644 -0.12203 0)
(11.5849 -0.0509259 0)
(11.5504 -0.0160634 0)
(11.5439 -0.00492496 0)
(11.5421 -0.00172582 0)
(11.5412 -0.000460459 0)
(12.318 0.156995 0)
(12.4713 -0.239387 0)
(12.1325 -0.198412 0)
(11.8388 -0.165849 0)
(11.6772 -0.105339 0)
(11.5921 -0.0447152 0)
(11.5533 -0.0139009 0)
(11.5448 -0.00418923 0)
(11.5423 -0.00151035 0)
(11.5413 -0.000407973 0)
(12.2508 0.0470769 0)
(12.5252 -0.267518 0)
(12.1672 -0.177128 0)
(11.8538 -0.134072 0)
(11.6865 -0.0874336 0)
(11.598 -0.0377341 0)
(11.5558 -0.0114854 0)
(11.5455 -0.00336358 0)
(11.5426 -0.00124657 0)
(11.5413 -0.000335686 0)
(12.1437 -0.0639623 0)
(12.5526 -0.288672 0)
(12.1925 -0.157575 0)
(11.8643 -0.104542 0)
(11.6931 -0.0689472 0)
(11.6025 -0.0301857 0)
(11.5578 -0.00888345 0)
(11.5461 -0.00245967 0)
(11.5427 -0.000945167 0)
(11.5413 -0.00025256 0)
(12.0289 -0.193121 0)
(12.5414 -0.305998 0)
(12.1913 -0.137971 0)
(11.858 -0.0768106 0)
(11.6865 -0.0500594 0)
(11.5964 -0.0221879 0)
(11.5508 -0.00614428 0)
(11.5383 -0.00150807 0)
(11.5347 -0.000613427 0)
(11.5333 -0.000157582 0)
(11.8868 -0.345776 0)
(12.2645 -0.323283 0)
(11.8883 -0.12168 0)
(11.5792 -0.0520293 0)
(11.4276 -0.031472 0)
(11.3492 -0.0139334 0)
(11.3098 -0.00336527 0)
(11.2994 -0.000572872 0)
(11.2965 -0.000273353 0)
(11.2955 -6.06298e-05 0)
(11.3591 -0.43549 0)
(10.9845 -0.291064 0)
(10.3858 -0.0945612 0)
(10.0938 -0.0304658 0)
(9.97715 -0.0164921 0)
(9.91903 -0.00713925 0)
(9.89174 -0.00121271 0)
(9.88602 5.09058e-05 0)
(9.88482 -4.05672e-05 0)
(9.8844 -2.10235e-06 0)
(9.22929 -0.362659 0)
(8.02044 -0.171279 0)
(7.28548 -0.0437693 0)
(7.05643 -0.00958215 0)
(6.98349 -0.0058811 0)
(6.94498 -0.00270407 0)
(6.92854 -0.000171677 0)
(6.92694 0.000225953 0)
(6.92718 3.35291e-05 0)
(6.92721 1.00814e-05 0)
(4.04662 -0.162707 0)
(3.18829 -0.0184847 0)
(2.77386 0.00323247 0)
(2.69447 0.00150109 0)
(2.67383 -0.000435348 0)
(2.65755 -0.000134013 0)
(2.65176 0.000176893 0)
(2.65292 0.000104308 0)
(2.65378 1.06323e-05 0)
(2.65396 3.02495e-06 0)
)
;

boundaryField
{
    inlet
    {
        type            fixedValue;
        value           uniform (10 0 0);
    }
    outlet
    {
        type            zeroGradient;
    }
    walls
    {
        type            fixedValue;
        value           uniform (0 0 0);
    }
    frontAndBack
    {
        type            empty;
    }
}


// ************************************************************************* //
