/*--------------------------------*- C++ -*----------------------------------*\
| =========                 |                                                 |
| \\      /  F ield         | OpenFOAM: The Open Source CFD Toolbox           |
|  \\    /   O peration     | Version:  2.4.0                                 |
|   \\  /    A nd           | Web:      www.OpenFOAM.org                      |
|    \\/     M anipulation  |                                                 |
\*---------------------------------------------------------------------------*/
FoamFile
{
    version     2.0;
    format      ascii;
    class       volScalarField;
    location    "0.166";
    object      nuSgs;
}
// * * * * * * * * * * * * * * * * * * * * * * * * * * * * * * * * * * * * * //

dimensions      [0 2 -1 0 0 0 0];

internalField   nonuniform List<scalar> 
4400
(
0.00205245
0.00193576
0.00169645
0.00153183
0.00142749
0.00137015
0.00133139
0.00129716
0.00127779
0.00131382
0.00139634
0.00172731
0.00172436
0.00167121
0.00158305
0.00152376
0.00148074
0.00143902
0.00142734
0.00141621
0.000721848
0.00118076
0.00136178
0.00141854
0.00140559
0.00137524
0.00135146
0.00131716
0.00131231
0.00129181
0.000270283
0.000647922
0.000860581
0.00101685
0.00108621
0.00110976
0.0011257
0.00111933
0.00112231
0.00111783
8.77433e-05
0.000277952
0.000403547
0.000580593
0.000696771
0.000758155
0.000823476
0.000851901
0.000874889
0.000888795
2.55791e-05
9.39108e-05
0.000148344
0.000238573
0.000348325
0.000397404
0.000480165
0.000543622
0.000570715
0.000615905
7.85954e-06
2.852e-05
4.33699e-05
7.21957e-05
0.000125657
0.000154119
0.000193427
0.000263257
0.000287121
0.000341762
4.24675e-06
1.15042e-05
1.36138e-05
1.92112e-05
3.43531e-05
4.24463e-05
5.51732e-05
8.71358e-05
0.000100651
0.000138209
3.84212e-06
8.60604e-06
8.98865e-06
9.57895e-06
1.17082e-05
1.24241e-05
1.42957e-05
2.23197e-05
2.51865e-05
3.44674e-05
3.83018e-06
7.72726e-06
8.56938e-06
9.29959e-06
9.79836e-06
9.86371e-06
9.94482e-06
1.04754e-05
1.06907e-05
1.12213e-05
3.80715e-06
7.38417e-06
9.34844e-06
9.6563e-06
9.61961e-06
9.69483e-06
1.01601e-05
1.043e-05
1.10736e-05
1.40105e-05
3.82573e-06
7.74125e-06
9.7979e-06
1.00564e-05
1.07644e-05
1.4092e-05
1.66371e-05
2.0462e-05
2.77458e-05
4.94531e-05
4.18796e-06
9.40939e-06
1.45985e-05
1.98503e-05
2.86031e-05
4.91324e-05
6.21418e-05
8.31799e-05
0.000107296
0.000168013
7.74518e-06
2.56509e-05
4.69237e-05
7.29684e-05
0.000108406
0.000173147
0.000205577
0.00026011
0.000299356
0.000396438
2.53402e-05
8.60564e-05
0.000164049
0.000235726
0.000324033
0.000430999
0.000478667
0.000544521
0.0005854
0.000674125
8.67942e-05
0.000256789
0.000438919
0.000566103
0.000694277
0.000773261
0.000820712
0.000858198
0.000883275
0.000931734
0.000267339
0.000643231
0.000874893
0.00100651
0.00109084
0.00111267
0.00112619
0.00112472
0.00112757
0.00113636
0.000715109
0.00118342
0.00136708
0.00141337
0.00140778
0.00137291
0.00135332
0.0013185
0.00130873
0.00129075
0.00139345
0.00173082
0.00172557
0.00166599
0.00159097
0.00151258
0.00148214
0.0014313
0.00141434
0.00136689
0.00205077
0.00193887
0.0016951
0.00152823
0.00143365
0.00135816
0.00132881
0.00128003
0.00125911
0.00118209
0.000517367
0.000382715
0.000376799
0.000384121
0.00038944
0.000377642
0.000362398
0.000363781
0.000349865
0.000348776
0.000337746
0.000339238
0.000346113
0.000352644
0.000328647
0.000303253
0.000279564
0.000260892
0.000237437
0.000228708
0.000230187
0.000242239
0.000251852
0.00024909
0.000240044
0.000217109
0.000152076
0.000105849
8.60519e-05
8.38884e-05
8.67646e-05
9.68277e-05
0.000118962
0.000129818
0.000129297
0.000126693
0.000122735
0.000122787
0.000129753
0.000155093
0.000171175
0.000175468
0.000171063
0.000152011
0.000141026
0.00014051
0.000142372
0.000146427
0.00014641
0.000141247
0.000128375
0.000126134
0.00013397
0.000146108
0.00014611
0.000148761
0.000160519
0.000159253
0.000141031
0.000112496
9.63007e-05
9.05664e-05
9.17271e-05
9.62882e-05
0.000105573
0.000120658
0.000136384
0.000173929
0.000206323
0.000203232
0.000161866
0.000122957
0.000110596
0.000103029
0.00010297
0.000104702
0.000112278
0.00012097
0.000124639
0.000134579
0.000147022
0.000153722
0.000165521
0.000178802
0.000177138
0.000148063
0.000143795
0.000118966
0.000119514
0.000110907
0.000104032
9.89529e-05
9.43615e-05
9.74206e-05
0.000107206
0.000118839
0.000137143
0.000157541
0.000235983
0.000301112
0.000667443
0.000564034
0.000505972
0.000461793
0.000451481
0.000435997
0.000407231
0.000399398
0.000375222
0.000355737
0.000337478
0.000324752
0.000328438
0.000353752
0.000356761
0.000351837
0.000314305
0.000276235
0.000257484
0.00025699
0.000260233
0.000260415
0.000257123
0.000244831
0.000213268
0.000146832
0.00010202
8.30976e-05
8.08847e-05
8.50938e-05
0.000101014
0.000129124
0.000151214
0.000154732
0.000152587
0.000145456
0.000138126
0.000138728
0.000153509
0.000171327
0.000176659
0.000176645
0.000166529
0.000144494
0.000131595
0.000130205
0.000131916
0.000138032
0.000142677
0.000140384
0.000130145
0.000127592
0.000132928
0.000142727
0.00014333
0.000145291
0.000154477
0.000155919
0.000145659
0.000118264
9.94552e-05
9.51504e-05
9.63923e-05
0.000101199
0.000110167
0.000123868
0.000141968
0.000187886
0.000215726
0.000208455
0.00015662
0.000110033
9.48403e-05
9.28257e-05
9.35477e-05
9.55067e-05
0.000104619
0.000113155
0.000120977
0.000133064
0.000143282
0.000149901
0.000160833
0.0001731
0.000177601
0.000154983
0.000148268
0.000123572
0.000117706
0.000109708
9.73072e-05
9.33995e-05
9.21352e-05
9.47008e-05
0.000102092
0.000114833
0.000129175
0.000139218
0.00015776
0.000260509
0.000640918
0.000571473
0.000531227
0.000479285
0.000453876
0.00044527
0.000417761
0.00040532
0.000387703
0.000354352
0.000329622
0.000295197
0.000282679
0.000292514
0.000319753
0.00034174
0.000339425
0.00032304
0.000306251
0.000292278
0.000278978
0.00026534
0.000247528
0.000205905
0.000140721
9.73453e-05
7.8877e-05
7.80044e-05
8.36126e-05
0.000105276
0.000147132
0.000175698
0.000183975
0.000182538
0.000177016
0.000163542
0.000156603
0.000159584
0.000177016
0.000178656
0.000178523
0.000176078
0.00016235
0.000141303
0.000127237
0.000125047
0.000125863
0.000130474
0.000137647
0.000137884
0.000131456
0.000128227
0.000132631
0.000140299
0.000141137
0.000142517
0.000150573
0.000152118
0.000145804
0.00012268
0.00010332
0.000100872
0.000102283
0.000107596
0.000114079
0.000127139
0.00015005
0.000202474
0.000223401
0.000212956
0.00015388
0.000105002
8.63431e-05
8.6237e-05
8.80849e-05
9.30317e-05
9.91462e-05
0.000110219
0.000116818
0.000132201
0.000138337
0.000146003
0.000159024
0.000169536
0.000176579
0.000161605
0.000147725
0.000125154
0.000117555
0.000105323
9.59205e-05
9.3371e-05
9.34001e-05
9.56604e-05
0.00010193
0.000119293
0.000130635
0.000136413
0.000139898
0.000193099
0.000571994
0.000525826
0.00048205
0.00044428
0.000397592
0.000385804
0.00038196
0.000372911
0.000366246
0.0003458
0.000320698
0.000283887
0.000244973
0.000238891
0.000243318
0.000274038
0.000305214
0.000306371
0.000300699
0.00028734
0.000266113
0.000240718
0.000189412
0.00013173
9.16304e-05
7.4222e-05
7.42984e-05
8.26655e-05
0.000107897
0.000159392
0.000207533
0.000220235
0.000218839
0.000213332
0.000199965
0.000182211
0.000177494
0.000183303
0.000187409
0.00018113
0.000179237
0.000174668
0.000159824
0.000139288
0.000124176
0.000122029
0.000122483
0.000125598
0.000132994
0.000133703
0.000130839
0.000128169
0.000132299
0.000140142
0.000140465
0.000140927
0.00014918
0.000150739
0.000145551
0.000124745
0.000107708
0.000107235
0.000109368
0.000114278
0.000119343
0.000130597
0.000156723
0.000209701
0.000228942
0.000217338
0.000153403
0.000103136
8.16854e-05
8.08407e-05
8.18725e-05
8.52053e-05
9.36817e-05
0.000109881
0.000115663
0.000129016
0.000137991
0.000143707
0.000154829
0.000165033
0.000173178
0.000164252
0.00014578
0.000127175
0.000116099
0.000103774
9.64865e-05
9.53504e-05
9.70132e-05
9.90105e-05
0.000106808
0.000124965
0.00013742
0.000140068
0.000137046
0.000159505
0.000467458
0.000446773
0.000408613
0.000378229
0.00032212
0.000290999
0.000288259
0.000288565
0.000294563
0.00029409
0.00028576
0.000263127
0.000215437
0.00018542
0.000181425
0.000184851
0.000211978
0.000238344
0.000235969
0.000226737
0.000207402
0.000161141
0.000116487
8.34916e-05
6.87481e-05
6.95596e-05
8.08827e-05
0.000113473
0.00016486
0.000234665
0.00026094
0.000261102
0.000256535
0.0002438
0.000216837
0.00020019
0.000195524
0.000195487
0.000191293
0.000178892
0.000178941
0.000174207
0.000158113
0.000136009
0.000120502
0.000118154
0.000118827
0.00012289
0.000130076
0.000130235
0.0001295
0.000127916
0.000130881
0.00013994
0.000139536
0.000138921
0.000146718
0.000148145
0.000144666
0.000127907
0.000115534
0.000116425
0.000118011
0.000120248
0.000124357
0.0001362
0.000163552
0.000214405
0.000237779
0.00022513
0.000153431
0.000102479
7.98441e-05
7.62532e-05
7.72301e-05
7.97083e-05
8.7468e-05
0.000106783
0.000112715
0.000127561
0.000140217
0.000144151
0.00015507
0.000163407
0.000174481
0.000167781
0.000147339
0.00013156
0.000117001
0.0001025
9.81876e-05
9.9415e-05
0.00010186
0.000105615
0.000115031
0.000130461
0.000147738
0.000141779
0.000141819
0.000149178
0.000332638
0.000327583
0.000307836
0.000283856
0.000223694
0.000180556
0.000173046
0.000172171
0.000190741
0.000204314
0.000203136
0.000198251
0.000167085
0.000127397
0.000112903
0.00010953
0.000115719
0.000141261
0.000141815
0.000136985
0.000125153
9.82295e-05
7.35348e-05
6.24753e-05
6.40265e-05
7.6554e-05
0.000115157
0.000179556
0.000251983
0.000288236
0.000290846
0.000285244
0.000278233
0.0002612
0.000231263
0.000213811
0.000205802
0.000200955
0.000184928
0.000178066
0.000179881
0.000172126
0.000154148
0.000133795
0.000118975
0.000114833
0.000115919
0.000122428
0.000127926
0.000127366
0.000127766
0.000127148
0.000129732
0.000139953
0.000139299
0.000137578
0.00014082
0.000144244
0.000143512
0.000136688
0.000129047
0.000127417
0.000125215
0.000125723
0.000129425
0.000143402
0.000169025
0.000220069
0.000251324
0.000231859
0.000151312
0.000102167
8.03179e-05
7.42701e-05
7.45527e-05
8.02483e-05
8.64493e-05
0.000101243
0.000110202
0.000127659
0.000141503
0.000147586
0.000160969
0.000166103
0.000183707
0.000175016
0.000153392
0.00013179
0.000120826
0.000103017
0.000102714
0.000105174
0.000104872
0.000105112
0.000117016
0.000124627
0.000147252
0.000145695
0.000141075
0.00014395
0.000193202
0.000192524
0.000178566
0.000158307
0.000120236
9.1983e-05
8.61026e-05
8.55842e-05
0.000104031
0.000128682
0.000129496
0.000124573
9.88683e-05
7.45403e-05
6.13877e-05
5.52283e-05
5.58591e-05
6.18606e-05
7.66541e-05
7.78231e-05
7.48839e-05
6.1797e-05
5.53303e-05
5.80092e-05
7.26445e-05
0.00011178
0.000185591
0.000273758
0.000301457
0.000308195
0.000301401
0.000290104
0.000283282
0.000264843
0.000241518
0.000225171
0.000218078
0.000204933
0.000181928
0.000180163
0.00018042
0.000170614
0.000153049
0.000133438
0.000119184
0.000113186
0.000113755
0.000121032
0.000127155
0.000126322
0.000126985
0.000126941
0.000129795
0.000140356
0.000139587
0.000136059
0.000136366
0.000141542
0.000142944
0.000141321
0.000139514
0.000134914
0.000130676
0.000130504
0.000134502
0.000152429
0.000176497
0.000227845
0.000264797
0.00023382
0.000144784
0.00010475
8.48679e-05
7.36412e-05
7.26275e-05
8.13253e-05
8.85035e-05
0.000101413
0.000110387
0.00012846
0.000144512
0.000152845
0.000162802
0.000172563
0.000182967
0.000177447
0.000164955
0.000133572
0.000125248
0.000106957
0.000107588
0.000105498
0.000106429
0.000105767
0.000109815
0.000119263
0.000132352
0.000144185
0.000141264
0.000144439
8.13628e-05
8.07886e-05
7.22669e-05
6.12222e-05
4.6778e-05
3.61623e-05
3.44546e-05
3.56643e-05
5.46895e-05
7.42436e-05
7.41443e-05
6.774e-05
5.23987e-05
4.12576e-05
3.38997e-05
3.03554e-05
3.02211e-05
3.59103e-05
4.88041e-05
4.96731e-05
4.64044e-05
4.6917e-05
5.15636e-05
6.93744e-05
0.000110579
0.000181548
0.000284557
0.00031283
0.000317555
0.000314278
0.000300887
0.000290127
0.00028202
0.000260205
0.000244288
0.00023425
0.000225624
0.000200378
0.000182079
0.000181007
0.000177796
0.000169561
0.000152758
0.000135938
0.000124816
0.000114216
0.000114229
0.000120136
0.000127015
0.000125461
0.000126006
0.000127152
0.000130869
0.000141805
0.000140319
0.000135516
0.000134839
0.000139881
0.000141759
0.000142509
0.000142485
0.000137912
0.000134614
0.000134848
0.000139937
0.000162416
0.00018292
0.000236845
0.00027631
0.000230389
0.000138021
0.000106488
9.36702e-05
7.49693e-05
7.28249e-05
7.95461e-05
8.95488e-05
0.000103199
0.000112446
0.00013106
0.000143003
0.00017033
0.000170291
0.000171932
0.000180032
0.000176894
0.000169877
0.000140207
0.000130582
0.000116537
0.00011268
0.000106867
0.000106049
0.000106875
0.000110646
0.000122285
0.000134778
0.000143492
0.000141631
0.000145943
2.10082e-05
2.07825e-05
1.84349e-05
1.57535e-05
1.46898e-05
1.39944e-05
1.40321e-05
1.50163e-05
2.44341e-05
3.25753e-05
3.23216e-05
2.86262e-05
2.77136e-05
2.76549e-05
2.67231e-05
2.511e-05
2.47855e-05
2.53734e-05
2.90026e-05
3.20429e-05
3.68297e-05
4.68573e-05
6.93422e-05
0.000111521
0.000182034
0.000287661
0.000321935
0.000325053
0.000321455
0.000310973
0.000288774
0.000282015
0.00027222
0.000250419
0.000241461
0.000235086
0.000224226
0.000196646
0.000188456
0.000181193
0.000172319
0.000169037
0.000152926
0.000136134
0.000129568
0.00011586
0.000115828
0.000120336
0.000127355
0.000125021
0.000126093
0.000127983
0.000133988
0.000145167
0.000142692
0.000135976
0.00013502
0.000137283
0.00013857
0.000142049
0.000142555
0.000140285
0.000139289
0.00013989
0.000146548
0.000172903
0.00019055
0.000248712
0.000285323
0.000219241
0.000133936
0.000105392
9.58938e-05
7.81121e-05
7.488e-05
7.98503e-05
8.82578e-05
0.000105987
0.000114789
0.000136615
0.000166326
0.000171819
0.00018755
0.000177972
0.000177237
0.000174401
0.000172059
0.000147118
0.000137846
0.000121256
0.00011783
0.000109791
0.000108685
0.000109196
0.000114223
0.000127197
0.000156014
0.000158617
0.000155392
0.000162286
6.5372e-06
6.72875e-06
7.52465e-06
8.34113e-06
9.48328e-06
1.19845e-05
1.23609e-05
1.2412e-05
1.4654e-05
1.59431e-05
1.69867e-05
1.93256e-05
2.62659e-05
3.31648e-05
3.38674e-05
3.27129e-05
3.15305e-05
3.17168e-05
3.3836e-05
4.05565e-05
5.4672e-05
7.85291e-05
0.000116986
0.000182437
0.000289842
0.000327831
0.000331999
0.000326945
0.000312537
0.000285673
0.000270355
0.000266194
0.000252552
0.000235929
0.00023754
0.000235228
0.000221675
0.000204165
0.000191469
0.000175039
0.000170152
0.000167992
0.00015019
0.000134435
0.000129115
0.000116746
0.00011967
0.00012179
0.000128021
0.000125126
0.000126313
0.000130041
0.000141248
0.00015374
0.000150962
0.00013943
0.000135896
0.000136223
0.00013731
0.000140841
0.000143665
0.000144795
0.000144779
0.000145227
0.000154714
0.00018411
0.000198688
0.000256636
0.000290491
0.000213923
0.000133301
0.000104498
9.3207e-05
9.06078e-05
8.39485e-05
8.35146e-05
9.04183e-05
0.00011087
0.000120684
0.000162324
0.000242853
0.000186522
0.000240097
0.000197406
0.000179257
0.000172286
0.000173215
0.000151049
0.000142856
0.000125458
0.000122165
0.000116353
0.000116527
0.0001168
0.000121174
0.000136397
0.000171378
0.000191376
0.000196233
0.000213438
9.6032e-06
9.7204e-06
1.1186e-05
1.53875e-05
1.82759e-05
2.58066e-05
2.7424e-05
2.67701e-05
2.69021e-05
2.72171e-05
3.00314e-05
3.97939e-05
5.42122e-05
6.186e-05
6.22712e-05
6.05796e-05
6.05015e-05
6.17274e-05
6.63377e-05
7.81433e-05
0.00010038
0.000132612
0.00018675
0.000288791
0.000333487
0.000338265
0.000332654
0.000310257
0.000278818
0.000259226
0.000253581
0.000250158
0.000232898
0.000227246
0.000236677
0.000233978
0.000221696
0.00020933
0.000187881
0.000172324
0.000167291
0.00016367
0.00014596
0.000133219
0.000128581
0.000120762
0.000124323
0.000122446
0.00012931
0.000125776
0.000126227
0.000136235
0.000151269
0.000163943
0.000160093
0.000143319
0.000136942
0.000136021
0.000137555
0.000140939
0.000148344
0.000150646
0.000149434
0.000150098
0.000167024
0.000195468
0.000205819
0.000259099
0.00029335
0.000212661
0.000139802
0.000107957
9.21326e-05
0.000101738
8.95523e-05
9.16104e-05
9.70321e-05
0.000114503
0.000142586
0.00023977
0.000572182
0.000309347
0.000385797
0.000263601
0.000195723
0.000173599
0.000175923
0.000154831
0.000148189
0.000131889
0.000130057
0.000128036
0.000127046
0.000127965
0.000132145
0.000160414
0.000181339
0.000226416
0.000232724
0.000239808
3.46349e-05
3.43779e-05
3.64277e-05
4.56694e-05
5.07982e-05
6.18386e-05
6.56779e-05
6.51597e-05
6.58981e-05
6.75887e-05
7.2547e-05
8.96741e-05
0.000102893
0.000107463
0.000107206
0.000104537
0.000104726
0.00010727
0.000114986
0.000133488
0.000159074
0.000201489
0.000288073
0.000338074
0.000345056
0.000338091
0.000311755
0.000273895
0.000256151
0.000246192
0.000240728
0.000233872
0.000217625
0.000222004
0.000234821
0.000229956
0.00022752
0.000204638
0.000182699
0.000172385
0.000164289
0.000157375
0.000145133
0.000135803
0.000134552
0.000128947
0.000128426
0.000124787
0.000132263
0.000126987
0.000126377
0.000147266
0.000162426
0.000167258
0.000161609
0.000143621
0.000137337
0.000136364
0.000138728
0.00014503
0.000155534
0.000156381
0.000153938
0.000156993
0.000185486
0.000206451
0.000210304
0.000258834
0.000299225
0.00021888
0.000156922
0.000126458
0.000100779
0.000101683
9.21826e-05
0.000107911
0.000101189
0.000116477
0.000144583
0.000248543
0.000351041
0.000301936
0.000314064
0.000281832
0.00022574
0.000178323
0.000184091
0.000160749
0.000157055
0.000146445
0.000144477
0.000139781
0.000137997
0.000140511
0.000145827
0.000171285
0.000188001
0.000227288
0.000230248
0.00022914
0.000103752
0.000103276
0.000105352
0.000116402
0.000121632
0.000131695
0.000135423
0.000134322
0.000135249
0.000137752
0.0001446
0.000162506
0.0001691
0.000169595
0.000168025
0.000164439
0.000165059
0.000168858
0.000178871
0.000196362
0.000227266
0.00029398
0.000339527
0.000350274
0.000343071
0.000312569
0.000274442
0.000255345
0.000242837
0.000229349
0.000218666
0.000209463
0.000205613
0.000219353
0.000228748
0.000225243
0.000220553
0.000198719
0.000190547
0.00018368
0.000163231
0.000154469
0.000148384
0.000141798
0.000138817
0.000132341
0.000129903
0.000129222
0.000135613
0.000129664
0.00012712
0.000162793
0.000171226
0.000165983
0.000159298
0.00014297
0.000138422
0.000138038
0.000141855
0.000155282
0.000162627
0.00016065
0.000159569
0.000169844
0.00020979
0.000216858
0.000212598
0.000253121
0.00031455
0.000238447
0.000184029
0.000154212
0.000115683
0.000102689
9.91396e-05
0.000111586
0.000114524
0.000120815
0.000151434
0.000223453
0.000223275
0.00028027
0.000212946
0.000278443
0.000262342
0.00019374
0.000210647
0.00017706
0.0001714
0.000161793
0.000156225
0.000149243
0.000146878
0.000149193
0.000156553
0.00017868
0.000201404
0.000215166
0.000214087
0.00020559
0.000219274
0.000216502
0.000217193
0.000224611
0.000226019
0.000227628
0.000227417
0.000222448
0.000222119
0.000223602
0.000230049
0.000239434
0.000240579
0.000239621
0.00023484
0.000229496
0.000229806
0.000232806
0.0002412
0.000260509
0.000307692
0.000340133
0.000351344
0.000344773
0.000312904
0.000273349
0.000255388
0.000235962
0.00021168
0.000195878
0.000191113
0.000189884
0.000196488
0.000214118
0.000216216
0.00021574
0.000213682
0.000215265
0.000216372
0.000197497
0.000166315
0.000154874
0.000151968
0.000147233
0.000141277
0.000135646
0.000134187
0.00013473
0.000142553
0.000138331
0.000130607
0.000170081
0.000178262
0.000160986
0.000151941
0.00014072
0.000138961
0.000139939
0.000153304
0.00016618
0.00016695
0.000163642
0.000168108
0.000201897
0.000233803
0.000227677
0.000210241
0.000242041
0.000330311
0.000264092
0.000214673
0.000180183
0.000130104
0.000118995
0.000114414
0.000120523
0.000144283
0.000142428
0.000195539
0.00020635
0.000217443
0.000269749
0.000211203
0.000268167
0.000279101
0.000225741
0.00023688
0.000201604
0.000193596
0.000181015
0.000169044
0.000156993
0.000156366
0.000161782
0.000179684
0.000207344
0.000235178
0.000232865
0.000232113
0.000232176
0.000361789
0.00034939
0.000339229
0.000337494
0.000330901
0.000323735
0.000313774
0.000301514
0.000299854
0.000301362
0.000303458
0.000304152
0.000302863
0.00029706
0.000285286
0.000280354
0.000280662
0.000284129
0.000295293
0.000324295
0.00034481
0.000350065
0.000341991
0.000308348
0.000267234
0.000252586
0.00023616
0.000212703
0.00019255
0.000179635
0.000175484
0.000177863
0.000191912
0.000205146
0.000204306
0.000216369
0.000235983
0.000250165
0.000244161
0.000220902
0.000184675
0.000164343
0.000155953
0.000151654
0.000148058
0.000146966
0.000148024
0.000148533
0.000153627
0.000165125
0.000143875
0.000183917
0.00017937
0.000153617
0.000142412
0.000138248
0.00013844
0.000146931
0.000168655
0.000171938
0.00016862
0.000169654
0.000193369
0.00025126
0.000259467
0.000234154
0.000201295
0.000225741
0.000330649
0.000305658
0.000259358
0.000213703
0.000150177
0.00014201
0.000141193
0.000138337
0.000192086
0.000235248
0.000336763
0.000206104
0.000219162
0.000246597
0.000211219
0.00026073
0.00027682
0.000234712
0.000231711
0.000230547
0.000224742
0.000202453
0.000180902
0.000170932
0.000174254
0.000189997
0.000224376
0.000266183
0.00030891
0.000307725
0.000316965
0.000321283
0.000488994
0.000460973
0.000438892
0.000425786
0.000403382
0.000387683
0.000372743
0.000359496
0.000356831
0.000355698
0.000352948
0.000347877
0.000337791
0.000326292
0.000320199
0.000319252
0.000320826
0.000328035
0.00034072
0.000349922
0.000349467
0.000337056
0.000292929
0.000256079
0.000241048
0.000232963
0.000220996
0.000202448
0.000185174
0.000173311
0.000169404
0.000171887
0.000184631
0.000196358
0.000198857
0.00022607
0.000269743
0.000295239
0.00029142
0.000274565
0.000234053
0.000192287
0.000169458
0.000158958
0.000154996
0.000155031
0.000159499
0.000161359
0.000166777
0.00019517
0.000193299
0.000186626
0.000167993
0.000149572
0.000140255
0.000138581
0.000141068
0.000163139
0.000174199
0.000173601
0.000173845
0.000191375
0.000264446
0.000296314
0.000282046
0.000221144
0.000185798
0.000203723
0.000317969
0.000349591
0.000317394
0.000260033
0.000178345
0.000172045
0.00017259
0.000173805
0.000203122
0.000266348
0.000328731
0.000204086
0.000225476
0.000236622
0.000215744
0.000245852
0.000244696
0.000229411
0.00021577
0.000237217
0.000230282
0.000204657
0.000193547
0.000194615
0.000210184
0.000249555
0.000319661
0.000395707
0.000434571
0.000429181
0.000422769
0.000406076
0.000584247
0.000538366
0.000502206
0.000470378
0.000441468
0.000422759
0.000405955
0.000395428
0.000392011
0.000384842
0.000377217
0.000370519
0.000360263
0.000353435
0.000351465
0.000351422
0.000352521
0.000353249
0.000352553
0.000345606
0.00031785
0.000270493
0.000234323
0.000218564
0.000223333
0.000224126
0.000212338
0.000194334
0.000179982
0.000168488
0.000164688
0.000166045
0.000179881
0.000193905
0.000199036
0.000225695
0.000277321
0.0003229
0.000349551
0.000353355
0.000319716
0.000262638
0.000213437
0.00018263
0.000165146
0.000161156
0.000169213
0.000175418
0.000178192
0.000196601
0.000210403
0.000180562
0.000155342
0.000150513
0.000144847
0.0001459
0.000159664
0.000173263
0.00017812
0.000180572
0.000199373
0.000281673
0.000343188
0.000330323
0.000268696
0.000192618
0.000163582
0.000173866
0.00028065
0.00036105
0.000360353
0.00032708
0.000225195
0.000212432
0.000192961
0.000202103
0.000195188
0.000264498
0.00033092
0.000222357
0.000244254
0.000235895
0.000219729
0.000218931
0.00023157
0.000230002
0.00022242
0.000238421
0.000228698
0.000221851
0.000226733
0.000244077
0.00029903
0.000397614
0.000523835
0.0005336
0.000521548
0.000489227
0.000444672
0.000388826
0.000639576
0.000569235
0.000520455
0.000481104
0.000454521
0.000437284
0.000423302
0.000415389
0.000407628
0.000398472
0.000391956
0.000384633
0.00037636
0.000372367
0.000369372
0.00036419
0.00035788
0.00034604
0.000319431
0.000279445
0.000238673
0.000202009
0.000185009
0.000196121
0.000217498
0.000222805
0.000210873
0.000185107
0.000168715
0.000162226
0.000161629
0.000170716
0.000186537
0.000201501
0.00020608
0.000210001
0.000230299
0.000306581
0.000367344
0.000401168
0.000421254
0.000394534
0.000325215
0.000272957
0.000215744
0.000181591
0.000174459
0.000183394
0.000185586
0.000185597
0.000199346
0.000179622
0.000159115
0.00016217
0.000167132
0.000175519
0.000184744
0.000191159
0.000204131
0.000237356
0.000339342
0.000404663
0.000389394
0.000319795
0.000226548
0.000170109
0.000154906
0.000157833
0.000205645
0.000337391
0.00036768
0.00036897
0.000310922
0.000283058
0.000249305
0.000262021
0.000233322
0.000277325
0.000329565
0.000286363
0.00028652
0.000241425
0.000244244
0.000232704
0.000272054
0.000257939
0.000266769
0.000274098
0.000274064
0.000287234
0.000337992
0.000400236
0.00057426
0.000648712
0.000640459
0.000587938
0.000517589
0.000441081
0.000379534
0.000309176
0.000640507
0.000557815
0.000507976
0.000475839
0.000457161
0.000443001
0.000431047
0.000421319
0.000409721
0.000399369
0.000390323
0.000380689
0.000372239
0.000363908
0.000352199
0.000335486
0.000311105
0.000277551
0.000236642
0.000194687
0.000164513
0.000152589
0.000157853
0.000188174
0.000236789
0.000273818
0.000286633
0.00026464
0.000228943
0.000200284
0.000186612
0.000195418
0.000212182
0.000222734
0.000214286
0.000211546
0.00021381
0.000227137
0.000286185
0.000391254
0.000455056
0.000486626
0.000512512
0.000501736
0.000448497
0.000326339
0.000258288
0.000246149
0.00021482
0.000195607
0.000199045
0.000205631
0.000199408
0.000207549
0.000227807
0.000248818
0.000274062
0.000309138
0.00039651
0.000482381
0.000491622
0.000463424
0.000363643
0.000287112
0.000231424
0.00021838
0.00022158
0.000235348
0.000255479
0.000315801
0.000347798
0.00036663
0.000370957
0.00033688
0.000313222
0.000302321
0.00032753
0.000396712
0.000360631
0.000309886
0.00032955
0.000277053
0.000301449
0.000295979
0.000343057
0.000357522
0.000394802
0.000472471
0.000505749
0.000614433
0.000742695
0.000828944
0.000820221
0.000760809
0.000630467
0.000528189
0.000450413
0.000405787
0.000380889
0.000370505
0.000519913
0.000466351
0.000438791
0.000419324
0.000403312
0.000386254
0.000367216
0.000347265
0.000327009
0.00030875
0.000293197
0.000280459
0.000270308
0.000261173
0.000250501
0.000236805
0.000220209
0.000201785
0.000182953
0.000166915
0.000157555
0.000155819
0.000160751
0.000178328
0.000216363
0.000280948
0.000355772
0.000405873
0.000425177
0.000406104
0.000349591
0.000283381
0.000238925
0.000217567
0.000251232
0.000313907
0.00034897
0.000352931
0.000341214
0.000291349
0.000271851
0.000377615
0.000544796
0.000681058
0.000752604
0.000768281
0.000701254
0.000665541
0.000520576
0.000348272
0.000304065
0.000239589
0.000239352
0.000287137
0.000368721
0.000442272
0.000520851
0.000595299
0.000631964
0.000614391
0.00052506
0.000414122
0.000343631
0.000321725
0.00033228
0.000389695
0.000444922
0.000507011
0.000533098
0.000529719
0.000411421
0.000326119
0.000363958
0.000400269
0.000565166
0.000466327
0.000729602
0.000546897
0.000402981
0.000343114
0.000364427
0.000353274
0.000449649
0.000523733
0.000595024
0.000734393
0.000818166
0.000980315
0.00100645
0.00111969
0.00105903
0.00102321
0.000828233
0.000739548
0.000568183
0.000540877
0.000493572
0.000534788
0.000538249
0.000581638
9.56046e-05
0.000127674
0.00018041
0.000271671
0.00033508
0.00027022
0.000110328
0.000104923
0.000123154
0.000142298
0.000188214
0.000271869
0.000400575
0.000571932
0.000544628
0.000356559
0.000186099
0.000196234
0.000232703
0.000256763
0.000251013
0.000239239
0.000440143
0.000668128
0.000791329
0.000839043
0.000849099
0.000811258
0.000724172
0.000591018
0.000430102
0.000348878
0.000268193
0.000230538
0.000160415
0.000163531
0.000184114
0.000193932
0.000242603
0.00030461
0.000360551
0.00041099
0.000434142
0.000433066
0.000412378
0.000369032
0.000322237
0.000288097
0.000265208
0.000256507
0.000246441
0.000233981
0.000213222
0.00019342
0.000166561
0.000137062
0.000121295
0.000126465
0.000147458
0.000178509
0.000201551
0.000206479
0.000202304
0.000214028
0.000256874
0.000308794
0.000336622
0.000333831
0.000320341
0.000309269
0.000314336
0.000321623
0.000328483
0.000325599
0.000313687
0.000298931
0.000288191
0.00027913
0.000278469
0.000283371
0.000308133
0.000338091
0.000382493
0.000391048
0.000358628
0.000271268
0.000215874
0.00022006
0.000257157
0.00028498
0.000305413
0.000310866
0.00029018
0.000263696
0.000232317
0.000193273
0.000137382
9.80061e-05
6.89207e-05
5.46335e-05
0.000129677
0.000131141
0.000130018
0.000134004
0.000196215
0.000256726
0.000217153
0.000113493
0.00012442
0.000149822
0.000155827
0.000173388
0.0001851
0.000257756
0.000399692
0.000381397
0.000300003
0.000222692
0.0002051
0.000239312
0.000456523
0.00061616
0.000613168
0.000611495
0.000548183
0.000470745
0.000403028
0.000327266
0.000267004
0.000241581
0.000220475
0.000212899
0.000212478
0.000206202
0.000185324
0.000194785
0.000199643
0.000201009
0.000203754
0.000214024
0.000227617
0.000248705
0.000270433
0.000295086
0.000313224
0.000315445
0.000308157
0.000290493
0.000275042
0.000267234
0.000260425
0.000244167
0.000204437
0.000162162
0.000135372
0.000122644
0.000122671
0.000131785
0.000139706
0.000153937
0.000171901
0.000204352
0.000229639
0.000242367
0.000233221
0.000222758
0.000228039
0.00024146
0.000244446
0.000240499
0.000239532
0.00024416
0.000266644
0.000304507
0.000328977
0.000332223
0.000317516
0.000283636
0.000261887
0.000251692
0.000241289
0.00022067
0.000221378
0.00022728
0.000226076
0.000218427
0.00020759
0.000209913
0.000207698
0.000189812
0.000177967
0.000149383
0.000127287
0.000112762
0.000102024
9.24507e-05
8.75698e-05
8.54163e-05
7.38823e-05
6.37732e-05
0.000138321
0.000133269
0.000129562
0.000125149
0.000133808
0.000202225
0.000213372
0.000153267
0.000130589
0.000136721
0.000148459
0.000173641
0.000173632
0.000173611
0.00021897
0.000302867
0.000274743
0.000221423
0.000249849
0.000441157
0.000573098
0.000567665
0.000445858
0.000362786
0.000295284
0.000253412
0.000231366
0.000217796
0.000211976
0.000211378
0.000211849
0.000210155
0.000210153
0.000194903
0.000170076
0.000183858
0.000174774
0.000178639
0.000181019
0.000183937
0.000185059
0.000188163
0.000200366
0.000215256
0.000225696
0.000232707
0.000236043
0.000232736
0.000217509
0.000187311
0.00017463
0.000170768
0.000166532
0.000154072
0.000129092
0.000117669
0.000118899
0.00013097
0.000143976
0.000167653
0.000210633
0.000234402
0.000249309
0.000266756
0.000271583
0.000233842
0.000186349
0.000172947
0.000171856
0.000170234
0.000166197
0.000164116
0.000166599
0.000180269
0.000215178
0.000261274
0.000275164
0.000268229
0.000224544
0.000176911
0.000150381
0.000139364
0.000142346
0.000176099
0.000200092
0.000202555
0.0001842
0.000161024
0.000143886
0.000128805
0.00012816
0.000124392
0.000123857
0.000124005
0.000118643
0.000105051
9.48384e-05
8.89157e-05
7.17888e-05
6.44749e-05
0.000143003
0.000133116
0.000129637
0.000123243
0.000118808
0.000149149
0.000196058
0.000164603
0.000132945
0.000139129
0.000163188
0.000185883
0.000183378
0.000169188
0.000174659
0.000225731
0.000217366
0.000230765
0.000375209
0.000509539
0.000532966
0.000390252
0.000291291
0.000250355
0.00022888
0.000205897
0.000196298
0.000192927
0.000196673
0.000203051
0.000205215
0.000205336
0.000190462
0.00017848
0.000173194
0.000175277
0.000171352
0.000175912
0.000179071
0.000178627
0.000176341
0.000170194
0.000168501
0.000174112
0.000195893
0.000207415
0.000209231
0.000205039
0.000182168
0.000140924
0.000119262
0.000118052
0.000131601
0.000138218
0.000130596
0.000118099
0.000118972
0.00013474
0.000168854
0.000196096
0.000204614
0.000189441
0.000176146
0.000201763
0.000260867
0.000265768
0.000217823
0.000165807
0.000143201
0.000135611
0.000135101
0.000138154
0.000144696
0.000148009
0.000154254
0.000167663
0.000205189
0.000233307
0.000228983
0.000187131
0.000143172
0.000130157
0.000133147
0.000171292
0.000188358
0.000181325
0.000152344
0.000123588
0.000110252
0.000103726
0.000106018
0.000108106
0.000110581
0.000116402
0.000120692
0.000121801
0.000108358
0.000100248
7.57751e-05
6.56215e-05
0.000147432
0.000133221
0.000123873
0.000114351
0.000109297
0.000123195
0.000168648
0.000159903
0.000142334
0.000153753
0.000182352
0.000189567
0.000185961
0.000170688
0.000165337
0.000186878
0.000198276
0.000285772
0.000448805
0.000489618
0.000405716
0.000278649
0.000233944
0.000216603
0.000194307
0.000184087
0.000182448
0.00018184
0.000195397
0.000209981
0.000216234
0.000217207
0.000195052
0.000178473
0.00017491
0.000179476
0.00018103
0.000184872
0.000184114
0.000182766
0.00017973
0.000173091
0.000163007
0.000158739
0.00016162
0.000179351
0.000197043
0.000198252
0.000188842
0.000153137
0.000121276
0.000110201
0.000115197
0.000132268
0.00013242
0.000123804
0.000125148
0.000152565
0.000177928
0.000187627
0.000156138
0.000116066
0.000108988
0.000120258
0.000164108
0.000252905
0.000242814
0.000191594
0.000151559
0.000135411
0.000133238
0.000135184
0.000142602
0.000153992
0.000154729
0.000154609
0.000160007
0.000190849
0.000214234
0.000207462
0.000170774
0.000147352
0.00014634
0.000175928
0.000184691
0.000158493
0.000129636
0.000106544
0.00010044
0.000101476
0.000101884
0.000104579
0.000104729
0.000104519
0.000105
0.000108165
0.000108419
0.000103414
8.67908e-05
6.75208e-05
0.000149631
0.00013374
0.000121079
0.000111495
0.000104492
0.00011157
0.00014886
0.000149909
0.000150914
0.000166472
0.00018948
0.000191052
0.000187435
0.000173637
0.000164943
0.000175353
0.0002027
0.000359522
0.000446859
0.000430901
0.000296718
0.00023057
0.000205665
0.000196234
0.000180166
0.000175989
0.000184413
0.000187916
0.00021161
0.000226199
0.000226134
0.000227388
0.000213707
0.00019611
0.000191429
0.000192395
0.000194674
0.000191834
0.000183929
0.000180998
0.000175782
0.00017267
0.000168487
0.000158638
0.000154461
0.000156727
0.000171536
0.000190087
0.000190573
0.000181285
0.000143986
0.00011835
0.000114998
0.000122119
0.000129341
0.000126528
0.000130111
0.000164113
0.000172916
0.000157056
0.000115786
9.85218e-05
9.6201e-05
0.000103999
0.000132951
0.00019131
0.000229018
0.000213266
0.000166392
0.000137343
0.000130261
0.000132016
0.000137852
0.000155045
0.0001664
0.000163347
0.000158483
0.000163351
0.000192548
0.000200699
0.000187723
0.000163857
0.000159714
0.000178908
0.000181491
0.00014565
0.000119145
0.000103086
9.826e-05
0.000100738
0.000100385
0.00010337
0.000103343
9.86988e-05
9.78575e-05
0.000100498
9.53528e-05
0.000101739
9.54154e-05
6.99269e-05
0.000154912
0.00013691
0.000119832
0.000109488
0.000102549
0.000106774
0.000139602
0.00014563
0.00016127
0.000173359
0.0001924
0.000192304
0.000188037
0.000170758
0.000167863
0.000175619
0.000220684
0.000393213
0.000427844
0.000336139
0.000242668
0.000207646
0.000191482
0.000180624
0.000175107
0.000172047
0.000189364
0.00020223
0.000225188
0.000234021
0.000229034
0.000228265
0.000218529
0.000210219
0.00020378
0.000202518
0.00019997
0.000193418
0.000172028
0.000160452
0.000150968
0.000144209
0.000145555
0.000151153
0.000151458
0.000151758
0.000154622
0.000170356
0.000186315
0.000187701
0.000177108
0.000140201
0.000121382
0.000122073
0.000129776
0.00013327
0.000139746
0.000165277
0.000154375
0.000127245
0.00010139
9.38216e-05
9.27835e-05
0.00010018
0.000121959
0.000146955
0.000200388
0.00020378
0.000178274
0.000141944
0.000128848
0.000128576
0.000132819
0.000138941
0.000156151
0.000166887
0.000162658
0.000160642
0.000172116
0.000191851
0.000189832
0.000176273
0.000171786
0.000178645
0.000174025
0.000130175
0.000109137
0.000102176
9.72566e-05
9.9023e-05
9.70113e-05
9.95467e-05
9.98308e-05
9.65664e-05
9.67682e-05
9.82407e-05
9.30245e-05
9.44982e-05
9.76459e-05
7.60908e-05
0.000160154
0.000140371
0.000119541
0.000108225
0.000102571
0.000104328
0.000133351
0.000145869
0.000165384
0.000175553
0.000193507
0.000194451
0.000188532
0.000165743
0.000167697
0.000177333
0.000277292
0.000391146
0.000383407
0.000271647
0.000213695
0.000185728
0.00017374
0.000167347
0.000167595
0.000175923
0.000198457
0.000216925
0.00023305
0.000236658
0.000230442
0.000224633
0.000218344
0.000212475
0.000205332
0.000201888
0.000196384
0.000184392
0.00015338
0.000127178
0.000108603
9.96045e-05
0.000100345
0.000104881
0.000118789
0.000136124
0.000142679
0.000152359
0.000175719
0.000186105
0.000184621
0.000165408
0.000137165
0.000127282
0.000129225
0.000136989
0.000160313
0.000165412
0.000134969
0.000108874
9.86675e-05
8.97826e-05
8.17962e-05
9.09936e-05
0.000112452
0.000131271
0.00016461
0.000190737
0.000183503
0.000157854
0.000150417
0.000145204
0.000140286
0.000138541
0.000139869
0.000153622
0.000161235
0.000158871
0.000161705
0.00018082
0.000186511
0.000183321
0.000180375
0.000180925
0.000173995
0.000127594
0.000106733
0.000102319
9.65932e-05
9.58994e-05
9.31335e-05
9.26868e-05
9.80712e-05
0.000101588
9.7865e-05
9.97091e-05
9.42735e-05
9.18963e-05
9.71303e-05
8.86137e-05
0.000164806
0.000146383
0.000121454
0.000107922
0.00010305
0.000104438
0.000129043
0.00015217
0.000163208
0.000175456
0.000194026
0.000195847
0.000189877
0.000168441
0.000164749
0.000184587
0.00032148
0.000377188
0.000316272
0.000232823
0.000200577
0.000174018
0.000165611
0.000163701
0.000163922
0.000186337
0.000211074
0.000232307
0.000236418
0.000237059
0.000230833
0.000223742
0.000216889
0.000211902
0.000198455
0.000184007
0.000170098
0.000145184
0.000112198
9.12452e-05
8.0703e-05
7.53002e-05
7.54908e-05
7.73626e-05
8.27318e-05
9.64953e-05
0.000120278
0.000133301
0.000156948
0.000180047
0.000183926
0.000176684
0.000153419
0.000133492
0.00012988
0.000135532
0.000163575
0.000165183
0.000127187
0.000100406
9.61814e-05
7.85364e-05
7.65999e-05
8.09011e-05
9.87967e-05
0.000123911
0.000149806
0.000174395
0.00017742
0.000169664
0.000167457
0.00016787
0.000158391
0.000147408
0.000144394
0.000147041
0.000160449
0.000160245
0.000159999
0.000169889
0.000182792
0.000187251
0.000188141
0.000184346
0.000170153
0.000127497
0.000108656
0.000107041
9.83143e-05
9.55733e-05
9.26183e-05
9.17559e-05
9.63703e-05
0.000103785
0.000102106
0.000104184
9.78005e-05
9.17779e-05
9.60796e-05
9.14822e-05
0.000169934
0.000154131
0.000127285
0.000111597
0.000106202
0.000107719
0.000131175
0.000157845
0.000149877
0.000171394
0.000196695
0.000201044
0.000196439
0.00018368
0.000168155
0.000215236
0.000323661
0.000349272
0.00026772
0.000216027
0.000191168
0.000170387
0.0001606
0.000168733
0.00017064
0.000197513
0.000213156
0.000236792
0.000236565
0.000236232
0.000230294
0.000222905
0.000214775
0.000204936
0.00018118
0.000149508
0.000127863
0.000105671
8.6881e-05
7.47017e-05
6.91411e-05
6.67716e-05
6.68664e-05
6.82196e-05
7.09236e-05
7.61373e-05
9.11132e-05
0.000108807
0.000133818
0.000167918
0.000180984
0.000178605
0.00016506
0.000139319
0.000130502
0.000133449
0.000160388
0.000161449
0.000126201
9.44583e-05
8.80779e-05
7.635e-05
7.58851e-05
7.94867e-05
9.32585e-05
0.00012163
0.000145849
0.000156374
0.000162921
0.000164323
0.000169368
0.000180079
0.00017795
0.000169313
0.000160538
0.000157092
0.000163044
0.000165262
0.000162951
0.000165482
0.000176147
0.000188541
0.000192419
0.00018627
0.000160478
0.000124514
0.000107802
0.000109807
0.000106808
9.9777e-05
9.61673e-05
9.46139e-05
9.70115e-05
0.000104881
0.000110478
0.000105239
0.000104307
9.53591e-05
9.6073e-05
9.61998e-05
0.000174172
0.000160754
0.000139311
0.000120048
0.00011321
0.000112985
0.000132951
0.000149831
0.000139131
0.000168017
0.000200878
0.000207524
0.000203732
0.000202575
0.000185228
0.00026184
0.000315712
0.00030662
0.000236145
0.000214806
0.000177598
0.000164365
0.000158729
0.000165318
0.000172936
0.000196425
0.000210525
0.000233467
0.000234427
0.000234435
0.000230914
0.000219492
0.000212923
0.00019701
0.000163822
0.00013197
0.000110297
9.11216e-05
7.71935e-05
6.95638e-05
6.58893e-05
6.50552e-05
6.53465e-05
6.65459e-05
7.15224e-05
7.41427e-05
7.8821e-05
8.86962e-05
0.000107212
0.000147096
0.000173899
0.000177632
0.000172355
0.000146204
0.000132152
0.000133781
0.000156233
0.000155847
0.00012163
9.09633e-05
8.47507e-05
7.58272e-05
7.57314e-05
7.9175e-05
8.97134e-05
0.000120453
0.000141163
0.000148328
0.000159651
0.000170384
0.000187461
0.000200563
0.000198772
0.000190054
0.00018208
0.000172873
0.00017322
0.00017509
0.000170237
0.000167099
0.000171404
0.000186926
0.000194226
0.000188329
0.000156642
0.000123544
0.000108861
0.000116963
0.00011507
0.000108826
0.000102744
0.000101288
0.000100232
0.000111977
0.000117341
0.000108076
0.000108911
9.99163e-05
9.79228e-05
0.000100269
0.000177378
0.000165679
0.000155334
0.000134705
0.000126574
0.000127079
0.000132842
0.00013977
0.000129889
0.00015926
0.000202722
0.000216613
0.000211782
0.000211928
0.000220664
0.000269
0.000299005
0.000268867
0.000225323
0.000212293
0.000175935
0.000161956
0.000160955
0.000162089
0.000166854
0.000189685
0.000212944
0.00023172
0.000234059
0.000233374
0.000230717
0.000212511
0.000201135
0.000182161
0.000151699
0.000122101
0.000101424
8.49314e-05
7.3713e-05
6.84379e-05
6.54665e-05
6.47521e-05
6.53863e-05
6.76978e-05
7.37341e-05
7.80518e-05
8.02917e-05
8.43993e-05
9.34014e-05
0.000119263
0.000160509
0.000175286
0.000174506
0.000156721
0.000137403
0.000137039
0.000155984
0.000153761
0.000116393
8.59622e-05
8.06991e-05
7.35628e-05
7.42321e-05
7.7881e-05
8.68399e-05
0.000118669
0.0001359
0.000144648
0.000163529
0.00019561
0.000207361
0.000211903
0.000211125
0.000202834
0.000189936
0.000179212
0.000175949
0.000177181
0.000174707
0.000168949
0.00017093
0.000183911
0.000195937
0.000190745
0.000156765
0.000126264
0.000113907
0.000125008
0.000115269
0.000108627
0.000105791
0.000108259
0.000110916
0.000121806
0.000127489
0.000116929
0.000113488
0.00010663
0.00010152
0.000103014
0.000178408
0.000169966
0.000169324
0.000153181
0.000133245
0.000133817
0.000129727
0.000125909
0.000122326
0.000142713
0.000202065
0.000228046
0.000225004
0.000213614
0.000237876
0.000262712
0.000271917
0.000242603
0.000232455
0.000199434
0.00018048
0.000164376
0.000164053
0.000164474
0.000171812
0.000203483
0.000223695
0.000232879
0.000233011
0.000230809
0.000225451
0.00020514
0.000178105
0.000156032
0.000129777
0.00011089
9.45389e-05
8.16718e-05
7.2762e-05
6.82306e-05
6.59988e-05
6.55965e-05
6.68735e-05
7.59738e-05
7.90836e-05
8.44839e-05
8.59179e-05
8.69956e-05
9.04578e-05
0.00010259
0.000140208
0.000170308
0.000173387
0.000161068
0.000144419
0.000145227
0.000159039
0.000153976
0.000111964
8.36554e-05
7.65734e-05
7.30685e-05
7.37777e-05
7.7575e-05
8.60038e-05
0.000115871
0.000133733
0.00014305
0.000163186
0.000197811
0.000207593
0.000209999
0.000209922
0.000205229
0.00018766
0.000175077
0.000172496
0.000174203
0.000173583
0.000169352
0.000170149
0.000178107
0.000196274
0.000193134
0.000158367
0.000131956
0.000118508
0.000125193
0.000111071
0.000106928
0.000114612
0.000128601
0.000128537
0.000129296
0.000148179
0.000132227
0.000124959
0.000113808
0.000105984
0.000108175
0.000177676
0.000167766
0.000175001
0.000179731
0.000138849
0.000125246
0.000120325
0.000107858
0.000103737
0.000119815
0.000178868
0.000232621
0.000247542
0.000224798
0.000231025
0.000241936
0.000246749
0.000235359
0.000241423
0.000186276
0.000181223
0.000171148
0.000170682
0.000172276
0.00018422
0.000212263
0.000226086
0.000230223
0.000229864
0.000227013
0.000217078
0.000191036
0.000160407
0.000132604
0.00010995
0.000100155
9.08393e-05
8.02118e-05
7.27792e-05
6.96729e-05
6.91395e-05
6.97902e-05
7.45118e-05
9.46294e-05
0.000101293
0.000100039
9.62003e-05
9.32371e-05
9.33241e-05
9.81556e-05
0.000119831
0.000160819
0.000170637
0.000162438
0.000151257
0.000152864
0.000164788
0.000155563
0.000109386
8.31734e-05
7.31739e-05
7.18308e-05
7.32432e-05
7.75963e-05
8.58656e-05
0.000113395
0.000131073
0.000139624
0.000159525
0.000188412
0.00019592
0.000196909
0.00019787
0.000194792
0.000180966
0.000166588
0.00016236
0.000164416
0.000169046
0.000168674
0.000169619
0.000175825
0.000195239
0.000194272
0.000163167
0.000134405
0.000120255
0.000123117
0.000107634
0.000104399
0.000112624
0.000135679
0.000143847
0.000134696
0.00015128
0.000150211
0.000141361
0.000123666
0.00011254
0.000117197
0.000175349
0.0001618
0.000167548
0.000190239
0.000176925
0.000131984
0.000127365
0.000100671
9.75357e-05
0.00010247
0.000142279
0.000223792
0.000260732
0.000247459
0.000232999
0.000237293
0.000240937
0.000239322
0.000234436
0.000185739
0.000181619
0.000177764
0.0001778
0.000179513
0.000191394
0.000209379
0.00022328
0.00022937
0.000229475
0.000225704
0.000208017
0.000168408
0.00014036
0.000116242
0.000100096
9.51577e-05
9.00365e-05
7.99986e-05
7.52778e-05
7.43881e-05
7.46735e-05
7.81479e-05
9.29031e-05
0.000122293
0.000128786
0.000126785
0.000116525
0.000104082
9.94515e-05
0.000100362
0.000110453
0.00014821
0.000167412
0.000161485
0.000155419
0.000156812
0.000167347
0.000158092
0.000109646
8.23667e-05
7.30129e-05
7.20769e-05
7.40263e-05
7.93029e-05
8.67595e-05
0.000112032
0.000126838
0.00013688
0.000163059
0.000189232
0.000194063
0.000190984
0.000187592
0.000184736
0.000176858
0.000162185
0.000154952
0.000155381
0.000160572
0.000165929
0.000168185
0.000172787
0.000192773
0.000194543
0.000166918
0.000136619
0.000119576
0.000117457
0.000105099
0.000104172
0.000114432
0.000124673
0.000138519
0.000133776
0.000140537
0.000153403
0.000159032
0.000138225
0.00012502
0.000127433
0.000174297
0.000148839
0.000133935
0.000182502
0.000196754
0.000143577
0.000118903
0.000102476
0.000101078
0.000104803
0.000131181
0.000173605
0.000260881
0.000282343
0.000247705
0.000241876
0.000245632
0.000260408
0.000226777
0.000196111
0.00018805
0.000184103
0.000181724
0.000184184
0.000196297
0.000211429
0.000228291
0.000233355
0.000231245
0.000221118
0.000187067
0.000135768
0.000113118
0.000100575
9.36944e-05
9.27646e-05
9.1133e-05
8.35037e-05
8.02045e-05
8.00674e-05
8.19834e-05
9.22341e-05
0.000125311
0.00014644
0.000148971
0.000147562
0.000142262
0.000124233
0.000109377
0.000105386
0.000109189
0.000134823
0.000161265
0.00015914
0.000155913
0.000160733
0.000167637
0.000158387
0.000110718
8.28114e-05
7.43458e-05
7.42926e-05
7.71055e-05
8.25559e-05
8.9158e-05
0.000111543
0.000125331
0.000136378
0.000175861
0.000199366
0.000198358
0.000190457
0.000180153
0.000176067
0.000172353
0.000160348
0.000150275
0.000149444
0.000152008
0.000159973
0.000165962
0.000170417
0.000189784
0.000194257
0.000170524
0.00013774
0.0001182
0.000111408
0.000104634
0.000104781
0.000119517
0.000118727
0.00012162
0.000119371
0.000125016
0.000140262
0.00016509
0.000161673
0.000137431
0.000135758
0.000171437
0.000143785
0.000122711
0.000151033
0.000197623
0.000196353
0.000143679
0.000129961
0.000138511
0.000144023
0.000161604
0.000160417
0.000219324
0.000290943
0.000285277
0.000255206
0.000264252
0.000267345
0.000226889
0.000213887
0.000202046
0.000192736
0.000189574
0.000195564
0.000215043
0.000230978
0.000237571
0.000235944
0.00022799
0.000200545
0.000139645
0.000108498
9.92958e-05
9.54996e-05
9.21652e-05
9.23767e-05
9.22216e-05
8.82016e-05
8.57102e-05
8.67582e-05
9.26985e-05
0.00011687
0.000153116
0.000161799
0.000161433
0.000158176
0.000154048
0.00014379
0.000123747
0.000111972
0.000111444
0.000124519
0.000157652
0.000157602
0.000155099
0.000162906
0.000166988
0.000157016
0.000113204
8.42889e-05
7.76745e-05
7.75485e-05
7.94615e-05
8.367e-05
9.07482e-05
0.000111566
0.000124765
0.000139296
0.000182911
0.000203255
0.000201682
0.000190618
0.000172822
0.000166908
0.000164334
0.000156767
0.000147017
0.000145497
0.000146573
0.000152302
0.000163256
0.000168737
0.000186149
0.000193372
0.000172163
0.00013816
0.000117175
0.000108462
0.000105368
0.000106824
0.000123214
0.000111502
0.000120871
0.000115801
0.000126926
0.000127905
0.000163203
0.000169894
0.000166369
0.000148622
0.000170643
0.000145829
0.000127318
0.000141336
0.000183151
0.000211013
0.000219555
0.000192327
0.000203897
0.000209974
0.000226993
0.000209173
0.000211494
0.000247481
0.000305938
0.000288445
0.000290832
0.000276034
0.000236804
0.000224184
0.000205841
0.00019739
0.000197633
0.000210587
0.000231247
0.000238729
0.000238745
0.000231914
0.000209118
0.000145468
0.00010804
9.52371e-05
9.33305e-05
9.41131e-05
9.416e-05
9.48627e-05
9.41068e-05
9.1302e-05
9.17736e-05
9.62607e-05
0.000110165
0.000146834
0.000165337
0.000167353
0.000166053
0.000161271
0.000157005
0.00015226
0.000138825
0.000121238
0.000115585
0.000121353
0.000150137
0.000154585
0.000153061
0.000162457
0.000166544
0.000156734
0.000116393
8.73678e-05
8.11017e-05
8.08306e-05
8.22129e-05
8.53143e-05
9.25039e-05
0.000112985
0.000125772
0.000142643
0.000184255
0.000202118
0.000200012
0.000186651
0.000164794
0.000158462
0.000155224
0.000147649
0.000141688
0.000140948
0.00014145
0.000145686
0.000159337
0.000165213
0.000180494
0.000191492
0.000176
0.000138816
0.000116673
0.000106429
0.000107255
0.000108333
0.000121307
0.00010949
0.000131537
0.000121228
0.000145976
0.000135368
0.000158303
0.000172493
0.000190431
0.000171575
0.000174626
0.000152777
0.000147674
0.00016129
0.00020299
0.000218764
0.000244198
0.000248284
0.000253061
0.00027746
0.000280139
0.000286643
0.000274101
0.000243748
0.000282239
0.000300004
0.00029597
0.000277084
0.000249489
0.00022175
0.000204777
0.000201934
0.000206384
0.000227215
0.000239242
0.000240412
0.000235112
0.000213961
0.000150893
0.000108149
9.20947e-05
9.03494e-05
9.19212e-05
9.55153e-05
0.000101083
0.000102327
0.000100193
9.86252e-05
0.000100549
0.000110608
0.000139156
0.000164611
0.000170189
0.000169043
0.000165343
0.000159856
0.000155871
0.000152823
0.00014702
0.000130605
0.000120397
0.000122269
0.00014314
0.000152532
0.000151025
0.00016032
0.000166177
0.000157215
0.000120786
9.45383e-05
8.64214e-05
8.39887e-05
8.4631e-05
8.76171e-05
9.57903e-05
0.000115825
0.000128481
0.000149169
0.00018843
0.000198537
0.000192837
0.000173605
0.000151398
0.000145794
0.000139359
0.000133868
0.000134114
0.000135656
0.000137627
0.000142759
0.000155872
0.000160984
0.000174626
0.000186925
0.000177595
0.000141405
0.000118465
0.000106773
0.000109817
0.000110414
0.000119753
0.000108318
0.000136899
0.000126209
0.000156237
0.000149509
0.000166648
0.00018003
0.000220919
0.000210166
0.00022795
0.000199022
0.000218067
0.000248517
0.000268947
0.000292923
0.000295462
0.000313495
0.000311807
0.000327761
0.000322831
0.000330797
0.00033167
0.000303212
0.000280837
0.000289214
0.000285143
0.000270865
0.000243764
0.000217972
0.000213666
0.000216781
0.000233172
0.000243952
0.000242787
0.000237712
0.000217344
0.000154017
0.00010767
8.89691e-05
8.71102e-05
8.91787e-05
9.71586e-05
0.000107522
0.000112068
0.000112077
0.00011008
0.0001098
0.000113875
0.000132492
0.000159538
0.000172224
0.000171657
0.000164791
0.00015584
0.000152975
0.000152034
0.000151006
0.000148142
0.000137395
0.000124796
0.000123984
0.000137687
0.000149635
0.000148825
0.000154419
0.000164797
0.000159918
0.000131946
0.000104997
9.22197e-05
8.69646e-05
8.78455e-05
9.20141e-05
0.000100935
0.000118496
0.0001325
0.000161987
0.000197529
0.000198417
0.000177839
0.000148389
0.00013179
0.00012245
0.000118582
0.000119282
0.000122841
0.000127628
0.000130671
0.000138252
0.000150743
0.000156711
0.000170019
0.000182913
0.000177125
0.000144065
0.000129964
0.000110465
0.000116307
0.000112108
0.000115537
0.0001062
0.000113349
0.000116657
0.000137508
0.000142954
0.000171638
0.000178243
0.000280722
0.000247115
0.002081
0.000956024
0.00114278
0.000843434
0.000911803
0.000845533
0.000843575
0.000895712
0.000947906
0.000998809
0.00174909
0.00142298
0.00133975
0.00112485
0.00101443
0.00096902
0.000981098
0.00104419
0.0010887
0.0011277
0.00122047
0.00147013
0.00136139
0.00124341
0.00107251
0.00101582
0.00101918
0.0010567
0.00107921
0.00108287
0.000653465
0.00133591
0.00128107
0.00126684
0.00114851
0.00106489
0.00105457
0.00106456
0.00106943
0.00104173
0.00038577
0.00102434
0.00107096
0.00118086
0.00114907
0.00108215
0.00106315
0.0010549
0.00105404
0.00100991
0.000333456
0.000741943
0.000805132
0.000985783
0.00105046
0.00103802
0.00102067
0.000997193
0.000998686
0.000962853
0.00034499
0.000579407
0.000605904
0.000706882
0.000858623
0.000900265
0.000897307
0.000875957
0.000881639
0.000867717
0.000329216
0.000494226
0.000499329
0.000521384
0.000603032
0.000685142
0.00069878
0.000685251
0.00069394
0.000711502
0.000329343
0.000427805
0.000437249
0.000446555
0.000464456
0.000504508
0.000508496
0.000499061
0.000500765
0.000525385
0.000378719
0.000380446
0.000386783
0.000419056
0.000439554
0.000441146
0.000435682
0.000415684
0.000407681
0.00041018
0.000398271
0.000352611
0.000345478
0.000366672
0.000423531
0.000428969
0.000422506
0.000392532
0.000387709
0.000384727
0.000378041
0.000330384
0.000313361
0.0003197
0.000377977
0.000397999
0.00038422
0.0003707
0.000384142
0.000397775
0.000366201
0.000336935
0.000300831
0.000293238
0.00031947
0.000331819
0.000331741
0.000358688
0.000438215
0.000463136
0.000446805
0.000394251
0.000315825
0.000275406
0.000269906
0.000274949
0.000320485
0.000489525
0.000606664
0.000618144
0.000576698
0.000429649
0.000327069
0.000285482
0.000286376
0.00033841
0.000514374
0.000778376
0.000839784
0.000829699
0.000625133
0.00042856
0.000408036
0.000441925
0.000512252
0.000668999
0.000932095
0.00106078
0.00106106
0.00102531
0.000572339
0.000561235
0.000713493
0.000884319
0.00100702
0.00116218
0.00126821
0.00127021
0.00122436
0.00117114
0.000658056
0.000981992
0.00126779
0.00137334
0.00145053
0.0014971
0.00148186
0.00139475
0.00130651
0.00127327
0.00116462
0.00153351
0.00166456
0.00167955
0.0016996
0.0016785
0.00157858
0.0014227
0.00133255
0.00131797
0.00146135
0.00162776
0.00162913
0.00157194
0.00155241
0.00150253
0.00137972
0.00121905
0.00113148
0.0011209
)
;

boundaryField
{
    inlet
    {
        type            zeroGradient;
    }
    outlet
    {
        type            zeroGradient;
    }
    walls
    {
        type            zeroGradient;
    }
    frontAndBack
    {
        type            empty;
    }
}


// ************************************************************************* //
