/*--------------------------------*- C++ -*----------------------------------*\
| =========                 |                                                 |
| \\      /  F ield         | OpenFOAM: The Open Source CFD Toolbox           |
|  \\    /   O peration     | Version:  2.4.0                                 |
|   \\  /    A nd           | Web:      www.OpenFOAM.org                      |
|    \\/     M anipulation  |                                                 |
\*---------------------------------------------------------------------------*/
FoamFile
{
    version     2.0;
    format      ascii;
    class       volScalarField;
    location    "0.031";
    object      nuSgs;
}
// * * * * * * * * * * * * * * * * * * * * * * * * * * * * * * * * * * * * * //

dimensions      [0 2 -1 0 0 0 0];

internalField   nonuniform List<scalar> 
4400
(
0.00205432
0.00193339
0.00170464
0.00152162
0.00143748
0.0013585
0.00132612
0.00131192
0.0012834
0.00115605
0.00139864
0.00172239
0.00173387
0.00166163
0.00159348
0.00151624
0.00147259
0.00145147
0.00142641
0.00137237
0.000727033
0.00116977
0.00137705
0.00141119
0.00140617
0.00137833
0.00134324
0.00131952
0.00131501
0.00130432
0.000271986
0.00062613
0.000883045
0.00101117
0.00108568
0.0011175
0.0011204
0.0011133
0.00112458
0.00114034
8.83615e-05
0.000251541
0.000429469
0.00058518
0.000686683
0.000774343
0.000820868
0.000836287
0.000879865
0.000903987
2.58504e-05
8.45917e-05
0.000150899
0.000260487
0.000324338
0.000429584
0.000479601
0.000513421
0.000589772
0.000620455
7.84432e-06
2.51537e-05
4.29045e-05
8.73028e-05
0.000116575
0.000179137
0.000206179
0.000237181
0.000300326
0.000346705
4.33995e-06
1.01459e-05
1.26393e-05
2.49637e-05
3.32884e-05
5.6343e-05
6.44143e-05
7.69874e-05
0.000104653
0.000141982
3.89973e-06
7.94713e-06
7.9436e-06
1.00094e-05
1.16753e-05
1.71525e-05
1.8171e-05
2.00942e-05
2.85465e-05
3.4991e-05
3.85566e-06
7.911e-06
7.95969e-06
8.69811e-06
9.70387e-06
1.03689e-05
1.02858e-05
1.02913e-05
1.08334e-05
1.17493e-05
3.84581e-06
7.95262e-06
8.00286e-06
8.38261e-06
9.93531e-06
1.02313e-05
1.01479e-05
1.02238e-05
1.03878e-05
1.24383e-05
3.87122e-06
8.14904e-06
8.61079e-06
9.11729e-06
1.37837e-05
1.474e-05
1.58641e-05
1.91245e-05
2.4223e-05
4.25436e-05
4.2108e-06
1.11554e-05
1.36212e-05
1.8026e-05
4.09761e-05
5.04235e-05
5.86933e-05
7.90796e-05
9.9704e-05
0.000155469
7.64101e-06
2.72582e-05
4.44725e-05
6.85557e-05
0.000134253
0.000172868
0.000196397
0.000251169
0.000288669
0.000379324
2.51988e-05
8.97718e-05
0.000155079
0.000225742
0.000357948
0.000424116
0.000461657
0.00053832
0.000577765
0.000658243
8.66874e-05
0.000267866
0.000427006
0.000557405
0.000715252
0.000766587
0.000806697
0.000856556
0.000878669
0.000921588
0.000267552
0.000648822
0.00086534
0.00100887
0.00109686
0.0011075
0.00112036
0.00112279
0.0011257
0.00113399
0.000716391
0.00118459
0.00136148
0.00141833
0.00140724
0.00136992
0.00135276
0.00131824
0.00131051
0.00129518
0.00139508
0.00173053
0.00172314
0.001674
0.00158069
0.00151477
0.00148661
0.00143254
0.00142081
0.00137872
0.00205244
0.001939
0.00169225
0.00153732
0.00142311
0.00136015
0.0013352
0.00128393
0.00126744
0.00119186
0.000530572
0.000508063
0.000400998
0.000274093
0.000212845
0.000202707
0.000207551
0.000210366
0.000200954
0.000185269
0.000184296
0.000209456
0.000256799
0.000273653
0.000270432
0.000254752
0.000208375
0.000141986
9.85497e-05
8.8473e-05
9.07374e-05
9.11697e-05
9.27572e-05
9.23867e-05
8.44389e-05
7.43459e-05
7.19534e-05
7.14815e-05
7.00085e-05
6.16972e-05
4.79e-05
3.6336e-05
2.70462e-05
1.9743e-05
1.41238e-05
9.90274e-06
6.81159e-06
4.60428e-06
3.06503e-06
2.01428e-06
1.31021e-06
8.45775e-07
5.43294e-07
3.48202e-07
2.23224e-07
1.43465e-07
9.26082e-08
6.01188e-08
3.92755e-08
2.58239e-08
1.70822e-08
1.13607e-08
7.59085e-09
5.0923e-09
3.42938e-09
2.31698e-09
1.57865e-09
1.07198e-09
7.74098e-10
5.06986e-10
5.14417e-10
4.86689e-10
1.17295e-09
2.14531e-09
8.13331e-09
1.66496e-08
6.03967e-08
1.06606e-07
3.97016e-07
4.99064e-07
1.83537e-06
1.78692e-06
4.99235e-06
4.11033e-06
9.8466e-06
7.40806e-06
1.52543e-05
1.20949e-05
1.93332e-05
1.54775e-05
2.34458e-05
1.81989e-05
2.40767e-05
1.95217e-05
1.96786e-05
1.54215e-05
1.43914e-05
1.06211e-05
8.93893e-06
5.65459e-06
4.94602e-06
3.76954e-06
4.42763e-06
5.90104e-06
7.76836e-06
9.82977e-06
1.82399e-05
2.66527e-05
7.30499e-05
0.000209288
0.000624909
0.000578803
0.000530537
0.000449327
0.000376096
0.000330067
0.000302385
0.000266671
0.000214231
0.000189104
0.000191277
0.000237783
0.000279608
0.000281641
0.000268428
0.000216153
0.000142408
0.000105185
8.42838e-05
7.79512e-05
7.96118e-05
8.26114e-05
9.00307e-05
9.50778e-05
9.24914e-05
7.9782e-05
7.25152e-05
6.99506e-05
6.66747e-05
5.74135e-05
4.56023e-05
3.50708e-05
2.633e-05
1.93397e-05
1.39022e-05
9.78473e-06
6.74983e-06
4.57129e-06
3.04597e-06
2.00201e-06
1.30162e-06
8.39598e-07
5.38955e-07
3.45315e-07
2.21432e-07
1.42439e-07
9.20711e-08
5.98674e-08
3.9175e-08
2.57943e-08
1.70812e-08
1.13683e-08
7.59901e-09
5.09859e-09
3.43341e-09
2.31966e-09
1.57946e-09
1.07399e-09
7.72237e-10
5.16145e-10
5.24207e-10
5.73037e-10
1.33854e-09
2.97265e-09
1.02863e-08
2.4536e-08
7.80147e-08
1.54406e-07
4.82573e-07
6.63297e-07
2.37521e-06
2.24336e-06
6.34876e-06
5.5947e-06
1.171e-05
1.05867e-05
1.80674e-05
1.65956e-05
2.35645e-05
2.3008e-05
3.07627e-05
2.96645e-05
3.98616e-05
3.86459e-05
4.84941e-05
4.44257e-05
4.98269e-05
3.94319e-05
3.67126e-05
2.51188e-05
2.25172e-05
1.42442e-05
1.29813e-05
8.50814e-06
1.29345e-05
1.1878e-05
1.97692e-05
2.63506e-05
7.22691e-05
0.000181467
0.000629679
0.00054806
0.00052495
0.000494485
0.000454549
0.000428721
0.000411688
0.000376083
0.000277343
0.000227631
0.000242824
0.000288975
0.000289017
0.000277181
0.000222728
0.000140977
9.42888e-05
8.02433e-05
7.83926e-05
7.73808e-05
7.94442e-05
8.16669e-05
8.66812e-05
9.74284e-05
9.75559e-05
8.73034e-05
7.4999e-05
6.995e-05
6.33689e-05
5.38286e-05
4.33826e-05
3.36546e-05
2.53577e-05
1.86468e-05
1.34159e-05
9.45782e-06
6.54115e-06
4.44462e-06
2.97242e-06
1.96076e-06
1.27904e-06
8.27414e-07
5.32417e-07
3.41812e-07
2.19566e-07
1.41461e-07
9.15768e-08
5.96316e-08
3.90725e-08
2.57566e-08
1.70721e-08
1.137e-08
7.60338e-09
5.10277e-09
3.43627e-09
2.32195e-09
1.57954e-09
1.07712e-09
7.67024e-10
5.34075e-10
5.28909e-10
6.63389e-10
1.5741e-09
4.15536e-09
1.29628e-08
3.61558e-08
1.00943e-07
2.37519e-07
5.99509e-07
1.03245e-06
2.66632e-06
3.02752e-06
6.25308e-06
6.6926e-06
7.93017e-06
9.27511e-06
1.26107e-05
1.33282e-05
1.7471e-05
1.87931e-05
2.16936e-05
2.40151e-05
2.85079e-05
3.14571e-05
3.84776e-05
4.14783e-05
6.2291e-05
6.34482e-05
8.79511e-05
8.06614e-05
9.64844e-05
6.58404e-05
5.81077e-05
3.00972e-05
3.05112e-05
2.01354e-05
4.51131e-05
3.21616e-05
7.65001e-05
0.000151299
0.00057821
0.000515216
0.000469751
0.000459157
0.000445304
0.000422757
0.000406933
0.000392113
0.000349784
0.000318338
0.000317232
0.000310089
0.000287926
0.000225962
0.000148156
9.55259e-05
7.22212e-05
6.96031e-05
7.49559e-05
8.41714e-05
9.12113e-05
9.0204e-05
8.95207e-05
9.71886e-05
0.000100388
9.34511e-05
7.82782e-05
6.9681e-05
6.17237e-05
5.23586e-05
4.24047e-05
3.29972e-05
2.48339e-05
1.81754e-05
1.29922e-05
9.10204e-06
6.26683e-06
4.24974e-06
2.84376e-06
1.88116e-06
1.23256e-06
8.01654e-07
5.18811e-07
3.3495e-07
2.16259e-07
1.3994e-07
9.09134e-08
5.9361e-08
3.89731e-08
2.5727e-08
1.70683e-08
1.13739e-08
7.60839e-09
5.1069e-09
3.43877e-09
2.32411e-09
1.57896e-09
1.08111e-09
7.59797e-10
5.5392e-10
5.3676e-10
7.71497e-10
1.80088e-09
5.49455e-09
1.54167e-08
4.81201e-08
1.17666e-07
3.16758e-07
6.63558e-07
1.35664e-06
2.31648e-06
3.71522e-06
4.18316e-06
5.88631e-06
7.28197e-06
7.68545e-06
1.75906e-05
1.54173e-05
2.43559e-05
2.23744e-05
2.77112e-05
2.67296e-05
3.24471e-05
3.26312e-05
3.34575e-05
3.76949e-05
4.09332e-05
4.87422e-05
6.3985e-05
7.29326e-05
0.000119791
0.000116834
0.000165665
0.000113567
0.000121627
6.81736e-05
7.14342e-05
4.66928e-05
7.90026e-05
0.000126853
0.000474019
0.000446939
0.000397866
0.000385086
0.000387661
0.000384761
0.000357575
0.000338511
0.000339501
0.000339036
0.000328986
0.000297852
0.000214244
0.000142601
9.5914e-05
7.07441e-05
6.61026e-05
6.80053e-05
7.6014e-05
9.97654e-05
0.000113061
0.000111769
0.000103875
0.000102687
0.000103054
9.80033e-05
8.16227e-05
7.0712e-05
6.19885e-05
5.26e-05
4.26828e-05
3.32059e-05
2.49213e-05
1.81476e-05
1.2884e-05
8.95414e-06
6.11307e-06
4.1128e-06
2.73473e-06
1.80189e-06
1.17927e-06
7.6826e-07
4.99197e-07
3.24111e-07
2.10612e-07
1.37167e-07
8.96323e-08
5.88079e-08
3.87531e-08
2.56492e-08
1.70462e-08
1.13712e-08
7.61087e-09
5.10993e-09
3.44061e-09
2.32598e-09
1.57773e-09
1.08554e-09
7.51215e-10
5.75463e-10
5.48948e-10
9.05915e-10
2.12151e-09
7.14565e-09
1.91727e-08
6.28123e-08
1.4366e-07
4.0431e-07
7.42505e-07
1.64415e-06
2.16876e-06
3.69578e-06
3.90823e-06
4.72454e-06
9.04236e-06
9.28547e-06
1.62889e-05
1.61821e-05
1.5883e-05
2.01351e-05
1.95097e-05
2.40232e-05
2.35441e-05
2.89448e-05
2.90577e-05
3.5558e-05
3.76504e-05
4.59997e-05
4.91147e-05
5.71117e-05
7.44233e-05
9.3939e-05
0.000178743
0.000165198
0.000307409
0.000221342
0.000233492
0.000116376
0.00010967
0.000121724
0.000333972
0.000327651
0.000293169
0.000277899
0.000290868
0.000299603
0.000285206
0.000265058
0.000277241
0.000284827
0.000272809
0.000208949
0.000132586
8.6881e-05
6.49489e-05
6.06982e-05
6.61325e-05
8.09185e-05
9.62278e-05
0.000121049
0.000134157
0.000134118
0.000125559
0.000113904
0.000109693
0.000100734
8.50246e-05
7.3854e-05
6.48234e-05
5.51621e-05
4.47922e-05
3.47404e-05
2.59126e-05
1.87232e-05
1.31817e-05
9.08363e-06
6.14997e-06
4.10408e-06
2.70808e-06
1.77228e-06
1.15363e-06
7.48855e-07
4.8585e-07
3.15628e-07
2.05589e-07
1.34382e-07
8.81843e-08
5.8102e-08
3.84317e-08
2.55139e-08
1.69947e-08
1.13545e-08
7.60701e-09
5.11022e-09
3.44123e-09
2.32748e-09
1.57578e-09
1.09117e-09
7.38916e-10
6.05398e-10
5.60966e-10
1.0918e-09
2.56576e-09
9.41231e-09
2.4885e-08
8.19589e-08
1.82607e-07
5.02293e-07
8.3616e-07
2.08645e-06
2.12308e-06
3.66854e-06
3.98762e-06
4.82184e-06
8.12917e-06
9.77776e-06
9.70064e-06
1.36268e-05
1.255e-05
1.66541e-05
1.64217e-05
2.06079e-05
2.00767e-05
2.43266e-05
2.39282e-05
3.05174e-05
3.1181e-05
3.97202e-05
4.11808e-05
5.44787e-05
5.98712e-05
7.39643e-05
9.46551e-05
0.000127392
0.00019411
0.000206992
0.000245093
0.000209767
0.000199711
0.000140598
0.000192119
0.00019207
0.000170328
0.000153638
0.000169367
0.00019709
0.000190883
0.000173371
0.000181295
0.000183322
0.000169541
0.000118852
7.80314e-05
5.90019e-05
5.54082e-05
5.84825e-05
8.36419e-05
0.000119003
0.000143414
0.000153519
0.000154879
0.000153938
0.000147359
0.000129136
0.000116252
0.000102224
8.91626e-05
7.96959e-05
7.04743e-05
5.98127e-05
4.83188e-05
3.72108e-05
2.74945e-05
1.96517e-05
1.36873e-05
9.34096e-06
6.27198e-06
4.1572e-06
2.7279e-06
1.777e-06
1.15227e-06
7.45672e-07
4.82696e-07
3.13146e-07
2.03867e-07
1.33292e-07
8.75443e-08
5.77517e-08
3.82528e-08
2.54289e-08
1.69577e-08
1.13401e-08
7.60225e-09
5.10926e-09
3.44094e-09
2.32843e-09
1.57336e-09
1.09697e-09
7.23904e-10
6.37818e-10
5.53699e-10
1.23356e-09
2.78495e-09
1.0567e-08
2.71822e-08
8.39707e-08
1.86232e-07
4.52312e-07
7.33527e-07
1.75793e-06
1.57505e-06
3.16887e-06
3.11589e-06
4.33104e-06
5.93486e-06
9.20539e-06
8.36628e-06
1.06795e-05
1.01018e-05
1.34419e-05
1.28455e-05
1.64779e-05
1.7045e-05
2.07477e-05
2.06917e-05
2.5589e-05
2.78842e-05
3.25283e-05
3.67575e-05
4.53618e-05
6.38492e-05
6.90507e-05
0.000135291
0.00013254
0.000224954
0.000211779
0.000235276
0.000221103
0.000220661
0.000183347
8.25245e-05
8.28032e-05
7.29444e-05
6.62632e-05
8.12657e-05
0.000111703
0.000110061
9.44995e-05
9.2087e-05
9.13305e-05
8.49958e-05
6.30315e-05
5.40661e-05
5.4056e-05
5.77944e-05
7.25495e-05
0.000117907
0.000174078
0.000194985
0.000193184
0.000184185
0.000175237
0.000165669
0.000143653
0.000121014
0.000103301
9.41477e-05
8.75554e-05
7.7893e-05
6.53514e-05
5.20216e-05
3.95435e-05
2.887e-05
2.03864e-05
1.40316e-05
9.47567e-06
6.30975e-06
4.15828e-06
2.71966e-06
1.76929e-06
1.14729e-06
7.43033e-07
4.81488e-07
3.12665e-07
2.03706e-07
1.33253e-07
8.75457e-08
5.77629e-08
3.82643e-08
2.54384e-08
1.69648e-08
1.13451e-08
7.60559e-09
5.11138e-09
3.4418e-09
2.32948e-09
1.57149e-09
1.10117e-09
7.11411e-10
6.6025e-10
5.38005e-10
1.31173e-09
2.86602e-09
1.09697e-08
2.80848e-08
8.15067e-08
1.87569e-07
3.96763e-07
6.93484e-07
1.31293e-06
1.29351e-06
2.39462e-06
2.39894e-06
4.09302e-06
4.85322e-06
8.26272e-06
7.05099e-06
8.84821e-06
8.5341e-06
1.09138e-05
1.10969e-05
1.40914e-05
1.37227e-05
1.70955e-05
1.7136e-05
2.12936e-05
2.22244e-05
2.72653e-05
2.76383e-05
3.60295e-05
3.83666e-05
5.49847e-05
5.85731e-05
0.000110601
0.000123879
0.000183819
0.000231827
0.000223744
0.000226976
0.000202246
2.19353e-05
2.63089e-05
2.61319e-05
2.46746e-05
3.62901e-05
5.27157e-05
5.14783e-05
4.13222e-05
3.50702e-05
3.68676e-05
3.73766e-05
4.12552e-05
5.08553e-05
6.60907e-05
8.53285e-05
0.000115412
0.000176531
0.000231852
0.000241837
0.00023703
0.000221044
0.00019822
0.000179939
0.000154481
0.000125875
0.000105939
9.85685e-05
9.49283e-05
8.61985e-05
7.06446e-05
5.48559e-05
4.07628e-05
2.91471e-05
2.01942e-05
1.36321e-05
9.0226e-06
5.89521e-06
3.82558e-06
2.47768e-06
1.60711e-06
1.04607e-06
6.83751e-07
4.48747e-07
2.9555e-07
1.95216e-07
1.2925e-07
8.57507e-08
5.6999e-08
3.79573e-08
2.53232e-08
1.69255e-08
1.13338e-08
7.60341e-09
5.11168e-09
3.44226e-09
2.32999e-09
1.57054e-09
1.10256e-09
7.053e-10
6.62453e-10
5.24331e-10
1.31101e-09
2.82269e-09
1.08641e-08
2.79035e-08
7.98085e-08
1.86338e-07
3.72529e-07
6.83405e-07
1.02812e-06
1.20427e-06
1.68298e-06
2.03632e-06
3.44254e-06
3.88257e-06
6.64903e-06
6.28859e-06
7.51506e-06
7.74498e-06
9.90435e-06
1.02571e-05
1.22723e-05
1.29983e-05
1.51505e-05
1.63066e-05
1.89214e-05
2.07687e-05
2.54723e-05
2.61719e-05
3.11373e-05
3.30235e-05
4.61868e-05
4.50458e-05
8.46311e-05
7.65613e-05
0.000145698
0.000140144
0.000196606
0.000247557
0.000228624
7.6853e-06
8.70461e-06
9.20393e-06
1.12301e-05
1.25148e-05
1.86588e-05
1.89985e-05
1.82684e-05
1.82781e-05
1.92927e-05
2.49468e-05
3.99485e-05
7.82214e-05
0.000108085
0.000137556
0.000182593
0.000256279
0.00028822
0.000291121
0.000281835
0.000256802
0.000224469
0.00019341
0.000161311
0.000129286
0.000108831
0.000101204
9.87066e-05
9.48092e-05
8.04278e-05
5.85395e-05
4.09174e-05
2.79701e-05
1.88139e-05
1.25073e-05
8.24778e-06
5.40926e-06
3.53714e-06
2.31156e-06
1.5127e-06
9.9263e-07
6.53582e-07
4.31821e-07
2.86172e-07
1.90117e-07
1.26545e-07
8.43556e-08
5.63019e-08
3.76205e-08
2.51663e-08
1.68552e-08
1.13035e-08
7.5909e-09
5.10664e-09
3.44028e-09
2.32889e-09
1.5702e-09
1.10069e-09
7.05981e-10
6.53781e-10
5.05807e-10
1.22112e-09
2.6606e-09
1.02273e-08
2.67242e-08
7.87449e-08
1.83238e-07
3.88666e-07
7.11665e-07
1.03074e-06
1.66486e-06
1.62051e-06
2.19918e-06
2.76399e-06
3.77462e-06
5.20661e-06
6.1743e-06
6.5132e-06
7.70219e-06
8.60606e-06
9.95666e-06
1.05184e-05
1.37137e-05
1.40772e-05
1.62236e-05
1.74544e-05
2.16168e-05
2.28286e-05
2.55894e-05
2.837e-05
3.08679e-05
4.16388e-05
4.05368e-05
6.82989e-05
6.04231e-05
0.000117406
0.000109339
0.000156856
0.000191096
0.000216959
8.1844e-06
1.17425e-05
1.54049e-05
1.61722e-05
1.47247e-05
1.52123e-05
2.27922e-05
2.82649e-05
3.0643e-05
3.46546e-05
4.49156e-05
6.86928e-05
0.000122703
0.000164239
0.00020811
0.000279194
0.000330681
0.000340961
0.000332756
0.000311555
0.000280879
0.000259199
0.000226081
0.000180269
0.000137948
0.000116693
0.000113822
0.000114484
0.000106973
8.22104e-05
6.02945e-05
4.3362e-05
3.07028e-05
2.13238e-05
1.44902e-05
9.64596e-06
6.31609e-06
4.08907e-06
2.63073e-06
1.6894e-06
1.08673e-06
7.0194e-07
4.55858e-07
2.97752e-07
1.95534e-07
1.29009e-07
8.54484e-08
5.67755e-08
3.78223e-08
2.52519e-08
1.68925e-08
1.13213e-08
7.60148e-09
5.11513e-09
3.44958e-09
2.34e-09
1.58665e-09
1.1191e-09
7.42271e-10
6.72301e-10
5.53078e-10
1.12785e-09
2.48151e-09
9.0471e-09
2.46821e-08
7.42486e-08
1.77948e-07
4.10426e-07
7.59678e-07
1.25999e-06
1.99928e-06
2.02047e-06
3.08265e-06
2.82284e-06
5.30296e-06
4.95713e-06
7.43978e-06
7.2004e-06
9.06685e-06
8.91659e-06
1.24024e-05
1.09981e-05
1.68564e-05
1.5017e-05
1.93416e-05
1.80849e-05
2.5464e-05
2.35199e-05
2.91153e-05
2.85081e-05
3.20601e-05
3.82543e-05
3.865e-05
5.64402e-05
5.2943e-05
9.67853e-05
9.10558e-05
0.000134625
0.00013987
0.00017819
2.8823e-05
3.14362e-05
4.25418e-05
4.38766e-05
3.70034e-05
3.34047e-05
4.02818e-05
6.69857e-05
7.3725e-05
7.88043e-05
9.11131e-05
0.000122707
0.000182698
0.000230052
0.000301119
0.000359152
0.000372074
0.000365705
0.000344064
0.000318814
0.000291473
0.000262408
0.000224751
0.000181595
0.000150984
0.000141643
0.000136656
0.000121448
9.87492e-05
7.44101e-05
5.4238e-05
3.87619e-05
2.717e-05
1.86442e-05
1.25385e-05
8.30021e-06
5.43847e-06
3.54596e-06
2.31075e-06
1.50949e-06
9.9001e-07
6.52128e-07
4.31251e-07
2.86091e-07
1.90254e-07
1.26757e-07
8.45889e-08
5.65437e-08
3.78791e-08
2.546e-08
1.72094e-08
1.17514e-08
8.17456e-09
5.8759e-09
4.44397e-09
3.60386e-09
3.11474e-09
2.89225e-09
2.71527e-09
2.72896e-09
2.75278e-09
3.22009e-09
4.38276e-09
9.48296e-09
2.30684e-08
6.32487e-08
1.57461e-07
3.61126e-07
7.15652e-07
1.26843e-06
1.98117e-06
2.4638e-06
3.86862e-06
3.25916e-06
7.56451e-06
5.60914e-06
1.03861e-05
9.03199e-06
1.17964e-05
1.06322e-05
1.68777e-05
1.28132e-05
2.31498e-05
1.82385e-05
2.56824e-05
2.05584e-05
3.28548e-05
2.63306e-05
3.53636e-05
3.04318e-05
4.13034e-05
3.89882e-05
4.11876e-05
4.94545e-05
5.03387e-05
8.0425e-05
7.73681e-05
0.000114383
0.000115847
0.000140543
8.90737e-05
9.12174e-05
0.000104571
0.000111224
0.000100687
9.11953e-05
0.000100519
0.000132044
0.000142367
0.000149921
0.000166614
0.000211941
0.000256034
0.000315765
0.000372293
0.00038884
0.000384546
0.00036927
0.000340918
0.000317416
0.000286974
0.000247994
0.000205461
0.000175021
0.000162258
0.000153455
0.000137504
0.000113641
8.82925e-05
6.72195e-05
5.05613e-05
3.74814e-05
2.7252e-05
1.94191e-05
1.35647e-05
9.29528e-06
6.26146e-06
4.15861e-06
2.7334e-06
1.7845e-06
1.16115e-06
7.55579e-07
4.93279e-07
3.2417e-07
2.15323e-07
1.45436e-07
1.00854e-07
7.28238e-08
5.56377e-08
4.54346e-08
3.95385e-08
3.61544e-08
3.41675e-08
3.29531e-08
3.21531e-08
3.16243e-08
3.11912e-08
3.09582e-08
3.06276e-08
3.0573e-08
3.03957e-08
3.14934e-08
3.18456e-08
4.12691e-08
4.96055e-08
9.05657e-08
1.63116e-07
3.24626e-07
6.27896e-07
1.06388e-06
1.74582e-06
2.54779e-06
4.74221e-06
4.39179e-06
1.20853e-05
7.7736e-06
1.61797e-05
1.32036e-05
1.68847e-05
1.52561e-05
2.48141e-05
1.70435e-05
3.1873e-05
2.46346e-05
3.47337e-05
2.59634e-05
4.32072e-05
3.21963e-05
4.49692e-05
3.54334e-05
5.05282e-05
4.23548e-05
5.00186e-05
5.021e-05
5.23213e-05
6.99331e-05
7.00993e-05
9.64111e-05
9.81186e-05
0.000118894
0.000206108
0.000202002
0.000207288
0.000212263
0.00019997
0.000188296
0.000198221
0.000221346
0.000226236
0.000234143
0.00025733
0.000297576
0.000344898
0.000385272
0.000400109
0.000396907
0.000379281
0.000350942
0.000320787
0.000302791
0.000275076
0.00023522
0.000198633
0.000178338
0.000167407
0.000152298
0.000129642
0.000105121
8.35461e-05
6.54992e-05
5.0561e-05
3.83481e-05
2.85659e-05
2.08688e-05
1.49632e-05
1.05545e-05
7.34529e-06
5.06202e-06
3.47068e-06
2.38329e-06
1.65456e-06
1.17598e-06
8.68658e-07
6.75911e-07
5.57301e-07
4.84674e-07
4.39519e-07
4.10513e-07
3.9109e-07
3.77534e-07
3.67723e-07
3.6042e-07
3.5484e-07
3.50546e-07
3.47084e-07
3.44471e-07
3.41999e-07
3.40594e-07
3.38372e-07
3.37796e-07
3.3571e-07
3.40837e-07
3.35546e-07
3.84637e-07
3.64991e-07
5.35219e-07
5.24387e-07
8.70768e-07
1.02178e-06
1.29029e-06
2.204e-06
2.81668e-06
7.09305e-06
6.66783e-06
1.97803e-05
1.22721e-05
2.60342e-05
2.08922e-05
2.54164e-05
2.29978e-05
3.6198e-05
2.44238e-05
4.62967e-05
3.53116e-05
4.79729e-05
3.57347e-05
5.85061e-05
4.24665e-05
5.92559e-05
4.55518e-05
6.51515e-05
5.05026e-05
6.12859e-05
5.53994e-05
5.95888e-05
7.03819e-05
7.03608e-05
8.52938e-05
8.69213e-05
0.000100463
0.000351121
0.000337443
0.00033517
0.000329203
0.00030141
0.000294569
0.000301447
0.000304219
0.000304122
0.000310859
0.000339058
0.000372575
0.000397553
0.000407196
0.000403418
0.000382064
0.000337646
0.000314203
0.000296822
0.000286942
0.000269358
0.000237957
0.000208995
0.000187688
0.000167481
0.000144924
0.000121211
9.97166e-05
8.12069e-05
6.53669e-05
5.21053e-05
4.12475e-05
3.24265e-05
2.5335e-05
1.97086e-05
1.53196e-05
1.19691e-05
9.47647e-06
7.67278e-06
6.40095e-06
5.52103e-06
4.91697e-06
4.50014e-06
4.20794e-06
3.9988e-06
3.84571e-06
3.73137e-06
3.64454e-06
3.57772e-06
3.52572e-06
3.48481e-06
3.45238e-06
3.42628e-06
3.4054e-06
3.38771e-06
3.37414e-06
3.36013e-06
3.35257e-06
3.33851e-06
3.33471e-06
3.31986e-06
3.32943e-06
3.3017e-06
3.45191e-06
3.33739e-06
3.85034e-06
3.59446e-06
4.59854e-06
4.33795e-06
4.76933e-06
6.35952e-06
5.86075e-06
1.45102e-05
1.25268e-05
3.36855e-05
2.14301e-05
4.38168e-05
3.45579e-05
4.25147e-05
3.74909e-05
5.49445e-05
3.76157e-05
6.65738e-05
5.08695e-05
6.59665e-05
5.18086e-05
7.91406e-05
5.85461e-05
7.7626e-05
6.13663e-05
8.50423e-05
6.5307e-05
7.83692e-05
6.72687e-05
7.62886e-05
7.506e-05
7.48947e-05
8.17983e-05
8.10888e-05
8.49589e-05
0.000483252
0.000458065
0.000438546
0.000409641
0.000382685
0.000373591
0.000373631
0.000370055
0.000366086
0.000369704
0.000390496
0.000407597
0.000411444
0.000406223
0.000378288
0.000324537
0.000299819
0.000286008
0.000276649
0.000273485
0.000263936
0.000240062
0.000213275
0.000187653
0.000162347
0.000137881
0.000116835
9.84508e-05
8.26795e-05
7.01819e-05
6.06437e-05
5.32893e-05
4.74879e-05
4.28073e-05
3.89853e-05
3.58613e-05
3.33229e-05
3.12776e-05
2.96426e-05
2.83431e-05
2.7313e-05
2.64974e-05
2.58509e-05
2.53376e-05
2.49294e-05
2.4604e-05
2.43438e-05
2.41354e-05
2.39678e-05
2.38326e-05
2.37228e-05
2.36331e-05
2.35585e-05
2.3497e-05
2.34421e-05
2.33991e-05
2.33501e-05
2.33243e-05
2.32688e-05
2.32525e-05
2.31884e-05
2.31899e-05
2.3091e-05
2.32292e-05
2.29781e-05
2.35695e-05
2.30212e-05
2.42685e-05
2.36219e-05
2.4158e-05
2.62968e-05
2.37939e-05
3.64801e-05
3.08879e-05
6.13183e-05
4.22713e-05
7.69305e-05
5.9425e-05
7.36708e-05
6.49641e-05
8.40254e-05
6.26786e-05
9.77405e-05
7.46952e-05
9.21221e-05
7.84447e-05
0.000106635
7.95315e-05
0.000103236
8.61485e-05
0.000112214
8.84404e-05
0.000101772
8.61519e-05
9.70238e-05
8.9522e-05
8.91004e-05
8.69904e-05
8.20668e-05
8.22972e-05
0.000582469
0.000538383
0.000500871
0.000461882
0.000436388
0.000428134
0.000417163
0.000405775
0.000404957
0.000409744
0.000415923
0.000416613
0.000406421
0.000368707
0.000300063
0.00026876
0.000257285
0.000251354
0.000248802
0.000250899
0.000249673
0.000232301
0.000206202
0.000179152
0.000155699
0.00013611
0.000119327
0.00010749
0.000101416
9.93839e-05
9.91214e-05
9.91289e-05
9.88851e-05
9.82699e-05
9.74214e-05
9.64441e-05
9.54261e-05
9.44327e-05
9.35082e-05
9.2678e-05
9.19523e-05
9.13317e-05
9.08095e-05
9.03748e-05
9.0016e-05
8.97214e-05
8.94804e-05
8.92829e-05
8.91208e-05
8.89871e-05
8.88754e-05
8.8781e-05
8.86988e-05
8.86275e-05
8.85583e-05
8.85013e-05
8.84275e-05
8.83868e-05
8.82901e-05
8.82594e-05
8.81302e-05
8.81375e-05
8.79215e-05
8.80576e-05
8.75958e-05
8.81266e-05
8.71469e-05
8.84732e-05
8.71867e-05
8.89266e-05
8.96522e-05
8.71213e-05
9.6622e-05
8.38418e-05
0.000118834
9.60366e-05
0.000139197
0.000106976
0.000132027
0.000115711
0.000133298
0.000107663
0.000144683
0.000110357
0.000134243
0.000115738
0.000146064
0.000110278
0.00014147
0.000122242
0.000150135
0.000117747
0.00013601
0.000117383
0.000131826
0.000118042
0.000117095
0.000105172
9.40014e-05
9.08779e-05
0.000643691
0.0005752
0.00052426
0.000486578
0.000463758
0.000452204
0.000442809
0.000434817
0.00043072
0.000427653
0.000420008
0.00039829
0.000336183
0.000266418
0.000244044
0.000242871
0.000238147
0.000227222
0.000220186
0.000218351
0.000218817
0.000209699
0.000194006
0.000177047
0.000162213
0.000154628
0.000154406
0.000159858
0.000170734
0.000179511
0.000185447
0.000189111
0.000191243
0.000192408
0.000192966
0.000193152
0.000193128
0.000192955
0.000192747
0.000192534
0.000192334
0.000192157
0.000192005
0.000191879
0.000191775
0.00019169
0.000191621
0.000191565
0.000191518
0.000191479
0.000191445
0.000191415
0.000191385
0.000191357
0.000191325
0.000191297
0.000191255
0.000191231
0.000191166
0.00019115
0.000191048
0.000191081
0.000190873
0.000191128
0.000190528
0.000191543
0.000189851
0.000192875
0.000188877
0.000196028
0.000189252
0.00020007
0.000194142
0.000192947
0.000205561
0.000178529
0.000227027
0.000185384
0.000223587
0.000192284
0.000204046
0.000175476
0.000205689
0.000170557
0.000199285
0.00017282
0.000201244
0.000165534
0.000204641
0.00017583
0.000209822
0.000168437
0.000199731
0.000174709
0.000196105
0.000174242
0.000173724
0.000154683
0.000149665
0.000150632
0.000651132
0.000569202
0.00052157
0.000493027
0.00047806
0.000470059
0.000459779
0.000448141
0.000434788
0.000408054
0.000358781
0.000284128
0.000217091
0.000203158
0.000221749
0.000238163
0.000246092
0.000239142
0.000222527
0.000211426
0.000211482
0.000210525
0.000208222
0.000209023
0.000216242
0.000227691
0.00024023
0.000251503
0.000259915
0.00026569
0.000269732
0.000272592
0.00027465
0.000276156
0.000277272
0.00027811
0.000278746
0.000279237
0.000279623
0.00027993
0.000280177
0.00028038
0.000280548
0.000280687
0.000280803
0.000280901
0.000280984
0.000281055
0.000281115
0.000281168
0.000281213
0.000281253
0.00028129
0.000281323
0.000281355
0.000281387
0.000281417
0.000281456
0.000281481
0.000281545
0.000281557
0.000281686
0.000281615
0.000281986
0.000281489
0.000282803
0.000280647
0.000285105
0.000278079
0.000291172
0.00027367
0.000304185
0.000271335
0.000322443
0.00027769
0.000322373
0.000297368
0.000292328
0.00030278
0.000298722
0.00029105
0.000301974
0.000303753
0.000284798
0.000311668
0.00029433
0.000311382
0.000283618
0.00032965
0.000297138
0.000330328
0.00028932
0.000341237
0.000314141
0.000349019
0.000329019
0.000342402
0.000345311
0.000366771
0.000404708
0.000531251
0.000481622
0.000459243
0.000446488
0.000437802
0.000423986
0.000397668
0.00036026
0.000313597
0.000253124
0.000188039
0.000142957
0.000139205
0.000171368
0.00022531
0.000290089
0.000351596
0.000383584
0.000389022
0.000348601
0.000285634
0.000233688
0.000202328
0.000189308
0.000194576
0.000209605
0.000226902
0.000242506
0.000254947
0.000264391
0.000271536
0.000277036
0.000281366
0.000284833
0.000287637
0.000289916
0.000291776
0.000293297
0.000294544
0.000295569
0.000296413
0.000297108
0.000297682
0.000298157
0.000298551
0.000298879
0.000299155
0.000299388
0.000299589
0.000299765
0.000299922
0.000300066
0.000300203
0.000300336
0.000300471
0.000300612
0.000300762
0.000300927
0.000301101
0.000301313
0.000301502
0.000301822
0.000301935
0.000302552
0.000302224
0.000303779
0.000301609
0.000306717
0.000298326
0.000314352
0.000290066
0.000330775
0.000277831
0.000358101
0.000269198
0.000404636
0.000280729
0.000464425
0.000323537
0.000494773
0.00036043
0.00051666
0.000380217
0.000534508
0.00042111
0.00054072
0.000434804
0.00055419
0.000482833
0.000553556
0.000496393
0.000566161
0.0005684
0.000615455
0.000621785
0.000669814
0.00069249
0.000784919
0.00082792
0.00093612
8.72793e-05
0.000127715
0.000176975
0.000218564
0.000241673
0.000238765
0.000234348
0.000389193
0.000660259
0.00081866
0.000864421
0.000848547
0.000773498
0.000586105
0.000485406
0.000385358
0.000269975
0.000200988
0.000163114
0.000149166
0.000162681
0.000191933
0.000227325
0.000261008
0.00028834
0.000307984
0.000320307
0.000326456
0.000328019
0.000327341
0.000324894
0.000321789
0.00031866
0.000315723
0.000313105
0.000310843
0.000308929
0.000307331
0.000306007
0.000304916
0.00030402
0.000303284
0.00030268
0.000302183
0.000301773
0.000301433
0.000301149
0.000300909
0.000300703
0.000300523
0.000300361
0.000300212
0.000300068
0.000299924
0.000299776
0.000299616
0.000299439
0.000299238
0.000299006
0.000298731
0.000298405
0.000298012
0.000297539
0.000296964
0.000296273
0.000295432
0.000294429
0.000293224
0.000291809
0.000290152
0.000288245
0.000286086
0.000283653
0.000280972
0.000278
0.000274754
0.000271167
0.000267195
0.000262768
0.000257758
0.000252065
0.000245543
0.000237986
0.000229304
0.000219161
0.00020754
0.000194044
0.000178865
0.000161726
0.00014359
0.000125066
0.00010913
9.98153e-05
9.96403e-05
0.00010429
0.000108071
0.000105054
9.09135e-05
6.70067e-05
4.04831e-05
0.000107747
0.000137348
0.000172407
0.000215975
0.000277445
0.000395879
0.000534945
0.00060811
0.000631875
0.000567476
0.000427031
0.000342656
0.000246424
0.000184958
0.000160333
0.000144244
0.000133606
0.000121916
0.000116673
0.000112548
0.000112386
0.000118573
0.000133466
0.000155372
0.000180913
0.000206288
0.000228776
0.000246799
0.000260047
0.000269034
0.000274898
0.000278563
0.000280689
0.000281861
0.000282454
0.000282705
0.000282757
0.000282705
0.000282606
0.000282476
0.000282343
0.000282214
0.000282096
0.00028199
0.000281895
0.000281812
0.00028174
0.000281677
0.000281622
0.000281574
0.000281531
0.000281493
0.000281459
0.000281426
0.000281395
0.000281365
0.000281334
0.000281301
0.000281267
0.000281228
0.000281185
0.000281135
0.000281076
0.000281004
0.000280919
0.00028081
0.000280676
0.000280503
0.000280284
0.000280007
0.000279651
0.000279221
0.000278677
0.000278046
0.000277272
0.000276399
0.000275377
0.00027426
0.000272946
0.000271556
0.000269839
0.00026813
0.000265848
0.000263717
0.000260628
0.000257944
0.00025358
0.000250189
0.000243824
0.000239278
0.000229785
0.000222843
0.000208459
0.000196188
0.000174953
0.000156103
0.000132672
0.000108759
8.82975e-05
5.69718e-05
0.000113379
0.000149139
0.000202209
0.000266135
0.000353987
0.000466379
0.000520874
0.000526768
0.000403213
0.000266131
0.00019726
0.000178754
0.000172955
0.000170011
0.000159383
0.000155144
0.000136364
0.000131394
0.000118003
0.000108418
9.867e-05
8.99937e-05
8.27566e-05
7.75417e-05
7.68542e-05
7.98829e-05
9.06687e-05
0.000108177
0.000125268
0.000141158
0.000153933
0.00016368
0.000171101
0.000176627
0.00018068
0.000183627
0.00018576
0.000187304
0.000188423
0.000189238
0.000189834
0.000190271
0.000190595
0.000190835
0.000191015
0.00019115
0.000191254
0.000191333
0.000191396
0.000191448
0.00019149
0.000191528
0.000191564
0.0001916
0.000191636
0.000191677
0.000191725
0.00019178
0.000191845
0.000191925
0.000192021
0.000192142
0.000192284
0.000192464
0.000192672
0.000192936
0.00019323
0.000193594
0.00019399
0.000194448
0.000194954
0.000195471
0.000196087
0.000196637
0.000197374
0.000197975
0.000198884
0.000199538
0.000200788
0.000201533
0.000203293
0.000204205
0.000206726
0.000207721
0.000211318
0.000212303
0.000217091
0.000217838
0.00022272
0.000222127
0.000224249
0.000220367
0.000220019
0.000210952
0.000205927
0.000184235
0.000167565
0.00013057
0.000101989
6.85856e-05
0.000115607
0.000154319
0.000211554
0.000280672
0.000373654
0.000438525
0.000443546
0.000334228
0.000246117
0.000200567
0.000192487
0.000195329
0.000195648
0.000188807
0.000186805
0.000181657
0.000160565
0.000156243
0.000138337
0.000125551
0.00011205
9.88087e-05
8.6023e-05
7.3934e-05
6.20645e-05
5.17978e-05
4.45275e-05
4.13102e-05
4.13074e-05
4.29426e-05
4.80797e-05
5.67526e-05
6.4004e-05
6.97677e-05
7.42577e-05
7.77066e-05
8.03351e-05
8.23285e-05
8.38372e-05
8.49802e-05
8.5847e-05
8.65055e-05
8.70084e-05
8.73934e-05
8.76885e-05
8.79172e-05
8.80962e-05
8.82361e-05
8.83477e-05
8.84405e-05
8.85176e-05
8.85837e-05
8.86456e-05
8.87056e-05
8.87647e-05
8.88277e-05
8.88983e-05
8.89801e-05
8.9073e-05
8.91861e-05
8.93169e-05
8.94843e-05
8.96741e-05
8.99245e-05
9.01985e-05
9.05656e-05
9.09549e-05
9.14645e-05
9.20051e-05
9.26587e-05
9.3381e-05
9.41594e-05
9.50642e-05
9.60011e-05
9.70228e-05
9.83116e-05
9.93175e-05
0.000101275
0.000102401
0.000105022
0.000106538
0.000110227
0.000112179
0.000117375
0.000120018
0.000127129
0.000130861
0.000139923
0.000146179
0.000158221
0.000166434
0.000181151
0.000186998
0.000194989
0.000192088
0.000184303
0.000162783
0.00014489
0.000107
8.20967e-05
0.000117605
0.000156883
0.000208537
0.000280825
0.000346703
0.000366479
0.000318886
0.000235739
0.00020359
0.000196694
0.000205385
0.00020861
0.000208245
0.000199106
0.000197231
0.000191158
0.000177897
0.000170829
0.000155936
0.000140303
0.000125383
0.000111674
9.91234e-05
8.73337e-05
7.53696e-05
6.25061e-05
4.98077e-05
3.87304e-05
2.96572e-05
2.25559e-05
1.76048e-05
1.52238e-05
1.51717e-05
1.56468e-05
1.69171e-05
1.84674e-05
1.97452e-05
2.07359e-05
2.14816e-05
2.20348e-05
2.24405e-05
2.27352e-05
2.29491e-05
2.31031e-05
2.32131e-05
2.32926e-05
2.33513e-05
2.33939e-05
2.34265e-05
2.3455e-05
2.348e-05
2.35032e-05
2.35295e-05
2.35603e-05
2.3595e-05
2.36371e-05
2.36888e-05
2.37544e-05
2.38317e-05
2.39312e-05
2.40452e-05
2.41992e-05
2.4367e-05
2.46033e-05
2.48453e-05
2.5195e-05
2.55398e-05
2.60223e-05
2.65114e-05
2.71123e-05
2.77934e-05
2.84687e-05
2.9366e-05
3.01162e-05
3.11993e-05
3.21396e-05
3.33937e-05
3.46482e-05
3.63075e-05
3.77652e-05
4.03865e-05
4.21245e-05
4.57361e-05
4.83008e-05
5.29378e-05
5.76574e-05
6.22252e-05
7.11675e-05
7.68954e-05
8.88527e-05
9.69771e-05
0.0001134
0.000122521
0.000140477
0.000147779
0.000153199
0.000147055
0.000130252
0.000111482
8.60875e-05
0.00012071
0.000154575
0.000196948
0.00026055
0.000294589
0.000299903
0.000236197
0.000199928
0.000192769
0.000197989
0.000210899
0.000215558
0.000214522
0.000207645
0.000205318
0.000195132
0.000192836
0.00018261
0.000173262
0.000157035
0.000139306
0.000121769
0.000106071
9.27673e-05
8.13186e-05
7.0481e-05
5.94712e-05
4.84057e-05
3.79588e-05
2.87442e-05
2.11175e-05
1.51843e-05
1.07943e-05
7.65778e-06
5.57585e-06
4.32355e-06
3.67647e-06
3.43406e-06
3.38581e-06
3.38495e-06
3.39958e-06
3.43402e-06
3.45831e-06
3.47222e-06
3.47822e-06
3.47914e-06
3.47709e-06
3.47352e-06
3.4695e-06
3.46704e-06
3.46598e-06
3.4665e-06
3.47011e-06
3.47804e-06
3.48909e-06
3.50495e-06
3.52605e-06
3.55486e-06
3.58929e-06
3.63614e-06
3.68836e-06
3.76345e-06
3.83982e-06
3.95769e-06
4.06558e-06
4.24282e-06
4.39464e-06
4.63952e-06
4.8591e-06
5.15662e-06
5.47815e-06
5.79817e-06
6.2334e-06
6.6016e-06
7.08226e-06
7.6481e-06
8.08486e-06
8.95842e-06
9.52934e-06
1.06555e-05
1.1558e-05
1.28619e-05
1.48098e-05
1.62643e-05
1.92592e-05
2.15779e-05
2.59384e-05
2.97256e-05
3.60662e-05
4.22602e-05
5.16378e-05
6.11982e-05
7.43757e-05
8.6438e-05
0.000101494
0.000110877
0.000115673
0.000113284
0.000105431
9.17693e-05
0.000120254
0.00014808
0.000187659
0.000236423
0.000255394
0.000248963
0.000203251
0.000191322
0.000192506
0.000202276
0.000216678
0.00021866
0.000216536
0.000209505
0.000207705
0.000199913
0.000201906
0.000195529
0.000184237
0.000171985
0.000155484
0.000137022
0.000118336
0.000101252
8.67264e-05
7.45535e-05
6.3729e-05
5.34162e-05
4.34552e-05
3.41722e-05
2.59844e-05
1.91601e-05
1.37568e-05
9.66318e-06
6.67421e-06
4.5582e-06
3.09748e-06
2.10907e-06
1.45172e-06
1.02192e-06
7.48136e-07
5.80854e-07
4.83867e-07
4.30327e-07
4.01613e-07
3.86394e-07
3.78152e-07
3.73263e-07
3.70121e-07
3.68168e-07
3.67102e-07
3.66811e-07
3.671e-07
3.68492e-07
3.70839e-07
3.74245e-07
3.78777e-07
3.85169e-07
3.9268e-07
4.03443e-07
4.14796e-07
4.32754e-07
4.48988e-07
4.78716e-07
5.01635e-07
5.47818e-07
5.81794e-07
6.47831e-07
6.99747e-07
7.8179e-07
8.74249e-07
9.52062e-07
1.09796e-06
1.18709e-06
1.35058e-06
1.51749e-06
1.66669e-06
1.94623e-06
2.15934e-06
2.56316e-06
2.88952e-06
3.51067e-06
4.07373e-06
5.04177e-06
5.94855e-06
7.46454e-06
9.34485e-06
1.14075e-05
1.50491e-05
1.86843e-05
2.46343e-05
3.09111e-05
4.07907e-05
5.11533e-05
6.29441e-05
7.82651e-05
8.74357e-05
9.47958e-05
9.79634e-05
0.000102707
0.000117799
0.000146175
0.000178143
0.000216938
0.000228958
0.000218271
0.000190165
0.00018724
0.000194698
0.000204871
0.000211812
0.000200905
0.000203943
0.000198809
0.000203961
0.00020005
0.000205196
0.000208473
0.000200101
0.00018521
0.000168308
0.000150599
0.000131271
0.000112097
9.46473e-05
7.98246e-05
6.75282e-05
5.69135e-05
4.71986e-05
3.81234e-05
2.98396e-05
2.26133e-05
1.66206e-05
1.18843e-05
8.29819e-06
5.68175e-06
3.83156e-06
2.5572e-06
1.69716e-06
1.12533e-06
7.48312e-07
5.00247e-07
3.36903e-07
2.28977e-07
1.57462e-07
1.10176e-07
7.93014e-08
5.96887e-08
4.78095e-08
4.10886e-08
3.75285e-08
3.57672e-08
3.50918e-08
3.50207e-08
3.51136e-08
3.54298e-08
3.60835e-08
3.7036e-08
3.81125e-08
3.97764e-08
4.13673e-08
4.43088e-08
4.6676e-08
5.15579e-08
5.53529e-08
6.32267e-08
6.92435e-08
8.1708e-08
9.11662e-08
1.08344e-07
1.27356e-07
1.44182e-07
1.77665e-07
1.9904e-07
2.41994e-07
2.7406e-07
3.30312e-07
3.83817e-07
4.7476e-07
5.64216e-07
7.17551e-07
8.5971e-07
1.11694e-06
1.41281e-06
1.82513e-06
2.49294e-06
3.18925e-06
4.20803e-06
6.00364e-06
7.87243e-06
1.11283e-05
1.49887e-05
2.12037e-05
2.83372e-05
3.85513e-05
5.04469e-05
6.4518e-05
7.8038e-05
0.000101073
9.85664e-05
0.000115427
0.000142166
0.000170367
0.000205632
0.000211657
0.000198536
0.000182899
0.000183716
0.000195911
0.000200012
0.000194675
0.000181283
0.000190564
0.000188459
0.000187393
0.000194111
0.000206618
0.000213429
0.000214917
0.000203498
0.000182882
0.000164789
0.000144761
0.000123982
0.00010419
8.66591e-05
7.19775e-05
5.99068e-05
4.96876e-05
4.06372e-05
3.24658e-05
2.52013e-05
1.89755e-05
1.38705e-05
9.86492e-06
6.84718e-06
4.65456e-06
3.11091e-06
2.05294e-06
1.34353e-06
8.7594e-07
5.71474e-07
3.74384e-07
2.46852e-07
1.63978e-07
1.09705e-07
7.38362e-08
4.99343e-08
3.39034e-08
2.31121e-08
1.58477e-08
1.09858e-08
7.78476e-09
5.7454e-09
4.52693e-09
3.85752e-09
3.55827e-09
3.53084e-09
3.57221e-09
3.71321e-09
3.91059e-09
4.31495e-09
4.65736e-09
5.36129e-09
5.96724e-09
7.25134e-09
8.28673e-09
1.06912e-08
1.23427e-08
1.65024e-08
1.91868e-08
2.49369e-08
2.95361e-08
3.70934e-08
4.48812e-08
5.50126e-08
6.67336e-08
8.62983e-08
1.03765e-07
1.38515e-07
1.74516e-07
2.39579e-07
3.36685e-07
4.73138e-07
5.9965e-07
8.44165e-07
1.1999e-06
1.66121e-06
2.39762e-06
3.4953e-06
5.53641e-06
7.67631e-06
1.15848e-05
1.62923e-05
2.40392e-05
3.32612e-05
4.99729e-05
5.97138e-05
8.92207e-05
0.000103016
0.000114018
0.000133232
0.000162662
0.000199097
0.000205302
0.00019146
0.000181185
0.000182646
0.000194306
0.000194501
0.000183425
0.000179483
0.00019068
0.000190745
0.000186675
0.000193194
0.000208152
0.000218594
0.000221154
0.000214035
0.000193815
0.000175087
0.000158477
0.000136964
0.000114903
9.48246e-05
7.7692e-05
6.36208e-05
5.21146e-05
4.24729e-05
3.41486e-05
2.68787e-05
2.06113e-05
1.53676e-05
1.11426e-05
7.86907e-06
5.42574e-06
3.66334e-06
2.43022e-06
1.59e-06
1.03021e-06
6.63945e-07
4.27498e-07
2.76103e-07
1.79426e-07
1.17539e-07
7.76566e-08
5.17061e-08
3.4646e-08
2.33245e-08
1.57534e-08
1.06626e-08
7.22755e-09
4.90588e-09
3.33677e-09
2.27851e-09
1.56932e-09
1.10075e-09
8.07791e-10
6.25344e-10
5.57606e-10
5.67453e-10
6.20451e-10
7.35147e-10
9.30281e-10
1.28374e-09
1.67351e-09
2.68592e-09
3.2075e-09
5.60673e-09
6.1627e-09
9.61873e-09
1.07595e-08
1.30367e-08
1.74527e-08
1.92791e-08
2.6187e-08
2.97678e-08
3.92432e-08
5.7227e-08
7.91088e-08
1.27464e-07
1.45019e-07
2.00916e-07
2.78289e-07
4.23435e-07
5.11467e-07
9.24114e-07
1.49877e-06
2.36128e-06
3.03836e-06
4.06171e-06
6.26793e-06
9.24035e-06
1.447e-05
2.21925e-05
3.49218e-05
5.55991e-05
8.55608e-05
0.000112547
0.000116191
0.000123567
0.000156418
0.000192046
0.000202611
0.000191191
0.000181217
0.000182248
0.000194605
0.000194623
0.000180724
0.000183022
0.000196582
0.000199132
0.000200271
0.00020602
0.000219063
0.000225938
0.000225856
0.000217696
0.000196886
0.000177829
0.000163574
0.000148861
0.000126707
0.000104168
8.4411e-05
6.8149e-05
5.50273e-05
4.43396e-05
3.54504e-05
2.79411e-05
2.15917e-05
1.62991e-05
1.19974e-05
8.6085e-06
6.02679e-06
4.1244e-06
2.7658e-06
1.82278e-06
1.18456e-06
7.61959e-07
4.87138e-07
3.10885e-07
1.98878e-07
1.27979e-07
8.30409e-08
5.43836e-08
3.59353e-08
2.39278e-08
1.6029e-08
1.07854e-08
7.27995e-09
4.92511e-09
3.33881e-09
2.2688e-09
1.54904e-09
1.06465e-09
7.46966e-10
5.40556e-10
4.1703e-10
3.63761e-10
3.89351e-10
4.49646e-10
6.14815e-10
8.95373e-10
1.29699e-09
2.43964e-09
2.7901e-09
6.38571e-09
6.0806e-09
1.17893e-08
1.15521e-08
1.52683e-08
1.72755e-08
1.83998e-08
2.55228e-08
2.83272e-08
5.136e-08
5.86329e-08
9.78887e-08
1.00605e-07
1.37065e-07
1.64041e-07
2.5628e-07
2.86048e-07
4.4356e-07
7.3037e-07
8.33408e-07
1.73454e-06
1.97082e-06
3.54521e-06
4.02721e-06
6.06766e-06
9.16273e-06
1.52898e-05
2.54974e-05
4.3388e-05
7.15481e-05
0.000114652
0.000129499
0.000115718
0.000149012
0.000188061
0.000201386
0.000192678
0.000181394
0.000181051
0.000194524
0.000199942
0.00018548
0.000190612
0.000204568
0.000205372
0.000206643
0.000216194
0.000225802
0.000228055
0.000226572
0.000218115
0.000196822
0.000177486
0.000163771
0.000152181
0.000136956
0.000114231
9.21269e-05
7.34399e-05
5.84632e-05
4.6509e-05
3.68138e-05
2.88313e-05
2.22305e-05
1.68154e-05
1.24504e-05
9.01444e-06
6.38162e-06
4.4201e-06
2.99921e-06
1.99743e-06
1.3088e-06
8.46216e-07
5.41737e-07
3.44728e-07
2.18953e-07
1.39378e-07
8.92409e-08
5.76195e-08
3.75608e-08
2.47175e-08
1.64019e-08
1.09576e-08
7.3583e-09
4.96053e-09
3.35489e-09
2.27611e-09
1.55262e-09
1.06571e-09
7.48147e-10
5.37817e-10
4.19907e-10
3.56666e-10
3.93476e-10
4.43443e-10
6.75601e-10
9.36602e-10
1.47872e-09
2.66859e-09
3.33584e-09
8.2771e-09
7.49915e-09
1.68823e-08
1.47518e-08
2.3075e-08
2.31841e-08
2.63019e-08
3.14483e-08
4.13128e-08
4.8931e-08
6.61859e-08
7.09194e-08
1.05095e-07
1.26861e-07
1.78921e-07
2.27172e-07
2.46218e-07
4.34105e-07
4.83083e-07
1.18771e-06
1.22156e-06
1.94709e-06
2.36153e-06
3.47102e-06
4.40918e-06
6.77715e-06
1.09508e-05
1.9835e-05
4.17151e-05
6.93458e-05
0.000121445
0.000144793
0.000113065
0.000140031
0.000178303
0.000200419
0.000198556
0.000183134
0.000180333
0.000190266
0.000201602
0.000191693
0.00019405
0.000209541
0.000222477
0.000217401
0.000221283
0.000228413
0.000228744
0.000223713
0.000213333
0.000189609
0.000167957
0.000156887
0.000149929
0.000139821
0.00012311
0.000100371
7.94783e-05
6.24457e-05
4.90129e-05
3.83471e-05
2.97562e-05
2.27923e-05
1.71732e-05
1.26997e-05
9.20657e-06
6.54072e-06
4.55547e-06
3.11297e-06
2.0897e-06
1.3803e-06
8.98985e-07
5.78808e-07
3.69539e-07
2.34783e-07
1.49013e-07
9.48376e-08
6.07258e-08
3.92115e-08
2.55602e-08
1.68172e-08
1.11563e-08
7.45133e-09
5.0035e-09
3.37478e-09
2.2853e-09
1.55728e-09
1.06729e-09
7.5045e-10
5.35067e-10
4.25581e-10
3.51217e-10
4.16486e-10
4.44881e-10
8.1373e-10
1.03241e-09
1.87045e-09
3.24679e-09
4.62346e-09
1.17702e-08
1.10002e-08
2.71582e-08
2.32007e-08
3.94244e-08
3.53189e-08
4.22201e-08
4.19585e-08
4.25881e-08
5.92938e-08
6.14963e-08
8.10637e-08
1.29354e-07
1.56764e-07
2.84074e-07
2.57274e-07
4.1425e-07
4.19826e-07
7.79372e-07
8.50946e-07
1.0704e-06
1.52189e-06
2.42674e-06
2.81018e-06
4.46754e-06
5.69973e-06
9.47603e-06
1.55339e-05
3.31883e-05
6.28952e-05
0.000131201
0.000142765
0.000114377
0.000134731
0.000166026
0.000199073
0.000200806
0.000187104
0.000180636
0.000185069
0.000198826
0.000192898
0.000192299
0.000202881
0.00022549
0.000228949
0.000232284
0.000231816
0.000229516
0.000216723
0.000199165
0.000176004
0.000148766
0.000136684
0.000136105
0.000135154
0.000126949
0.000108279
8.59743e-05
6.69332e-05
5.1879e-05
4.0104e-05
3.07946e-05
2.33803e-05
1.74924e-05
1.28699e-05
9.30129e-06
6.60049e-06
4.59935e-06
3.14877e-06
2.12005e-06
1.40578e-06
9.19641e-07
5.94818e-07
3.8135e-07
2.43066e-07
1.54532e-07
9.83335e-08
6.28318e-08
4.04202e-08
2.62229e-08
1.71658e-08
1.13333e-08
7.53859e-09
5.04567e-09
3.39503e-09
2.29491e-09
1.56232e-09
1.06887e-09
7.53405e-10
5.31153e-10
4.33962e-10
3.44614e-10
4.56762e-10
4.55513e-10
1.06818e-09
1.21612e-09
2.91406e-09
4.62048e-09
7.46262e-09
1.82525e-08
1.8681e-08
4.77107e-08
4.28495e-08
7.03209e-08
6.81679e-08
7.69368e-08
7.51513e-08
7.48966e-08
8.84061e-08
8.9836e-08
1.82195e-07
2.07524e-07
3.67321e-07
3.27122e-07
4.29337e-07
4.291e-07
6.0307e-07
6.96833e-07
7.93572e-07
1.04359e-06
1.67553e-06
1.90021e-06
2.89083e-06
3.74742e-06
6.35489e-06
8.34877e-06
1.5047e-05
3.21062e-05
5.90364e-05
0.000138956
0.000129938
0.000113256
0.00013147
0.000157617
0.000197208
0.000205929
0.000195079
0.000182878
0.000185003
0.00019403
0.000190311
0.000185015
0.000187272
0.000202037
0.000222298
0.000231665
0.000230767
0.00022727
0.000214728
0.000183837
0.000162143
0.000133061
0.000112288
0.000110875
0.000117362
0.000120558
0.000113959
9.27708e-05
7.17939e-05
5.50534e-05
4.20803e-05
3.19771e-05
2.40439e-05
1.78252e-05
1.30053e-05
9.33228e-06
6.5865e-06
4.57384e-06
3.12671e-06
2.10568e-06
1.39842e-06
9.1712e-07
5.95032e-07
3.82774e-07
2.44779e-07
1.56071e-07
9.95289e-08
6.36743e-08
4.09708e-08
2.65609e-08
1.73625e-08
1.14427e-08
7.59739e-09
5.07642e-09
3.41095e-09
2.30295e-09
1.56694e-09
1.07014e-09
7.56831e-10
5.26174e-10
4.44941e-10
3.38086e-10
5.07829e-10
4.7266e-10
1.4823e-09
1.55088e-09
5.05285e-09
7.15909e-09
1.39746e-08
2.97223e-08
3.80539e-08
9.54365e-08
9.46421e-08
1.61353e-07
1.67908e-07
2.0307e-07
2.02915e-07
2.35413e-07
2.19976e-07
3.13368e-07
3.11591e-07
4.15938e-07
3.83196e-07
4.39637e-07
4.45388e-07
5.42505e-07
6.07481e-07
6.65663e-07
9.36125e-07
1.19694e-06
1.37957e-06
1.75931e-06
2.42091e-06
4.48439e-06
5.39062e-06
8.74112e-06
1.35795e-05
2.69703e-05
5.79921e-05
0.000155129
0.000127709
0.000114013
0.000126394
0.000148288
0.000191122
0.000206962
0.000205371
0.000192034
0.000188145
0.000191071
0.000186449
0.000180957
0.000182474
0.00018799
0.000193564
0.000206396
0.000211505
0.000211631
0.000208414
0.000175174
0.000146874
0.000123625
0.000100082
9.09012e-05
9.34968e-05
0.00010565
0.000107633
9.88504e-05
7.68722e-05
5.84161e-05
4.41899e-05
3.32698e-05
2.48138e-05
1.8255e-05
1.3214e-05
9.40327e-06
6.58006e-06
4.53194e-06
3.07608e-06
2.06048e-06
1.36395e-06
8.93545e-07
5.80259e-07
3.74218e-07
2.40197e-07
1.5382e-07
9.85367e-08
6.33034e-08
4.08744e-08
2.65673e-08
1.73958e-08
1.14747e-08
7.62074e-09
5.09149e-09
3.42015e-09
2.30814e-09
1.57043e-09
1.07075e-09
7.60532e-10
5.20062e-10
4.58605e-10
3.33403e-10
5.78308e-10
5.11417e-10
2.07108e-09
2.09369e-09
8.58776e-09
1.14087e-08
2.64882e-08
4.92614e-08
7.45999e-08
1.6124e-07
1.72127e-07
2.80357e-07
2.96553e-07
3.38054e-07
3.43252e-07
3.57713e-07
4.18806e-07
4.35438e-07
4.97436e-07
4.6978e-07
4.93881e-07
4.93589e-07
5.46381e-07
5.70984e-07
6.02839e-07
7.71752e-07
9.12241e-07
1.07773e-06
1.27715e-06
1.80126e-06
2.87348e-06
4.01917e-06
6.66553e-06
7.96513e-06
1.46517e-05
2.71531e-05
5.47345e-05
0.000161177
0.000140201
0.000120883
0.000125619
0.000138263
0.000170056
0.000203679
0.000210118
0.000203638
0.000196428
0.000192181
0.000181368
0.000179721
0.00018254
0.000187501
0.000189563
0.000197104
0.000205007
0.000202718
0.000191618
0.000165106
0.000132572
0.000112801
9.42154e-05
8.19803e-05
8.06354e-05
8.83966e-05
9.682e-05
9.58253e-05
8.16777e-05
6.17128e-05
4.63145e-05
3.45857e-05
2.5607e-05
1.87182e-05
1.34693e-05
9.52851e-06
6.6262e-06
4.53302e-06
3.05457e-06
2.03088e-06
1.33487e-06
8.6924e-07
5.62029e-07
3.61664e-07
2.32166e-07
1.4902e-07
9.5849e-08
6.18931e-08
4.01827e-08
2.6252e-08
1.72642e-08
1.1426e-08
7.60631e-09
5.08956e-09
3.42197e-09
2.31024e-09
1.57269e-09
1.07078e-09
7.64423e-10
5.13331e-10
4.72615e-10
3.35987e-10
6.7943e-10
5.99663e-10
2.95406e-09
3.07966e-09
1.43838e-08
1.86825e-08
5.15383e-08
8.70145e-08
1.44003e-07
2.7109e-07
3.21148e-07
4.99098e-07
5.8891e-07
6.97965e-07
7.84515e-07
9.92975e-07
9.57193e-07
9.97637e-07
1.02349e-06
1.07383e-06
1.03212e-06
1.00189e-06
9.46803e-07
8.65225e-07
9.4263e-07
9.69785e-07
1.00848e-06
1.09137e-06
1.42305e-06
1.84327e-06
2.97046e-06
3.25311e-06
5.04856e-06
9.20866e-06
1.38266e-05
2.58875e-05
5.72108e-05
0.000178868
0.000153029
0.000136133
0.000130962
0.00013666
0.00015435
0.00019607
0.000213937
0.000211545
0.000203174
0.00018804
0.000180316
0.000182637
0.000195474
0.000199413
0.000200098
0.000206501
0.000214401
0.000204788
0.000179524
0.000149249
0.000120804
0.000105314
9.22153e-05
7.97491e-05
7.49944e-05
7.70364e-05
8.64804e-05
8.8127e-05
8.23261e-05
6.39258e-05
4.80918e-05
3.57956e-05
2.63689e-05
1.91729e-05
1.37272e-05
9.66572e-06
6.69233e-06
4.55902e-06
3.05931e-06
2.02541e-06
1.32551e-06
8.59407e-07
5.53414e-07
3.54899e-07
2.27279e-07
1.45736e-07
9.37836e-08
6.06753e-08
3.95086e-08
2.59021e-08
1.70943e-08
1.13494e-08
7.57476e-09
5.07819e-09
3.41894e-09
2.30998e-09
1.57383e-09
1.07035e-09
7.68051e-10
5.0797e-10
4.81122e-10
3.52596e-10
8.14967e-10
7.72605e-10
4.12571e-09
4.73191e-09
2.31299e-08
3.03275e-08
1.01682e-07
1.49271e-07
2.91192e-07
4.59053e-07
6.45705e-07
9.35355e-07
1.13735e-06
1.19919e-06
1.46773e-06
1.45505e-06
1.3905e-06
1.47074e-06
1.40021e-06
1.44796e-06
1.37837e-06
1.36128e-06
1.24619e-06
1.28915e-06
1.22912e-06
1.22465e-06
1.23177e-06
1.43913e-06
1.7964e-06
2.62839e-06
2.73737e-06
4.27559e-06
4.96056e-06
8.07803e-06
1.78418e-05
2.63229e-05
5.5685e-05
0.000185889
0.00020174
0.000180393
0.000148727
0.000140154
0.000148859
0.000178569
0.000213215
0.000211348
0.000202735
0.000186226
0.000183415
0.000191045
0.000214453
0.00022205
0.00022771
0.000238232
0.000232182
0.000203852
0.000169072
0.00014301
0.000115735
0.000101866
9.25418e-05
8.06513e-05
7.35487e-05
7.29693e-05
7.8037e-05
8.09373e-05
7.86522e-05
6.48074e-05
4.88804e-05
3.65033e-05
2.69138e-05
1.95413e-05
1.39502e-05
9.78731e-06
6.75134e-06
4.58345e-06
3.0666e-06
2.02528e-06
1.32281e-06
8.5631e-07
5.50735e-07
3.52851e-07
2.25831e-07
1.44772e-07
9.31779e-08
6.03158e-08
3.93079e-08
2.57974e-08
1.70439e-08
1.13276e-08
7.56682e-09
5.07632e-09
3.41938e-09
2.31088e-09
1.5751e-09
1.07013e-09
7.71102e-10
5.04713e-10
4.9018e-10
3.79661e-10
9.76515e-10
1.06949e-09
5.42492e-09
7.23018e-09
3.41697e-08
4.61114e-08
1.75551e-07
2.20956e-07
5.84546e-07
6.82529e-07
1.24606e-06
1.32575e-06
1.9765e-06
1.90026e-06
2.36536e-06
2.26841e-06
2.5561e-06
2.50229e-06
2.61255e-06
2.49877e-06
2.37005e-06
2.21957e-06
2.06271e-06
1.96327e-06
1.71657e-06
1.61089e-06
1.48798e-06
1.63814e-06
1.80286e-06
2.20699e-06
2.51459e-06
3.55802e-06
8.18798e-06
1.03692e-05
1.53402e-05
2.81327e-05
6.06855e-05
0.000200185
0.000369537
0.000326695
0.000213363
0.000161844
0.000156955
0.000170902
0.000200517
0.000203309
0.000199335
0.000186304
0.000185397
0.000198226
0.000234147
0.000249658
0.000259431
0.00025362
0.000235646
0.000181824
0.000138556
0.000127024
0.000110126
9.84207e-05
9.42603e-05
8.59366e-05
7.56369e-05
7.21888e-05
7.34566e-05
7.52882e-05
7.4045e-05
6.40841e-05
4.88798e-05
3.66884e-05
2.7132e-05
1.97311e-05
1.40874e-05
9.87068e-06
6.79264e-06
4.59784e-06
3.06697e-06
2.02023e-06
1.31696e-06
8.51563e-07
5.47508e-07
3.5091e-07
2.24778e-07
1.44258e-07
9.29568e-08
6.02385e-08
3.92933e-08
2.58054e-08
1.7057e-08
1.13394e-08
7.57565e-09
5.08237e-09
3.42331e-09
2.31328e-09
1.5767e-09
1.0705e-09
7.73219e-10
5.03941e-10
5.01284e-10
4.22539e-10
1.11222e-09
1.51651e-09
6.52098e-09
1.11477e-08
4.63095e-08
7.10626e-08
2.83865e-07
3.39189e-07
1.11817e-06
1.09884e-06
2.57132e-06
2.22647e-06
4.2406e-06
3.50606e-06
5.54112e-06
4.79362e-06
6.17462e-06
5.35098e-06
6.75666e-06
5.81059e-06
5.67763e-06
5.19809e-06
4.99187e-06
4.20172e-06
3.79191e-06
3.24767e-06
2.92613e-06
2.38924e-06
2.2557e-06
2.33545e-06
2.71713e-06
3.56362e-06
7.01885e-06
1.10798e-05
1.90931e-05
2.72697e-05
6.33538e-05
0.000217533
0.00206285
0.00106128
0.00106385
0.000762301
0.000941227
0.00101784
0.00107997
0.00113537
0.00114952
0.00116132
0.00162575
0.00122642
0.00121368
0.00110463
0.00111342
0.0011665
0.00121155
0.00126327
0.00127852
0.00129121
0.00114181
0.00141767
0.00123694
0.00121349
0.00115203
0.00115321
0.00115705
0.00117756
0.00119089
0.00119738
0.000663667
0.00140926
0.00123229
0.00123173
0.00116905
0.00112197
0.00108539
0.00107198
0.00107394
0.00106993
0.000379215
0.00124394
0.00111332
0.00113978
0.00109968
0.0010432
0.000994873
0.000950635
0.000944376
0.000929064
0.000305154
0.000950242
0.000871554
0.000923832
0.000913816
0.000883465
0.000848398
0.000792958
0.000784053
0.000767763
0.000350718
0.000695377
0.000641173
0.000668575
0.00066607
0.000650408
0.000632396
0.000584728
0.000576327
0.000571058
0.000397521
0.000535456
0.000508206
0.000499215
0.000487592
0.000462943
0.00044599
0.000407368
0.00039147
0.000379975
0.000499084
0.000492931
0.000472227
0.000444529
0.000422171
0.000392804
0.000370561
0.000330982
0.00031323
0.000282426
0.000540639
0.000511134
0.000479341
0.000443155
0.000413665
0.000378445
0.000351606
0.000305987
0.000287405
0.000248985
0.000487099
0.000487581
0.000466564
0.000420495
0.000382649
0.000341869
0.000311058
0.000266817
0.000246942
0.000212526
0.000341225
0.00040164
0.000382503
0.000338589
0.000300204
0.000266392
0.000245854
0.000223992
0.000209435
0.000186279
0.000243609
0.000294288
0.000280971
0.000249616
0.000237336
0.000226216
0.000226392
0.000229684
0.000229398
0.000234211
0.000197801
0.000221071
0.000211393
0.000212734
0.000230337
0.000268555
0.000327647
0.0003823
0.000394492
0.000426645
0.000172969
0.000178087
0.000195276
0.000262075
0.000399095
0.000524938
0.000615746
0.000667824
0.000677613
0.000703445
0.000161827
0.000212805
0.000354277
0.000575869
0.000807356
0.000910043
0.000962422
0.000967523
0.000960725
0.00095918
0.000270362
0.000529438
0.00085846
0.0011222
0.00124195
0.00125201
0.00123926
0.00120413
0.00117731
0.00115588
0.000719047
0.00123324
0.00149494
0.00157703
0.0015526
0.00148107
0.00141457
0.00135682
0.00132822
0.00129951
0.00156744
0.00186956
0.00189299
0.00182641
0.00168859
0.0015671
0.00148732
0.00143196
0.00140933
0.00138181
0.00210391
0.00200514
0.00183598
0.00163787
0.00145925
0.00134328
0.00128215
0.00124655
0.00123596
0.00121757
)
;

boundaryField
{
    inlet
    {
        type            zeroGradient;
    }
    outlet
    {
        type            zeroGradient;
    }
    walls
    {
        type            zeroGradient;
    }
    frontAndBack
    {
        type            empty;
    }
}


// ************************************************************************* //
