/*--------------------------------*- C++ -*----------------------------------*\
| =========                 |                                                 |
| \\      /  F ield         | OpenFOAM: The Open Source CFD Toolbox           |
|  \\    /   O peration     | Version:  2.4.0                                 |
|   \\  /    A nd           | Web:      www.OpenFOAM.org                      |
|    \\/     M anipulation  |                                                 |
\*---------------------------------------------------------------------------*/
FoamFile
{
    version     2.0;
    format      ascii;
    class       volScalarField;
    location    "0.062";
    object      k;
}
// * * * * * * * * * * * * * * * * * * * * * * * * * * * * * * * * * * * * * //

dimensions      [0 2 -2 0 0 0 0];

internalField   nonuniform List<scalar> 
4400
(
9.5219
8.51385
6.48935
5.33236
4.61386
4.2591
4.06683
3.84612
3.83485
3.97201
4.39421
6.78779
6.72426
6.32765
5.6713
5.2532
5.01758
4.67842
4.62254
4.81928
1.1495
3.1861
4.19378
4.55354
4.47104
4.27478
4.16608
3.90903
3.81624
3.82676
0.16021
0.956791
1.6846
2.32791
2.66266
2.78982
2.87554
2.83118
2.76183
2.70684
0.0168175
0.164316
0.396782
0.752313
1.07676
1.31035
1.53793
1.64974
1.64986
1.62835
0.00142467
0.0181807
0.0526043
0.12302
0.253941
0.366234
0.530224
0.677177
0.705868
0.706213
0.000134909
0.00164923
0.00450717
0.0112867
0.0318835
0.0508127
0.0901772
0.168297
0.17918
0.185598
3.93935e-05
0.000285215
0.000440891
0.000834204
0.00234435
0.00342361
0.00724121
0.0217225
0.0225
0.0236926
3.31597e-05
0.000154225
0.000193757
0.000213678
0.000298511
0.000315486
0.00055923
0.00160355
0.00146363
0.00171243
3.38071e-05
0.000126253
0.00017755
0.000212718
0.000210202
0.000208864
0.000222206
0.000289314
0.000319137
0.000360853
3.36057e-05
0.000113808
0.000189431
0.000218771
0.000215689
0.000213706
0.000219288
0.000239847
0.000343336
0.000745863
3.38433e-05
0.000123884
0.000236049
0.000259825
0.000292438
0.000400215
0.000555297
0.000957688
0.00263589
0.00810716
3.98852e-05
0.000252644
0.000468461
0.000896953
0.00187277
0.00478648
0.00834759
0.0161493
0.0333705
0.0840794
0.000137308
0.00154384
0.00475138
0.0117474
0.0271948
0.0642819
0.094035
0.161432
0.231723
0.418763
0.00148109
0.0171007
0.058309
0.122537
0.251637
0.407962
0.514781
0.701996
0.833319
1.13138
0.0173753
0.150674
0.430693
0.726254
1.10456
1.34475
1.52899
1.70689
1.82432
2.0585
0.16472
0.938763
1.72883
2.29485
2.69911
2.79587
2.8825
2.88838
2.91354
2.97589
1.17589
3.15706
4.22956
4.5219
4.48399
4.2636
4.15128
3.93493
3.86657
3.74263
4.41145
6.76305
6.74012
6.28362
5.71866
5.17555
4.96292
4.59716
4.44009
4.08245
9.53546
8.49297
6.51094
5.28218
4.6367
4.16474
3.97176
3.63955
3.43681
2.91796
2.55255
1.59301
1.06554
0.616441
0.424342
0.436466
0.530024
0.790758
0.834456
0.72587
0.547286
0.311356
0.256249
0.458496
0.657938
0.639585
0.406505
0.253053
0.191066
0.17256
0.158555
0.152702
0.157119
0.199806
0.215551
0.18403
0.151173
0.186134
0.408149
0.556828
0.516517
0.351889
0.228762
0.174687
0.151579
0.142669
0.140599
0.135294
0.132233
0.134859
0.148046
0.154514
0.146545
0.13299
0.131114
0.137873
0.154808
0.164606
0.161762
0.152256
0.12949
0.114882
0.0936743
0.0791348
0.0585688
0.0470547
0.0346251
0.0276224
0.0204051
0.0155852
0.0114296
0.00856354
0.00627832
0.0047451
0.00366163
0.00296017
0.00253531
0.00223731
0.00211769
0.00200953
0.00203204
0.00201675
0.00209403
0.00212119
0.00231557
0.00237212
0.00268983
0.00271355
0.002959
0.00289569
0.00324256
0.00320677
0.00341301
0.00346065
0.00373732
0.00415718
0.00474235
0.00483277
0.00510947
0.00497884
0.00442174
0.0025813
0.00137359
0.000517135
0.000618901
0.000660113
0.00170808
0.00345487
0.0398685
0.387959
3.7606
2.68023
2.15192
1.67443
1.25818
1.11779
1.09909
1.01992
0.902366
0.62677
0.396073
0.239066
0.158548
0.216558
0.535291
0.604634
0.545334
0.351901
0.232013
0.190417
0.167137
0.164613
0.17697
0.225554
0.222212
0.16631
0.15558
0.238355
0.544633
0.606852
0.516954
0.306176
0.200671
0.164301
0.147658
0.141382
0.139816
0.136647
0.129989
0.13037
0.13885
0.149041
0.146975
0.135432
0.129937
0.132648
0.141985
0.147832
0.147704
0.140938
0.123601
0.113147
0.0916432
0.0777429
0.0564957
0.0451059
0.0336979
0.0265457
0.019615
0.0151689
0.0105917
0.00834547
0.0056972
0.00462773
0.00328748
0.00286436
0.00233685
0.0021736
0.00193582
0.00194252
0.00193071
0.00195131
0.00200354
0.00207848
0.00228282
0.00237636
0.00271784
0.00280501
0.00321511
0.00328817
0.00399668
0.00399367
0.00463019
0.0044206
0.00539743
0.00513822
0.00585416
0.00577182
0.0068572
0.00655538
0.00732106
0.00530731
0.00461537
0.00196292
0.00193064
0.00120046
0.00365562
0.00395835
0.0329266
0.267167
3.29339
2.7219
2.18718
1.95208
1.64947
1.36375
1.24964
1.06549
0.798749
0.494496
0.240705
0.134742
0.0806011
0.100187
0.274547
0.492125
0.516061
0.469381
0.311589
0.224356
0.189344
0.189345
0.221187
0.246048
0.218746
0.152088
0.160697
0.338792
0.652935
0.636081
0.44195
0.265255
0.184939
0.158833
0.146221
0.141079
0.140029
0.137691
0.130543
0.129827
0.133632
0.145163
0.145979
0.138366
0.130698
0.13172
0.137241
0.137658
0.138485
0.133848
0.120857
0.110918
0.0909844
0.075729
0.0542775
0.0441926
0.0301119
0.0256623
0.017087
0.0139878
0.00948115
0.00764847
0.00481278
0.00418059
0.00268837
0.00248663
0.00195966
0.00193531
0.00168704
0.00179125
0.00167535
0.00179595
0.00178222
0.0019679
0.00200421
0.00226468
0.00235907
0.00269019
0.00283426
0.0031112
0.00379529
0.0039724
0.00501997
0.00508279
0.00740065
0.00719031
0.0113857
0.00997132
0.0161767
0.012928
0.0175263
0.0117908
0.0129247
0.00679609
0.00693471
0.00339036
0.0111047
0.0063329
0.0360032
0.176174
2.39537
2.13801
1.7938
1.57505
1.42842
1.18954
1.03786
0.846208
0.548705
0.276133
0.119972
0.0666527
0.0423794
0.0458551
0.0833916
0.242324
0.446547
0.449906
0.40452
0.289877
0.241298
0.243839
0.271166
0.261123
0.186086
0.148112
0.187062
0.484519
0.713093
0.647252
0.402023
0.246655
0.173422
0.1546
0.145873
0.140736
0.140813
0.139591
0.132975
0.130664
0.133192
0.141931
0.145246
0.141434
0.132664
0.132571
0.137529
0.134926
0.136598
0.132328
0.122518
0.111624
0.0908682
0.0732244
0.0514785
0.0419147
0.0280196
0.0237795
0.0156143
0.0129705
0.00784126
0.00651965
0.00385305
0.00330187
0.00198602
0.00179539
0.00124336
0.0013346
0.00109487
0.00132179
0.00114116
0.00137349
0.0012431
0.00155679
0.0015072
0.00191579
0.00191811
0.00234676
0.0024076
0.00288
0.00305255
0.00371495
0.00401931
0.00464962
0.00640357
0.00693545
0.0107075
0.0106986
0.0216934
0.0205407
0.0518118
0.0401185
0.106234
0.047903
0.0887972
0.0298315
0.0340618
0.0150569
0.0325703
0.102661
1.46549
1.36853
1.18618
1.0441
0.937071
0.747037
0.633509
0.467253
0.243162
0.108299
0.0511207
0.0333405
0.0259138
0.0253425
0.0328694
0.0746366
0.27408
0.393584
0.393918
0.356517
0.31153
0.302058
0.292435
0.245558
0.149518
0.14817
0.248713
0.652876
0.758463
0.608703
0.357767
0.22729
0.167531
0.152529
0.146738
0.139485
0.141032
0.141852
0.137813
0.133086
0.134744
0.141492
0.145529
0.143608
0.136665
0.133999
0.139969
0.135329
0.138066
0.132988
0.124154
0.110931
0.0876756
0.0703433
0.0485092
0.0404234
0.0266826
0.0226977
0.0145057
0.0118427
0.0072401
0.00575821
0.003417
0.00286426
0.0017259
0.00147816
0.000927503
0.000936556
0.000767993
0.000918184
0.000807272
0.000983647
0.000859775
0.00109505
0.00104036
0.00139475
0.00132366
0.00171536
0.0016906
0.00227622
0.00230926
0.0030255
0.00315739
0.00423171
0.00451172
0.00625501
0.00690432
0.0090142
0.0130108
0.0168704
0.0388199
0.0397132
0.133616
0.109739
0.364979
0.229163
0.334385
0.12264
0.0793651
0.0954914
0.639096
0.607039
0.541855
0.473424
0.410864
0.300959
0.238642
0.152074
0.0750646
0.0347366
0.0211224
0.0196989
0.0197075
0.018789
0.0188486
0.0294
0.0856366
0.267695
0.346947
0.342553
0.326631
0.313985
0.287539
0.178357
0.135791
0.164089
0.387469
0.773416
0.776085
0.552298
0.339322
0.218774
0.16306
0.150234
0.148524
0.13858
0.138975
0.146724
0.145488
0.138051
0.138713
0.142298
0.146686
0.146174
0.145134
0.137191
0.143549
0.136667
0.139793
0.134102
0.123617
0.109488
0.0857802
0.0690394
0.0459301
0.0384556
0.0244857
0.0206969
0.0133054
0.0104454
0.00664631
0.00509538
0.00310543
0.00252688
0.00151163
0.00127341
0.000790808
0.000725701
0.000568909
0.000662824
0.0005652
0.000701489
0.000634169
0.000803605
0.000778205
0.00103763
0.000997782
0.00130116
0.00131852
0.0017304
0.00179342
0.00237633
0.00248894
0.00332693
0.00365957
0.0050493
0.00580042
0.00761253
0.0127474
0.016982
0.0282909
0.0356385
0.0775983
0.0926182
0.168741
0.194402
0.260175
0.228598
0.248008
0.139309
0.165203
0.154912
0.141949
0.123152
0.104468
0.0796373
0.0619666
0.0365268
0.0185306
0.0112752
0.0114395
0.0157113
0.0181666
0.0185696
0.0165741
0.0177993
0.0308143
0.0983965
0.224217
0.28453
0.287971
0.278707
0.211055
0.12414
0.130383
0.224435
0.590149
0.826301
0.769397
0.484498
0.330931
0.21341
0.159807
0.146685
0.150205
0.138633
0.136348
0.151655
0.154347
0.147329
0.14544
0.144679
0.148718
0.148176
0.150698
0.141704
0.149766
0.139435
0.142668
0.136224
0.124087
0.108251
0.0823182
0.0639707
0.0416861
0.0349947
0.0223636
0.0190152
0.0123231
0.00957519
0.00606885
0.00457513
0.00282002
0.00225864
0.00143707
0.00114664
0.000775372
0.000645255
0.000501343
0.000531768
0.000490043
0.000547028
0.000543698
0.000614802
0.000656158
0.000850062
0.000875702
0.00102338
0.00116351
0.00149275
0.00158914
0.00197475
0.0022558
0.00274131
0.00304773
0.00398859
0.00491979
0.00587385
0.00718894
0.0115009
0.0275738
0.0312718
0.116918
0.105646
0.353847
0.260088
0.354464
0.29538
0.277059
0.197338
0.0216723
0.0203978
0.019716
0.017595
0.0152421
0.0129237
0.00941255
0.00575023
0.00578075
0.00672272
0.00940852
0.0197212
0.0247115
0.0245582
0.0212717
0.0162573
0.0172141
0.0317232
0.0887046
0.186962
0.207371
0.192402
0.114771
0.106101
0.161689
0.387227
0.733121
0.847361
0.704231
0.44832
0.3312
0.212712
0.158861
0.145852
0.151463
0.140322
0.13528
0.152925
0.160678
0.157728
0.153426
0.148248
0.152627
0.151656
0.158985
0.148209
0.15675
0.144429
0.147896
0.138137
0.122603
0.103218
0.0761562
0.0583196
0.0387333
0.0331425
0.0208869
0.0176237
0.0111725
0.00835283
0.00573648
0.00412652
0.00273314
0.0020308
0.00146603
0.00100254
0.000810548
0.000582675
0.000488402
0.000450066
0.000481333
0.000472292
0.000519178
0.000543522
0.00064935
0.000693462
0.000864891
0.000916746
0.00115774
0.0012615
0.00157615
0.00171304
0.0022472
0.00240481
0.00294533
0.00332668
0.00458234
0.00494855
0.00549251
0.00796469
0.00976692
0.0209551
0.0213532
0.0769475
0.0782362
0.201337
0.220435
0.271536
0.334478
0.263698
0.00164868
0.00156804
0.00151513
0.00137611
0.00138993
0.00147897
0.00175664
0.00270106
0.00528784
0.00961359
0.0197749
0.0413461
0.046837
0.0449522
0.0366889
0.0214728
0.0165932
0.0181791
0.0362512
0.100254
0.108012
0.0863198
0.0770125
0.105385
0.292617
0.602559
0.790269
0.825589
0.604617
0.436242
0.357748
0.223246
0.15921
0.146231
0.151539
0.148506
0.136873
0.150992
0.160569
0.164158
0.158224
0.154001
0.15857
0.15781
0.167544
0.152875
0.160793
0.148703
0.150329
0.13857
0.117698
0.0976292
0.0718212
0.0548479
0.0358686
0.0304495
0.0185433
0.0152409
0.010137
0.00744893
0.00552002
0.00382862
0.00277077
0.00193937
0.00148784
0.000942952
0.00080357
0.00055058
0.000580505
0.000477165
0.000622259
0.00051442
0.000677931
0.00059384
0.000876016
0.000749984
0.00110621
0.000993522
0.00143641
0.0013224
0.00192215
0.00180901
0.00256506
0.00246711
0.00333433
0.00339937
0.00490752
0.00494377
0.00555158
0.00705174
0.00857648
0.0159765
0.0147104
0.0472195
0.0372086
0.124418
0.113944
0.184006
0.331786
0.304785
0.000402453
0.000448167
0.000509154
0.000636472
0.00089737
0.00167144
0.00406663
0.010115
0.0194661
0.031732
0.0652259
0.0913614
0.0917643
0.0854102
0.0655584
0.0373188
0.0218331
0.0181288
0.022869
0.0447767
0.0474255
0.0499509
0.0673907
0.183267
0.547999
0.705515
0.803549
0.77868
0.507287
0.439895
0.404856
0.255661
0.166957
0.147498
0.151272
0.15586
0.145359
0.149656
0.159245
0.165474
0.158513
0.1587
0.16381
0.16262
0.175216
0.161126
0.166676
0.153044
0.149487
0.136444
0.113714
0.0926023
0.06713
0.0492369
0.0321553
0.0259856
0.0165494
0.0130003
0.00950799
0.00681931
0.00536096
0.0035977
0.00292945
0.00184062
0.00159772
0.000980879
0.00101951
0.000698934
0.000906167
0.000617184
0.00105379
0.000716809
0.00115517
0.000822588
0.00146038
0.00100033
0.00178958
0.00131556
0.00217782
0.00161626
0.00277951
0.00218121
0.0033687
0.00277089
0.00431583
0.00376357
0.00546138
0.00510602
0.00653362
0.00692174
0.00805332
0.0127878
0.0120552
0.0308433
0.0246946
0.0808581
0.072464
0.126073
0.167908
0.25856
0.00140791
0.00217995
0.0027327
0.00375171
0.00585153
0.0111133
0.0266885
0.0424101
0.0633053
0.102937
0.166346
0.182713
0.175955
0.156542
0.114571
0.071238
0.0400143
0.0256065
0.0245618
0.0261223
0.0314075
0.0468534
0.124234
0.462227
0.694619
0.743221
0.762125
0.687902
0.432105
0.448292
0.478194
0.31562
0.184745
0.150602
0.149446
0.158762
0.15659
0.154669
0.16022
0.166648
0.15986
0.164242
0.17191
0.170998
0.184623
0.176032
0.172826
0.156359
0.147379
0.134029
0.107758
0.0849998
0.0609163
0.0425862
0.02841
0.0215095
0.015528
0.0113422
0.00933088
0.00652755
0.00568041
0.00375606
0.00330275
0.00197606
0.00207526
0.00133012
0.00164131
0.00111255
0.00166269
0.00102501
0.00192331
0.00123001
0.00207489
0.0013784
0.0026482
0.00162754
0.00307444
0.00205822
0.00370052
0.00235326
0.00449667
0.00307019
0.00522195
0.0035791
0.00630257
0.0046573
0.00733992
0.00575075
0.00851782
0.00743869
0.00930331
0.0111785
0.011365
0.0213747
0.0193522
0.0534479
0.0500025
0.094068
0.101567
0.155084
0.0157306
0.0204804
0.0231444
0.0280571
0.037928
0.0648897
0.105993
0.135191
0.193161
0.281209
0.334775
0.334388
0.313241
0.258186
0.193415
0.130201
0.0821272
0.0519176
0.0409385
0.0423606
0.053635
0.101645
0.343429
0.70711
0.751655
0.731234
0.696682
0.544675
0.385047
0.471349
0.573353
0.418884
0.221111
0.158106
0.149093
0.159699
0.164657
0.164424
0.165896
0.171535
0.165071
0.176321
0.182325
0.186581
0.188517
0.189353
0.180064
0.166457
0.146077
0.132721
0.101047
0.0787372
0.0550575
0.0358603
0.0252524
0.0182334
0.0151273
0.0107498
0.00960755
0.00686818
0.00615884
0.00417444
0.00407371
0.00260818
0.00339043
0.00218506
0.00295319
0.00206224
0.00323317
0.00200358
0.00380032
0.00242206
0.00406742
0.00266841
0.00498426
0.00300613
0.00559929
0.00365125
0.00649601
0.00392046
0.00753158
0.00486738
0.00849667
0.00527963
0.00979503
0.00651144
0.0111274
0.00737856
0.012045
0.00891503
0.01362
0.0117869
0.0129679
0.0173192
0.0176764
0.0384688
0.0377773
0.0704248
0.0741062
0.10629
0.112814
0.124739
0.13133
0.14509
0.172824
0.24431
0.302031
0.353
0.471818
0.548661
0.555819
0.542163
0.48973
0.392599
0.301575
0.23021
0.169873
0.114476
0.0973843
0.102417
0.132602
0.256439
0.677163
0.803783
0.758795
0.641111
0.582247
0.408546
0.349745
0.471927
0.679236
0.594291
0.298524
0.175467
0.152311
0.15685
0.168205
0.171961
0.173277
0.177589
0.174914
0.189333
0.190647
0.202726
0.189594
0.222445
0.191546
0.181364
0.141988
0.129351
0.0942502
0.0686511
0.046127
0.0295084
0.0229428
0.0170069
0.0155507
0.0112889
0.0111585
0.00834075
0.00787447
0.00569819
0.00653199
0.0043386
0.00648177
0.00418472
0.00613225
0.00438026
0.00672918
0.00428634
0.00766077
0.00497895
0.00790055
0.00541736
0.00937696
0.00585207
0.0100773
0.0068789
0.0115004
0.00710485
0.0128634
0.00839043
0.0142063
0.00857626
0.0159041
0.0100874
0.0175737
0.0106949
0.0184935
0.0122219
0.0197473
0.0142584
0.0188226
0.018354
0.0194809
0.0313101
0.0319206
0.0530403
0.0555998
0.0768553
0.444887
0.450918
0.454185
0.469326
0.51212
0.587203
0.639756
0.722945
0.808691
0.814085
0.800583
0.753087
0.642166
0.527327
0.442347
0.363347
0.272449
0.212768
0.207709
0.225893
0.303827
0.627
0.841655
0.823198
0.619731
0.500952
0.438812
0.317108
0.31316
0.44889
0.718194
0.830617
0.45475
0.220757
0.162405
0.155074
0.168857
0.177201
0.183621
0.188629
0.189953
0.205773
0.208464
0.236363
0.18584
0.251083
0.194228
0.190437
0.132026
0.122478
0.0820067
0.0537579
0.0398552
0.0267745
0.0234302
0.0176825
0.0183808
0.0142489
0.0162757
0.0117156
0.0127182
0.00983988
0.0120817
0.00858538
0.0132924
0.00866046
0.0124602
0.00938959
0.0131896
0.00911858
0.0149296
0.0100991
0.0149542
0.0107964
0.016989
0.0111125
0.0179818
0.0125623
0.0194544
0.0127678
0.0215379
0.0144308
0.023046
0.0148023
0.0258827
0.0167555
0.0278507
0.0169244
0.0294093
0.0191559
0.0307892
0.0205037
0.0273357
0.0227622
0.0251704
0.0323815
0.032769
0.0429963
0.0442683
0.0559242
1.09165
1.04547
0.97803
0.974734
0.991044
1.01387
1.04051
1.0446
1.03127
0.988461
0.930297
0.835645
0.717149
0.627992
0.562263
0.471701
0.389898
0.370638
0.382637
0.434586
0.632137
0.85503
0.871714
0.671987
0.392692
0.347516
0.312053
0.262956
0.276817
0.399202
0.711784
1.00492
0.75034
0.333908
0.188217
0.159472
0.163058
0.1785
0.189741
0.199883
0.204723
0.217929
0.22374
0.271001
0.184003
0.241183
0.191299
0.187488
0.118282
0.102588
0.0695648
0.0475517
0.0398551
0.0293626
0.0281549
0.0234002
0.0271248
0.0219724
0.028656
0.0203959
0.0255941
0.0204415
0.0248836
0.0193498
0.0281985
0.0191182
0.0271287
0.0207121
0.0270847
0.0204555
0.0305082
0.0208235
0.0300717
0.0224138
0.0324693
0.0217594
0.0334277
0.0239209
0.0343571
0.0235285
0.0373074
0.0255998
0.0384472
0.0258441
0.0428376
0.0285748
0.0452607
0.0292088
0.0481077
0.0325538
0.0496363
0.0335366
0.0433274
0.033603
0.039916
0.0382789
0.0373939
0.0418513
0.0421223
0.0455722
1.89739
1.71447
1.54334
1.45448
1.37474
1.29644
1.23305
1.17973
1.11232
1.04555
0.967208
0.870281
0.786385
0.728159
0.668909
0.593258
0.561984
0.566707
0.597617
0.705063
0.862226
0.885895
0.730748
0.333787
0.221251
0.229653
0.233276
0.229299
0.24426
0.328923
0.634094
1.0493
1.16326
0.602779
0.2771
0.179206
0.162591
0.173399
0.189361
0.20271
0.21056
0.218294
0.224556
0.278637
0.19545
0.18885
0.184307
0.171371
0.10552
0.0924876
0.0795043
0.0510461
0.0539568
0.0452715
0.0485004
0.043043
0.0499721
0.0431727
0.0578134
0.0454657
0.0588643
0.047556
0.0564152
0.0458861
0.0602958
0.045188
0.0610713
0.0466065
0.0570441
0.0455479
0.0617261
0.0436925
0.0597469
0.0456362
0.0587636
0.043125
0.0613164
0.0444193
0.0590898
0.0437442
0.0649307
0.0449688
0.064424
0.0457364
0.0726326
0.0491784
0.0744785
0.0499086
0.0803356
0.0561958
0.0815761
0.055293
0.0701163
0.0542248
0.0628831
0.0543623
0.0516032
0.0479502
0.0458468
0.0465451
2.619
2.21853
1.89838
1.67604
1.50581
1.38182
1.28599
1.20404
1.12654
1.05485
0.96982
0.899539
0.850906
0.812331
0.769762
0.741434
0.742002
0.758831
0.821727
0.877428
0.868633
0.716381
0.327602
0.16572
0.146073
0.164245
0.194245
0.214818
0.229294
0.269174
0.445549
1.00172
1.34602
1.16962
0.558855
0.268267
0.183603
0.167056
0.18317
0.199102
0.206101
0.209589
0.202305
0.249306
0.25221
0.126633
0.122243
0.134618
0.07976
0.0927237
0.0785468
0.0769527
0.0921777
0.0851515
0.0998128
0.0939388
0.1095
0.0986794
0.124177
0.106727
0.138181
0.112912
0.13257
0.110242
0.130669
0.106136
0.13593
0.105409
0.12528
0.101695
0.124153
0.0961597
0.123208
0.0949977
0.115543
0.0905334
0.121786
0.088779
0.115883
0.088465
0.12605
0.0869986
0.12363
0.0898245
0.137076
0.0922047
0.137592
0.0948453
0.1488
0.104404
0.147846
0.100198
0.128061
0.0988855
0.115095
0.0939481
0.0886961
0.0723232
0.068037
0.0620746
3.02782
2.35833
1.94865
1.6785
1.48675
1.34823
1.23573
1.1437
1.05769
0.978812
0.917777
0.883082
0.860554
0.846912
0.838959
0.841647
0.852619
0.854246
0.841524
0.773996
0.544249
0.267473
0.133094
0.108861
0.120758
0.159343
0.200369
0.229931
0.237648
0.244399
0.316398
0.722086
1.35328
1.5804
1.34443
0.691364
0.363002
0.215641
0.171735
0.171169
0.181112
0.179634
0.153213
0.166865
0.234589
0.118346
0.0977692
0.121306
0.0974993
0.0997946
0.119636
0.12812
0.182223
0.192681
0.230384
0.243699
0.261479
0.270525
0.28861
0.271598
0.305498
0.267535
0.306191
0.269434
0.297629
0.256205
0.303042
0.247077
0.295145
0.245593
0.280473
0.22876
0.284202
0.224429
0.269567
0.216553
0.275363
0.211148
0.271071
0.211051
0.278055
0.205436
0.279686
0.209161
0.294116
0.20739
0.297328
0.214161
0.317813
0.223868
0.314581
0.219694
0.291869
0.226725
0.271382
0.217826
0.212633
0.184055
0.187109
0.187134
2.90287
2.14788
1.73977
1.48634
1.30957
1.16307
1.02915
0.910623
0.814126
0.7538
0.725105
0.722801
0.735234
0.749388
0.759598
0.76383
0.747649
0.684492
0.536807
0.348318
0.19728
0.118569
0.0988916
0.103065
0.124341
0.174191
0.233704
0.292184
0.447704
0.618947
0.600165
0.622993
1.00428
1.62903
1.87844
2.03302
1.58626
1.05034
0.59246
0.343942
0.230588
0.190894
0.153196
0.143412
0.186786
0.185569
0.148553
0.256088
0.229182
0.375739
0.336174
0.510368
0.438794
0.606453
0.500826
0.668644
0.529351
0.721498
0.550425
0.761731
0.580642
0.766402
0.609638
0.764859
0.619464
0.772846
0.637785
0.74853
0.657779
0.745532
0.655125
0.740822
0.685239
0.711299
0.685003
0.720545
0.704587
0.681855
0.712072
0.698007
0.72498
0.663348
0.747926
0.67786
0.771095
0.651054
0.795645
0.670298
0.843562
0.678475
0.85882
0.695145
0.89923
0.791579
0.940609
0.869478
0.931288
0.996525
1.15158
1.29942
1.73967
1.31533
1.08322
0.897833
0.715898
0.537306
0.382614
0.274334
0.217935
0.204126
0.212312
0.233944
0.256508
0.274962
0.288515
0.29641
0.28974
0.268837
0.249534
0.242864
0.254924
0.283301
0.284218
0.269207
0.287789
0.399117
0.704471
1.38816
1.97819
2.13745
2.10304
1.86128
1.25025
0.837034
1.23899
2.45327
3.52169
4.02146
3.97756
3.28282
2.26711
1.23063
0.624708
0.376539
0.339269
0.197605
0.17798
0.382579
0.339796
0.689084
0.50287
0.909754
0.594882
1.00688
0.610498
1.04473
0.593987
1.0773
0.581476
1.13593
0.590169
1.21727
0.620392
1.28486
0.655978
1.35835
0.695496
1.4532
0.753375
1.52937
0.805261
1.63316
0.865869
1.7336
0.944188
1.83461
1.00986
1.95089
1.11189
2.05591
1.19516
2.17337
1.33614
2.25973
1.4474
2.3184
1.63756
2.3861
1.82329
2.40212
2.06405
2.55986
2.52299
2.98108
3.01451
3.51123
3.76375
4.78909
5.01924
5.99299
0.0335759
0.0468796
0.0677757
0.0991168
0.187806
0.421872
0.934702
1.67582
1.70594
0.742831
0.205149
0.275764
0.373733
0.520792
0.918369
1.42528
1.51813
1.22769
0.742625
1.24191
2.95562
5.039
6.60289
7.07866
5.94625
3.5139
1.9317
1.03664
0.597827
0.414559
0.388493
0.514949
0.818299
1.34088
1.95934
2.42731
2.47457
2.33308
1.94366
1.41784
0.936103
0.569069
0.340908
0.224226
0.174469
0.15637
0.154004
0.158607
0.167284
0.178965
0.19154
0.207409
0.222836
0.242059
0.259892
0.27852
0.29614
0.31045
0.324959
0.334609
0.344101
0.350823
0.354951
0.359271
0.360039
0.360627
0.360243
0.356595
0.355052
0.348038
0.344123
0.335179
0.327055
0.316607
0.303591
0.290695
0.273404
0.25628
0.234898
0.213059
0.187517
0.161645
0.133344
0.106063
0.0791967
0.0561442
0.0418574
0.0398184
0.0457237
0.0571387
0.0670398
0.073053
0.0773361
0.097007
0.180497
0.372389
0.477222
0.391555
0.20353
0.123837
0.0492198
0.0595864
0.0860482
0.114053
0.176688
0.283191
0.303743
0.442908
0.949255
1.23772
1.11558
0.685707
0.528908
0.427494
0.427382
0.448725
0.549128
1.30181
2.34179
2.68276
2.9193
3.03161
2.48405
1.6014
0.933644
0.697858
0.665161
0.655506
0.633691
0.58509
0.570948
0.555383
0.543133
0.555787
0.590869
0.650336
0.736889
0.81062
0.802785
0.753071
0.650575
0.505869
0.41629
0.37427
0.355157
0.344821
0.340796
0.340228
0.341233
0.345156
0.348883
0.358136
0.364585
0.37388
0.38069
0.386516
0.392772
0.395577
0.400062
0.402084
0.403621
0.406013
0.405862
0.407072
0.406996
0.406088
0.406763
0.403673
0.404112
0.400965
0.399639
0.397231
0.392845
0.39103
0.384982
0.381655
0.374898
0.36936
0.360663
0.352888
0.341015
0.330419
0.314108
0.299005
0.275666
0.251912
0.219065
0.184431
0.140449
0.0977022
0.0711257
0.0652004
0.0766537
0.118979
0.181255
0.217621
0.155085
0.108191
0.135202
0.163023
0.0527955
0.0627118
0.101846
0.221901
0.267728
0.316191
0.290168
0.280418
0.358044
0.767163
0.941062
0.811332
0.505242
0.344375
0.333023
0.396473
1.00509
2.00369
2.18712
1.85941
1.40059
1.0158
0.726582
0.575439
0.529277
0.567617
0.608936
0.611302
0.567251
0.533083
0.517935
0.494963
0.484266
0.476459
0.475014
0.479063
0.487794
0.483297
0.432121
0.357665
0.314921
0.309558
0.314359
0.309405
0.296141
0.27549
0.253782
0.235536
0.221155
0.213428
0.212957
0.217676
0.229593
0.241232
0.253414
0.264356
0.270977
0.277843
0.280397
0.284776
0.285863
0.28788
0.289262
0.289553
0.291556
0.290995
0.29317
0.29274
0.294542
0.294873
0.295947
0.297112
0.298275
0.299513
0.301647
0.302548
0.305804
0.306563
0.310152
0.310288
0.312984
0.31188
0.312122
0.309145
0.308038
0.303593
0.297291
0.284252
0.264055
0.227917
0.176563
0.116782
0.0833501
0.082237
0.102181
0.0982194
0.0781337
0.0792855
0.116522
0.145063
0.0538957
0.070318
0.125689
0.263006
0.38584
0.329341
0.360826
0.292643
0.321584
0.3932
0.563043
0.537929
0.373884
0.306122
0.355607
0.666792
1.47084
1.86812
1.38772
0.857046
0.641445
0.539567
0.473614
0.434674
0.429776
0.496727
0.513744
0.491891
0.451803
0.416641
0.396637
0.377553
0.36226
0.360364
0.365127
0.384001
0.429753
0.455827
0.45165
0.393566
0.289717
0.217517
0.186147
0.17111
0.152179
0.128602
0.103436
0.0828839
0.0688652
0.0612498
0.0598163
0.0600852
0.0653508
0.0721989
0.0810233
0.0948811
0.102157
0.117506
0.122301
0.131952
0.134777
0.139065
0.141933
0.143152
0.146266
0.147209
0.149
0.150687
0.151478
0.154254
0.154919
0.158605
0.159216
0.164086
0.165009
0.17156
0.172984
0.181769
0.184518
0.1965
0.201867
0.21814
0.226785
0.248145
0.257834
0.275015
0.281522
0.288533
0.289699
0.289277
0.27766
0.246742
0.163513
0.0956754
0.0810555
0.0737162
0.0670303
0.0777515
0.0968151
0.131099
0.0568578
0.0885569
0.181703
0.309687
0.409893
0.349526
0.407872
0.292286
0.376561
0.346652
0.378166
0.361831
0.293005
0.295081
0.444208
0.943281
1.45368
1.34391
0.733586
0.506034
0.444502
0.431323
0.400373
0.3708
0.38644
0.461222
0.462651
0.438742
0.377053
0.347241
0.335359
0.322847
0.307947
0.295595
0.294006
0.296979
0.310063
0.369581
0.433543
0.436496
0.372915
0.246468
0.173348
0.126018
0.0936876
0.0695259
0.049828
0.0367114
0.0298604
0.0270689
0.0257891
0.0239443
0.0223273
0.0208947
0.0205426
0.0209226
0.0224366
0.0263964
0.0286978
0.0320449
0.0348725
0.0361271
0.0387122
0.0393742
0.0407833
0.0415764
0.0421586
0.0433569
0.0445966
0.0449965
0.0476644
0.0477964
0.0513083
0.051513
0.0556907
0.0566227
0.0620625
0.0638107
0.0712444
0.0745316
0.0851365
0.0907711
0.106363
0.11645
0.139818
0.157964
0.196601
0.224138
0.25776
0.271786
0.29032
0.292321
0.287701
0.175849
0.0931956
0.0762943
0.0710471
0.0843703
0.0939128
0.137879
0.0624083
0.11732
0.253262
0.377587
0.409676
0.354549
0.361872
0.295568
0.399484
0.360905
0.338829
0.31557
0.268206
0.302031
0.580686
1.02275
1.28761
0.764937
0.458327
0.384297
0.385855
0.387167
0.359129
0.323569
0.370604
0.425309
0.389237
0.361306
0.300478
0.266677
0.260294
0.252567
0.251482
0.251211
0.252315
0.255571
0.262088
0.278734
0.352772
0.424246
0.425314
0.354058
0.21051
0.134239
0.0907742
0.0632374
0.0465357
0.0372574
0.0327893
0.0298159
0.0269065
0.0241245
0.020563
0.0172998
0.0139772
0.011481
0.00909459
0.00763598
0.00657201
0.00603525
0.00592479
0.0057097
0.00579084
0.00577283
0.00584014
0.00596025
0.00595545
0.00635456
0.00636382
0.0070312
0.00715505
0.00786678
0.00821068
0.00904325
0.00963005
0.0110266
0.0118365
0.0139443
0.0153192
0.0185823
0.0209365
0.026464
0.0305481
0.0401616
0.047596
0.0645053
0.0792435
0.108801
0.14293
0.192978
0.243138
0.278445
0.301898
0.294632
0.168385
0.094268
0.0869182
0.102906
0.108164
0.169702
0.0704285
0.151675
0.31394
0.395293
0.400487
0.335947
0.330815
0.325665
0.356574
0.383078
0.353509
0.311513
0.251142
0.319053
0.670266
0.997587
0.929096
0.478953
0.336101
0.310899
0.330769
0.330419
0.310341
0.272258
0.362104
0.380056
0.363829
0.325549
0.276024
0.235526
0.221446
0.21525
0.19883
0.195318
0.19767
0.206453
0.220007
0.233776
0.26342
0.366942
0.421644
0.413406
0.317669
0.174243
0.10433
0.0694268
0.053141
0.0457698
0.0420495
0.0395556
0.0368
0.0335158
0.0282326
0.0228709
0.0172253
0.012815
0.00915125
0.006662
0.00474687
0.00336521
0.00243885
0.0016689
0.00127868
0.000897818
0.000747188
0.000588007
0.00053851
0.000527442
0.000537804
0.00055897
0.00060791
0.000696454
0.000759384
0.000917896
0.00103388
0.0012573
0.00144462
0.00187816
0.00223219
0.00282265
0.00389664
0.00483435
0.00680697
0.00890703
0.0133222
0.0178457
0.0273171
0.0374784
0.0589922
0.0839124
0.130021
0.194613
0.267378
0.303174
0.277373
0.174838
0.127724
0.127366
0.129922
0.203945
0.0822464
0.190555
0.348143
0.392136
0.385535
0.348269
0.343898
0.347629
0.333488
0.393692
0.34722
0.277554
0.227009
0.338134
0.714793
0.898405
0.632886
0.337722
0.265317
0.266705
0.272352
0.265661
0.25176
0.241533
0.366651
0.364875
0.353643
0.302791
0.258905
0.211685
0.196018
0.186113
0.173274
0.158327
0.157323
0.159396
0.167609
0.190824
0.215119
0.274553
0.389275
0.416707
0.394157
0.272281
0.14699
0.0921434
0.0696505
0.0572988
0.0513422
0.0478926
0.0450312
0.0413586
0.0356523
0.0291263
0.0226839
0.0167729
0.0119987
0.00844643
0.0056785
0.00384343
0.0024988
0.00160809
0.00101695
0.000624231
0.000376816
0.000229613
0.000134379
9.05148e-05
6.04397e-05
5.99739e-05
7.08223e-05
7.41253e-05
9.41133e-05
0.000104132
0.000121912
0.000141558
0.000190514
0.000227107
0.000304267
0.000384933
0.000580818
0.000760988
0.00112768
0.0017839
0.00263536
0.00434428
0.00670759
0.0116046
0.0184319
0.03257
0.0517167
0.0907141
0.153538
0.264913
0.280534
0.252911
0.196301
0.159856
0.148667
0.21462
0.0974768
0.225105
0.360389
0.397465
0.404119
0.410894
0.415089
0.400234
0.356429
0.376953
0.330578
0.25424
0.219101
0.364065
0.723378
0.723622
0.435276
0.265022
0.222978
0.23273
0.231656
0.22959
0.205534
0.227462
0.369807
0.362205
0.334391
0.259354
0.221738
0.173191
0.163799
0.152802
0.145793
0.139114
0.136074
0.134279
0.136045
0.14732
0.171045
0.206445
0.310297
0.398926
0.405897
0.365471
0.227385
0.132856
0.0901026
0.0691489
0.0607309
0.0566276
0.054249
0.0503802
0.0434897
0.0357472
0.027715
0.0203533
0.0148128
0.0102328
0.00705503
0.00472544
0.00308884
0.00197469
0.00123602
0.000743834
0.000441064
0.000260542
0.000145457
0.000104549
7.1607e-05
5.99319e-05
4.34751e-05
3.6394e-05
3.21389e-05
3.28617e-05
3.49372e-05
4.42969e-05
4.72403e-05
6.0278e-05
6.95332e-05
9.89137e-05
0.000115384
0.000159989
0.000212738
0.000349004
0.000510487
0.000858632
0.00149651
0.00281078
0.00521879
0.00963737
0.0187213
0.0347417
0.0672272
0.144043
0.246296
0.24855
0.22272
0.182317
0.158186
0.216422
0.114031
0.241156
0.370148
0.412101
0.429422
0.463823
0.497676
0.512569
0.44606
0.417006
0.402047
0.272444
0.236572
0.401769
0.701191
0.574539
0.316216
0.217204
0.20447
0.211523
0.207347
0.215015
0.194676
0.265751
0.35379
0.34594
0.280951
0.212574
0.179472
0.159734
0.149122
0.143503
0.138578
0.135011
0.131743
0.125496
0.121646
0.12401
0.138054
0.165486
0.220067
0.351438
0.398838
0.39054
0.317954
0.187231
0.1197
0.0854083
0.073264
0.0674876
0.0657405
0.0607192
0.0527586
0.0432433
0.0331968
0.0247581
0.0175746
0.01224
0.00835822
0.00556047
0.00366848
0.00234409
0.00148853
0.000896076
0.000562553
0.000327125
0.000212448
0.000124964
7.4865e-05
4.5257e-05
2.98406e-05
1.9526e-05
1.876e-05
1.99373e-05
2.60334e-05
2.50709e-05
2.95301e-05
3.53055e-05
5.88189e-05
6.08379e-05
8.41908e-05
9.32295e-05
0.00013934
0.000148254
0.000191715
0.000249204
0.000392459
0.000681606
0.00129657
0.00262088
0.00558096
0.0120973
0.0256389
0.0581598
0.13642
0.214417
0.210155
0.189681
0.160699
0.216029
0.128606
0.242738
0.37433
0.426013
0.46847
0.537562
0.567907
0.596085
0.613338
0.5701
0.516776
0.382761
0.298085
0.427996
0.656069
0.448591
0.254454
0.18244
0.190651
0.199622
0.197393
0.194761
0.200396
0.288561
0.343357
0.308728
0.23075
0.194657
0.166235
0.154664
0.141492
0.140997
0.138342
0.143105
0.14235
0.135878
0.119694
0.115795
0.119167
0.133964
0.17019
0.272542
0.373832
0.386349
0.362447
0.260566
0.16152
0.108649
0.0913733
0.0831067
0.0809406
0.073486
0.0638095
0.0506809
0.0396575
0.0289232
0.0207146
0.0144303
0.0096761
0.00653649
0.0042061
0.0027473
0.00170149
0.00106928
0.000637029
0.000378599
0.000217841
0.000122533
6.95159e-05
3.90274e-05
2.25799e-05
1.90731e-05
1.47649e-05
1.27717e-05
1.08298e-05
1.11106e-05
1.22977e-05
2.00422e-05
2.14449e-05
3.07351e-05
3.69711e-05
6.86971e-05
7.4643e-05
0.00010987
0.000122665
0.000196473
0.000220179
0.000301197
0.000435637
0.000787357
0.00166098
0.00386347
0.00902768
0.0213155
0.0523235
0.122025
0.165473
0.165741
0.159402
0.198837
0.136638
0.23781
0.37123
0.434569
0.506676
0.600794
0.657901
0.683464
0.693884
0.701748
0.66481
0.580472
0.397958
0.436722
0.618072
0.407485
0.237238
0.173295
0.182059
0.182073
0.18501
0.180145
0.197321
0.307835
0.337969
0.265104
0.213867
0.18339
0.159963
0.146023
0.138734
0.142506
0.154995
0.183561
0.186089
0.179139
0.155545
0.126919
0.120978
0.124062
0.139823
0.189489
0.320772
0.373893
0.369489
0.321248
0.216086
0.144604
0.118113
0.10494
0.0998133
0.0886086
0.0748391
0.059414
0.0456285
0.0332293
0.0241008
0.0164206
0.0113492
0.00740728
0.00488308
0.00309165
0.00194554
0.00119085
0.000714853
0.000420982
0.000241975
0.000136123
7.65375e-05
4.23886e-05
2.3298e-05
1.39283e-05
8.18633e-06
7.03203e-06
4.89827e-06
4.19764e-06
3.97128e-06
4.33502e-06
4.74479e-06
5.46345e-06
9.80891e-06
1.23698e-05
1.93355e-05
2.75639e-05
6.68953e-05
8.18442e-05
0.000135116
0.000154809
0.000231881
0.000339688
0.000630443
0.0012956
0.00299996
0.00755002
0.0191525
0.0495791
0.102846
0.120861
0.153208
0.202917
0.154868
0.226683
0.36024
0.428102
0.498133
0.590282
0.664932
0.699711
0.724671
0.751209
0.764217
0.752131
0.508575
0.479935
0.515057
0.36781
0.219959
0.175438
0.182362
0.173087
0.16886
0.181417
0.199968
0.309441
0.290893
0.218784
0.204129
0.170702
0.148931
0.137203
0.139544
0.158765
0.201826
0.234563
0.243445
0.237574
0.220592
0.175159
0.135412
0.126968
0.130606
0.151344
0.238718
0.345598
0.361802
0.342765
0.273599
0.186515
0.150669
0.129545
0.11999
0.102541
0.0862937
0.0669265
0.0512399
0.037782
0.0267452
0.0189159
0.012692
0.00847938
0.00550116
0.00348751
0.00219126
0.0013338
0.000806824
0.000471532
0.000278205
0.000155595
9.45364e-05
5.25109e-05
3.56112e-05
2.05538e-05
1.56692e-05
9.47388e-06
8.36618e-06
6.16283e-06
7.01e-06
6.12942e-06
6.24041e-06
6.15741e-06
6.33136e-06
7.02443e-06
7.48128e-06
1.48385e-05
1.87162e-05
3.9123e-05
4.92906e-05
0.000114651
0.000138688
0.00026623
0.000327285
0.000509078
0.00103013
0.00260848
0.00689236
0.0183045
0.0482775
0.0838348
0.121361
0.234379
0.160332
0.204872
0.335292
0.408777
0.454922
0.468814
0.526277
0.591587
0.668196
0.746812
0.785302
0.822347
0.674451
0.555904
0.443233
0.299084
0.186499
0.172837
0.182681
0.172853
0.165495
0.184649
0.198328
0.260048
0.229076
0.200018
0.19281
0.161031
0.137564
0.135591
0.15321
0.211613
0.259842
0.275199
0.271547
0.262557
0.246062
0.228064
0.178626
0.138796
0.132421
0.138153
0.174326
0.285968
0.340935
0.336974
0.306849
0.228167
0.183398
0.15495
0.13731
0.114403
0.0947863
0.0725004
0.0567916
0.0405611
0.0301598
0.0207476
0.0143183
0.00951083
0.00616898
0.00394052
0.00245591
0.00150941
0.000907309
0.000545349
0.000318888
0.000191417
0.000111315
6.71102e-05
3.9229e-05
2.645e-05
1.61973e-05
1.37193e-05
1.03156e-05
1.10493e-05
1.04652e-05
1.23136e-05
1.15369e-05
1.42413e-05
1.29909e-05
1.486e-05
1.30208e-05
1.42128e-05
1.47995e-05
1.6082e-05
2.73206e-05
4.03955e-05
0.000110546
0.000131022
0.000228731
0.000288747
0.000516148
0.00106878
0.00272642
0.00728404
0.0200991
0.0471496
0.108093
0.261923
0.162639
0.181689
0.307545
0.374859
0.386382
0.360798
0.38895
0.489924
0.61058
0.640987
0.740714
0.847731
0.820265
0.655927
0.447897
0.289251
0.178264
0.166626
0.177288
0.169623
0.163238
0.1689
0.181202
0.206587
0.200242
0.192417
0.18375
0.147591
0.13461
0.143421
0.196959
0.278802
0.298295
0.296134
0.280318
0.265838
0.247745
0.233055
0.215
0.166662
0.138088
0.136286
0.148847
0.215068
0.303116
0.322445
0.308429
0.26144
0.211409
0.174836
0.152226
0.120705
0.0999612
0.0755257
0.0592173
0.0438577
0.0327045
0.0227691
0.0162049
0.0106039
0.00712883
0.00446127
0.00285574
0.00172351
0.00108454
0.000641426
0.000401874
0.000239556
0.000150215
9.08324e-05
6.27491e-05
4.20392e-05
3.08617e-05
2.24315e-05
1.90444e-05
1.41639e-05
1.35029e-05
1.20339e-05
1.37016e-05
1.34926e-05
1.7079e-05
1.65539e-05
2.20681e-05
1.94766e-05
2.23629e-05
2.03567e-05
2.24004e-05
2.83207e-05
3.68882e-05
6.3476e-05
9.30462e-05
0.00024731
0.000317128
0.000515043
0.00106846
0.00291704
0.00904307
0.0256461
0.0713236
0.267009
0.171097
0.167776
0.263287
0.335152
0.326859
0.30926
0.329626
0.434674
0.597892
0.636521
0.595128
0.804507
0.853112
0.769974
0.488678
0.30863
0.189424
0.169146
0.172057
0.163227
0.161088
0.161869
0.166857
0.174409
0.188374
0.188944
0.178763
0.142452
0.137958
0.167605
0.272273
0.319852
0.318878
0.305279
0.272961
0.246358
0.238804
0.227472
0.216297
0.193786
0.150606
0.137329
0.139776
0.166915
0.25089
0.297541
0.297
0.273533
0.229641
0.187786
0.160985
0.122562
0.103562
0.0754498
0.0632589
0.0452497
0.0362194
0.0252616
0.0188362
0.0123081
0.00870824
0.0052954
0.00363985
0.00214649
0.00143454
0.000823021
0.000586022
0.000322632
0.00025392
0.000148251
0.00012368
7.84103e-05
6.93324e-05
5.01981e-05
4.41424e-05
3.41807e-05
2.8806e-05
2.5357e-05
1.95446e-05
1.91325e-05
1.7148e-05
2.03279e-05
1.92445e-05
2.84128e-05
2.61576e-05
4.01618e-05
3.41811e-05
3.8614e-05
3.9465e-05
4.40316e-05
8.73181e-05
0.000135957
0.000304243
0.000368173
0.000600972
0.00124416
0.00376865
0.0158326
0.063624
0.286725
0.174573
0.155684
0.215406
0.286485
0.277493
0.265187
0.275034
0.351144
0.540944
0.659216
0.583179
0.616762
0.844419
0.798039
0.583319
0.363326
0.223252
0.184203
0.175618
0.161434
0.160236
0.156763
0.1575
0.161335
0.184732
0.18877
0.171275
0.140423
0.14771
0.220052
0.336824
0.351048
0.34048
0.298241
0.249444
0.207211
0.199209
0.203398
0.204456
0.196892
0.170149
0.140985
0.137907
0.147985
0.196797
0.261159
0.271668
0.263969
0.236269
0.194229
0.16305
0.122842
0.102369
0.0755153
0.0639635
0.0454215
0.0381424
0.0262988
0.0212174
0.0139441
0.0108513
0.00660721
0.00525858
0.00301005
0.00242776
0.00138293
0.00112875
0.000664026
0.000606516
0.000431638
0.000427343
0.00035652
0.000330258
0.000274162
0.000249009
0.000208667
0.000165181
0.000147808
0.000113133
9.27376e-05
6.87076e-05
5.39497e-05
4.00106e-05
3.43875e-05
3.11239e-05
3.21452e-05
4.09522e-05
3.92394e-05
6.06445e-05
5.72145e-05
6.45606e-05
9.09239e-05
0.000159829
0.000333411
0.000443194
0.000911932
0.0020741
0.00782812
0.0458966
0.330832
0.167022
0.149279
0.171395
0.24242
0.241159
0.222319
0.225061
0.319601
0.50507
0.645929
0.612782
0.494534
0.690838
0.754356
0.653604
0.404899
0.239771
0.193105
0.179532
0.163339
0.160611
0.1514
0.149514
0.156742
0.187602
0.192409
0.164485
0.143722
0.168382
0.303735
0.387313
0.389106
0.349829
0.262023
0.211518
0.174981
0.161996
0.164982
0.179147
0.186122
0.178459
0.15075
0.136416
0.138527
0.158156
0.217835
0.241143
0.241132
0.228676
0.196327
0.158479
0.12226
0.0965679
0.0770194
0.0608575
0.0464083
0.0370903
0.0267461
0.0212683
0.0146418
0.0113941
0.00741602
0.00582442
0.00360926
0.00297774
0.00191695
0.00166346
0.0012745
0.00126343
0.00113144
0.00122168
0.00116083
0.00124259
0.00121038
0.00137658
0.0012646
0.00138217
0.00123441
0.0012388
0.000939372
0.000850306
0.000606297
0.000523297
0.000326641
0.000212155
0.000135438
8.6676e-05
6.03822e-05
6.19772e-05
7.3582e-05
6.86533e-05
8.87278e-05
0.000155766
0.000208543
0.000319916
0.000518215
0.00163577
0.00654513
0.034911
0.349316
0.173522
0.160988
0.165892
0.18525
0.177869
0.156082
0.167762
0.326878
0.560371
0.646072
0.62514
0.442237
0.538253
0.717473
0.672771
0.454981
0.257248
0.19963
0.178607
0.164523
0.159631
0.148118
0.146692
0.161666
0.197825
0.19529
0.155791
0.151422
0.209961
0.393101
0.444274
0.416638
0.31675
0.220501
0.177777
0.157638
0.146121
0.146003
0.150071
0.166126
0.171649
0.16066
0.137593
0.134928
0.141544
0.178214
0.208577
0.213674
0.206888
0.188644
0.146167
0.11857
0.0935734
0.0776164
0.0601856
0.0476124
0.0377061
0.027983
0.0227998
0.0155786
0.0126213
0.0081999
0.00673126
0.00416567
0.00355422
0.00228513
0.0020815
0.00159072
0.00155221
0.00135157
0.00141457
0.00131724
0.00138855
0.00135437
0.00146274
0.00145806
0.00159697
0.00171233
0.00213791
0.00233159
0.00267874
0.00302038
0.00300606
0.00289484
0.00253331
0.00183014
0.00101548
0.000509753
0.000264418
0.000157449
0.00011734
9.82566e-05
0.000132239
0.000260712
0.000321443
0.00055621
0.00106716
0.00390007
0.0319101
0.386996
0.501328
0.370224
0.262838
0.216876
0.177401
0.170448
0.201058
0.420904
0.707417
0.697286
0.614886
0.373515
0.394818
0.668164
0.678119
0.540541
0.293621
0.213217
0.179643
0.166299
0.157859
0.147361
0.147949
0.177503
0.205917
0.194552
0.152029
0.160262
0.290513
0.484
0.493728
0.422032
0.272943
0.193775
0.160762
0.147618
0.142065
0.137521
0.137959
0.145457
0.16044
0.158339
0.141043
0.132452
0.134003
0.151359
0.178297
0.187096
0.181594
0.168522
0.136196
0.115852
0.094325
0.0781389
0.0617514
0.0473148
0.0381169
0.028735
0.0227116
0.0164932
0.0128095
0.00903024
0.00712174
0.00495009
0.00416191
0.00303958
0.00275423
0.00228024
0.00221975
0.00202196
0.00209954
0.00197924
0.00210232
0.0020281
0.00217334
0.00213128
0.00232934
0.00227148
0.00231507
0.00242193
0.00256931
0.00291211
0.00318963
0.00335389
0.00398224
0.00421921
0.0044957
0.00387987
0.00311481
0.00140015
0.000699442
0.000297823
0.000205781
0.000236288
0.000386721
0.000555135
0.00222282
0.00403973
0.0311885
0.427891
9.76995
2.17179
2.58175
1.40548
1.97633
2.20465
2.37337
2.55558
2.61616
2.72426
6.00983
3.66132
3.42486
2.7814
2.74322
2.89204
3.01132
3.19362
3.26128
3.39742
2.95825
4.65261
3.5803
3.34908
2.94771
2.89374
2.86254
2.90734
2.9356
3.01386
0.950745
4.3733
3.43865
3.39519
3.04373
2.81456
2.65879
2.59495
2.55474
2.55514
0.296196
3.10275
2.64957
2.82751
2.67982
2.492
2.34681
2.23301
2.1704
2.10407
0.191557
1.71625
1.56593
1.82027
1.85313
1.83476
1.79948
1.7278
1.69369
1.62335
0.220279
0.892885
0.820006
0.927385
1.00303
1.03431
1.0754
1.08425
1.089
1.07937
0.292967
0.519997
0.491818
0.501286
0.508932
0.509785
0.517492
0.529158
0.539652
0.5538
0.476263
0.464258
0.432786
0.394757
0.368895
0.341287
0.32553
0.305864
0.298399
0.284028
0.576774
0.520512
0.48065
0.420163
0.378892
0.335559
0.31144
0.276734
0.262303
0.230226
0.438121
0.478723
0.454062
0.398458
0.351021
0.306058
0.280121
0.247335
0.233167
0.202798
0.159859
0.313163
0.296867
0.259677
0.221669
0.194361
0.17489
0.162683
0.155209
0.150947
0.0870122
0.143821
0.138198
0.123222
0.112954
0.113896
0.116786
0.127928
0.138752
0.175691
0.0600143
0.0769333
0.0755743
0.0790514
0.0940915
0.136325
0.182953
0.284727
0.341826
0.48189
0.0521392
0.0549043
0.0686343
0.1294
0.286723
0.518657
0.717518
0.936275
1.04822
1.22196
0.0524142
0.0917838
0.260438
0.684579
1.30158
1.68735
1.94675
2.07566
2.1504
2.1672
0.152595
0.61142
1.60615
2.66279
3.26243
3.39296
3.38353
3.28616
3.21877
3.05808
1.12282
3.35192
4.83485
5.3785
5.2718
4.89843
4.58059
4.20814
4.06332
3.76896
5.4134
7.64284
7.81032
7.31726
6.41418
5.6238
5.1656
4.69321
4.52088
4.17602
9.5538
8.74449
7.35758
5.9824
4.91254
4.23365
3.90125
3.56711
3.44962
3.19931
)
;

boundaryField
{
    inlet
    {
        type            fixedValue;
        value           uniform 2e-05;
    }
    outlet
    {
        type            inletOutlet;
        inletValue      uniform 0;
        value           nonuniform List<scalar> 
20
(
2.72426
3.39742
3.01386
2.55514
2.10407
1.62335
1.07937
0.5538
0.284028
0.230226
0.202798
0.150947
0.175691
0.48189
1.22196
2.1672
3.05808
3.76896
4.17602
3.19931
)
;
    }
    walls
    {
        type            fixedValue;
        value           uniform 0;
    }
    frontAndBack
    {
        type            empty;
    }
}


// ************************************************************************* //
