/*--------------------------------*- C++ -*----------------------------------*\
| =========                 |                                                 |
| \\      /  F ield         | OpenFOAM: The Open Source CFD Toolbox           |
|  \\    /   O peration     | Version:  2.4.0                                 |
|   \\  /    A nd           | Web:      www.OpenFOAM.org                      |
|    \\/     M anipulation  |                                                 |
\*---------------------------------------------------------------------------*/
FoamFile
{
    version     2.0;
    format      ascii;
    class       volVectorField;
    location    "0.124";
    object      U;
}
// * * * * * * * * * * * * * * * * * * * * * * * * * * * * * * * * * * * * * //

dimensions      [0 1 -1 0 0 0 0];

internalField   nonuniform List<vector> 
4400
(
(5.40501 0.31675 0)
(3.31451 0.0607068 0)
(2.58523 0.00150323 0)
(2.22937 -0.00218838 0)
(2.08686 -0.00146556 0)
(1.98853 -0.000483823 0)
(1.95499 -0.00054269 0)
(1.88568 0.00123309 0)
(1.89483 0.00179018 0)
(1.61447 -0.0673172 0)
(8.69024 0.857315 0)
(7.53455 0.344546 0)
(6.63746 0.116764 0)
(5.89869 0.0544638 0)
(5.5365 0.027162 0)
(5.25206 0.016231 0)
(5.15398 0.0109413 0)
(4.96305 0.00916683 0)
(5.02618 0.0247563 0)
(4.52269 -0.0963872 0)
(9.90152 0.937196 0)
(9.97719 0.476837 0)
(9.51076 0.214367 0)
(8.72917 0.128402 0)
(8.29832 0.0759831 0)
(7.88407 0.0469177 0)
(7.74902 0.0319155 0)
(7.45839 0.0212076 0)
(7.60034 0.0485748 0)
(6.85768 -0.11232 0)
(10.1439 0.807558 0)
(11.0896 0.497083 0)
(11.3043 0.267909 0)
(10.7889 0.194947 0)
(10.4871 0.131609 0)
(10.0491 0.0867414 0)
(9.92884 0.0612426 0)
(9.56651 0.0337616 0)
(9.81075 0.0839769 0)
(8.94432 -0.118445 0)
(10.0892 0.647951 0)
(11.2807 0.434843 0)
(12.0371 0.249001 0)
(11.9136 0.215061 0)
(11.9203 0.165586 0)
(11.6165 0.121841 0)
(11.593 0.091078 0)
(11.2342 0.046288 0)
(11.5488 0.109842 0)
(10.8012 -0.0738338 0)
(10.0868 0.516872 0)
(11.163 0.356604 0)
(12.1342 0.190781 0)
(12.2069 0.184841 0)
(12.4987 0.155537 0)
(12.4298 0.128998 0)
(12.5724 0.106424 0)
(12.3493 0.0489616 0)
(12.6965 0.126474 0)
(12.2067 -0.0416277 0)
(10.1151 0.400002 0)
(11.0666 0.286391 0)
(12.0637 0.134475 0)
(12.2159 0.143166 0)
(12.5448 0.1173 0)
(12.643 0.110907 0)
(12.8669 0.0940007 0)
(12.8537 0.0440647 0)
(13.1595 0.101957 0)
(13.0101 0.0429299 0)
(10.0549 0.279874 0)
(11.1098 0.216499 0)
(11.9513 0.0803452 0)
(12.1902 0.11114 0)
(12.4648 0.0710708 0)
(12.656 0.0913632 0)
(12.8795 0.0622994 0)
(12.9793 0.0370337 0)
(13.1477 0.0709711 0)
(13.2519 0.0518513 0)
(10.0014 0.171088 0)
(11.1517 0.125546 0)
(11.8572 0.0516832 0)
(12.187 0.0656613 0)
(12.424 0.0362481 0)
(12.6299 0.0487427 0)
(12.8429 0.0478877 0)
(12.9421 0.0191605 0)
(13.0895 0.0584709 0)
(13.2726 -0.0424818 0)
(10.0081 0.0538089 0)
(11.1025 0.046361 0)
(11.8549 0.0108747 0)
(12.2054 0.0298173 0)
(12.4204 -0.00714239 0)
(12.5771 0.0287055 0)
(12.7639 0.016445 0)
(12.9462 0.00989809 0)
(13.1344 0.0223049 0)
(13.2836 -0.0908807 0)
(9.99346 -0.0508634 0)
(11.1088 -0.0463849 0)
(11.8701 -0.0222099 0)
(12.2059 -0.014209 0)
(12.4207 -0.0337524 0)
(12.5604 -0.00520584 0)
(12.744 -0.00435868 0)
(12.9583 -0.0216997 0)
(13.1664 -0.00338381 0)
(13.2923 -0.125265 0)
(9.99903 -0.165799 0)
(11.1338 -0.131144 0)
(11.8841 -0.0602395 0)
(12.2093 -0.0511715 0)
(12.4235 -0.0692233 0)
(12.5695 -0.0292943 0)
(12.7771 -0.035164 0)
(12.9673 -0.0445443 0)
(13.2037 -0.035191 0)
(13.2874 -0.137555 0)
(10.0258 -0.275857 0)
(11.1544 -0.219315 0)
(11.9202 -0.0961673 0)
(12.2055 -0.0919728 0)
(12.4427 -0.0997566 0)
(12.6013 -0.0630632 0)
(12.8332 -0.0600244 0)
(12.9863 -0.0717478 0)
(13.2228 -0.0631068 0)
(13.2359 -0.141969 0)
(10.054 -0.396531 0)
(11.1687 -0.293836 0)
(11.9726 -0.136673 0)
(12.2181 -0.130769 0)
(12.5076 -0.136613 0)
(12.6111 -0.0934413 0)
(12.8591 -0.0866929 0)
(12.9108 -0.0922705 0)
(13.1261 -0.0862518 0)
(12.9492 -0.131767 0)
(10.0444 -0.516587 0)
(11.2266 -0.360876 0)
(12.0296 -0.187997 0)
(12.2543 -0.178027 0)
(12.4561 -0.169262 0)
(12.4318 -0.118129 0)
(12.5647 -0.100859 0)
(12.436 -0.10198 0)
(12.5422 -0.0832973 0)
(12.1758 -0.12948 0)
(10.0628 -0.647535 0)
(11.3134 -0.436524 0)
(11.9723 -0.247068 0)
(11.9715 -0.211981 0)
(11.8755 -0.175194 0)
(11.6359 -0.113536 0)
(11.5793 -0.0919402 0)
(11.3107 -0.0828515 0)
(11.3143 -0.0738499 0)
(10.9095 -0.0941712 0)
(10.1295 -0.80754 0)
(11.1084 -0.497991 0)
(11.2658 -0.266639 0)
(10.837 -0.19337 0)
(10.4451 -0.137326 0)
(10.0713 -0.08206 0)
(9.91681 -0.0634774 0)
(9.60671 -0.0566206 0)
(9.58269 -0.0560773 0)
(9.18005 -0.0579208 0)
(9.89463 -0.937391 0)
(9.98691 -0.476985 0)
(9.48854 -0.213791 0)
(8.76192 -0.127506 0)
(8.26686 -0.0793197 0)
(7.90195 -0.0445594 0)
(7.73864 -0.0339456 0)
(7.46443 -0.0329711 0)
(7.44508 -0.0341441 0)
(7.03721 -0.0376361 0)
(8.68693 -0.857379 0)
(7.53867 -0.344459 0)
(6.62673 -0.116729 0)
(5.91711 -0.053875 0)
(5.51811 -0.0287779 0)
(5.26205 -0.0154682 0)
(5.14481 -0.0118023 0)
(4.95502 -0.0143983 0)
(4.93521 -0.0147464 0)
(4.58855 -0.0155634 0)
(5.40434 -0.316798 0)
(3.31537 -0.0606637 0)
(2.58249 -0.0016163 0)
(2.23536 0.00240929 0)
(2.08056 0.00110158 0)
(1.99032 0.000596299 0)
(1.95021 0.000563017 0)
(1.87789 -0.00149513 0)
(1.85921 3.87288e-05 0)
(1.70372 0.00999684 0)
(2.66576 -0.138568 0)
(2.43256 0.0661371 0)
(2.75297 0.104012 0)
(2.70663 0.390784 0)
(3.70544 0.723868 0)
(4.31621 1.2844 0)
(5.79341 1.26135 0)
(6.75806 0.768349 0)
(7.74975 0.258886 0)
(7.98396 -0.0933771 0)
(7.64352 -0.903764 0)
(8.02185 -1.38715 0)
(8.17054 -1.7042 0)
(8.39175 -2.13799 0)
(9.71317 -2.86861 0)
(10.5249 -3.39862 0)
(10.1997 -4.40822 0)
(10.9056 -4.70053 0)
(8.64531 -3.91003 0)
(8.73487 -2.81533 0)
(7.07696 -2.04133 0)
(6.7543 0.00476395 0)
(5.83807 1.7929 0)
(7.92136 2.86741 0)
(7.36901 3.45758 0)
(8.49438 3.39876 0)
(8.21483 2.9001 0)
(8.83323 1.79261 0)
(9.21393 0.982702 0)
(9.62682 -0.277682 0)
(10.1647 -1.99187 0)
(9.82923 -2.81236 0)
(10.5014 -4.22519 0)
(11.0036 -6.17333 0)
(10.7994 -8.18803 0)
(10.6754 -9.0394 0)
(8.1167 -8.33156 0)
(7.23056 -6.52996 0)
(5.19064 -7.139 0)
(6.25331 -7.75383 0)
(7.6122 -7.48529 0)
(7.37326 -5.28406 0)
(8.45943 -3.11718 0)
(7.13341 -1.90488 0)
(7.37587 -0.655552 0)
(7.19235 1.54679 0)
(8.02261 3.44736 0)
(8.32785 5.10677 0)
(8.74992 6.01286 0)
(7.81561 5.67969 0)
(8.36124 5.06189 0)
(7.12685 5.61553 0)
(7.68092 4.58517 0)
(6.10336 3.68806 0)
(7.51434 3.54951 0)
(6.12388 4.00415 0)
(7.08298 4.89827 0)
(7.61039 6.37224 0)
(6.72958 5.8095 0)
(9.44371 5.80224 0)
(7.34324 4.36653 0)
(9.87617 3.45134 0)
(8.49941 0.888031 0)
(10.3473 -1.07466 0)
(8.33238 -3.00627 0)
(10.6041 -4.4094 0)
(7.67358 -6.42469 0)
(10.4345 -7.33065 0)
(6.60994 -7.33452 0)
(8.29128 -5.95669 0)
(5.55363 -5.34704 0)
(5.72396 -2.11322 0)
(2.45491 -0.755504 0)
(3.58293 0.442552 0)
(3.92029 -3.40513 0)
(6.27092 -2.39322 0)
(7.00305 -2.45715 0)
(8.01345 -1.1642 0)
(8.47188 -0.843481 0)
(8.80925 -0.292384 0)
(9.89678 0.762658 0)
(10.629 1.80294 0)
(10.4908 2.66641 0)
(10.0648 3.45906 0)
(9.9285 4.3858 0)
(10.0806 4.79153 0)
(9.55019 4.52501 0)
(8.89573 4.07898 0)
(8.31038 3.4553 0)
(7.16621 2.89657 0)
(6.92285 2.14924 0)
(5.92209 1.99609 0)
(6.26413 1.8895 0)
(5.48081 2.74577 0)
(4.98637 2.76047 0)
(4.84237 3.70629 0)
(4.30156 3.27919 0)
(3.27199 4.40308 0)
(4.47242 3.62394 0)
(2.05153 4.63712 0)
(5.18834 -0.0520021 0)
(4.67166 0.0856881 0)
(5.02187 0.173116 0)
(4.71283 0.299291 0)
(5.20257 0.393932 0)
(5.48416 0.866898 0)
(6.67969 0.839957 0)
(7.24593 0.367351 0)
(7.91985 -0.120492 0)
(8.51989 -0.222797 0)
(8.82599 -0.910588 0)
(9.27762 -1.63817 0)
(9.55729 -1.81387 0)
(10.0022 -2.34374 0)
(11.1478 -3.30762 0)
(11.5112 -3.55485 0)
(11.2345 -4.44222 0)
(11.4304 -4.63634 0)
(9.33314 -3.48762 0)
(9.29189 -2.47196 0)
(8.16744 -1.73357 0)
(7.4444 0.200496 0)
(7.02504 1.62179 0)
(8.32935 2.58277 0)
(8.28599 3.27528 0)
(9.27295 3.26041 0)
(9.07159 2.73882 0)
(9.66384 1.59647 0)
(9.75196 0.854401 0)
(10.2452 -0.503733 0)
(10.6256 -2.02297 0)
(10.2937 -2.88776 0)
(10.9516 -4.38924 0)
(11.1391 -6.25101 0)
(10.8132 -7.99562 0)
(10.2017 -8.49436 0)
(7.54291 -7.50929 0)
(6.34899 -5.95453 0)
(4.97612 -7.1896 0)
(5.68193 -8.28656 0)
(6.64647 -7.67479 0)
(5.69195 -5.58406 0)
(7.37457 -3.26653 0)
(6.53153 -1.68421 0)
(6.62623 -0.584257 0)
(6.17758 1.45459 0)
(7.06074 3.20793 0)
(7.36825 5.02421 0)
(7.7842 5.98071 0)
(7.18787 5.78106 0)
(7.81104 5.2188 0)
(6.47313 5.76107 0)
(7.641 4.72268 0)
(5.68065 3.7765 0)
(7.2498 3.48502 0)
(6.46782 4.03497 0)
(6.54023 4.65299 0)
(8.11868 6.24157 0)
(6.41557 5.55589 0)
(9.47875 5.53807 0)
(7.71186 4.2451 0)
(9.97684 3.28823 0)
(9.24809 0.798791 0)
(10.5288 -1.10098 0)
(8.89707 -2.95546 0)
(10.599 -4.39461 0)
(7.83963 -6.65327 0)
(10.4092 -7.33246 0)
(6.1094 -7.14142 0)
(8.22618 -5.65299 0)
(4.69651 -4.84474 0)
(5.33528 -1.31005 0)
(1.36226 -0.576114 0)
(4.57581 0.0731023 0)
(3.9719 -4.09329 0)
(6.71234 -2.68243 0)
(6.60523 -2.97359 0)
(7.70383 -1.21371 0)
(7.73531 -1.10407 0)
(8.20403 -0.461428 0)
(9.04554 0.368332 0)
(10.2306 1.602 0)
(10.3544 2.71842 0)
(10.0773 3.61035 0)
(9.55974 4.45897 0)
(9.66373 4.91082 0)
(9.39987 4.78334 0)
(8.60248 4.4133 0)
(8.29003 3.78706 0)
(7.14365 3.22197 0)
(6.91412 2.28587 0)
(6.3413 2.25499 0)
(6.15924 1.76503 0)
(5.70482 3.13325 0)
(5.41872 2.69789 0)
(5.26207 3.9681 0)
(6.21316 3.6846 0)
(2.33082 4.64992 0)
(6.36275 3.21788 0)
(4.37705 4.79168 0)
(7.62769 0.00309801 0)
(7.16945 0.139994 0)
(7.21112 0.128132 0)
(7.1373 0.301733 0)
(7.41097 0.285244 0)
(7.28209 0.536784 0)
(8.24151 0.585519 0)
(8.90524 0.31375 0)
(9.33672 -0.240403 0)
(9.65622 -0.440951 0)
(10.2337 -1.06742 0)
(10.9807 -1.93575 0)
(11.0548 -2.01426 0)
(11.6807 -2.48377 0)
(12.5067 -3.49673 0)
(12.3844 -3.53728 0)
(12.3064 -4.24594 0)
(11.9661 -4.33067 0)
(9.87375 -2.95334 0)
(9.71583 -2.23934 0)
(8.97171 -1.49317 0)
(7.92064 0.378559 0)
(8.07158 1.52836 0)
(8.5534 2.37642 0)
(9.00266 3.06007 0)
(9.91467 3.12503 0)
(9.84296 2.61228 0)
(10.329 1.51654 0)
(10.25 0.828804 0)
(10.8663 -0.653974 0)
(11.0734 -2.04169 0)
(10.7658 -2.91928 0)
(11.314 -4.44408 0)
(11.193 -6.20661 0)
(10.6979 -7.68278 0)
(9.63366 -7.84604 0)
(6.97938 -6.55227 0)
(5.45507 -5.40735 0)
(4.78114 -7.18891 0)
(4.42344 -8.50849 0)
(5.51999 -7.51632 0)
(4.10679 -5.64054 0)
(5.9404 -3.57828 0)
(5.63699 -1.5908 0)
(5.67841 -0.470287 0)
(5.17404 1.4323 0)
(6.0958 2.97333 0)
(6.43481 4.91334 0)
(6.85253 5.82281 0)
(6.48201 5.75101 0)
(7.3645 5.36072 0)
(5.87777 5.75362 0)
(7.33418 4.80322 0)
(5.5542 3.90344 0)
(6.74675 3.33061 0)
(6.70296 4.07022 0)
(6.07873 4.39583 0)
(8.50857 6.12349 0)
(6.45232 5.42525 0)
(9.26566 5.23762 0)
(8.19911 4.05674 0)
(10.1208 3.00435 0)
(9.73751 0.655802 0)
(10.6634 -0.9919 0)
(9.39921 -2.83917 0)
(10.637 -4.28935 0)
(8.33054 -6.39579 0)
(10.3783 -6.7448 0)
(5.82638 -6.59594 0)
(8.34993 -5.22881 0)
(3.83934 -4.24081 0)
(5.29534 -0.621093 0)
(1.00858 -0.541904 0)
(5.93799 -0.576841 0)
(3.50952 -4.59241 0)
(7.06055 -2.8825 0)
(5.98181 -3.3967 0)
(7.39748 -1.12581 0)
(6.72498 -1.43539 0)
(7.47964 -0.567601 0)
(8.01189 -0.11126 0)
(9.56089 1.41787 0)
(9.90833 2.70867 0)
(9.92176 3.7379 0)
(9.32987 4.45185 0)
(9.17681 4.88418 0)
(9.1163 4.92618 0)
(8.27891 4.63183 0)
(8.02386 3.91034 0)
(7.40351 3.6944 0)
(6.61182 2.21491 0)
(6.60417 2.54037 0)
(6.53247 1.7879 0)
(5.39911 3.50575 0)
(7.23905 2.75039 0)
(4.11805 3.90025 0)
(8.24563 3.9442 0)
(3.7653 4.96524 0)
(6.75738 2.66318 0)
(5.80922 4.41583 0)
(9.5031 -0.0183258 0)
(9.39578 0.222193 0)
(9.35816 0.181908 0)
(9.28122 0.237612 0)
(9.61369 0.251861 0)
(9.52393 0.399492 0)
(10.0537 0.335459 0)
(10.5762 0.0674561 0)
(11.171 -0.392217 0)
(11.4556 -0.570903 0)
(11.8857 -1.16827 0)
(12.7041 -2.12769 0)
(12.3871 -2.21482 0)
(12.9134 -2.64383 0)
(13.4184 -3.58001 0)
(12.8036 -3.48798 0)
(12.7348 -4.0237 0)
(12.0266 -3.99098 0)
(10.1499 -2.41855 0)
(10.2003 -1.98501 0)
(9.30026 -1.26807 0)
(8.42762 0.539108 0)
(8.8097 1.47572 0)
(8.63964 2.19583 0)
(9.36549 2.80227 0)
(10.2018 3.00007 0)
(10.3863 2.49012 0)
(10.7776 1.52266 0)
(10.7191 0.799475 0)
(11.4606 -0.807116 0)
(11.4613 -2.02274 0)
(11.119 -2.91187 0)
(11.5012 -4.47967 0)
(11.1152 -6.09042 0)
(10.4368 -7.25967 0)
(9.03858 -7.09079 0)
(6.27356 -5.61852 0)
(4.73799 -5.00739 0)
(4.17383 -7.15372 0)
(3.3767 -8.47199 0)
(4.73859 -7.2441 0)
(3.53613 -5.40256 0)
(4.92599 -3.80285 0)
(4.68227 -1.53709 0)
(4.72244 -0.40694 0)
(4.34307 1.33951 0)
(5.28241 2.68052 0)
(5.44634 4.82222 0)
(5.99035 5.64604 0)
(5.6423 5.68728 0)
(6.83841 5.53193 0)
(5.2329 5.70677 0)
(6.77641 4.81931 0)
(5.59746 3.99325 0)
(6.02602 3.12166 0)
(7.00418 4.12265 0)
(5.62642 4.04066 0)
(8.62963 5.9727 0)
(6.94911 5.31386 0)
(9.25903 4.83695 0)
(8.76057 3.89036 0)
(10.4117 2.68825 0)
(10.0347 0.645295 0)
(10.7802 -1.00197 0)
(9.62431 -2.83476 0)
(10.6065 -4.17633 0)
(8.65577 -6.19454 0)
(9.82061 -6.38132 0)
(5.64962 -6.23977 0)
(8.28091 -4.82863 0)
(3.03886 -3.67065 0)
(5.81078 -0.141159 0)
(1.3904 -0.522732 0)
(7.15311 -1.05272 0)
(2.42236 -4.73298 0)
(7.20442 -3.08859 0)
(5.16998 -3.663 0)
(7.04009 -0.910709 0)
(5.68844 -1.75784 0)
(6.69271 -0.536034 0)
(6.93812 -0.754192 0)
(8.6851 1.08169 0)
(9.32362 2.60367 0)
(9.526 3.87493 0)
(9.05688 4.69375 0)
(8.4818 5.03102 0)
(8.63929 5.02675 0)
(8.10533 5.02228 0)
(7.43612 3.88597 0)
(7.37924 4.05728 0)
(7.16289 2.30426 0)
(6.21569 2.69021 0)
(7.95007 2.01445 0)
(4.38274 3.45812 0)
(9.04696 2.76333 0)
(4.19251 4.01051 0)
(8.49215 3.44402 0)
(5.4159 5.18003 0)
(7.65896 2.72583 0)
(6.52839 3.85638 0)
(11.0726 -0.0439326 0)
(11.0776 0.190774 0)
(10.9856 0.15314 0)
(11.0709 0.169049 0)
(11.3593 0.166118 0)
(11.3308 0.251958 0)
(11.8667 0.195347 0)
(12.2316 -0.0919678 0)
(12.6598 -0.542182 0)
(12.982 -0.78177 0)
(13.2735 -1.3083 0)
(13.9693 -2.16885 0)
(13.5106 -2.32757 0)
(13.7448 -2.68327 0)
(13.9442 -3.40707 0)
(13.0619 -3.33705 0)
(12.9839 -3.74021 0)
(11.7382 -3.53739 0)
(10.1178 -2.01365 0)
(10.5417 -1.74696 0)
(9.3207 -1.06658 0)
(8.88849 0.626193 0)
(9.21111 1.50682 0)
(8.65248 2.06223 0)
(9.47489 2.52234 0)
(10.1077 2.81191 0)
(10.6439 2.26583 0)
(11.0165 1.4676 0)
(11.0814 0.665463 0)
(11.888 -0.93005 0)
(11.679 -1.96213 0)
(11.3099 -2.88596 0)
(11.5706 -4.4297 0)
(10.942 -5.84283 0)
(10.0589 -6.73595 0)
(8.44068 -6.22462 0)
(5.60542 -4.64516 0)
(4.18044 -4.59164 0)
(3.41789 -7.03791 0)
(2.77386 -8.55267 0)
(4.10789 -7.31775 0)
(3.63177 -5.27414 0)
(4.50796 -3.86385 0)
(3.84788 -1.46076 0)
(3.92488 -0.33865 0)
(3.4303 1.29915 0)
(4.41332 2.49655 0)
(4.43178 4.74265 0)
(5.28643 5.43292 0)
(4.77078 5.52825 0)
(6.32905 5.60831 0)
(4.78798 5.61497 0)
(6.13372 4.75356 0)
(5.87604 4.1275 0)
(5.07242 2.87623 0)
(7.19878 4.10891 0)
(5.4031 3.76756 0)
(8.30628 5.60775 0)
(7.39727 5.0609 0)
(9.48096 4.49567 0)
(9.02169 3.70245 0)
(10.6969 2.44197 0)
(10.1278 0.594814 0)
(10.8664 -0.949234 0)
(9.83457 -2.5619 0)
(10.5868 -4.12425 0)
(8.78068 -5.91554 0)
(9.24579 -5.99274 0)
(5.88477 -5.80176 0)
(7.75974 -4.42446 0)
(2.31498 -3.27645 0)
(6.66842 -0.0834245 0)
(1.84656 -0.57602 0)
(7.61044 -1.32688 0)
(1.11908 -4.7317 0)
(7.05695 -3.46689 0)
(4.14499 -3.85033 0)
(6.70092 -0.686575 0)
(4.88402 -2.00063 0)
(5.98056 -0.491874 0)
(5.75929 -1.49344 0)
(7.57254 0.832398 0)
(8.71533 2.33569 0)
(8.80117 3.79001 0)
(8.89557 4.75711 0)
(8.09157 5.15683 0)
(7.86316 4.90819 0)
(7.89103 5.36136 0)
(7.44785 3.83965 0)
(6.51344 4.22965 0)
(8.5873 2.42556 0)
(5.31892 2.71564 0)
(9.33618 2.11903 0)
(4.01196 3.44538 0)
(9.81729 2.40229 0)
(5.36373 4.17375 0)
(8.6024 3.19409 0)
(6.29648 5.22392 0)
(8.64751 2.8744 0)
(7.437 3.41327 0)
(12.2566 -0.0521149 0)
(12.4543 0.191438 0)
(12.2799 0.150273 0)
(12.3133 0.0897512 0)
(12.7406 0.104638 0)
(12.6018 0.113694 0)
(12.9991 0.0199093 0)
(13.5396 -0.236156 0)
(13.7338 -0.588776 0)
(14.0641 -0.896753 0)
(14.2906 -1.43966 0)
(14.5191 -2.11556 0)
(14.1557 -2.34909 0)
(14.0596 -2.72334 0)
(13.978 -3.23739 0)
(13.1187 -3.17856 0)
(13.1116 -3.39651 0)
(11.6889 -2.98319 0)
(10.3992 -1.69654 0)
(10.9311 -1.49493 0)
(9.37361 -0.828081 0)
(9.10481 0.694348 0)
(9.20406 1.60018 0)
(8.77054 1.98998 0)
(9.48406 2.32509 0)
(9.86262 2.58286 0)
(10.75 1.98233 0)
(11.0812 1.37434 0)
(11.3345 0.514658 0)
(12.1153 -1.00551 0)
(11.6947 -1.85861 0)
(11.3621 -2.83407 0)
(11.4999 -4.34594 0)
(10.6302 -5.54014 0)
(9.63992 -6.132 0)
(7.74501 -5.29359 0)
(4.89796 -3.76101 0)
(3.62615 -4.19779 0)
(2.90098 -6.80332 0)
(2.17247 -8.6892 0)
(3.01973 -7.67982 0)
(3.0813 -5.60848 0)
(3.9762 -3.94401 0)
(2.88957 -1.3511 0)
(3.25255 -0.284754 0)
(2.40287 1.25241 0)
(3.50212 2.36773 0)
(3.43081 4.62609 0)
(4.7183 5.19818 0)
(4.02053 5.35544 0)
(5.85164 5.63941 0)
(4.49322 5.53455 0)
(5.33877 4.57708 0)
(6.2955 4.28349 0)
(4.14927 2.61661 0)
(7.01021 3.949 0)
(5.65428 3.65472 0)
(7.7567 5.0744 0)
(7.48168 4.70643 0)
(9.59351 4.1353 0)
(8.91631 3.54221 0)
(10.8331 2.21294 0)
(10.1395 0.595732 0)
(10.8367 -0.848327 0)
(9.76567 -2.58623 0)
(10.6635 -4.03542 0)
(8.70046 -5.34721 0)
(8.82323 -5.40156 0)
(6.24807 -5.13551 0)
(7.01243 -3.74547 0)
(2.15264 -2.88744 0)
(6.69498 -0.223498 0)
(1.96235 -0.532172 0)
(6.92541 -1.35337 0)
(0.360743 -4.62064 0)
(6.91387 -3.86524 0)
(3.35679 -3.99148 0)
(6.56395 -0.544922 0)
(3.97162 -2.05238 0)
(5.62351 -0.232081 0)
(4.2907 -2.3218 0)
(6.41173 0.495193 0)
(7.82045 1.9632 0)
(8.00255 3.95657 0)
(8.24325 4.80228 0)
(7.79084 5.5783 0)
(7.17842 4.77952 0)
(7.30065 5.59105 0)
(8.44137 4.03951 0)
(5.46716 4.28242 0)
(9.80999 2.35428 0)
(4.83326 2.80417 0)
(10.0112 1.97697 0)
(4.79447 3.64098 0)
(9.82034 1.84254 0)
(6.19458 4.24493 0)
(9.33482 3.37022 0)
(7.02563 5.07519 0)
(9.06441 2.78976 0)
(8.57066 3.07578 0)
(12.9381 -0.0921975 0)
(13.1912 0.048236 0)
(13.1366 0.0863548 0)
(13.0519 0.0204492 0)
(13.5442 -0.00825426 0)
(13.4854 0.0501255 0)
(13.6016 -0.121126 0)
(14.2398 -0.432317 0)
(14.2416 -0.632212 0)
(14.5015 -1.05037 0)
(14.8241 -1.4883 0)
(14.5149 -1.99782 0)
(14.3543 -2.35897 0)
(14.107 -2.63048 0)
(13.7835 -3.00195 0)
(13.246 -3.01705 0)
(13.0122 -3.0739 0)
(11.7677 -2.57116 0)
(10.9839 -1.57293 0)
(11.3917 -1.2568 0)
(9.66928 -0.487302 0)
(9.15899 0.838079 0)
(9.07882 1.67239 0)
(9.17021 1.89365 0)
(9.53113 2.19305 0)
(9.83307 2.30341 0)
(10.8489 1.66148 0)
(11.0052 1.26783 0)
(11.4894 0.354634 0)
(12.1044 -1.0202 0)
(11.4796 -1.7229 0)
(11.3007 -2.81874 0)
(11.3288 -4.20771 0)
(10.2496 -5.13297 0)
(9.1106 -5.45832 0)
(7.11222 -4.31816 0)
(4.3025 -2.88087 0)
(2.99019 -3.82656 0)
(2.19807 -6.61676 0)
(1.27968 -8.67883 0)
(1.6819 -7.80043 0)
(1.3878 -5.99836 0)
(2.58348 -4.06862 0)
(1.59099 -1.25674 0)
(2.61209 -0.232483 0)
(1.36936 1.18177 0)
(2.65714 2.13908 0)
(2.47068 4.38614 0)
(4.14165 4.97325 0)
(3.30717 5.14393 0)
(5.26185 5.58421 0)
(4.3851 5.53476 0)
(4.35963 4.20877 0)
(6.50663 4.38312 0)
(3.8265 2.68011 0)
(6.5926 3.51037 0)
(5.91481 3.51584 0)
(7.35654 4.60792 0)
(7.41823 4.2636 0)
(9.50113 3.91216 0)
(8.65672 3.31285 0)
(10.8231 1.94514 0)
(10.0529 0.600322 0)
(10.6739 -0.784439 0)
(9.8593 -2.46704 0)
(10.6543 -3.78617 0)
(8.42433 -5.03111 0)
(8.48662 -5.19095 0)
(5.80986 -4.67082 0)
(5.92161 -3.15271 0)
(2.16884 -2.52775 0)
(5.25451 -0.199123 0)
(2.04569 -0.537986 0)
(5.65297 -1.22002 0)
(0.881497 -4.69236 0)
(6.81041 -4.34094 0)
(3.14027 -4.05697 0)
(6.55926 -0.466739 0)
(3.1434 -2.07523 0)
(5.81182 -0.0312305 0)
(2.9238 -2.61642 0)
(5.15157 0.216481 0)
(6.39678 1.15508 0)
(7.45739 3.92605 0)
(7.38592 4.51878 0)
(7.49468 5.88959 0)
(7.25657 4.69463 0)
(6.11936 5.52571 0)
(9.40468 4.06681 0)
(4.84862 4.27818 0)
(10.4089 2.10345 0)
(5.0427 3.00985 0)
(10.0663 1.63867 0)
(5.68629 3.71731 0)
(9.92516 1.66602 0)
(6.72182 4.30259 0)
(9.67952 3.45746 0)
(8.03911 4.87568 0)
(9.56282 2.71551 0)
(9.5549 2.77077 0)
(13.2171 -0.054691 0)
(13.3603 -0.00406947 0)
(13.3619 -0.00127357 0)
(13.3475 0.0164792 0)
(13.7203 -0.123439 0)
(13.7424 -0.0331798 0)
(13.8447 -0.194285 0)
(14.3412 -0.576096 0)
(14.3701 -0.617806 0)
(14.4607 -1.18048 0)
(14.6599 -1.51282 0)
(14.2965 -1.83497 0)
(14.2143 -2.3766 0)
(14.0232 -2.5211 0)
(13.5884 -2.83164 0)
(13.406 -2.86849 0)
(12.9739 -2.71462 0)
(12.0614 -2.26369 0)
(11.6305 -1.51143 0)
(11.5992 -0.99199 0)
(10.134 -0.09265 0)
(9.51183 1.00109 0)
(9.27474 1.63449 0)
(9.55999 1.76412 0)
(9.47691 2.11271 0)
(9.92381 2.01208 0)
(10.773 1.39244 0)
(10.7692 1.1051 0)
(11.4355 0.158036 0)
(11.8093 -0.97119 0)
(11.1608 -1.60187 0)
(11.2548 -2.78521 0)
(11.0493 -4.00816 0)
(9.78438 -4.66787 0)
(8.54637 -4.73833 0)
(6.42971 -3.37279 0)
(3.84512 -2.04104 0)
(2.53924 -3.36649 0)
(1.45254 -6.3305 0)
(0.310456 -8.50663 0)
(0.600392 -7.62155 0)
(-0.19417 -5.92637 0)
(0.764023 -3.93327 0)
(-0.0393835 -1.2499 0)
(1.9739 -0.254398 0)
(0.364003 1.16559 0)
(1.93941 1.97303 0)
(1.31994 4.02903 0)
(3.71797 4.75344 0)
(2.66388 4.83471 0)
(4.62488 5.43587 0)
(4.47708 5.57395 0)
(3.58737 3.82348 0)
(6.3347 4.40489 0)
(4.00704 2.85364 0)
(6.25476 2.92106 0)
(5.72462 3.33498 0)
(7.25611 4.23679 0)
(7.3596 3.82645 0)
(9.03932 3.68113 0)
(8.51518 2.94168 0)
(10.6665 1.69567 0)
(9.84946 0.577315 0)
(10.4484 -0.725681 0)
(9.93465 -2.49669 0)
(10.507 -3.59293 0)
(8.22957 -4.47218 0)
(8.47766 -4.47801 0)
(5.75386 -3.80994 0)
(5.54272 -2.4745 0)
(2.02134 -2.05614 0)
(3.76688 -0.204149 0)
(1.83347 -0.716192 0)
(4.72577 -1.21931 0)
(2.1545 -4.9283 0)
(6.17576 -4.94953 0)
(2.58416 -4.14172 0)
(6.39422 -0.261242 0)
(2.57206 -2.23515 0)
(6.00586 0.256543 0)
(2.33443 -2.59764 0)
(4.46584 0.124916 0)
(4.22873 0.121857 0)
(6.56789 4.17829 0)
(6.40395 4.17254 0)
(6.71957 6.15153 0)
(7.8796 4.85265 0)
(4.97257 5.39488 0)
(9.90152 3.86408 0)
(4.73254 4.34384 0)
(10.5842 1.7604 0)
(5.65998 3.21831 0)
(9.82962 1.45787 0)
(6.34103 3.71244 0)
(9.97824 1.73185 0)
(7.42075 4.18115 0)
(9.66135 3.3257 0)
(8.8648 4.50423 0)
(10.165 2.62992 0)
(10.3663 2.50177 0)
(13.379 0.0411418 0)
(13.5057 0.114518 0)
(13.3922 -0.0416593 0)
(13.4324 0.049548 0)
(13.6358 -0.197355 0)
(13.5901 -0.165901 0)
(13.8536 -0.243039 0)
(14.0588 -0.703424 0)
(14.2146 -0.655665 0)
(14.2737 -1.17708 0)
(14.215 -1.49523 0)
(14.2142 -1.74403 0)
(14.1218 -2.3587 0)
(13.9046 -2.3811 0)
(13.6187 -2.67918 0)
(13.4706 -2.74622 0)
(12.9039 -2.44175 0)
(12.3796 -2.13583 0)
(12.0327 -1.42294 0)
(11.4039 -0.665086 0)
(10.5713 0.184729 0)
(10.1178 1.12629 0)
(9.56116 1.69059 0)
(9.68091 1.78603 0)
(9.30758 2.06194 0)
(9.91289 1.74369 0)
(10.5225 1.20256 0)
(10.4876 0.917948 0)
(11.2323 -0.00401057 0)
(11.3831 -0.861667 0)
(10.867 -1.52287 0)
(11.1203 -2.78507 0)
(10.6783 -3.74654 0)
(9.18798 -4.13776 0)
(7.93895 -3.97636 0)
(5.80325 -2.4353 0)
(3.4278 -1.29278 0)
(2.24615 -2.8984 0)
(0.926373 -5.83875 0)
(-0.58047 -8.20815 0)
(-0.197666 -7.40073 0)
(-0.611265 -5.66441 0)
(-0.506016 -3.67368 0)
(-1.34828 -1.49683 0)
(1.48895 -0.496719 0)
(-0.485734 1.18994 0)
(1.16914 1.86967 0)
(-0.0435723 3.54678 0)
(3.25641 4.48877 0)
(2.14895 4.60176 0)
(3.72356 5.14991 0)
(4.65101 5.56407 0)
(3.18984 3.71436 0)
(5.70747 4.22713 0)
(4.04925 2.83011 0)
(6.01104 2.57654 0)
(5.27697 3.17171 0)
(7.17547 3.8628 0)
(7.05676 3.44645 0)
(8.39333 3.41365 0)
(8.50238 2.55564 0)
(10.3635 1.46211 0)
(9.60881 0.61271 0)
(10.2629 -0.761121 0)
(10.0429 -2.47428 0)
(10.2565 -3.24138 0)
(8.09157 -4.09484 0)
(7.90132 -4.13515 0)
(5.25515 -3.36259 0)
(5.4667 -1.91985 0)
(1.75229 -1.51783 0)
(3.41572 -0.209197 0)
(1.24586 -0.872042 0)
(4.49346 -1.52306 0)
(2.56981 -4.81124 0)
(4.78579 -5.25552 0)
(0.809622 -4.0504 0)
(5.94117 -0.262676 0)
(2.08264 -2.53063 0)
(5.82688 0.492862 0)
(2.53051 -2.43386 0)
(4.44438 0.222924 0)
(2.33188 -0.72838 0)
(5.57437 4.01909 0)
(5.71144 3.6753 0)
(5.51709 6.11602 0)
(8.81576 4.86307 0)
(4.34416 5.33595 0)
(10.1067 3.51735 0)
(5.08325 4.39164 0)
(10.2839 1.43377 0)
(6.12321 3.42873 0)
(9.55808 1.44825 0)
(6.93126 3.58413 0)
(9.83399 1.72563 0)
(8.00319 3.90745 0)
(9.68015 3.25906 0)
(9.55622 4.11276 0)
(10.6895 2.49711 0)
(10.98 2.25649 0)
(13.335 0.0538994 0)
(13.4758 0.186876 0)
(13.3748 -0.0763499 0)
(13.4032 0.100325 0)
(13.5894 -0.18579 0)
(13.4753 -0.313488 0)
(13.7391 -0.268105 0)
(13.8697 -0.75548 0)
(14.0078 -0.746956 0)
(14.0783 -1.14385 0)
(14.0651 -1.48397 0)
(14.2051 -1.73355 0)
(13.9628 -2.29236 0)
(13.7174 -2.27175 0)
(13.6258 -2.60293 0)
(13.3809 -2.63902 0)
(12.8423 -2.22549 0)
(12.5451 -2.01289 0)
(11.9695 -1.17331 0)
(11.1776 -0.331548 0)
(10.9177 0.315594 0)
(10.1348 1.36387 0)
(9.57069 1.89019 0)
(9.70609 1.85694 0)
(9.09101 2.03726 0)
(9.86143 1.55913 0)
(10.159 1.11718 0)
(10.1936 0.782247 0)
(10.97 -0.11273 0)
(10.8771 -0.767135 0)
(10.6062 -1.52342 0)
(10.9373 -2.75414 0)
(10.1966 -3.37216 0)
(8.5463 -3.54226 0)
(7.32311 -3.23 0)
(5.22798 -1.55344 0)
(3.07138 -0.631453 0)
(2.07186 -2.36831 0)
(0.623983 -5.24959 0)
(-1.14803 -7.96305 0)
(-1.19494 -7.45013 0)
(-0.590393 -5.60483 0)
(-1.09345 -3.68382 0)
(-1.48614 -2.02668 0)
(0.590942 -0.692531 0)
(-1.50643 1.27533 0)
(0.693412 1.83359 0)
(-1.11908 3.01369 0)
(2.68813 4.06674 0)
(1.658 4.55181 0)
(2.47636 4.55909 0)
(4.62492 5.45973 0)
(3.01485 3.76071 0)
(4.93763 3.83513 0)
(3.76491 2.65076 0)
(5.80433 2.41689 0)
(4.90348 2.9807 0)
(6.8479 3.49391 0)
(6.65859 3.21021 0)
(7.98659 3.12711 0)
(8.55242 2.14229 0)
(9.94991 1.34411 0)
(9.43858 0.579426 0)
(10.1363 -0.914093 0)
(10.0718 -2.43014 0)
(9.88079 -2.95404 0)
(8.0671 -3.51425 0)
(7.57837 -3.42891 0)
(5.06303 -2.76417 0)
(5.27884 -1.35993 0)
(1.93259 -1.00253 0)
(3.51155 -0.126691 0)
(1.09305 -0.976167 0)
(4.39327 -1.97232 0)
(1.55629 -4.43049 0)
(2.786 -4.70748 0)
(-1.55455 -3.97773 0)
(5.50488 -0.653173 0)
(1.39321 -2.71875 0)
(5.26668 0.520984 0)
(2.87623 -2.63683 0)
(4.22843 0.602466 0)
(1.64258 -1.08734 0)
(4.11849 4.15863 0)
(5.48827 3.2363 0)
(3.78692 5.84119 0)
(9.13362 4.5479 0)
(4.36255 5.39372 0)
(9.90737 3.11685 0)
(5.76694 4.50816 0)
(9.64348 1.32451 0)
(6.56907 3.53386 0)
(9.22416 1.47015 0)
(7.39016 3.34086 0)
(9.57921 1.73087 0)
(8.46695 3.5792 0)
(9.86802 3.13572 0)
(10.2272 3.71548 0)
(11.1797 2.3476 0)
(11.4751 2.03865 0)
(13.143 0.073796 0)
(13.3695 0.254158 0)
(13.3689 -0.100198 0)
(13.3202 0.11464 0)
(13.6851 -0.187031 0)
(13.5466 -0.42413 0)
(13.7182 -0.325787 0)
(13.9034 -0.80947 0)
(13.9298 -0.796548 0)
(13.9412 -1.13558 0)
(13.9363 -1.50271 0)
(13.9289 -1.66262 0)
(13.613 -2.16423 0)
(13.5986 -2.24276 0)
(13.5212 -2.53975 0)
(13.0668 -2.47806 0)
(12.6232 -2.05121 0)
(12.2532 -1.84355 0)
(11.4194 -0.892155 0)
(10.997 -0.105209 0)
(10.7685 0.506555 0)
(9.58607 1.64424 0)
(9.70169 1.96137 0)
(9.54713 1.97641 0)
(9.00458 2.02389 0)
(9.90956 1.39529 0)
(9.66533 1.07257 0)
(9.96913 0.574247 0)
(10.7034 -0.22557 0)
(10.3913 -0.707072 0)
(10.4152 -1.57841 0)
(10.7153 -2.64986 0)
(9.59343 -2.90899 0)
(7.81508 -2.92076 0)
(6.69905 -2.50548 0)
(4.73357 -0.723765 0)
(2.91477 -0.0160661 0)
(2.03557 -1.82466 0)
(0.602185 -4.69356 0)
(-1.43055 -7.5868 0)
(-2.63013 -7.76977 0)
(-1.33634 -5.7085 0)
(-1.81925 -3.81277 0)
(-1.43732 -2.33574 0)
(-1.0392 -0.611855 0)
(-2.42184 1.2501 0)
(0.481009 1.67102 0)
(-1.63114 2.61078 0)
(1.80939 3.48233 0)
(1.31406 4.48526 0)
(1.31816 3.94578 0)
(4.22886 5.28126 0)
(2.98648 3.80626 0)
(4.35521 3.61411 0)
(3.51126 2.46604 0)
(5.64712 2.25831 0)
(4.64829 2.77071 0)
(6.46708 3.16491 0)
(6.57171 2.96563 0)
(7.88641 2.7337 0)
(8.54872 1.80279 0)
(9.53354 1.20321 0)
(9.36704 0.461764 0)
(10.097 -1.01151 0)
(10.0568 -2.31029 0)
(9.49199 -2.59074 0)
(7.76635 -3.05202 0)
(7.08546 -2.9563 0)
(5.24475 -2.24346 0)
(4.88732 -0.844799 0)
(2.56221 -0.543599 0)
(3.27082 -0.0166986 0)
(1.81688 -1.05524 0)
(3.77735 -2.08803 0)
(0.658112 -3.97453 0)
(1.62151 -4.00593 0)
(-2.31306 -4.46355 0)
(5.53464 -1.53835 0)
(0.70248 -2.5028 0)
(4.83242 0.397136 0)
(2.22058 -2.72404 0)
(3.74166 1.13888 0)
(2.16929 -1.3206 0)
(3.0744 3.57572 0)
(5.54187 2.97831 0)
(2.32117 5.50515 0)
(8.51957 3.7609 0)
(4.4796 5.34895 0)
(8.88737 2.62944 0)
(6.21329 4.55183 0)
(8.96162 1.31212 0)
(6.68926 3.52555 0)
(8.70365 1.46896 0)
(7.73654 2.96989 0)
(9.33032 1.71768 0)
(8.90124 3.17288 0)
(9.90234 2.98219 0)
(10.6048 3.33761 0)
(11.524 2.14874 0)
(11.8911 1.85017 0)
(13.0203 0.0557358 0)
(13.2897 0.250677 0)
(13.3199 -0.0893639 0)
(13.324 0.0877269 0)
(13.7679 -0.207425 0)
(13.6306 -0.494009 0)
(13.8436 -0.370869 0)
(13.8577 -0.767157 0)
(13.8425 -0.839757 0)
(13.7952 -1.08477 0)
(13.5646 -1.3899 0)
(13.5889 -1.60014 0)
(13.3969 -2.10675 0)
(13.4072 -2.2289 0)
(12.9963 -2.40361 0)
(12.3682 -2.27408 0)
(11.9832 -1.85302 0)
(11.3422 -1.5539 0)
(10.577 -0.645066 0)
(10.506 0.0360095 0)
(9.95027 0.77427 0)
(9.1543 1.76279 0)
(9.67292 1.97866 0)
(9.11018 2.14406 0)
(9.23759 1.86489 0)
(9.73661 1.29755 0)
(9.28644 1.04395 0)
(10.0492 0.335031 0)
(10.3399 -0.251263 0)
(9.96658 -0.655526 0)
(10.3135 -1.64016 0)
(10.3588 -2.43747 0)
(8.80495 -2.34326 0)
(7.03084 -2.28394 0)
(6.07751 -1.85063 0)
(4.32717 -0.0350934 0)
(2.90638 0.486672 0)
(2.17373 -1.29976 0)
(0.84419 -4.00847 0)
(-1.52984 -6.72872 0)
(-3.54556 -7.74851 0)
(-2.61191 -5.87778 0)
(-2.94506 -3.83285 0)
(-2.48485 -2.18914 0)
(-2.84082 -0.438292 0)
(-2.8298 0.926317 0)
(-0.360017 1.39835 0)
(-1.95466 2.45019 0)
(0.465279 2.82517 0)
(1.05382 4.56866 0)
(0.161037 3.42691 0)
(3.6452 4.76825 0)
(2.67356 3.70714 0)
(4.0544 3.47629 0)
(3.50382 2.19442 0)
(5.25173 2.09989 0)
(4.38025 2.58056 0)
(6.25085 2.76326 0)
(6.65459 2.59638 0)
(7.81609 2.3286 0)
(8.45529 1.50762 0)
(9.24714 1.07745 0)
(9.38654 0.305847 0)
(10.0205 -1.19123 0)
(9.82738 -2.15603 0)
(9.17687 -2.12721 0)
(7.60974 -2.45804 0)
(6.50799 -2.4502 0)
(5.10953 -1.78378 0)
(4.39711 -0.434858 0)
(3.23532 -0.185919 0)
(3.34037 0.102842 0)
(3.00368 -0.971143 0)
(3.22864 -1.75787 0)
(0.942347 -3.60703 0)
(2.06811 -3.80123 0)
(-0.597554 -5.38822 0)
(4.40875 -2.44674 0)
(-0.626773 -2.16179 0)
(4.30925 0.0746111 0)
(0.906949 -2.47507 0)
(2.81571 0.945847 0)
(3.09188 -1.15133 0)
(0.759377 3.34708 0)
(6.16168 2.58007 0)
(1.76834 5.41852 0)
(7.47492 2.91201 0)
(4.23177 5.50483 0)
(7.59931 2.21982 0)
(6.34081 4.46191 0)
(8.20835 1.40982 0)
(6.62592 3.39658 0)
(8.36511 1.38716 0)
(8.00477 2.53103 0)
(9.13713 1.75409 0)
(8.96879 2.86555 0)
(9.94584 2.77507 0)
(10.9416 2.90827 0)
(11.7758 1.86207 0)
(12.1391 1.62431 0)
(12.9476 0.0516622 0)
(13.2464 0.254454 0)
(13.3062 -0.0801999 0)
(13.4308 -0.00377478 0)
(13.7851 -0.217809 0)
(13.6165 -0.55442 0)
(13.8025 -0.434027 0)
(13.6494 -0.696112 0)
(13.5727 -0.844751 0)
(13.34 -0.972642 0)
(13.1499 -1.27939 0)
(13.237 -1.60319 0)
(12.8647 -2.0301 0)
(12.5975 -2.10361 0)
(11.9223 -2.15027 0)
(11.2556 -2.01321 0)
(10.7812 -1.61444 0)
(10.0023 -1.25784 0)
(9.53034 -0.490712 0)
(9.4215 0.194047 0)
(8.84428 0.961834 0)
(8.80311 1.69076 0)
(9.0573 2.02869 0)
(8.77054 2.15246 0)
(9.35857 1.70906 0)
(9.2828 1.3735 0)
(9.35254 0.945995 0)
(10.1014 0.17197 0)
(9.81121 -0.168686 0)
(9.75952 -0.684172 0)
(10.2077 -1.68127 0)
(9.76722 -2.06425 0)
(7.8355 -1.6851 0)
(6.21279 -1.69539 0)
(5.47054 -1.27853 0)
(3.95683 0.508058 0)
(3.03225 0.843362 0)
(2.51753 -0.849809 0)
(1.34342 -3.25163 0)
(-1.00489 -5.77721 0)
(-3.45275 -7.11545 0)
(-3.85187 -5.77607 0)
(-3.78682 -3.77688 0)
(-3.63048 -2.06719 0)
(-4.09504 -0.583239 0)
(-2.99253 0.471849 0)
(-2.1793 1.1872 0)
(-2.34034 2.38042 0)
(-1.40218 2.09844 0)
(0.875658 4.74482 0)
(-0.636861 2.88443 0)
(2.95071 4.1581 0)
(1.94667 3.55586 0)
(3.90995 3.23059 0)
(3.36155 2.01687 0)
(4.58817 1.98792 0)
(4.36992 2.23522 0)
(6.23251 2.24363 0)
(6.61065 2.23015 0)
(7.74558 1.95709 0)
(8.34148 1.27642 0)
(9.04807 0.891397 0)
(9.35654 0.0853269 0)
(9.92674 -1.20436 0)
(9.47527 -1.91528 0)
(8.7017 -1.75826 0)
(7.34276 -1.91853 0)
(6.26617 -1.89561 0)
(5.01015 -1.30402 0)
(4.21549 -0.124966 0)
(3.62655 0.0176323 0)
(3.74135 0.083087 0)
(3.63582 -0.824418 0)
(3.32172 -1.42678 0)
(1.85177 -3.21808 0)
(2.24836 -3.74822 0)
(0.0741863 -5.32656 0)
(1.75384 -2.31266 0)
(-2.51298 -2.22743 0)
(3.63642 -0.530745 0)
(-0.938634 -1.81371 0)
(1.1568 0.870511 0)
(1.93827 -0.906939 0)
(-1.06696 2.88205 0)
(4.76828 1.21962 0)
(2.19687 5.32275 0)
(5.59017 2.14981 0)
(4.31105 5.49355 0)
(6.1171 1.75826 0)
(5.88102 4.32309 0)
(7.20897 1.42665 0)
(6.74261 3.06765 0)
(7.88866 1.31904 0)
(7.97836 2.16655 0)
(8.68079 1.80169 0)
(9.04038 2.43066 0)
(10.2478 2.36359 0)
(11.0599 2.54466 0)
(11.9099 1.66082 0)
(12.2514 1.41777 0)
(12.7631 0.0236398 0)
(13.1414 0.181912 0)
(13.1385 -0.0843827 0)
(13.2711 -0.068834 0)
(13.4446 -0.231497 0)
(13.2235 -0.551457 0)
(13.2515 -0.431936 0)
(12.9958 -0.594329 0)
(12.858 -0.758354 0)
(12.5797 -0.869823 0)
(12.4706 -1.25179 0)
(12.3323 -1.55484 0)
(11.7261 -1.81392 0)
(11.2284 -1.8847 0)
(10.3983 -1.87504 0)
(9.69341 -1.71613 0)
(9.13129 -1.34427 0)
(8.41067 -0.991046 0)
(8.10131 -0.338547 0)
(7.86648 0.352374 0)
(7.63354 0.991455 0)
(7.89911 1.61054 0)
(8.0148 2.04782 0)
(8.44877 2.01561 0)
(8.89483 1.65154 0)
(8.79023 1.3653 0)
(9.36161 0.753965 0)
(9.6947 0.184205 0)
(9.37866 -0.0935172 0)
(9.68582 -0.811009 0)
(9.79387 -1.5944 0)
(8.79643 -1.53028 0)
(6.70859 -1.01395 0)
(5.42312 -1.19073 0)
(4.91354 -0.842673 0)
(3.6514 0.902187 0)
(3.25086 1.06045 0)
(3.13641 -0.466354 0)
(2.29234 -2.50532 0)
(-0.0684168 -4.85055 0)
(-3.1334 -6.23044 0)
(-4.56118 -5.43808 0)
(-4.17079 -3.68828 0)
(-4.31249 -1.98861 0)
(-4.65059 -0.73926 0)
(-3.18903 0.159721 0)
(-4.08594 1.06556 0)
(-2.44533 2.26035 0)
(-3.2974 1.39488 0)
(0.504121 4.55779 0)
(-1.09351 2.33761 0)
(2.15245 3.74341 0)
(1.27773 3.24437 0)
(3.53204 2.86417 0)
(3.03082 1.88599 0)
(4.2559 1.68499 0)
(4.6245 1.73483 0)
(6.06715 1.83707 0)
(6.35503 1.89614 0)
(7.72201 1.57582 0)
(8.08544 1.0381 0)
(8.86146 0.687178 0)
(9.23339 -0.122081 0)
(9.69924 -1.22065 0)
(8.99666 -1.63695 0)
(8.32519 -1.32223 0)
(6.96085 -1.4458 0)
(6.00012 -1.43506 0)
(4.78433 -0.926587 0)
(4.29829 0.0975988 0)
(3.852 0.109225 0)
(4.1817 0.0729054 0)
(3.92578 -0.693579 0)
(3.71754 -1.1391 0)
(2.29543 -2.7098 0)
(1.45147 -3.28745 0)
(-1.29235 -4.44611 0)
(-0.700511 -1.78371 0)
(-3.00341 -2.57599 0)
(1.81686 -0.856703 0)
(-2.92949 -1.53062 0)
(-0.320761 0.0338096 0)
(-0.914798 -0.594436 0)
(-1.67588 2.50098 0)
(0.233345 0.473346 0)
(1.82455 5.56645 0)
(2.1095 1.29349 0)
(3.83901 5.49618 0)
(4.41177 1.44288 0)
(5.20677 3.95793 0)
(6.38407 1.28768 0)
(6.65013 2.6853 0)
(7.34958 1.29549 0)
(7.8163 1.8057 0)
(8.21262 1.67708 0)
(9.39839 1.89005 0)
(10.0422 2.01879 0)
(10.9483 2.20839 0)
(11.9394 1.36194 0)
(12.2832 1.13811 0)
(12.1573 -0.0131184 0)
(12.4989 0.131212 0)
(12.373 -0.0379532 0)
(12.456 -0.0874859 0)
(12.4569 -0.198996 0)
(12.2001 -0.463254 0)
(12.1264 -0.378106 0)
(11.8645 -0.483018 0)
(11.7085 -0.68384 0)
(11.4788 -0.831344 0)
(11.2705 -1.1528 0)
(10.8293 -1.36716 0)
(10.0868 -1.54246 0)
(9.41749 -1.59488 0)
(8.54843 -1.53541 0)
(7.84586 -1.39486 0)
(7.22825 -1.08952 0)
(6.59032 -0.749232 0)
(6.33146 -0.178534 0)
(6.16889 0.420987 0)
(6.21229 0.942727 0)
(6.49437 1.53012 0)
(6.95532 1.87369 0)
(7.67662 1.79261 0)
(7.95244 1.57405 0)
(8.32602 1.21386 0)
(8.88366 0.62648 0)
(8.93288 0.214964 0)
(8.95758 -0.185645 0)
(9.26995 -0.885519 0)
(8.86839 -1.27154 0)
(7.55269 -0.860173 0)
(5.58025 -0.40015 0)
(4.75875 -0.83055 0)
(4.4198 -0.509783 0)
(3.43069 1.1582 0)
(3.44871 1.08873 0)
(3.92732 -0.234792 0)
(3.36194 -1.79923 0)
(0.794302 -3.70339 0)
(-2.74334 -5.30261 0)
(-4.66708 -5.18878 0)
(-4.5028 -3.57488 0)
(-4.8002 -2.08835 0)
(-4.53422 -0.997042 0)
(-3.50331 0.0362411 0)
(-5.40971 0.952683 0)
(-2.24127 1.86462 0)
(-4.55071 0.744319 0)
(0.506618 4.02581 0)
(-1.62199 2.06197 0)
(1.5357 3.43096 0)
(0.817806 2.83533 0)
(2.99501 2.49421 0)
(2.89449 1.70196 0)
(4.27279 1.35354 0)
(4.51168 1.40849 0)
(5.67746 1.57067 0)
(6.15751 1.50563 0)
(7.62484 1.2169 0)
(7.64609 0.841261 0)
(8.69292 0.43888 0)
(9.06486 -0.312344 0)
(9.36294 -1.10213 0)
(8.39637 -1.31625 0)
(7.91159 -0.952253 0)
(6.62897 -0.993382 0)
(5.85118 -0.975184 0)
(4.62135 -0.591494 0)
(4.43068 0.213249 0)
(4.04623 0.155929 0)
(4.56558 0.033669 0)
(4.27594 -0.544789 0)
(4.13464 -0.876481 0)
(2.45918 -2.03966 0)
(1.1218 -2.57889 0)
(-1.72861 -3.74523 0)
(-1.56566 -1.76463 0)
(-2.46733 -2.73587 0)
(-0.853318 -0.818337 0)
(-4.09353 -0.999986 0)
(-1.71962 -0.135821 0)
(-3.73331 -0.484805 0)
(-1.75102 2.54227 0)
(-3.75672 -0.391114 0)
(1.3607 5.52757 0)
(-0.330733 0.72883 0)
(3.2529 5.21479 0)
(3.65339 1.29096 0)
(4.62744 3.3746 0)
(5.82373 1.1388 0)
(6.2185 2.29642 0)
(7.18087 1.21758 0)
(7.71439 1.46067 0)
(8.15634 1.39145 0)
(9.53253 1.52201 0)
(9.67809 1.75135 0)
(10.9919 1.76389 0)
(11.7948 1.14203 0)
(12.4385 0.928564 0)
(10.9836 -0.047259 0)
(11.1459 0.0814398 0)
(10.9375 -0.0106458 0)
(10.9656 -0.0782166 0)
(10.912 -0.162751 0)
(10.7097 -0.369288 0)
(10.6177 -0.327454 0)
(10.4193 -0.423784 0)
(10.2306 -0.612019 0)
(9.93468 -0.745226 0)
(9.51949 -0.969111 0)
(8.88784 -1.1037 0)
(8.14956 -1.23661 0)
(7.38359 -1.26722 0)
(6.49146 -1.19799 0)
(5.77569 -1.09013 0)
(5.14571 -0.837048 0)
(4.62517 -0.542624 0)
(4.4586 -0.0942781 0)
(4.42392 0.401915 0)
(4.57408 0.858442 0)
(5.01714 1.32635 0)
(5.73299 1.58205 0)
(6.38085 1.56507 0)
(6.89973 1.35149 0)
(7.54238 0.97905 0)
(7.90183 0.549518 0)
(8.07583 0.175039 0)
(8.32919 -0.297123 0)
(8.30348 -0.785646 0)
(7.45168 -0.807984 0)
(6.19413 -0.216698 0)
(4.59728 0.0534223 0)
(4.36661 -0.597444 0)
(3.99708 -0.306318 0)
(3.29827 1.29834 0)
(3.6263 0.944079 0)
(4.57582 -0.217239 0)
(4.29195 -1.13573 0)
(1.71326 -2.47264 0)
(-2.09987 -4.17573 0)
(-4.72829 -4.7869 0)
(-5.11991 -3.60903 0)
(-5.53331 -2.34206 0)
(-5.10838 -1.1487 0)
(-4.97585 0.188474 0)
(-6.36899 0.887801 0)
(-1.77368 1.53708 0)
(-5.52898 0.512036 0)
(-0.429887 3.3214 0)
(-2.50456 1.67017 0)
(1.20039 3.01809 0)
(0.528986 2.38723 0)
(2.61293 2.06089 0)
(2.81918 1.40308 0)
(4.19097 1.1032 0)
(4.12142 1.13647 0)
(5.55854 1.19423 0)
(6.00954 1.0563 0)
(7.3072 0.939157 0)
(7.26434 0.624486 0)
(8.62927 0.128421 0)
(8.7358 -0.445524 0)
(8.87109 -0.914712 0)
(7.6789 -0.999457 0)
(7.42334 -0.628885 0)
(6.24598 -0.640391 0)
(5.71683 -0.58492 0)
(4.49626 -0.327393 0)
(4.49438 0.304389 0)
(4.21321 0.126665 0)
(4.88015 -0.0153936 0)
(4.65699 -0.448977 0)
(4.4673 -0.525722 0)
(2.89038 -1.39793 0)
(1.61882 -1.80446 0)
(-0.806315 -3.03858 0)
(-1.92981 -1.89923 0)
(-2.59559 -2.36341 0)
(-2.65246 -0.622367 0)
(-3.98912 -0.830037 0)
(-2.5687 -0.19243 0)
(-4.19408 -0.523315 0)
(-1.83498 2.56419 0)
(-4.48132 -1.24664 0)
(1.51393 5.17374 0)
(-0.567722 0.553388 0)
(2.42399 4.20458 0)
(3.3806 1.11455 0)
(4.24331 2.70986 0)
(5.52575 0.968376 0)
(6.01936 1.75145 0)
(7.34783 0.990007 0)
(7.60448 1.11959 0)
(8.46744 1.01221 0)
(9.34413 1.19558 0)
(9.74989 1.39815 0)
(11.011 1.36374 0)
(11.8683 0.80024 0)
(12.6034 0.558175 0)
(9.22075 -0.0578243 0)
(9.22484 0.051404 0)
(9.06727 0.0125358 0)
(9.13331 -0.0745987 0)
(9.11142 -0.147275 0)
(8.95104 -0.297636 0)
(8.82696 -0.292986 0)
(8.59687 -0.351516 0)
(8.30951 -0.483817 0)
(7.92688 -0.582795 0)
(7.42703 -0.724956 0)
(6.77577 -0.825292 0)
(5.98333 -0.903282 0)
(5.12387 -0.899037 0)
(4.28099 -0.863441 0)
(3.59032 -0.802171 0)
(3.00922 -0.617326 0)
(2.61551 -0.390687 0)
(2.5244 -0.0468962 0)
(2.58301 0.348554 0)
(2.84987 0.712614 0)
(3.42839 1.0577 0)
(4.19331 1.25869 0)
(4.95061 1.2366 0)
(5.68471 1.04846 0)
(6.28987 0.783271 0)
(6.73143 0.427412 0)
(7.12962 0.0440959 0)
(7.22359 -0.31433 0)
(6.77067 -0.497908 0)
(5.79721 -0.308933 0)
(4.93622 0.268053 0)
(3.97475 0.295888 0)
(4.20383 -0.485759 0)
(3.60484 -0.105452 0)
(3.12881 1.28367 0)
(3.85813 0.609465 0)
(4.88187 -0.38918 0)
(5.08899 -0.609912 0)
(2.8618 -1.29713 0)
(-1.01518 -2.7545 0)
(-4.55064 -3.67746 0)
(-6.05251 -3.10168 0)
(-6.49832 -2.03773 0)
(-6.44412 -0.737619 0)
(-6.54939 0.319448 0)
(-6.47113 0.279749 0)
(-2.74132 0.968946 0)
(-6.6384 0.553994 0)
(-1.24869 2.82999 0)
(-3.45512 1.0318 0)
(0.804384 2.40755 0)
(0.440387 1.99843 0)
(2.36557 1.67267 0)
(2.61038 1.0849 0)
(4.11751 0.852285 0)
(3.97228 0.795768 0)
(5.60047 0.813211 0)
(5.64206 0.776768 0)
(7.00155 0.700478 0)
(7.17634 0.305673 0)
(8.48828 -0.149701 0)
(8.09356 -0.438683 0)
(8.1394 -0.661046 0)
(6.84797 -0.687143 0)
(6.82494 -0.38695 0)
(5.7219 -0.314888 0)
(5.48688 -0.240767 0)
(4.26416 -0.0581333 0)
(4.52608 0.303916 0)
(4.3889 0.0560412 0)
(5.18131 -0.131461 0)
(4.81623 -0.343606 0)
(4.63219 -0.26251 0)
(3.21471 -0.853324 0)
(2.1626 -1.19281 0)
(-0.0751479 -2.27869 0)
(-1.33895 -1.58581 0)
(-2.80203 -1.78444 0)
(-3.11821 -0.664713 0)
(-3.64667 -0.54927 0)
(-3.42012 -0.368503 0)
(-4.17416 -0.661956 0)
(-2.11078 2.74041 0)
(-3.8659 -1.74923 0)
(1.1308 3.85523 0)
(-0.0839065 0.626359 0)
(1.39793 2.92224 0)
(3.28268 0.895283 0)
(4.06188 1.96251 0)
(5.12565 0.716984 0)
(5.96956 1.19369 0)
(6.86 0.820032 0)
(7.42428 0.808281 0)
(8.18802 0.73821 0)
(8.82727 0.958074 0)
(9.54044 0.993054 0)
(10.8136 0.870424 0)
(11.6686 0.490342 0)
(12.275 0.328841 0)
(7.06273 -0.000999228 0)
(7.04585 0.0646055 0)
(7.01572 0.0119321 0)
(7.08621 -0.0721948 0)
(7.0171 -0.109188 0)
(6.83671 -0.2022 0)
(6.6647 -0.205253 0)
(6.41066 -0.235846 0)
(6.10131 -0.328657 0)
(5.68838 -0.392096 0)
(5.12894 -0.470267 0)
(4.45419 -0.521786 0)
(3.67674 -0.551258 0)
(2.88714 -0.562674 0)
(2.15392 -0.572868 0)
(1.50316 -0.538702 0)
(0.97927 -0.431616 0)
(0.658198 -0.292696 0)
(0.584268 -0.0435327 0)
(0.70054 0.259777 0)
(1.06462 0.521958 0)
(1.71289 0.741209 0)
(2.53223 0.875574 0)
(3.38454 0.872066 0)
(4.19681 0.745428 0)
(4.91523 0.513099 0)
(5.46918 0.20393 0)
(5.69236 -0.0311033 0)
(5.48525 -0.159185 0)
(4.92646 -0.137426 0)
(4.31112 0.0622674 0)
(3.99876 0.471561 0)
(3.94014 0.323484 0)
(4.23932 -0.364225 0)
(3.16771 0.123316 0)
(3.20937 1.12816 0)
(4.58915 0.200165 0)
(4.94706 -0.737875 0)
(5.40704 -0.288954 0)
(4.15098 -0.203856 0)
(1.01711 -1.4079 0)
(-2.76281 -2.6367 0)
(-5.6123 -2.69007 0)
(-6.46673 -1.9202 0)
(-6.72738 -0.887008 0)
(-6.5625 -0.202464 0)
(-6.17711 -0.272876 0)
(-4.21335 0.83077 0)
(-7.38985 0.311997 0)
(-0.0559103 1.94334 0)
(-3.75788 0.796353 0)
(-0.167344 1.61358 0)
(-0.0261112 1.44917 0)
(2.28394 1.2469 0)
(2.29735 0.698278 0)
(4.07914 0.527419 0)
(3.84193 0.48423 0)
(5.39609 0.516311 0)
(5.36061 0.465329 0)
(6.84931 0.316508 0)
(6.92657 0.0166517 0)
(7.73519 -0.212591 0)
(6.99282 -0.315779 0)
(7.03485 -0.391787 0)
(5.73823 -0.397452 0)
(5.86115 -0.199755 0)
(4.83326 -0.117077 0)
(4.94745 0.0134764 0)
(3.94973 0.114002 0)
(4.63944 0.224577 0)
(4.58238 -0.0771251 0)
(5.28153 -0.199461 0)
(4.64549 -0.198933 0)
(4.54537 0.0224192 0)
(3.44536 -0.329556 0)
(2.6056 -0.654629 0)
(0.594363 -1.48858 0)
(-0.71914 -1.19435 0)
(-2.27212 -1.32686 0)
(-2.4362 -0.782328 0)
(-3.86076 -0.326103 0)
(-2.01632 -0.419339 0)
(-5.33081 -0.747265 0)
(-0.436828 2.25488 0)
(-3.44861 -1.47946 0)
(-0.606357 2.37705 0)
(0.265528 0.602351 0)
(0.36429 1.92621 0)
(3.18315 0.634393 0)
(3.64212 1.36455 0)
(4.69384 0.539703 0)
(5.84716 0.768233 0)
(6.48352 0.589426 0)
(7.57829 0.485544 0)
(7.91282 0.484328 0)
(8.99681 0.589914 0)
(9.4939 0.583427 0)
(10.9818 0.420809 0)
(11.3403 0.272803 0)
(12.3834 0.0581083 0)
(4.67313 -0.00105198 0)
(4.68368 0.0205147 0)
(4.68834 -0.0123939 0)
(4.68215 -0.0510827 0)
(4.57973 -0.0665204 0)
(4.4153 -0.120677 0)
(4.22276 -0.122252 0)
(3.97444 -0.130845 0)
(3.66254 -0.169801 0)
(3.26289 -0.190058 0)
(2.7645 -0.21638 0)
(2.19949 -0.234242 0)
(1.59086 -0.259274 0)
(0.962089 -0.286093 0)
(0.326488 -0.310749 0)
(-0.285121 -0.315598 0)
(-0.811833 -0.274851 0)
(-1.16447 -0.192846 0)
(-1.26636 -0.0376208 0)
(-1.12023 0.142949 0)
(-0.71258 0.293537 0)
(-0.043468 0.422239 0)
(0.807033 0.498087 0)
(1.71684 0.486782 0)
(2.57714 0.389646 0)
(3.26327 0.250047 0)
(3.64286 0.120933 0)
(3.69037 0.0528192 0)
(3.55416 0.0234947 0)
(3.32625 0.0390437 0)
(3.32206 0.142215 0)
(3.56396 0.378121 0)
(4.09945 0.215142 0)
(4.28277 -0.124279 0)
(3.07765 0.277951 0)
(3.83281 0.677439 0)
(5.59682 0.0399376 0)
(4.98152 -0.634961 0)
(4.60886 -0.342503 0)
(4.70321 0.391892 0)
(3.37256 -0.0686088 0)
(0.362387 -1.25205 0)
(-3.42755 -1.73222 0)
(-5.60682 -1.39996 0)
(-6.58369 -0.732613 0)
(-6.71774 -0.300986 0)
(-6.63179 -0.0868533 0)
(-5.44539 0.637399 0)
(-6.6097 -0.411887 0)
(-1.85398 0.996534 0)
(-4.56753 0.894732 0)
(-0.393018 0.892518 0)
(-0.686153 0.837232 0)
(2.04016 0.74516 0)
(2.14364 0.359948 0)
(3.54564 0.232261 0)
(3.54914 0.224451 0)
(4.67828 0.196735 0)
(4.83707 0.138274 0)
(5.78053 0.042838 0)
(5.60577 -0.0736292 0)
(5.91569 -0.162419 0)
(5.18083 -0.158396 0)
(5.14544 -0.15079 0)
(4.08445 -0.117865 0)
(4.25696 -0.00854042 0)
(3.45492 0.0833593 0)
(3.96611 0.123102 0)
(3.51982 0.089682 0)
(4.4131 -0.00295273 0)
(4.03896 -0.167813 0)
(4.3602 -0.143688 0)
(3.54946 -0.0200457 0)
(3.97475 0.178147 0)
(3.36245 0.0262757 0)
(3.19353 -0.123654 0)
(1.35342 -0.706225 0)
(0.177132 -0.623942 0)
(-1.56117 -0.791285 0)
(-1.66432 -0.474908 0)
(-3.9882 -0.310028 0)
(-0.78431 -0.254489 0)
(-5.66367 -0.458135 0)
(-0.406923 1.3967 0)
(-3.09363 -0.852205 0)
(-2.28791 1.53518 0)
(0.47355 0.415442 0)
(0.265487 1.13362 0)
(3.16354 0.417369 0)
(3.71862 0.666574 0)
(4.74674 0.254172 0)
(5.79657 0.285053 0)
(6.38948 0.202606 0)
(7.18969 0.163161 0)
(7.53266 0.171601 0)
(8.3677 0.223457 0)
(8.81968 0.200328 0)
(9.70886 0.0832369 0)
(9.80083 0.00665452 0)
(10.4794 -0.139814 0)
(1.78409 0.0235677 0)
(1.79483 0.0101696 0)
(1.80205 0.00195612 0)
(1.77154 -0.0100826 0)
(1.6921 -0.0138017 0)
(1.56562 -0.024652 0)
(1.41028 -0.0172581 0)
(1.25147 -0.0101015 0)
(1.0741 -0.013673 0)
(0.863083 -0.0140714 0)
(0.616735 -0.0225521 0)
(0.336404 -0.0374187 0)
(0.00870716 -0.0535976 0)
(-0.368264 -0.0688674 0)
(-0.804226 -0.0831368 0)
(-1.30464 -0.0962071 0)
(-1.80361 -0.093706 0)
(-2.20094 -0.0792013 0)
(-2.40648 -0.0417612 0)
(-2.36835 0.0112301 0)
(-2.08577 0.0566259 0)
(-1.5621 0.0973346 0)
(-0.858059 0.113922 0)
(-0.101729 0.109385 0)
(0.576692 0.0911326 0)
(1.08622 0.0694758 0)
(1.397 0.0441875 0)
(1.5431 0.022265 0)
(1.59804 0.00938793 0)
(1.6173 -0.00503451 0)
(1.71356 0.0102008 0)
(2.04815 0.0614071 0)
(2.53278 0.0333542 0)
(2.58648 0.0729081 0)
(2.60021 0.175282 0)
(3.5363 0.0117872 0)
(4.0778 -0.194916 0)
(3.15501 -0.149613 0)
(2.2548 -0.00650823 0)
(2.45186 0.263738 0)
(3.44276 0.38555 0)
(3.39093 0.0587359 0)
(0.914488 -0.374155 0)
(-1.82043 -0.501375 0)
(-3.61248 -0.397542 0)
(-4.76749 -0.312791 0)
(-5.39814 -0.215327 0)
(-4.68855 0.19854 0)
(-5.1189 -0.27297 0)
(-4.62838 0.224414 0)
(-3.44056 0.324537 0)
(-1.22847 0.106038 0)
(-0.879998 0.168438 0)
(1.02696 0.115814 0)
(1.37316 -0.0150577 0)
(1.85355 -0.0334985 0)
(1.99355 -0.0255331 0)
(2.33897 -0.0251245 0)
(2.44027 -0.0135063 0)
(2.65939 -0.0118183 0)
(2.52368 -0.0181801 0)
(2.47759 -0.00796161 0)
(2.18433 0.0199739 0)
(2.1631 0.0331848 0)
(1.8897 0.0238288 0)
(2.01177 0.0278475 0)
(1.89618 0.00686785 0)
(2.1939 -0.0209472 0)
(2.08473 -0.0433565 0)
(2.32112 -0.0322205 0)
(1.93181 -0.00970013 0)
(2.03473 0.00962262 0)
(1.62425 0.028792 0)
(2.17094 0.0714329 0)
(2.0381 0.0623512 0)
(2.52553 0.0598779 0)
(1.63832 -0.150844 0)
(0.986442 -0.142342 0)
(-0.352781 -0.272353 0)
(-1.10588 -0.162631 0)
(-2.47045 -0.229924 0)
(-1.68363 -0.197089 0)
(-4.61718 -0.269134 0)
(-1.87724 0.167875 0)
(-2.87227 -0.299936 0)
(-2.36145 0.393837 0)
(0.0272895 -0.00840263 0)
(-0.411854 0.206622 0)
(2.3267 -0.0290353 0)
(2.07325 0.0430392 0)
(2.86202 -0.0497998 0)
(3.25663 -0.0177097 0)
(3.47516 -0.0171449 0)
(3.72641 -0.0151652 0)
(3.9006 -0.0104905 0)
(4.20232 -0.000165772 0)
(4.43328 -0.00918183 0)
(4.66681 -0.0205003 0)
(4.6505 0.00309745 0)
(4.73565 -0.058728 0)
(-0.167444 -0.0339786 0)
(0.730319 -0.0836889 0)
(1.09216 -0.0381414 0)
(1.3535 0.014975 0)
(1.48135 0.0334044 0)
(1.37171 0.0610739 0)
(1.21187 -0.0235079 0)
(1.4369 -0.0681274 0)
(1.57955 0.109687 0)
(0.899734 0.277878 0)
(-0.446754 0.32801 0)
(-1.99462 0.142392 0)
(-2.68711 -0.0636609 0)
(-2.64349 -0.116533 0)
(-2.37274 -0.117633 0)
(-1.81088 -0.117828 0)
(-1.20215 -0.132657 0)
(-0.407171 -0.149261 0)
(0.529166 -0.139235 0)
(1.5736 -0.109934 0)
(2.51921 0.0023042 0)
(2.88018 0.105271 0)
(2.46836 0.123092 0)
(1.98866 0.0357624 0)
(2.14041 -0.0973508 0)
(2.7589 -0.201824 0)
(3.47935 -0.313764 0)
(3.74529 -0.177633 0)
(2.34838 0.172375 0)
(-0.226736 0.374889 0)
(-2.84384 0.478611 0)
(-4.97863 0.472456 0)
(-6.39256 0.396875 0)
(-7.04487 0.288287 0)
(-6.64219 -0.0769061 0)
(-5.8538 -0.000653495 0)
(-4.3622 -0.228951 0)
(-2.96378 -0.453325 0)
(-0.176867 -0.354633 0)
(1.31328 -0.263472 0)
(2.92299 -0.14795 0)
(3.73384 -0.025119 0)
(4.06864 0.0660745 0)
(3.98563 0.122906 0)
(3.60083 0.139375 0)
(3.04573 0.128929 0)
(2.44784 0.10943 0)
(1.85907 0.0900274 0)
(1.39379 0.0586509 0)
(1.05483 0.0173888 0)
(0.800532 -0.00834381 0)
(0.608175 -0.0237676 0)
(0.576249 -0.0483245 0)
(0.818059 -0.0845675 0)
(1.30393 -0.10275 0)
(1.85566 -0.117975 0)
(2.37798 -0.120916 0)
(2.57943 -0.0858246 0)
(2.22648 0.0507283 0)
(1.1509 0.22178 0)
(-0.441034 0.293041 0)
(-2.08477 0.332832 0)
(-3.27254 0.223811 0)
(-3.93487 0.211519 0)
(-4.0117 -0.0134467 0)
(-3.33773 -0.079927 0)
(-2.37139 -0.154795 0)
(-1.1324 -0.185882 0)
(0.0749892 -0.141345 0)
(1.00038 -0.0870469 0)
(1.66425 -0.0401292 0)
(2.07182 -0.0104039 0)
(2.28959 0.00207057 0)
(2.3682 0.00171101 0)
(2.34278 4.40662e-05 0)
(2.24038 -0.000773087 0)
(2.08535 0.00251711 0)
(1.90576 0.00928566 0)
(1.72114 0.0131781 0)
(1.5421 0.0137068 0)
(1.37388 0.00946876 0)
(1.23218 0.00234987 0)
(1.12779 -0.00819894 0)
(1.06075 -0.015674 0)
(1.01849 -0.0204032 0)
(0.989504 -0.0173168 0)
(0.963792 -0.0115217 0)
(0.945902 -0.00398292 0)
(0.94175 -0.00532977 0)
(0.94846 -0.00695627 0)
(0.93157 0.000755427 0)
(0.873298 0.0126346 0)
(0.837935 0.0114058 0)
(0.836396 0.00916211 0)
(0.724537 0.000540744 0)
(0.491121 0.0502382 0)
(-0.383754 0.190357 0)
(-1.27779 0.151551 0)
(-0.893201 -0.0552897 0)
(-0.475037 -0.138235 0)
(-0.171858 -0.185115 0)
(1.05452 -0.478455 0)
(1.27152 -0.247769 0)
(1.6196 -0.129245 0)
(1.91709 -0.0919425 0)
(1.92813 0.0800476 0)
(2.07577 -0.0117353 0)
(1.89953 -0.175005 0)
(2.05228 0.1528 0)
(1.71434 0.574899 0)
(0.859631 0.805172 0)
(-0.277387 0.68277 0)
(-0.879135 0.331074 0)
(-1.14031 0.0173869 0)
(-1.22066 -0.261332 0)
(-0.648617 -0.40699 0)
(-0.117623 -0.502692 0)
(0.694948 -0.634152 0)
(1.8643 -0.681335 0)
(3.02534 -0.768251 0)
(4.11661 -0.5489 0)
(4.8661 -0.0553654 0)
(4.72529 0.321686 0)
(4.60123 0.15881 0)
(5.04976 -0.305295 0)
(5.43587 -0.441828 0)
(4.22938 -0.0482368 0)
(1.39648 0.844116 0)
(-2.07255 1.59124 0)
(-5.15762 1.6805 0)
(-7.33386 1.41854 0)
(-8.5012 0.928267 0)
(-8.68779 0.403653 0)
(-8.23972 0.00884893 0)
(-6.88851 -0.816034 0)
(-6.5781 -0.638377 0)
(-2.63606 -1.09002 0)
(-2.44275 -1.32345 0)
(1.06219 -1.44811 0)
(2.42428 -1.06036 0)
(4.34593 -0.75482 0)
(5.36733 -0.403969 0)
(5.97394 -0.139586 0)
(6.10218 0.106099 0)
(5.95682 0.287912 0)
(5.55844 0.367359 0)
(5.01173 0.383666 0)
(4.3825 0.347756 0)
(3.88019 0.254485 0)
(3.55232 0.200887 0)
(3.24217 0.195648 0)
(2.9601 0.140623 0)
(2.79393 -0.029836 0)
(2.90542 -0.2461 0)
(3.20827 -0.375276 0)
(3.56441 -0.356326 0)
(3.65652 -0.156334 0)
(3.07298 0.171396 0)
(1.78809 0.582803 0)
(0.056169 0.928652 0)
(-1.86703 1.01391 0)
(-3.33697 0.913195 0)
(-4.27116 0.439066 0)
(-4.72261 0.343554 0)
(-4.05023 -0.333206 0)
(-3.64917 -0.478623 0)
(-2.09453 -0.77379 0)
(-0.716857 -0.837008 0)
(0.838438 -0.731133 0)
(2.10422 -0.554301 0)
(3.11752 -0.373828 0)
(3.83896 -0.223902 0)
(4.32188 -0.108045 0)
(4.59651 -0.0156629 0)
(4.66871 0.0639572 0)
(4.529 0.123211 0)
(4.21735 0.15321 0)
(3.81849 0.15293 0)
(3.40558 0.144098 0)
(3.00687 0.138365 0)
(2.62535 0.13019 0)
(2.26608 0.108031 0)
(1.93412 0.0837596 0)
(1.62812 0.0621606 0)
(1.33869 0.0518043 0)
(1.07535 0.043013 0)
(0.867881 0.0328675 0)
(0.738596 0.0128228 0)
(0.675584 0.00367065 0)
(0.641049 0.00849998 0)
(0.588997 0.0277795 0)
(0.522411 0.0242096 0)
(0.490248 0.00480231 0)
(0.459997 0.0427751 0)
(0.17127 0.168194 0)
(-0.391149 0.373334 0)
(-1.20944 0.496389 0)
(-1.56255 0.107843 0)
(-0.811116 -0.316601 0)
(-0.577274 -0.477932 0)
(0.450518 -0.425738 0)
(0.877388 -0.629571 0)
(1.04917 -0.318836 0)
(1.47044 -0.20406 0)
(1.64793 -0.165381 0)
(1.63172 0.051804 0)
(1.88275 -0.027778 0)
(1.39395 -0.126919 0)
(1.40668 0.22933 0)
(1.16081 0.804524 0)
(0.663109 1.13139 0)
(0.0115871 0.928622 0)
(-0.312082 0.416456 0)
(-0.333963 0.0691042 0)
(-0.351566 -0.277481 0)
(0.288817 -0.515273 0)
(0.859753 -0.670094 0)
(1.56712 -0.953715 0)
(2.82714 -1.06459 0)
(4.03488 -1.21297 0)
(4.92381 -0.917336 0)
(5.5012 -0.137249 0)
(5.64898 0.372705 0)
(6.26753 0.00842964 0)
(6.14157 -0.424871 0)
(4.73424 0.134661 0)
(1.75596 1.26278 0)
(-2.09036 2.22184 0)
(-5.26356 2.63164 0)
(-7.13042 2.39451 0)
(-8.01984 1.86072 0)
(-8.14651 1.13454 0)
(-7.70952 0.250771 0)
(-6.95153 -0.0799574 0)
(-5.03045 -1.1372 0)
(-5.72247 -1.52243 0)
(-1.46066 -2.15401 0)
(-0.623128 -2.0771 0)
(2.14748 -2.33007 0)
(3.72264 -1.81006 0)
(5.58961 -1.31003 0)
(6.75046 -0.705332 0)
(7.42726 -0.215723 0)
(7.47621 0.169063 0)
(7.22684 0.392582 0)
(6.83137 0.533131 0)
(6.34074 0.62169 0)
(5.83135 0.615244 0)
(5.26162 0.438019 0)
(4.7593 0.271872 0)
(4.28246 0.250774 0)
(4.09312 0.202451 0)
(4.21671 0.0241256 0)
(4.44028 -0.219646 0)
(4.51645 -0.339171 0)
(4.35018 -0.292091 0)
(3.87638 0.114696 0)
(2.95393 0.682859 0)
(1.35857 1.25609 0)
(-0.464075 1.68857 0)
(-2.41473 1.67867 0)
(-3.67759 1.45549 0)
(-4.41942 0.63025 0)
(-5.13059 0.4235 0)
(-3.89405 -0.633061 0)
(-4.06405 -0.803692 0)
(-2.13699 -1.45757 0)
(-0.773917 -1.49494 0)
(0.94007 -1.36387 0)
(2.33529 -1.07423 0)
(3.49945 -0.770521 0)
(4.389 -0.510034 0)
(5.04313 -0.308618 0)
(5.46275 -0.141415 0)
(5.67173 0.0176853 0)
(5.71461 0.172083 0)
(5.62218 0.289095 0)
(5.35033 0.351748 0)
(4.88114 0.364399 0)
(4.28047 0.356345 0)
(3.66372 0.331177 0)
(3.09434 0.300899 0)
(2.58539 0.26228 0)
(2.11914 0.236282 0)
(1.67695 0.208228 0)
(1.27285 0.179908 0)
(0.936336 0.129125 0)
(0.674564 0.0794412 0)
(0.49098 0.0365679 0)
(0.391471 0.0287681 0)
(0.324463 0.0443408 0)
(0.243084 0.0487029 0)
(0.163206 0.0344127 0)
(0.109338 0.134988 0)
(-0.145033 0.359349 0)
(-0.705067 0.599966 0)
(-1.27514 0.688356 0)
(-1.16295 0.0652825 0)
(-0.850501 -0.499217 0)
(-0.216178 -0.729357 0)
(0.394949 -0.766544 0)
(0.8397 -0.728839 0)
(1.03182 -0.464436 0)
(1.27091 -0.325156 0)
(1.19832 -0.198551 0)
(1.03604 0.0484617 0)
(1.13844 0.0176202 0)
(0.622885 -0.0345686 0)
(0.369024 0.335235 0)
(-0.0817629 1.00108 0)
(-0.346929 1.35476 0)
(-0.79401 1.06911 0)
(-1.05813 0.462088 0)
(-1.13724 0.0631114 0)
(-1.04778 -0.455913 0)
(-0.572899 -0.832984 0)
(0.410626 -0.971999 0)
(1.30243 -1.39233 0)
(2.7254 -1.57662 0)
(4.0162 -1.67158 0)
(4.85592 -1.21701 0)
(5.62003 -0.318475 0)
(6.21409 0.138061 0)
(6.64581 0.0243987 0)
(5.26108 0.203403 0)
(2.66058 1.29599 0)
(-0.742322 2.69943 0)
(-4.08667 3.5528 0)
(-6.07269 3.51112 0)
(-6.90333 2.80586 0)
(-7.21387 1.88428 0)
(-7.08631 0.989477 0)
(-6.53163 -0.317389 0)
(-6.15158 -0.717397 0)
(-3.59808 -1.52957 0)
(-3.96273 -2.13135 0)
(-0.401172 -3.19752 0)
(0.754521 -2.96029 0)
(3.44908 -3.17279 0)
(5.07174 -2.62441 0)
(6.74874 -1.93089 0)
(7.98804 -1.11844 0)
(8.71821 -0.416228 0)
(8.91699 0.217325 0)
(8.72033 0.618696 0)
(8.00553 0.758277 0)
(7.30231 0.788915 0)
(6.80613 0.794831 0)
(6.41777 0.680762 0)
(5.80257 0.560531 0)
(4.90256 0.46185 0)
(4.44212 0.203439 0)
(4.52049 -0.143952 0)
(4.78412 -0.379054 0)
(4.84221 -0.373219 0)
(4.72019 -0.118284 0)
(3.98798 0.453896 0)
(2.9634 1.226 0)
(1.15322 1.921 0)
(-0.950627 2.35602 0)
(-2.65753 2.26087 0)
(-3.76141 1.91013 0)
(-4.34827 0.815698 0)
(-5.30411 0.442379 0)
(-3.75136 -0.952382 0)
(-4.20614 -1.14137 0)
(-2.17613 -2.1984 0)
(-0.803784 -2.18804 0)
(1.0456 -2.02953 0)
(2.51401 -1.62084 0)
(3.68254 -1.20611 0)
(4.58292 -0.847048 0)
(5.32477 -0.537434 0)
(5.90392 -0.25555 0)
(6.18875 -0.0230646 0)
(6.20363 0.152112 0)
(6.11358 0.300037 0)
(6.02783 0.43232 0)
(5.81685 0.553503 0)
(5.34224 0.621928 0)
(4.64603 0.621715 0)
(3.94686 0.550865 0)
(3.3469 0.483501 0)
(2.82392 0.430709 0)
(2.32359 0.410329 0)
(1.83926 0.360179 0)
(1.39085 0.292933 0)
(0.994155 0.19596 0)
(0.692888 0.121618 0)
(0.485398 0.0786167 0)
(0.327106 0.0960441 0)
(0.177865 0.0854616 0)
(0.0309863 0.0680684 0)
(-0.0494631 0.193894 0)
(-0.175319 0.53417 0)
(-0.641081 0.747303 0)
(-1.01602 0.728694 0)
(-0.725909 -0.0204798 0)
(-0.766152 -0.715341 0)
(-0.252194 -0.98494 0)
(0.220353 -0.959754 0)
(0.754128 -0.922337 0)
(0.988934 -0.510422 0)
(0.949205 -0.276991 0)
(0.62564 -0.0907092 0)
(0.333845 0.100137 0)
(0.296837 0.107631 0)
(-0.609525 0.185445 0)
(-1.13589 0.574473 0)
(-1.58986 1.16197 0)
(-1.64098 1.45024 0)
(-2.11936 1.14774 0)
(-2.59861 0.56111 0)
(-2.60578 0.0913139 0)
(-2.36779 -0.586947 0)
(-2.21844 -1.11155 0)
(-0.709372 -1.40925 0)
(0.387829 -1.98505 0)
(2.09377 -2.22157 0)
(3.53391 -2.18725 0)
(4.42066 -1.60143 0)
(5.40578 -0.615223 0)
(5.96027 0.0268971 0)
(5.85361 0.392768 0)
(3.74442 1.11993 0)
(0.518681 2.55011 0)
(-2.758 3.90635 0)
(-4.91496 4.35905 0)
(-5.73478 3.88247 0)
(-5.85853 2.99912 0)
(-5.57318 1.83678 0)
(-5.33938 1.25365 0)
(-4.51416 -0.384923 0)
(-5.1449 -1.18034 0)
(-2.33531 -2.15739 0)
(-2.47007 -2.86497 0)
(0.693893 -4.09375 0)
(2.33205 -3.91274 0)
(4.86105 -3.99664 0)
(6.44776 -3.34286 0)
(8.00961 -2.4695 0)
(9.1085 -1.50496 0)
(9.92182 -0.573564 0)
(10.095 0.204539 0)
(9.94692 0.791773 0)
(9.42289 1.11647 0)
(8.50753 1.13786 0)
(7.66565 1.02186 0)
(7.06855 0.855673 0)
(6.66271 0.849085 0)
(5.83767 0.812995 0)
(5.16619 0.390511 0)
(4.88417 -0.153262 0)
(4.88152 -0.41222 0)
(4.96607 -0.339684 0)
(4.71306 0.0300846 0)
(4.16215 0.827674 0)
(2.69694 1.7982 0)
(1.08191 2.80001 0)
(-0.951601 3.14068 0)
(-2.66056 2.71847 0)
(-3.65592 2.37853 0)
(-3.84331 1.0096 0)
(-5.12758 0.436011 0)
(-3.30054 -1.26509 0)
(-3.91446 -1.52081 0)
(-2.02241 -2.9474 0)
(-0.771841 -2.95481 0)
(1.15583 -2.7562 0)
(2.81646 -2.17507 0)
(4.05817 -1.61045 0)
(4.87801 -1.16571 0)
(5.5021 -0.842759 0)
(6.10706 -0.517505 0)
(6.69458 -0.109373 0)
(6.88735 0.24066 0)
(6.61728 0.402632 0)
(6.27063 0.494533 0)
(6.04872 0.654577 0)
(5.7566 0.840424 0)
(5.28304 0.903806 0)
(4.69376 0.843901 0)
(4.07017 0.727835 0)
(3.45727 0.662363 0)
(2.90863 0.59986 0)
(2.44961 0.554932 0)
(2.04565 0.461619 0)
(1.65955 0.375714 0)
(1.25901 0.253429 0)
(0.875231 0.180267 0)
(0.587109 0.156399 0)
(0.384956 0.175193 0)
(0.158108 0.128846 0)
(-0.00423611 0.221762 0)
(0.0184877 0.62727 0)
(-0.251133 0.875887 0)
(-0.595661 0.752819 0)
(-0.203973 0.0131131 0)
(-0.429354 -0.714983 0)
(-0.172449 -1.1687 0)
(0.336728 -1.21613 0)
(0.620211 -1.04576 0)
(0.769573 -0.493315 0)
(0.584051 -0.153316 0)
(0.0994289 0.0509311 0)
(-0.373865 0.229293 0)
(-0.945961 0.389917 0)
(-2.2193 0.527173 0)
(-2.67108 0.817463 0)
(-3.22161 1.32156 0)
(-3.16762 1.59378 0)
(-3.77236 1.33585 0)
(-4.18754 0.624965 0)
(-3.95836 0.0156841 0)
(-3.7585 -0.673554 0)
(-3.50717 -1.42261 0)
(-1.68273 -2.03989 0)
(-0.507198 -2.68699 0)
(1.4844 -2.95343 0)
(2.96621 -2.73855 0)
(3.88544 -2.01421 0)
(4.93599 -0.892955 0)
(5.199 0.0186097 0)
(4.63479 0.943679 0)
(2.17585 2.22659 0)
(-1.10023 3.83139 0)
(-3.84001 4.88955 0)
(-4.74143 4.81727 0)
(-4.99257 3.99022 0)
(-4.80733 2.94586 0)
(-3.95491 1.32468 0)
(-4.0905 1.07773 0)
(-2.44735 -0.467562 0)
(-3.71985 -1.41932 0)
(-1.16571 -2.68457 0)
(-0.821748 -3.51988 0)
(1.87707 -4.92206 0)
(3.67744 -4.98682 0)
(6.26525 -4.83425 0)
(7.60534 -4.10574 0)
(9.24005 -2.97885 0)
(10.2554 -1.88504 0)
(10.9484 -0.807641 0)
(11.2767 0.224197 0)
(10.996 0.958991 0)
(10.5364 1.39405 0)
(9.68735 1.5069 0)
(8.71891 1.38752 0)
(7.82996 1.08534 0)
(7.34216 1.05619 0)
(6.76727 1.14455 0)
(5.95274 0.662816 0)
(5.54079 -0.00124941 0)
(5.01215 -0.409878 0)
(5.16116 -0.26905 0)
(4.58319 0.168388 0)
(4.11147 1.28888 0)
(2.41711 2.43192 0)
(0.328484 3.3505 0)
(-0.92867 3.86357 0)
(-2.33769 3.23012 0)
(-3.24741 2.69852 0)
(-2.80255 1.13654 0)
(-4.49668 0.438045 0)
(-2.54583 -1.45646 0)
(-3.0755 -1.84098 0)
(-1.45772 -3.52578 0)
(-0.402169 -3.70262 0)
(1.25727 -3.56879 0)
(2.98411 -2.84028 0)
(4.43313 -2.04953 0)
(5.37264 -1.44657 0)
(5.95502 -1.04037 0)
(6.38488 -0.715291 0)
(6.78309 -0.33209 0)
(7.20568 0.153492 0)
(7.40588 0.547625 0)
(7.02858 0.704136 0)
(6.39032 0.802383 0)
(5.88271 0.96516 0)
(5.51455 1.07201 0)
(5.1023 1.04677 0)
(4.57314 0.972184 0)
(4.01976 0.879458 0)
(3.54783 0.820283 0)
(3.16029 0.722274 0)
(2.80605 0.643771 0)
(2.45043 0.525695 0)
(2.07664 0.451832 0)
(1.65171 0.352054 0)
(1.1919 0.31806 0)
(0.811439 0.264229 0)
(0.496788 0.240869 0)
(0.226425 0.243877 0)
(0.202177 0.64008 0)
(0.387017 0.970151 0)
(-0.117994 0.757662 0)
(0.304717 -0.0499471 0)
(-0.137869 -0.680807 0)
(-0.0779903 -1.2444 0)
(0.129847 -1.37421 0)
(0.322958 -1.14116 0)
(0.434929 -0.490496 0)
(0.223774 -0.0142805 0)
(-0.493583 0.296711 0)
(-1.30198 0.591255 0)
(-2.3945 0.82682 0)
(-3.73044 0.878858 0)
(-4.19512 1.05608 0)
(-4.75202 1.47059 0)
(-4.52459 1.7401 0)
(-5.1408 1.43816 0)
(-5.47832 0.594675 0)
(-5.0813 -0.0349395 0)
(-4.8025 -0.807897 0)
(-4.21912 -1.8554 0)
(-2.79474 -2.74113 0)
(-1.52781 -3.43124 0)
(0.55423 -3.72979 0)
(2.0608 -3.2692 0)
(3.02238 -2.40516 0)
(4.10992 -1.08059 0)
(4.06983 0.192058 0)
(3.18486 1.63819 0)
(0.679369 3.32435 0)
(-2.18573 4.91304 0)
(-3.88876 5.48449 0)
(-3.90305 4.97043 0)
(-3.77741 3.98753 0)
(-3.51566 2.97743 0)
(-2.15231 1.02734 0)
(-3.2092 0.855274 0)
(-0.765993 -0.49197 0)
(-2.13874 -1.59417 0)
(0.124961 -3.30215 0)
(0.750316 -4.32814 0)
(3.49446 -5.73623 0)
(5.01331 -6.02282 0)
(7.51637 -5.60577 0)
(8.73263 -4.7636 0)
(10.1692 -3.52902 0)
(11.3587 -2.18644 0)
(11.8326 -1.0052 0)
(12.2325 0.230169 0)
(12.0085 1.12728 0)
(11.5139 1.65245 0)
(10.7346 1.89507 0)
(9.73032 1.82496 0)
(8.65369 1.42634 0)
(7.86605 1.25794 0)
(7.52279 1.42945 0)
(6.68769 0.977651 0)
(6.16768 0.251642 0)
(5.3412 -0.285833 0)
(5.28255 -0.155051 0)
(4.639 0.449751 0)
(3.67807 1.74867 0)
(2.4329 3.25871 0)
(0.49487 4.12376 0)
(-0.8696 4.34118 0)
(-2.23551 3.42291 0)
(-2.77354 2.89443 0)
(-1.57592 1.28336 0)
(-3.40478 0.516539 0)
(-1.75548 -1.61669 0)
(-2.13437 -2.06775 0)
(-0.724719 -3.98512 0)
(0.40923 -4.25864 0)
(1.77791 -4.23661 0)
(3.21699 -3.53063 0)
(4.64734 -2.5884 0)
(5.7742 -1.7565 0)
(6.38119 -1.25826 0)
(6.79871 -0.890701 0)
(7.15817 -0.452671 0)
(7.47532 0.0278083 0)
(7.6874 0.482341 0)
(7.72496 0.85655 0)
(7.21964 1.10269 0)
(6.52174 1.21193 0)
(5.90845 1.25176 0)
(5.44238 1.23398 0)
(4.98016 1.18387 0)
(4.52307 1.10248 0)
(4.09587 0.977207 0)
(3.72741 0.872757 0)
(3.41413 0.750106 0)
(3.10175 0.684416 0)
(2.78846 0.575082 0)
(2.43069 0.541809 0)
(2.01368 0.465796 0)
(1.57401 0.477411 0)
(1.11478 0.369598 0)
(0.700112 0.360273 0)
(0.379674 0.535355 0)
(0.893949 1.00003 0)
(0.547464 0.839706 0)
(0.782937 0.043888 0)
(0.219315 -0.529703 0)
(0.0288528 -1.23102 0)
(0.0504377 -1.39643 0)
(-0.113579 -1.13827 0)
(-0.0657923 -0.413307 0)
(-0.310248 0.212944 0)
(-1.17459 0.654013 0)
(-2.31939 1.07309 0)
(-3.7706 1.2956 0)
(-5.08647 1.22468 0)
(-5.56401 1.31134 0)
(-5.93383 1.55978 0)
(-5.47239 1.80935 0)
(-6.16483 1.56467 0)
(-6.2201 0.533717 0)
(-5.61332 -0.241411 0)
(-5.44614 -1.08213 0)
(-4.48613 -2.30789 0)
(-3.79148 -3.33373 0)
(-2.42566 -4.24935 0)
(-0.504969 -4.52149 0)
(1.09515 -3.80207 0)
(2.10993 -2.79046 0)
(3.12667 -1.21354 0)
(2.82352 0.472049 0)
(1.71273 2.37452 0)
(-0.617935 4.33678 0)
(-2.85336 5.73875 0)
(-3.23882 5.66411 0)
(-3.08752 4.83805 0)
(-2.4702 3.69345 0)
(-2.27709 2.85683 0)
(-0.322964 0.866093 0)
(-2.10973 0.615468 0)
(0.754594 -0.908407 0)
(-0.618973 -1.87121 0)
(1.5605 -3.82983 0)
(2.2676 -5.12344 0)
(4.86729 -6.58351 0)
(6.44695 -6.93254 0)
(8.37667 -6.3783 0)
(9.72562 -5.35977 0)
(10.9592 -4.08864 0)
(12.178 -2.49997 0)
(12.6617 -1.18307 0)
(12.9485 0.184019 0)
(12.9087 1.30817 0)
(12.3106 1.92868 0)
(11.5825 2.24609 0)
(10.5611 2.26746 0)
(9.55001 1.83786 0)
(8.47054 1.49163 0)
(8.19217 1.67146 0)
(7.37224 1.30293 0)
(6.67618 0.559769 0)
(5.74918 -0.0383541 0)
(5.3841 -0.00153248 0)
(4.80661 0.808097 0)
(3.2913 2.25479 0)
(2.34307 3.92995 0)
(1.10338 4.7145 0)
(-0.221071 5.0756 0)
(-1.0681 3.79167 0)
(-2.22533 2.87706 0)
(-0.885278 1.22356 0)
(-2.41364 0.504609 0)
(-0.799408 -1.90313 0)
(-1.24154 -2.36896 0)
(-0.0285765 -4.53156 0)
(1.06183 -4.84913 0)
(2.52378 -4.80344 0)
(3.76604 -4.04803 0)
(5.01082 -3.10937 0)
(6.01311 -2.1535 0)
(6.89724 -1.42999 0)
(7.21808 -1.01498 0)
(7.51392 -0.613615 0)
(7.7471 -0.0885892 0)
(8.0464 0.444536 0)
(8.11032 0.919347 0)
(8.01716 1.29803 0)
(7.39865 1.51971 0)
(6.69099 1.52603 0)
(5.95062 1.45952 0)
(5.4445 1.36157 0)
(4.96427 1.2552 0)
(4.59789 1.1353 0)
(4.23751 1.00986 0)
(3.8959 0.901545 0)
(3.61414 0.776582 0)
(3.3697 0.725676 0)
(3.14418 0.64262 0)
(2.83902 0.689651 0)
(2.44489 0.615495 0)
(2.02818 0.661465 0)
(1.52774 0.528436 0)
(0.92432 0.584378 0)
(1.07611 0.849875 0)
(1.03761 0.837259 0)
(1.08023 0.152106 0)
(0.486468 -0.395678 0)
(0.169483 -1.13579 0)
(-0.125111 -1.31797 0)
(-0.461824 -1.06882 0)
(-0.575125 -0.338727 0)
(-0.918409 0.481632 0)
(-1.89734 1.08749 0)
(-3.25672 1.63715 0)
(-4.98638 1.81573 0)
(-6.18881 1.56214 0)
(-6.58541 1.45651 0)
(-6.63843 1.53317 0)
(-6.10046 1.87349 0)
(-6.5088 1.62481 0)
(-5.90009 0.364286 0)
(-5.59557 -0.426662 0)
(-5.08458 -1.41278 0)
(-3.98755 -2.70214 0)
(-3.538 -3.8093 0)
(-2.7146 -4.97977 0)
(-1.2725 -5.24546 0)
(0.381528 -4.36918 0)
(1.37381 -3.15614 0)
(2.17092 -1.26734 0)
(1.66405 0.855886 0)
(0.461327 3.12815 0)
(-1.51588 5.24964 0)
(-3.00408 6.18056 0)
(-2.28321 5.61326 0)
(-2.21228 4.76232 0)
(-1.09752 3.32388 0)
(-1.42806 2.51871 0)
(1.15958 0.732496 0)
(-1.00117 0.400072 0)
(2.22703 -1.12467 0)
(0.717798 -1.89049 0)
(3.14842 -4.23541 0)
(3.81746 -5.75993 0)
(5.99033 -7.42789 0)
(7.53349 -7.76828 0)
(9.1332 -7.09587 0)
(10.3541 -5.89979 0)
(11.4273 -4.62378 0)
(12.5723 -2.84945 0)
(13.2991 -1.33791 0)
(13.4802 0.121113 0)
(13.6462 1.4667 0)
(12.9816 2.19183 0)
(12.2846 2.59166 0)
(11.258 2.70732 0)
(10.3113 2.29106 0)
(9.0463 1.78693 0)
(8.63002 1.91203 0)
(7.97628 1.65378 0)
(7.04948 0.900511 0)
(6.2472 0.275584 0)
(5.46995 0.201439 0)
(5.04231 1.26302 0)
(3.18737 2.75615 0)
(2.2411 4.32547 0)
(1.37741 5.03897 0)
(0.235417 5.46691 0)
(0.292993 4.15816 0)
(-1.34417 3.12457 0)
(0.107513 1.17085 0)
(-1.31027 0.42543 0)
(0.187094 -1.95477 0)
(-0.00474312 -2.49481 0)
(1.0868 -4.8235 0)
(1.78553 -5.40346 0)
(3.1584 -5.41515 0)
(4.28154 -4.57306 0)
(5.57842 -3.49949 0)
(6.51501 -2.48439 0)
(7.07568 -1.74445 0)
(7.79595 -1.15412 0)
(7.94948 -0.66828 0)
(8.11263 -0.173294 0)
(8.16833 0.340704 0)
(8.46619 0.877732 0)
(8.52615 1.4019 0)
(8.33403 1.756 0)
(7.58482 1.87021 0)
(6.80364 1.75399 0)
(5.97795 1.59685 0)
(5.52593 1.43343 0)
(5.05327 1.29692 0)
(4.6823 1.15771 0)
(4.33775 1.02487 0)
(4.07865 0.910285 0)
(3.86955 0.797534 0)
(3.62489 0.786094 0)
(3.39913 0.722695 0)
(3.1441 0.84575 0)
(2.75475 0.726586 0)
(2.46962 0.842831 0)
(1.84296 0.708725 0)
(1.48187 0.8711 0)
(1.33962 0.821916 0)
(1.25753 0.300617 0)
(0.731723 -0.206181 0)
(0.297216 -0.973349 0)
(-0.225739 -1.16131 0)
(-0.710546 -0.939156 0)
(-1.01558 -0.169736 0)
(-1.39739 0.811166 0)
(-2.51805 1.58182 0)
(-4.05532 2.25095 0)
(-5.79328 2.34731 0)
(-6.79423 1.81271 0)
(-7.07735 1.53159 0)
(-6.89667 1.43615 0)
(-6.30844 1.74107 0)
(-5.99986 1.45299 0)
(-4.77213 0.190149 0)
(-4.40672 -0.619485 0)
(-3.53802 -1.73606 0)
(-2.86444 -2.92356 0)
(-2.38242 -3.9483 0)
(-2.15923 -5.2616 0)
(-1.59315 -5.81701 0)
(-0.0393918 -4.91714 0)
(0.844704 -3.45083 0)
(1.3209 -1.23729 0)
(0.682926 1.24485 0)
(-0.415297 3.75663 0)
(-1.99941 5.81484 0)
(-2.39556 6.11453 0)
(-1.39094 5.3726 0)
(-1.25314 4.67333 0)
(0.210858 3.09909 0)
(-0.801431 2.12247 0)
(2.5094 0.596395 0)
(0.175949 0.20598 0)
(3.31545 -1.39093 0)
(1.78367 -2.23929 0)
(4.52773 -4.92737 0)
(5.12108 -6.41682 0)
(7.19657 -8.10451 0)
(8.41223 -8.36939 0)
(9.74074 -7.69058 0)
(10.7765 -6.35882 0)
(11.6711 -5.06453 0)
(12.579 -3.22045 0)
(13.5001 -1.55315 0)
(13.7951 0.018598 0)
(14.1771 1.57753 0)
(13.5195 2.47602 0)
(12.8364 2.92346 0)
(11.8022 3.11457 0)
(10.8729 2.73407 0)
(9.64704 2.14998 0)
(8.99592 2.13505 0)
(8.50317 2.00755 0)
(7.30235 1.28473 0)
(6.64865 0.618931 0)
(5.63418 0.441147 0)
(5.16597 1.72692 0)
(3.48286 3.30018 0)
(2.3553 4.63665 0)
(1.59282 5.38438 0)
(0.721292 5.78271 0)
(1.29765 4.30868 0)
(-0.621692 3.05534 0)
(0.898325 1.13554 0)
(-0.200864 0.505421 0)
(0.915652 -2.22868 0)
(0.891732 -2.7248 0)
(2.00197 -5.14333 0)
(2.87872 -5.83395 0)
(3.75424 -5.8824 0)
(4.9199 -5.04576 0)
(5.82627 -4.04181 0)
(7.19083 -2.75345 0)
(7.67518 -1.90927 0)
(8.03405 -1.35484 0)
(8.50664 -0.748066 0)
(8.48536 -0.173358 0)
(8.5326 0.301399 0)
(8.51077 0.744582 0)
(8.86304 1.34968 0)
(8.97501 1.94309 0)
(8.67896 2.17367 0)
(7.76115 2.13226 0)
(6.92161 1.89299 0)
(6.11059 1.66338 0)
(5.63039 1.48037 0)
(5.09848 1.32846 0)
(4.77069 1.14835 0)
(4.45296 0.987265 0)
(4.20996 0.892781 0)
(4.03305 0.810904 0)
(3.83598 0.890595 0)
(3.68002 0.841765 0)
(3.42125 1.01335 0)
(3.12512 0.867573 0)
(2.7277 1.02006 0)
(2.2746 1.02121 0)
(1.80169 0.908281 0)
(1.55436 0.482052 0)
(1.03162 0.0140388 0)
(0.45563 -0.716171 0)
(-0.266479 -0.954585 0)
(-0.880682 -0.755318 0)
(-1.29766 0.0283161 0)
(-1.74756 1.13595 0)
(-2.78728 2.10081 0)
(-4.37093 2.82099 0)
(-5.8244 2.85207 0)
(-6.33097 2.0428 0)
(-6.44158 1.54725 0)
(-6.06394 1.25973 0)
(-5.5833 1.30317 0)
(-4.82053 0.92716 0)
(-3.14533 -0.205228 0)
(-2.87776 -0.904384 0)
(-1.99564 -1.86832 0)
(-1.94684 -3.0313 0)
(-1.24688 -3.95605 0)
(-0.74377 -5.22145 0)
(-1.26951 -6.15155 0)
(-0.19094 -5.40305 0)
(0.486987 -3.63867 0)
(0.598976 -1.13346 0)
(0.0114528 1.61415 0)
(-0.873312 4.20321 0)
(-2.1238 5.97975 0)
(-1.28487 5.87307 0)
(-0.629007 5.08917 0)
(-0.29413 4.34237 0)
(1.20143 2.92357 0)
(-0.113856 1.60385 0)
(3.24647 0.15989 0)
(1.17261 -0.0224041 0)
(4.17276 -1.66871 0)
(2.9717 -2.58356 0)
(5.86521 -5.4638 0)
(6.24858 -7.05077 0)
(8.07737 -8.8913 0)
(9.12361 -8.92956 0)
(10.1852 -8.17275 0)
(10.9287 -6.74578 0)
(11.6826 -5.3969 0)
(12.3861 -3.5295 0)
(13.2418 -1.84354 0)
(13.7946 -0.155581 0)
(14.3885 1.67521 0)
(13.8914 2.72734 0)
(13.2051 3.23215 0)
(12.2376 3.55803 0)
(11.275 3.16841 0)
(10.1409 2.52634 0)
(9.2202 2.39708 0)
(8.93117 2.35294 0)
(7.56779 1.67665 0)
(6.9454 0.980772 0)
(5.89397 0.767582 0)
(5.17439 2.1596 0)
(3.99468 3.75515 0)
(2.95623 5.08335 0)
(2.06856 5.7033 0)
(1.17287 5.73845 0)
(2.3069 4.51943 0)
(0.506144 3.41454 0)
(1.56974 1.05673 0)
(0.73588 0.28295 0)
(1.76192 -2.41579 0)
(1.98258 -3.00145 0)
(2.65611 -5.59077 0)
(3.86864 -6.2867 0)
(4.18582 -6.46405 0)
(5.73662 -5.37084 0)
(6.17658 -4.46491 0)
(7.40266 -3.19231 0)
(8.28421 -2.10689 0)
(8.42237 -1.5161 0)
(8.85364 -0.864064 0)
(8.99615 -0.165576 0)
(8.86035 0.348738 0)
(8.88124 0.729681 0)
(8.87252 1.18598 0)
(9.32876 1.84204 0)
(9.49765 2.41405 0)
(8.94181 2.51327 0)
(7.9365 2.29787 0)
(7.02936 1.9554 0)
(6.2361 1.72294 0)
(5.70438 1.51511 0)
(5.17021 1.3025 0)
(4.8227 1.11423 0)
(4.50198 0.992259 0)
(4.37311 0.950805 0)
(4.18885 0.875437 0)
(4.10953 1.0492 0)
(3.77584 0.955869 0)
(3.70307 1.16339 0)
(3.13588 1.03464 0)
(2.99911 1.2152 0)
(2.45212 1.19987 0)
(2.03397 0.68957 0)
(1.35259 0.250831 0)
(0.59605 -0.383358 0)
(-0.284957 -0.712613 0)
(-0.952637 -0.51197 0)
(-1.46524 0.286124 0)
(-1.87011 1.46969 0)
(-2.83238 2.56133 0)
(-4.00726 3.34826 0)
(-5.03691 3.24558 0)
(-4.86224 2.17928 0)
(-4.78616 1.5106 0)
(-4.17023 1.18182 0)
(-3.68266 1.01777 0)
(-3.0514 0.475296 0)
(-1.56588 -0.46726 0)
(-1.70637 -1.06604 0)
(-0.867722 -1.94563 0)
(-1.23138 -3.09321 0)
(-0.678881 -4.28214 0)
(0.447472 -5.1267 0)
(-0.406012 -6.04308 0)
(-0.161965 -5.64572 0)
(0.266715 -3.69283 0)
(0.137977 -1.02823 0)
(-0.201658 1.98111 0)
(-1.03939 4.5849 0)
(-1.80802 5.94618 0)
(-0.315576 5.56177 0)
(0.194992 4.89504 0)
(0.63559 3.96579 0)
(2.16885 2.90304 0)
(1.2011 1.40322 0)
(3.67214 -0.0573754 0)
(2.38706 -0.393851 0)
(4.84183 -1.86105 0)
(4.29813 -3.00878 0)
(6.84515 -5.98654 0)
(7.29934 -7.6324 0)
(9.0132 -9.51542 0)
(9.6912 -9.3295 0)
(10.4617 -8.50843 0)
(10.8774 -7.05273 0)
(11.4272 -5.64045 0)
(12.0495 -3.77653 0)
(12.6425 -2.12987 0)
(13.4259 -0.443854 0)
(14.3553 1.61003 0)
(14.0948 2.9589 0)
(13.3809 3.52893 0)
(12.566 3.93488 0)
(11.5381 3.59812 0)
(10.5139 2.9523 0)
(9.42863 2.6586 0)
(9.16885 2.69421 0)
(7.83963 2.10027 0)
(7.11273 1.32362 0)
(6.28814 1.12201 0)
(5.1074 2.52071 0)
(4.56249 4.12946 0)
(3.72302 5.56294 0)
(2.91251 6.00814 0)
(1.77897 5.73914 0)
(3.15642 4.46924 0)
(1.36229 3.50875 0)
(2.27576 1.07849 0)
(2.0009 0.222079 0)
(2.40699 -2.39165 0)
(3.29065 -3.06445 0)
(3.72765 -5.82196 0)
(4.59825 -6.53334 0)
(5.07704 -6.90236 0)
(5.83621 -5.8423 0)
(7.01013 -4.81709 0)
(7.49242 -3.58419 0)
(8.72465 -2.28898 0)
(8.72055 -1.6479 0)
(8.95401 -1.01628 0)
(9.29754 -0.190132 0)
(9.27698 0.360002 0)
(9.19899 0.758602 0)
(9.19477 1.13988 0)
(9.31911 1.64587 0)
(9.82124 2.30743 0)
(9.94898 2.80903 0)
(9.15725 2.72063 0)
(8.05953 2.37382 0)
(7.00074 2.04749 0)
(6.22957 1.75974 0)
(5.62963 1.51572 0)
(5.17537 1.28807 0)
(4.79337 1.07312 0)
(4.62862 0.936686 0)
(4.50902 0.987474 0)
(4.33206 0.981705 0)
(4.26985 1.20343 0)
(3.92782 1.11174 0)
(3.74631 1.34512 0)
(3.20346 1.29763 0)
(2.97747 1.34416 0)
(2.50174 1.0517 0)
(1.71338 0.64035 0)
(0.753259 0.0688872 0)
(-0.254632 -0.466896 0)
(-0.926657 -0.266755 0)
(-1.41247 0.471646 0)
(-1.74444 1.71677 0)
(-2.38938 2.88427 0)
(-3.22762 3.62212 0)
(-3.77169 3.42865 0)
(-3.15987 2.15574 0)
(-3.09777 1.30245 0)
(-2.53666 0.952147 0)
(-1.98049 0.713247 0)
(-1.4057 0.114554 0)
(-0.299887 -0.656192 0)
(-0.480119 -1.20085 0)
(0.205797 -2.048 0)
(0.11929 -3.11362 0)
(-0.267634 -4.6416 0)
(0.97457 -5.29927 0)
(0.698712 -5.79729 0)
(0.168591 -5.65089 0)
(0.347096 -3.71883 0)
(0.172962 -0.940668 0)
(-0.178917 2.18265 0)
(-1.0442 4.83062 0)
(-0.797423 5.74282 0)
(0.507183 5.10423 0)
(1.24086 4.63428 0)
(1.52845 3.59542 0)
(2.9237 2.69403 0)
(2.80812 1.23538 0)
(3.94936 -0.248258 0)
(3.91005 -0.938469 0)
(5.37132 -2.00265 0)
(5.69843 -3.49207 0)
(7.74012 -6.3323 0)
(8.20701 -8.15397 0)
(9.69603 -10.1141 0)
(10.0316 -9.62618 0)
(10.4282 -8.67665 0)
(10.5269 -7.22607 0)
(10.8744 -5.82488 0)
(11.4852 -3.94226 0)
(11.9317 -2.4348 0)
(12.7731 -0.831671 0)
(13.9107 1.49387 0)
(14.0339 3.09634 0)
(13.3845 3.78041 0)
(12.7149 4.31867 0)
(11.7063 4.03029 0)
(10.7285 3.35565 0)
(9.60289 2.96299 0)
(9.24936 3.0288 0)
(8.09526 2.53322 0)
(7.17865 1.6747 0)
(6.62626 1.49087 0)
(5.18286 2.84268 0)
(4.98925 4.36227 0)
(4.31158 5.90227 0)
(3.90606 6.30765 0)
(2.44528 5.85592 0)
(3.91527 4.5294 0)
(2.38652 3.64279 0)
(2.8176 1.06584 0)
(3.2272 0.00964104 0)
(2.94954 -2.77552 0)
(4.12416 -3.57997 0)
(4.57959 -6.17801 0)
(5.16158 -6.9231 0)
(5.86704 -7.21139 0)
(6.24831 -6.18671 0)
(7.33515 -5.16434 0)
(7.79975 -3.95778 0)
(8.76102 -2.57028 0)
(9.14339 -1.62794 0)
(8.78747 -1.15944 0)
(9.35371 -0.273035 0)
(9.4448 0.372565 0)
(9.47188 0.723562 0)
(9.59742 1.15241 0)
(9.531 1.56196 0)
(9.88603 2.13993 0)
(10.2773 2.74551 0)
(10.2689 3.04963 0)
(9.1587 2.86409 0)
(7.92541 2.46099 0)
(6.88201 2.12268 0)
(6.02506 1.73464 0)
(5.48281 1.43844 0)
(5.1158 1.23238 0)
(4.84846 1.0283 0)
(4.65365 0.987797 0)
(4.71579 1.13984 0)
(4.37262 1.15639 0)
(4.56698 1.37736 0)
(3.55009 1.3272 0)
(3.81609 1.52988 0)
(2.87127 1.47606 0)
(2.65521 1.24413 0)
(1.87536 1.00134 0)
(0.810087 0.586481 0)
(-0.257767 -0.226848 0)
(-0.877282 -0.0234459 0)
(-1.27675 0.664036 0)
(-1.48785 1.86567 0)
(-1.72762 3.07321 0)
(-2.11721 3.79285 0)
(-2.30793 3.50414 0)
(-1.48856 2.13328 0)
(-1.46717 1.15457 0)
(-1.07216 0.74511 0)
(-0.487652 0.417842 0)
(0.117425 -0.246609 0)
(0.99464 -0.936846 0)
(1.10263 -1.46441 0)
(1.46263 -2.19994 0)
(1.92452 -3.045 0)
(1.13596 -4.61889 0)
(1.58992 -5.53752 0)
(1.79095 -5.70123 0)
(0.904691 -5.55212 0)
(0.80064 -3.70445 0)
(0.545913 -0.788286 0)
(0.0203042 2.36795 0)
(-0.733359 4.80999 0)
(0.570288 5.33243 0)
(1.48502 4.66728 0)
(2.28601 4.38228 0)
(2.6094 3.3438 0)
(3.37594 2.31374 0)
(4.11145 1.03479 0)
(4.26943 -0.299349 0)
(5.25173 -1.44863 0)
(5.83936 -2.19585 0)
(6.85701 -4.08405 0)
(8.40398 -6.73898 0)
(9.04931 -8.64679 0)
(10.2297 -10.5172 0)
(10.1261 -9.70497 0)
(10.1431 -8.71766 0)
(9.93678 -7.23889 0)
(10.1544 -5.93074 0)
(10.793 -4.10737 0)
(11.1578 -2.69313 0)
(11.9204 -1.21409 0)
(13.2386 1.22928 0)
(13.7019 3.11014 0)
(13.2238 3.98128 0)
(12.7103 4.64652 0)
(11.7782 4.4327 0)
(10.7294 3.78005 0)
(9.74454 3.28807 0)
(9.23342 3.33514 0)
(8.30071 2.93947 0)
(7.28594 1.99077 0)
(6.8154 1.85499 0)
(5.42643 3.2244 0)
(5.26332 4.47103 0)
(4.47384 6.05724 0)
(4.78425 6.58308 0)
(3.22889 6.03448 0)
(4.50902 4.47056 0)
(3.52222 3.84519 0)
(3.44021 1.08903 0)
(4.57498 -0.282004 0)
(3.82542 -2.65345 0)
(5.32795 -3.66641 0)
(5.17246 -6.21476 0)
(6.13577 -7.14299 0)
(6.1639 -7.577 0)
(6.90365 -6.42261 0)
(7.30873 -5.55159 0)
(8.30564 -4.14229 0)
(8.52004 -2.88024 0)
(9.12951 -1.65102 0)
(8.67208 -1.15169 0)
(8.79233 -0.469943 0)
(9.41436 0.321422 0)
(9.44363 0.681269 0)
(9.64383 1.0486 0)
(9.96386 1.53541 0)
(9.97457 1.99219 0)
(10.5076 2.63372 0)
(10.6853 3.14564 0)
(10.214 3.26721 0)
(8.89691 3.02152 0)
(7.58599 2.49981 0)
(6.59539 2.12685 0)
(5.86696 1.65287 0)
(5.33388 1.30755 0)
(5.21507 1.15879 0)
(4.88569 1.05583 0)
(4.84921 1.08255 0)
(4.7032 1.22735 0)
(4.48558 1.44446 0)
(4.38505 1.63082 0)
(3.29635 1.58838 0)
(3.60321 1.81579 0)
(2.21012 1.51682 0)
(1.71404 1.40024 0)
(0.762487 1.11389 0)
(-0.173796 -0.0017697 0)
(-0.684451 0.180965 0)
(-1.04359 0.744871 0)
(-0.953468 1.91902 0)
(-0.946877 3.07099 0)
(-0.897386 3.75525 0)
(-0.839652 3.36045 0)
(0.113724 1.97745 0)
(0.160785 1.07074 0)
(0.461936 0.554885 0)
(1.08848 0.160357 0)
(1.78019 -0.475291 0)
(2.64145 -0.999518 0)
(2.78683 -1.38571 0)
(2.76372 -2.1353 0)
(3.36165 -2.83314 0)
(2.93413 -4.34209 0)
(2.72903 -5.58273 0)
(2.84035 -5.60998 0)
(1.85585 -5.35379 0)
(1.40025 -3.60392 0)
(1.05756 -0.618612 0)
(0.456385 2.62867 0)
(0.203871 4.60598 0)
(1.64363 4.84024 0)
(2.37146 4.30945 0)
(2.86449 4.15195 0)
(3.77215 3.17958 0)
(3.80454 1.94119 0)
(4.81544 0.780403 0)
(4.78193 -0.526129 0)
(6.18624 -2.00515 0)
(6.43054 -2.47027 0)
(7.88706 -4.54602 0)
(8.94191 -7.05602 0)
(9.77524 -9.10875 0)
(10.4592 -10.7692 0)
(9.98371 -9.63007 0)
(9.70569 -8.6277 0)
(9.19641 -7.1976 0)
(9.47811 -5.9913 0)
(10.0216 -4.29548 0)
(10.4731 -2.96218 0)
(10.989 -1.57017 0)
(12.3728 0.910264 0)
(13.1135 3.02622 0)
(12.8667 4.10257 0)
(12.518 4.92414 0)
(11.7515 4.81382 0)
(10.6186 4.17565 0)
(9.84504 3.59044 0)
(9.11855 3.66479 0)
(8.34335 3.35793 0)
(7.39984 2.30389 0)
(6.90137 2.17594 0)
(5.71517 3.58052 0)
(5.60891 4.58681 0)
(4.38512 6.14792 0)
(5.42019 6.7195 0)
(4.0349 6.07208 0)
(5.0026 4.53848 0)
(4.75241 3.85527 0)
(3.97496 1.05679 0)
(5.88686 -0.349815 0)
(4.30734 -2.77223 0)
(6.37509 -4.03406 0)
(5.57314 -6.559 0)
(7.03582 -7.38118 0)
(6.60182 -7.80971 0)
(7.34129 -6.50921 0)
(7.35316 -5.88195 0)
(8.44816 -4.32111 0)
(8.3919 -2.98581 0)
(8.49918 -1.6964 0)
(8.20998 -1.0745 0)
(7.98159 -0.579982 0)
(8.56595 0.114056 0)
(8.99858 0.611427 0)
(9.26798 0.94 0)
(9.69546 1.36476 0)
(10.0698 1.87182 0)
(10.5056 2.45271 0)
(11.01 3.14791 0)
(10.7888 3.58332 0)
(9.75779 3.4906 0)
(8.53164 3.12842 0)
(7.14157 2.41881 0)
(6.46187 1.94629 0)
(5.78394 1.57676 0)
(5.38522 1.14183 0)
(5.18709 1.13942 0)
(5.11905 1.21311 0)
(4.75108 1.29462 0)
(4.74969 1.52098 0)
(4.1931 1.74584 0)
(3.8198 1.89754 0)
(2.83728 1.84884 0)
(2.73553 2.00939 0)
(1.24511 1.59351 0)
(0.8002 1.59016 0)
(-0.215897 0.127653 0)
(-0.52548 0.340606 0)
(-0.599356 0.821699 0)
(-0.532568 1.8307 0)
(-0.0694429 2.97756 0)
(0.376537 3.64757 0)
(0.678224 3.19277 0)
(1.65806 1.82337 0)
(1.84418 0.987428 0)
(2.01321 0.406421 0)
(2.55633 -0.149815 0)
(3.017 -0.861911 0)
(3.90737 -1.2663 0)
(3.92598 -1.45954 0)
(3.4579 -2.32315 0)
(4.25241 -3.00957 0)
(4.27402 -4.23139 0)
(3.99141 -5.55204 0)
(3.8138 -5.40604 0)
(2.84273 -5.01536 0)
(2.00156 -3.46803 0)
(1.75581 -0.460092 0)
(1.19204 2.73545 0)
(1.57034 4.32582 0)
(2.69007 4.50528 0)
(3.30264 4.10007 0)
(3.29891 3.84725 0)
(4.89093 3.00111 0)
(4.721 1.72756 0)
(5.43108 0.585933 0)
(5.74707 -0.86557 0)
(6.99431 -2.33796 0)
(7.12709 -2.76902 0)
(8.76537 -4.96642 0)
(9.40127 -7.38578 0)
(10.3998 -9.48395 0)
(10.4719 -10.7706 0)
(9.69219 -9.3654 0)
(9.17113 -8.45548 0)
(8.35599 -7.07954 0)
(8.94307 -6.0557 0)
(9.304 -4.48501 0)
(9.76075 -3.15657 0)
(10.0787 -1.86947 0)
(11.4544 0.519672 0)
(12.3251 2.82376 0)
(12.3386 4.1316 0)
(12.1652 5.1278 0)
(11.5661 5.16596 0)
(10.3954 4.55121 0)
(9.84086 3.90031 0)
(8.95753 4.00273 0)
(8.29924 3.6768 0)
(7.4621 2.6327 0)
(6.96676 2.45802 0)
(5.91858 3.88365 0)
(6.15758 4.78795 0)
(4.36413 6.25112 0)
(5.97736 6.66412 0)
(4.94872 6.13485 0)
(5.35987 4.51595 0)
(5.92491 3.83909 0)
(4.60997 1.14107 0)
(7.02455 -0.637193 0)
(4.97994 -2.905 0)
(7.32465 -4.23278 0)
(6.29145 -6.58536 0)
(7.60656 -7.54181 0)
(7.04409 -8.00003 0)
(7.56687 -6.57448 0)
(7.51201 -6.07334 0)
(8.31098 -4.38403 0)
(8.07431 -2.90945 0)
(7.45822 -1.50423 0)
(6.94286 -0.988579 0)
(6.84071 -0.535938 0)
(7.06279 -0.0625149 0)
(7.84089 0.455986 0)
(8.51072 0.851951 0)
(9.03351 1.25643 0)
(9.50079 1.65681 0)
(10.1785 2.19514 0)
(10.8488 2.99254 0)
(11.1756 3.73322 0)
(10.4094 3.96865 0)
(9.123 3.55301 0)
(8.15446 3.05454 0)
(6.9587 2.26051 0)
(6.30955 1.69466 0)
(6.04371 1.47786 0)
(5.17023 1.139 0)
(5.43947 1.25111 0)
(5.0446 1.39589 0)
(4.75455 1.68286 0)
(4.5912 2.00916 0)
(3.66287 2.05338 0)
(3.21883 2.30319 0)
(2.12098 2.23849 0)
(1.69326 2.26565 0)
(0.288529 1.95812 0)
(-0.141294 0.315816 0)
(-0.402141 0.374767 0)
(-0.199151 0.768438 0)
(0.0733758 1.66937 0)
(0.824312 2.67967 0)
(1.57866 3.3902 0)
(2.1238 2.89387 0)
(3.01285 1.61413 0)
(3.42258 0.823357 0)
(3.59012 0.264649 0)
(4.21788 -0.315391 0)
(4.31498 -1.13429 0)
(4.76779 -1.50294 0)
(5.40604 -1.3621 0)
(4.80662 -2.29276 0)
(5.28888 -3.30728 0)
(5.57257 -4.2725 0)
(5.38004 -5.4462 0)
(4.80127 -5.15175 0)
(4.01295 -4.60538 0)
(2.78952 -3.29107 0)
(2.5931 -0.359742 0)
(2.19515 2.67078 0)
(2.87133 3.90716 0)
(3.87682 4.21629 0)
(4.61776 3.99856 0)
(4.21089 3.50651 0)
(5.8782 2.75597 0)
(5.99541 1.64066 0)
(6.26739 0.477377 0)
(7.00486 -1.22542 0)
(7.74987 -2.5484 0)
(7.87519 -3.17556 0)
(9.46573 -5.36309 0)
(9.78396 -7.68261 0)
(10.8287 -9.72419 0)
(10.2239 -10.5981 0)
(9.32596 -8.97283 0)
(8.54522 -8.23016 0)
(7.54352 -7.02695 0)
(8.47411 -6.16396 0)
(8.69162 -4.65222 0)
(9.20134 -3.31608 0)
(9.255 -2.11202 0)
(10.5296 0.133384 0)
(11.3951 2.57364 0)
(11.6339 4.09396 0)
(11.6634 5.25663 0)
(11.2769 5.46677 0)
(10.0596 4.85628 0)
(9.70098 4.21814 0)
(8.71289 4.3529 0)
(8.20712 3.95879 0)
(7.42866 2.92842 0)
(7.03575 2.74322 0)
(6.01623 4.05847 0)
(6.7439 4.997 0)
(4.71898 6.37289 0)
(6.47951 6.53297 0)
(6.04884 6.18752 0)
(5.6443 4.48977 0)
(7.09545 3.80978 0)
(5.08748 1.06899 0)
(8.02403 -0.788719 0)
(5.69641 -2.7528 0)
(8.21995 -4.25952 0)
(6.59598 -6.62639 0)
(8.37781 -7.65133 0)
(7.19753 -8.0434 0)
(7.75247 -6.58191 0)
(7.47821 -6.20419 0)
(8.01495 -4.25138 0)
(7.27866 -2.62662 0)
(5.99785 -0.993759 0)
(5.00684 -0.87724 0)
(5.726 -0.475552 0)
(6.26353 -0.230966 0)
(7.03621 0.0230369 0)
(8.11599 0.496083 0)
(9.02697 1.11526 0)
(9.22082 1.52236 0)
(9.61166 1.94187 0)
(10.5147 2.73367 0)
(10.9109 3.71315 0)
(10.8324 4.2721 0)
(9.83018 4.06397 0)
(8.59183 3.32533 0)
(8.02968 2.68453 0)
(6.74369 2.03567 0)
(6.22264 1.52195 0)
(5.92698 1.42309 0)
(5.32226 1.32427 0)
(5.32525 1.48883 0)
(4.81299 1.75177 0)
(4.56709 2.12917 0)
(4.12603 2.538 0)
(2.76469 2.43966 0)
(2.52327 2.63969 0)
(0.876711 2.30541 0)
(1.22188 2.52476 0)
(0.011286 0.340119 0)
(-0.0596111 0.401014 0)
(0.191749 0.657778 0)
(0.624007 1.44183 0)
(1.59331 2.28209 0)
(2.63729 3.05234 0)
(3.44607 2.65215 0)
(4.20067 1.50916 0)
(4.80296 0.672946 0)
(4.96447 0.0989478 0)
(5.75019 -0.390128 0)
(5.95852 -1.13044 0)
(5.46039 -1.74237 0)
(6.25896 -1.45021 0)
(6.36878 -2.03202 0)
(6.66333 -3.17178 0)
(6.90571 -4.11135 0)
(6.96979 -5.17426 0)
(5.85414 -4.87825 0)
(5.46911 -4.12768 0)
(3.75879 -3.00492 0)
(3.52509 -0.349404 0)
(3.32119 2.60496 0)
(4.20038 3.57535 0)
(4.70574 3.87161 0)
(5.92747 3.83214 0)
(5.34209 3.25334 0)
(6.60919 2.4977 0)
(7.07152 1.51572 0)
(7.1634 0.347393 0)
(8.07412 -1.55387 0)
(8.37099 -2.65742 0)
(8.63877 -3.46095 0)
(10.0299 -5.61294 0)
(10.1268 -7.92762 0)
(11.103 -9.82173 0)
(9.81316 -10.2164 0)
(8.90808 -8.48522 0)
(7.74748 -7.91306 0)
(6.74643 -7.01407 0)
(8.19286 -6.39979 0)
(8.32204 -4.79655 0)
(8.84798 -3.38389 0)
(8.52871 -2.28231 0)
(9.59495 -0.199173 0)
(10.3578 2.27235 0)
(10.8502 3.97405 0)
(10.962 5.32089 0)
(10.8387 5.72201 0)
(9.60162 5.15916 0)
(9.55285 4.48302 0)
(8.39335 4.70959 0)
(8.10522 4.16707 0)
(7.27702 3.18509 0)
(7.14201 2.98323 0)
(6.01367 4.08353 0)
(7.24095 5.17485 0)
(5.34003 6.3954 0)
(6.83386 6.35578 0)
(7.02997 6.16593 0)
(5.96058 4.47752 0)
(8.07837 3.72273 0)
(5.78766 1.05031 0)
(8.85042 -0.901084 0)
(6.31381 -2.95039 0)
(8.985 -4.60232 0)
(6.83573 -6.83716 0)
(9.02254 -7.76999 0)
(7.10859 -8.05122 0)
(8.01451 -6.56563 0)
(7.26032 -6.25544 0)
(7.51547 -3.94045 0)
(6.0428 -2.11445 0)
(4.54544 -0.348278 0)
(3.97662 -1.15382 0)
(5.35459 -0.926932 0)
(6.79323 -0.58937 0)
(7.45991 -0.341844 0)
(8.29327 -0.0205021 0)
(9.38591 0.772192 0)
(9.83052 1.48376 0)
(9.75254 1.78292 0)
(10.0476 2.50181 0)
(10.7523 3.60513 0)
(10.5482 4.38923 0)
(10.2812 4.45323 0)
(9.26131 3.84418 0)
(8.22264 3.01273 0)
(7.56173 2.41857 0)
(6.69731 1.92719 0)
(5.86394 1.47772 0)
(5.7662 1.4519 0)
(5.49365 1.64841 0)
(5.05538 2.02001 0)
(4.40852 2.28355 0)
(3.67711 2.75846 0)
(3.22087 2.85576 0)
(2.00876 3.12234 0)
(1.72612 2.79256 0)
(0.538728 2.74281 0)
(0.0227245 0.403386 0)
(0.319106 0.307026 0)
(0.760785 0.507574 0)
(1.30649 1.11162 0)
(2.35483 1.7236 0)
(3.50459 2.50661 0)
(4.57741 2.30799 0)
(5.33887 1.32664 0)
(5.99165 0.42249 0)
(5.96417 -0.187958 0)
(6.54167 -0.653656 0)
(7.12831 -1.1111 0)
(6.43016 -1.73651 0)
(6.76852 -1.65376 0)
(7.19238 -2.25009 0)
(7.60616 -3.42644 0)
(7.74916 -4.33086 0)
(8.3655 -5.07672 0)
(6.78408 -4.65348 0)
(6.83314 -3.64615 0)
(4.86002 -2.66317 0)
(4.52739 -0.309644 0)
(4.27334 2.41881 0)
(5.7709 3.39641 0)
(5.36849 3.62712 0)
(6.86931 3.64026 0)
(6.29859 3.12283 0)
(7.19609 2.24397 0)
(7.86319 1.28699 0)
(8.03547 0.161643 0)
(8.94854 -1.77324 0)
(8.89065 -2.72939 0)
(9.29612 -3.77073 0)
(10.4616 -5.87933 0)
(10.4079 -8.13094 0)
(11.1645 -9.72934 0)
(9.27146 -9.69603 0)
(8.47904 -7.87526 0)
(6.78732 -7.51767 0)
(6.24731 -7.06335 0)
(8.08675 -6.70805 0)
(8.30541 -4.90653 0)
(8.80014 -3.35917 0)
(7.92642 -2.29196 0)
(8.72748 -0.453378 0)
(9.27286 1.98192 0)
(9.94078 3.84618 0)
(10.1666 5.2829 0)
(10.2915 5.88562 0)
(9.0398 5.38835 0)
(9.277 4.70018 0)
(7.97862 5.06982 0)
(7.94688 4.32078 0)
(6.98886 3.42438 0)
(7.31531 3.20534 0)
(5.92146 4.08351 0)
(7.57645 5.20007 0)
(6.12263 6.41891 0)
(6.97404 6.16305 0)
(7.89154 6.14015 0)
(6.30527 4.46283 0)
(8.93527 3.59489 0)
(6.57328 1.07036 0)
(9.52861 -1.13643 0)
(6.95562 -2.92106 0)
(9.7735 -4.36603 0)
(7.28282 -6.53475 0)
(9.57797 -7.59924 0)
(7.13531 -7.87364 0)
(8.24137 -6.42785 0)
(6.82561 -6.11715 0)
(6.91681 -3.4781 0)
(4.97537 -1.67348 0)
(3.89913 0.10911 0)
(4.08401 -1.64603 0)
(5.57842 -1.49035 0)
(6.99525 -1.2028 0)
(8.18482 -0.637527 0)
(8.51803 -0.362179 0)
(9.49611 0.387567 0)
(10.3641 1.33788 0)
(10.3705 1.85151 0)
(9.98862 2.42942 0)
(10.4524 3.4701 0)
(10.4992 4.4479 0)
(10.1734 4.54837 0)
(9.69213 4.11742 0)
(8.88577 3.43953 0)
(7.55374 2.65496 0)
(7.11434 2.17044 0)
(6.23906 1.79477 0)
(5.85646 1.5824 0)
(5.62531 1.67468 0)
(5.14202 2.27722 0)
(4.76314 2.61836 0)
(4.00646 3.14935 0)
(3.53168 3.12351 0)
(2.33105 3.39916 0)
(1.34458 2.74579 0)
(1.63375 3.67647 0)
(0.754806 0.0969715 0)
(0.766271 0.127965 0)
(1.28011 0.260346 0)
(1.84619 0.769134 0)
(2.99839 1.19948 0)
(4.04974 1.9293 0)
(5.47909 1.93039 0)
(6.46275 1.22706 0)
(7.25396 0.410268 0)
(7.05506 -0.224996 0)
(6.94022 -0.870099 0)
(7.55927 -1.19775 0)
(7.22812 -1.69635 0)
(7.43431 -1.84557 0)
(8.50584 -2.41434 0)
(9.18378 -3.38857 0)
(8.92812 -4.43895 0)
(9.75394 -4.93533 0)
(7.67529 -4.3955 0)
(7.88731 -3.23631 0)
(5.96629 -2.35626 0)
(5.6803 -0.172894 0)
(4.93901 2.09694 0)
(7.13493 3.1777 0)
(6.3302 3.53691 0)
(7.67536 3.50497 0)
(7.25098 3.01863 0)
(7.94462 1.99479 0)
(8.56525 1.08579 0)
(8.89193 -0.0439889 0)
(9.6473 -1.91497 0)
(9.36427 -2.7889 0)
(9.92965 -4.04388 0)
(10.7804 -6.03809 0)
(10.6439 -8.21446 0)
(11.0263 -9.45713 0)
(8.67981 -9.08176 0)
(7.93426 -7.24549 0)
(5.81711 -7.2602 0)
(6.19979 -7.29916 0)
(8.04175 -7.11092 0)
(8.19038 -5.02799 0)
(8.82793 -3.21541 0)
(7.48764 -2.14617 0)
(7.99149 -0.607552 0)
(8.23908 1.71316 0)
(8.99242 3.64825 0)
(9.23042 5.2272 0)
(9.55879 6.0225 0)
(8.42339 5.57676 0)
(8.85667 4.91443 0)
(7.59442 5.3809 0)
(7.75653 4.43797 0)
(6.60019 3.57826 0)
(7.51509 3.41268 0)
(5.89441 4.01662 0)
(7.52493 5.0801 0)
(6.94969 6.45521 0)
(6.95514 5.99542 0)
(8.81779 6.05359 0)
(6.80251 4.39277 0)
(9.6067 3.59881 0)
(7.54776 0.967876 0)
(10.052 -1.10045 0)
(7.65717 -2.9465 0)
(10.1532 -4.64555 0)
(7.26389 -6.84436 0)
(9.96275 -7.74683 0)
(6.86754 -7.79417 0)
(8.2855 -6.28966 0)
(6.25404 -5.83604 0)
(6.40214 -2.91967 0)
(3.82569 -1.20432 0)
(3.41906 0.399501 0)
(3.98341 -2.45467 0)
(5.96924 -1.90109 0)
(7.07865 -1.81592 0)
(8.28187 -0.915513 0)
(8.66772 -0.610596 0)
(9.25402 0.00766354 0)
(10.3793 1.08553 0)
(10.6692 1.90848 0)
(10.3646 2.4598 0)
(10.1066 3.43622 0)
(10.282 4.47279 0)
(10.1765 4.74155 0)
(9.49953 4.40831 0)
(9.16564 3.82994 0)
(8.11213 3.15739 0)
(6.99098 2.54732 0)
(6.69003 1.91445 0)
(5.96888 1.78962 0)
(5.83972 1.82621 0)
(5.15743 2.49284 0)
(5.15318 2.67671 0)
(4.24832 3.37727 0)
(3.9625 3.34761 0)
(3.36466 4.03742 0)
(2.23629 3.10346 0)
(0.443563 3.86625 0)
(3.28557 0.135957 0)
(0.967658 -0.0160765 0)
(1.72432 -0.0159623 0)
(1.7504 -0.0014326 0)
(1.73237 0.000622969 0)
(1.69683 0.00143019 0)
(1.6646 0.00128566 0)
(1.65331 0.000756453 0)
(1.65376 0.000125049 0)
(1.66636 -0.000124674 0)
(7.13535 0.170285 0)
(4.0171 0.0771938 0)
(4.58637 -0.0510009 0)
(4.58253 -0.00190775 0)
(4.48483 0.00830313 0)
(4.40154 0.00850153 0)
(4.3451 0.00474846 0)
(4.3432 0.000721044 0)
(4.35522 -0.00216001 0)
(4.39043 -0.00200259 0)
(9.3545 0.225701 0)
(6.72699 0.151044 0)
(7.01224 -0.0427496 0)
(6.96962 0.00670217 0)
(6.78782 0.0242191 0)
(6.6525 0.0193507 0)
(6.57106 0.00850636 0)
(6.57528 -0.000720597 0)
(6.59533 -0.00644056 0)
(6.64896 -0.00513837 0)
(10.0523 0.0830125 0)
(8.71501 0.16809 0)
(9.04788 -0.0240948 0)
(9.0823 0.0236362 0)
(8.86378 0.0495614 0)
(8.67748 0.0362266 0)
(8.56575 0.0141893 0)
(8.56852 -0.00273235 0)
(8.59368 -0.0124359 0)
(8.66579 -0.00951472 0)
(9.75184 -0.0678567 0)
(9.61832 0.0636654 0)
(10.3871 -0.0400897 0)
(10.7407 0.0320019 0)
(10.6235 0.078922 0)
(10.4361 0.0594857 0)
(10.3057 0.0226134 0)
(10.309 -0.00455625 0)
(10.3416 -0.0199089 0)
(10.4414 -0.0151641 0)
(9.72893 -0.0822244 0)
(9.75897 -0.104182 0)
(10.86 -0.121913 0)
(11.6693 -0.00517957 0)
(11.8446 0.0893089 0)
(11.7764 0.0816893 0)
(11.679 0.0325093 0)
(11.7127 -0.0060068 0)
(11.7678 -0.0289391 0)
(11.9295 -0.0225834 0)
(10.2487 -0.0445855 0)
(10.0665 -0.260982 0)
(10.9854 -0.237817 0)
(11.9068 -0.0880181 0)
(12.3114 0.0603798 0)
(12.4351 0.0827803 0)
(12.4471 0.0320283 0)
(12.5983 -0.0142996 0)
(12.7179 -0.0451407 0)
(13.0321 -0.0344916 0)
(10.8962 0.0093683 0)
(10.7475 -0.368977 0)
(11.3082 -0.320356 0)
(11.9993 -0.159503 0)
(12.2946 0.0155659 0)
(12.4628 0.0643906 0)
(12.5038 0.0126618 0)
(12.8271 -0.0404261 0)
(12.9945 -0.0850393 0)
(13.5858 -0.0629259 0)
(11.533 0.0460095 0)
(11.5964 -0.455273 0)
(11.8423 -0.369772 0)
(12.2586 -0.190754 0)
(12.271 -0.0078079 0)
(12.3755 0.0543885 0)
(12.3517 -0.0127737 0)
(12.7895 -0.0769095 0)
(12.9044 -0.143564 0)
(13.6418 -0.109948 0)
(12.1182 0.0435294 0)
(12.3926 -0.527634 0)
(12.4043 -0.391332 0)
(12.5767 -0.187922 0)
(12.3772 -0.00910845 0)
(12.4618 0.0506409 0)
(12.4789 -0.0390009 0)
(12.9528 -0.111689 0)
(13.0443 -0.194537 0)
(13.6235 -0.155383 0)
(12.6596 0.0169705 0)
(13.0285 -0.596445 0)
(12.8578 -0.396822 0)
(12.8082 -0.162402 0)
(12.5453 -0.00226244 0)
(12.7273 0.0361066 0)
(12.9264 -0.0710174 0)
(13.3966 -0.144606 0)
(13.526 -0.226078 0)
(13.7882 -0.181761 0)
(13.1632 -0.0316517 0)
(13.5167 -0.63567 0)
(13.1177 -0.384604 0)
(12.8415 -0.126451 0)
(12.6983 -0.00485416 0)
(13.0844 -0.00439638 0)
(13.5137 -0.118775 0)
(13.9342 -0.181949 0)
(14.0939 -0.243732 0)
(14.062 -0.188835 0)
(13.5706 -0.127544 0)
(13.7046 -0.637143 0)
(13.0577 -0.329264 0)
(12.7376 -0.0892508 0)
(12.9865 -0.0366816 0)
(13.5876 -0.0756172 0)
(14.1464 -0.178394 0)
(14.3895 -0.21556 0)
(14.4684 -0.245581 0)
(14.1851 -0.179129 0)
(13.7604 -0.230743 0)
(13.7212 -0.605362 0)
(13.1385 -0.28739 0)
(13.0215 -0.0982134 0)
(13.5907 -0.107191 0)
(14.1351 -0.156364 0)
(14.5188 -0.220745 0)
(14.4056 -0.220002 0)
(14.2883 -0.218995 0)
(13.7887 -0.152159 0)
(13.7977 -0.330164 0)
(13.7432 -0.583891 0)
(13.4286 -0.286608 0)
(13.5211 -0.143716 0)
(13.9549 -0.170841 0)
(14.0512 -0.194855 0)
(13.9832 -0.211533 0)
(13.5372 -0.184401 0)
(13.2729 -0.168769 0)
(12.7149 -0.115186 0)
(13.6373 -0.436896 0)
(13.6394 -0.570227 0)
(13.3232 -0.302965 0)
(13.1811 -0.171168 0)
(13.1081 -0.174398 0)
(12.7768 -0.168292 0)
(12.4465 -0.159909 0)
(11.9265 -0.130952 0)
(11.6558 -0.116091 0)
(11.1574 -0.0798225 0)
(13.3786 -0.524211 0)
(12.8359 -0.523504 0)
(11.9849 -0.258282 0)
(11.4976 -0.131069 0)
(11.1691 -0.123077 0)
(10.7239 -0.113094 0)
(10.356 -0.102972 0)
(9.89361 -0.0823073 0)
(9.66529 -0.0719321 0)
(9.25658 -0.0502319 0)
(12.257 -0.502778 0)
(10.7007 -0.36559 0)
(9.53509 -0.152119 0)
(8.98643 -0.0697971 0)
(8.63249 -0.0685469 0)
(8.22706 -0.0623842 0)
(7.91393 -0.0549202 0)
(7.55574 -0.0433699 0)
(7.38314 -0.0374237 0)
(7.0772 -0.0267637 0)
(8.92839 -0.300961 0)
(7.29098 -0.160521 0)
(6.33044 -0.0571654 0)
(5.93399 -0.0230373 0)
(5.68154 -0.0257481 0)
(5.39853 -0.023552 0)
(5.18289 -0.0202395 0)
(4.95074 -0.0160487 0)
(4.83844 -0.013618 0)
(4.64262 -0.0102159 0)
(3.56019 -0.0841695 0)
(2.79444 -0.012299 0)
(2.35895 0.00120877 0)
(2.21571 0.00216093 0)
(2.12945 -0.000202732 0)
(2.02272 -0.000221598 0)
(1.94028 -0.000288206 0)
(1.85484 -0.000483159 0)
(1.81066 -0.000258853 0)
(1.73914 -0.000576534 0)
)
;

boundaryField
{
    inlet
    {
        type            fixedValue;
        value           uniform (10 0 0);
    }
    outlet
    {
        type            zeroGradient;
    }
    walls
    {
        type            fixedValue;
        value           uniform (0 0 0);
    }
    frontAndBack
    {
        type            empty;
    }
}


// ************************************************************************* //
