/*--------------------------------*- C++ -*----------------------------------*\
| =========                 |                                                 |
| \\      /  F ield         | OpenFOAM: The Open Source CFD Toolbox           |
|  \\    /   O peration     | Version:  2.4.0                                 |
|   \\  /    A nd           | Web:      www.OpenFOAM.org                      |
|    \\/     M anipulation  |                                                 |
\*---------------------------------------------------------------------------*/
FoamFile
{
    version     2.0;
    format      ascii;
    class       volVectorField;
    location    "0.076";
    object      U_0;
}
// * * * * * * * * * * * * * * * * * * * * * * * * * * * * * * * * * * * * * //

dimensions      [0 1 -1 0 0 0 0];

internalField   nonuniform List<vector> 
4400
(
(5.40515 0.316742 0)
(3.31406 0.0607699 0)
(2.58601 0.00139785 0)
(2.23237 -0.00208948 0)
(2.08377 -0.00139225 0)
(1.9955 -0.000882191 0)
(1.9515 0.000182653 0)
(1.90106 0.000217761 0)
(1.93031 0.00183759 0)
(1.48628 -0.079532 0)
(8.68895 0.857319 0)
(7.53455 0.344587 0)
(6.63761 0.116077 0)
(5.90663 0.0551125 0)
(5.52853 0.0270579 0)
(5.26743 0.0149083 0)
(5.14504 0.0126593 0)
(5.00254 0.0032619 0)
(5.0565 0.034119 0)
(4.43345 -0.149656 0)
(9.89809 0.937364 0)
(9.97896 0.476977 0)
(9.50728 0.212716 0)
(8.74396 0.129948 0)
(8.28527 0.0756441 0)
(7.90343 0.0444054 0)
(7.73447 0.0342054 0)
(7.53144 0.0114077 0)
(7.55838 0.0563888 0)
(6.98787 -0.156263 0)
(10.1348 0.807747 0)
(11.0946 0.49751 0)
(11.293 0.265002 0)
(10.8126 0.197254 0)
(10.4723 0.13145 0)
(10.067 0.0831895 0)
(9.90219 0.0614675 0)
(9.69617 0.0263061 0)
(9.66224 0.0779786 0)
(9.21128 -0.148119 0)
(10.0703 0.648214 0)
(11.2886 0.43543 0)
(12.0087 0.244659 0)
(11.9441 0.217884 0)
(11.9121 0.166331 0)
(11.6266 0.118404 0)
(11.5481 0.0845224 0)
(11.4134 0.0464802 0)
(11.3635 0.0940532 0)
(11.0134 -0.107074 0)
(10.054 0.518485 0)
(11.1883 0.358959 0)
(12.0656 0.183828 0)
(12.2327 0.185523 0)
(12.5061 0.157951 0)
(12.4186 0.128208 0)
(12.517 0.0907664 0)
(12.531 0.0540048 0)
(12.5636 0.109262 0)
(12.3006 -0.0513965 0)
(10.0715 0.400437 0)
(11.1361 0.29039 0)
(11.9411 0.129902 0)
(12.2186 0.139061 0)
(12.5873 0.12211 0)
(12.5731 0.112755 0)
(12.7985 0.0670936 0)
(12.9893 0.04992 0)
(13.1252 0.0920654 0)
(12.9765 0.0365209 0)
(10.0264 0.279601 0)
(11.1182 0.227013 0)
(11.8297 0.0816667 0)
(12.2902 0.0891371 0)
(12.529 0.0856682 0)
(12.5143 0.102796 0)
(12.796 0.0246246 0)
(13.0557 0.0317747 0)
(13.2024 0.0677214 0)
(13.1457 0.0273251 0)
(9.94401 0.174355 0)
(11.1248 0.140482 0)
(11.915 0.0356866 0)
(12.2472 0.0422705 0)
(12.3785 0.0690743 0)
(12.5588 0.0698505 0)
(12.868 -0.00486588 0)
(12.9509 0.00625896 0)
(13.1124 0.0595077 0)
(13.1666 -0.0530094 0)
(9.94485 0.0634482 0)
(11.1836 0.0437523 0)
(11.9012 0.00131967 0)
(12.1214 0.0201506 0)
(12.3656 0.0243215 0)
(12.6483 0.0334654 0)
(12.8311 -0.0290419 0)
(12.8652 0.00250034 0)
(13.1158 0.0180185 0)
(13.1937 -0.0777116 0)
(10.0037 -0.0505908 0)
(11.1505 -0.0445206 0)
(11.8246 -0.0189741 0)
(12.1786 -0.0233637 0)
(12.3775 -0.0219516 0)
(12.6309 0.000151828 0)
(12.8321 -0.0372026 0)
(12.8911 -0.0262091 0)
(13.1284 -0.0128652 0)
(13.1727 -0.0907166 0)
(10.0126 -0.162897 0)
(11.0958 -0.125522 0)
(11.9002 -0.0621647 0)
(12.2282 -0.059825 0)
(12.3592 -0.0554336 0)
(12.6537 -0.0368109 0)
(12.8571 -0.0607269 0)
(12.8919 -0.0394163 0)
(13.1235 -0.040557 0)
(13.1948 -0.117557 0)
(10.0178 -0.271507 0)
(11.1317 -0.217652 0)
(11.9765 -0.101652 0)
(12.2102 -0.0906705 0)
(12.4147 -0.0973622 0)
(12.6797 -0.0752963 0)
(12.841 -0.0690496 0)
(12.9136 -0.0599121 0)
(13.1663 -0.0752356 0)
(13.2297 -0.15112 0)
(10.0365 -0.390849 0)
(11.182 -0.294116 0)
(12.0118 -0.143694 0)
(12.2162 -0.126736 0)
(12.5066 -0.136157 0)
(12.6507 -0.104198 0)
(12.8337 -0.0889751 0)
(12.8799 -0.0835018 0)
(13.0895 -0.0999696 0)
(12.9975 -0.17365 0)
(10.0258 -0.511996 0)
(11.263 -0.363876 0)
(12.0396 -0.193406 0)
(12.2487 -0.172402 0)
(12.4664 -0.171721 0)
(12.441 -0.126197 0)
(12.5324 -0.101017 0)
(12.434 -0.0926017 0)
(12.5155 -0.105617 0)
(12.2217 -0.172456 0)
(10.0554 -0.644475 0)
(11.3432 -0.439332 0)
(11.9628 -0.249699 0)
(11.9705 -0.208121 0)
(11.8849 -0.17734 0)
(11.6287 -0.119143 0)
(11.5516 -0.09039 0)
(11.3209 -0.0792428 0)
(11.2941 -0.0924011 0)
(10.8887 -0.134472 0)
(10.1271 -0.805733 0)
(11.1266 -0.499894 0)
(11.2522 -0.268116 0)
(10.8389 -0.19087 0)
(10.4515 -0.138953 0)
(10.0581 -0.0853882 0)
(9.89583 -0.0630256 0)
(9.62141 -0.0549494 0)
(9.55433 -0.0701424 0)
(9.11457 -0.0853746 0)
(9.89442 -0.93648 0)
(9.99808 -0.478117 0)
(9.47641 -0.21447 0)
(8.76528 -0.126267 0)
(8.27036 -0.0801186 0)
(7.88906 -0.0463619 0)
(7.72341 -0.0344744 0)
(7.47654 -0.0317878 0)
(7.40832 -0.0433028 0)
(6.97283 -0.0496841 0)
(8.68746 -0.857066 0)
(7.54484 -0.344908 0)
(6.61867 -0.117011 0)
(5.9195 -0.0534573 0)
(5.5194 -0.028888 0)
(5.25336 -0.0162879 0)
(5.13334 -0.0127072 0)
(4.96004 -0.0135178 0)
(4.90354 -0.0187379 0)
(4.53842 -0.0235606 0)
(5.40471 -0.316756 0)
(3.31743 -0.0606994 0)
(2.57978 -0.00164243 0)
(2.23552 0.00239592 0)
(2.08093 0.0012628 0)
(1.98762 0.000442358 0)
(1.94307 3.45265e-05 0)
(1.87564 -0.000954578 0)
(1.844 -0.000660699 0)
(1.67079 0.00863976 0)
(3.02758 -0.347129 0)
(2.34825 -0.107932 0)
(2.59064 -0.00646917 0)
(3.32546 0.619961 0)
(4.17676 0.993093 0)
(5.25688 1.21026 0)
(6.12365 1.55256 0)
(7.01606 1.44483 0)
(7.98322 0.930293 0)
(8.93165 -0.0796471 0)
(9.44682 -1.14829 0)
(9.43291 -1.98612 0)
(9.02682 -2.46094 0)
(9.66826 -2.61715 0)
(10.8175 -2.94706 0)
(11.3737 -3.29578 0)
(11.9289 -3.8735 0)
(12.4114 -4.07565 0)
(11.6561 -3.38844 0)
(11.3173 -2.85674 0)
(11.1081 -1.76399 0)
(10.3904 0.226806 0)
(10.9109 1.12022 0)
(11.4612 1.7043 0)
(12.1223 2.24458 0)
(13.026 1.31563 0)
(12.8784 0.402788 0)
(12.5554 -0.499268 0)
(12.4852 -1.98852 0)
(11.486 -2.37304 0)
(10.7996 -2.45426 0)
(10.5632 -3.31533 0)
(9.67138 -3.32644 0)
(8.78906 -2.91691 0)
(8.34996 -3.61416 0)
(7.67603 -3.97516 0)
(6.45065 -2.92528 0)
(5.8438 -2.24754 0)
(5.05314 -4.29083 0)
(5.21414 -6.77454 0)
(4.77319 -8.16463 0)
(6.13875 -7.28065 0)
(6.07714 -6.45576 0)
(6.47299 -4.74118 0)
(6.9474 -3.09113 0)
(7.25233 -1.35362 0)
(7.78645 0.635425 0)
(7.98339 3.14564 0)
(8.01437 4.56166 0)
(7.95677 5.2445 0)
(8.62429 6.22464 0)
(8.58972 7.79479 0)
(9.13362 8.26339 0)
(8.05408 8.10673 0)
(8.17869 6.33354 0)
(6.54087 5.62745 0)
(7.07435 3.75783 0)
(5.69155 4.2343 0)
(6.83814 2.27745 0)
(5.91791 2.86366 0)
(6.77341 0.0467344 0)
(6.01951 -0.0578783 0)
(6.80084 -2.74621 0)
(6.09578 -2.08874 0)
(6.59299 -3.95181 0)
(5.96082 -2.13994 0)
(6.24533 -3.28569 0)
(5.86416 -1.3202 0)
(6.155 -2.15046 0)
(5.67994 -0.484862 0)
(5.94715 -1.56885 0)
(5.68858 0.0799973 0)
(5.94183 -0.993102 0)
(5.71335 0.281136 0)
(6.09983 -0.721409 0)
(5.78378 0.54319 0)
(6.07304 -0.483349 0)
(5.84015 0.563639 0)
(6.17218 -0.272305 0)
(5.86424 0.698644 0)
(6.05029 -0.0553409 0)
(5.90871 0.699956 0)
(6.10304 0.112614 0)
(5.87698 0.844305 0)
(5.9737 0.377906 0)
(5.90284 0.893591 0)
(5.97527 0.554897 0)
(5.96189 1.09089 0)
(5.98984 0.865946 0)
(6.0203 1.29435 0)
(5.97792 1.09653 0)
(6.13214 1.61449 0)
(6.02757 1.52273 0)
(5.88475 2.13097 0)
(5.99665 1.96369 0)
(5.91133 2.97739 0)
(6.5476 2.69955 0)
(6.23003 4.3993 0)
(7.23588 4.83961 0)
(4.11316 8.88937 0)
(5.33803 -0.201017 0)
(4.8238 -0.00776927 0)
(4.78588 0.0451243 0)
(4.84932 0.37631 0)
(5.27707 0.522113 0)
(6.11931 0.75426 0)
(7.01064 1.11456 0)
(7.88848 0.938379 0)
(8.70644 0.478856 0)
(9.34668 -0.340299 0)
(9.9122 -1.31785 0)
(10.5695 -2.06227 0)
(10.6636 -2.54039 0)
(11.3034 -2.88562 0)
(12.4338 -3.31196 0)
(12.6332 -3.53993 0)
(13.0098 -3.87744 0)
(13.1694 -4.00982 0)
(12.4361 -3.251 0)
(11.9813 -2.70817 0)
(11.6971 -1.67882 0)
(11.1062 0.2303 0)
(11.4744 0.958778 0)
(11.9055 1.48415 0)
(12.4289 2.049 0)
(13.3001 1.21462 0)
(13.0675 0.475407 0)
(12.711 -0.352277 0)
(12.6374 -1.79395 0)
(11.5753 -2.06762 0)
(10.792 -2.19228 0)
(10.548 -3.05117 0)
(9.66738 -2.96695 0)
(8.75722 -2.64465 0)
(8.38564 -3.3911 0)
(7.69748 -3.598 0)
(6.40489 -2.49145 0)
(5.66587 -1.98661 0)
(4.89618 -4.12785 0)
(4.68518 -6.79229 0)
(4.43599 -8.22586 0)
(5.31366 -7.49203 0)
(4.84531 -6.57675 0)
(5.52983 -4.85963 0)
(6.02611 -3.36903 0)
(6.38782 -1.4195 0)
(6.81114 0.53834 0)
(7.14203 3.04267 0)
(7.22648 4.42437 0)
(7.05362 5.21968 0)
(7.98879 6.07238 0)
(8.06764 7.72193 0)
(8.80734 8.30517 0)
(7.78209 8.42933 0)
(8.28737 6.69196 0)
(6.63323 6.0588 0)
(7.30922 4.00168 0)
(5.94503 4.42707 0)
(7.10008 2.18373 0)
(6.34474 2.89237 0)
(7.18894 0.0195664 0)
(6.49629 -0.0594958 0)
(7.13623 -2.83807 0)
(6.525 -2.01011 0)
(6.97188 -3.92349 0)
(6.31546 -1.92556 0)
(6.40078 -3.32682 0)
(5.89591 -1.20602 0)
(6.28052 -2.28511 0)
(5.72926 -0.288815 0)
(6.06143 -1.67936 0)
(5.65137 0.268173 0)
(5.93083 -1.16486 0)
(5.53242 0.454102 0)
(5.97608 -0.91835 0)
(5.6127 0.725686 0)
(5.97264 -0.739256 0)
(5.69685 0.730588 0)
(6.14908 -0.506608 0)
(5.83185 0.892165 0)
(6.12431 -0.33344 0)
(6.00203 0.891209 0)
(6.24324 -0.112815 0)
(6.11224 1.07767 0)
(6.12774 0.0941499 0)
(6.17951 1.10914 0)
(6.10345 0.341414 0)
(6.18849 1.31506 0)
(5.95744 0.601897 0)
(6.06887 1.51582 0)
(6.04829 0.889257 0)
(6.11434 1.802 0)
(6.26902 1.31505 0)
(6.15302 2.40321 0)
(6.46413 1.81756 0)
(5.94936 3.43595 0)
(6.42601 2.68266 0)
(4.99928 4.79728 0)
(8.57645 4.14595 0)
(6.513 9.28535 0)
(7.48564 -0.111628 0)
(7.22445 -0.00650641 0)
(6.97871 0.0164188 0)
(7.09513 0.355113 0)
(7.37292 0.371112 0)
(7.59364 0.504641 0)
(8.3018 0.822337 0)
(9.21072 0.575728 0)
(9.78578 0.179475 0)
(10.4906 -0.488451 0)
(11.2531 -1.45142 0)
(11.9042 -2.3538 0)
(12.2123 -2.84168 0)
(12.7181 -3.14081 0)
(13.5625 -3.55575 0)
(13.5289 -3.64383 0)
(13.6257 -3.80319 0)
(13.6164 -3.79374 0)
(12.8139 -2.98376 0)
(12.4813 -2.51001 0)
(12.2279 -1.57258 0)
(11.6335 0.265959 0)
(11.8009 0.871417 0)
(11.9779 1.32616 0)
(12.4312 1.86737 0)
(13.246 1.07993 0)
(12.9272 0.549854 0)
(12.6648 -0.229024 0)
(12.5275 -1.52534 0)
(11.2903 -1.72653 0)
(10.6095 -1.97207 0)
(10.3928 -2.77458 0)
(9.45049 -2.59924 0)
(8.65354 -2.38194 0)
(8.41636 -3.17869 0)
(7.73587 -3.25382 0)
(6.40766 -2.04793 0)
(5.54655 -1.63845 0)
(4.68357 -3.90502 0)
(4.1568 -6.75968 0)
(4.02904 -8.13514 0)
(4.44551 -7.53404 0)
(3.70363 -6.63892 0)
(4.57764 -4.99153 0)
(4.9159 -3.63867 0)
(5.37288 -1.50969 0)
(5.84383 0.487818 0)
(5.9561 2.95045 0)
(6.3736 4.30722 0)
(6.47756 5.14956 0)
(7.32782 5.89471 0)
(7.3593 7.52467 0)
(8.34556 8.13044 0)
(7.39734 8.50396 0)
(8.20715 6.73325 0)
(6.72218 6.24546 0)
(7.44655 3.98367 0)
(6.40439 4.44581 0)
(7.4049 2.07188 0)
(6.73417 2.89659 0)
(7.50969 0.0505915 0)
(6.97299 -0.0436896 0)
(7.51152 -2.847 0)
(6.92862 -1.97754 0)
(7.1384 -3.95544 0)
(6.63109 -1.78719 0)
(6.67299 -3.20054 0)
(6.02799 -1.06559 0)
(6.2967 -2.32622 0)
(5.73063 -0.168146 0)
(6.13519 -1.83066 0)
(5.70859 0.385342 0)
(6.14281 -1.26537 0)
(5.57859 0.579004 0)
(6.1983 -1.10118 0)
(5.61265 0.896371 0)
(6.18676 -0.911117 0)
(5.6411 0.866468 0)
(6.39352 -0.7316 0)
(5.74094 1.08661 0)
(6.42351 -0.559969 0)
(5.95217 1.03481 0)
(6.72231 -0.360892 0)
(6.08771 1.26772 0)
(6.83569 -0.0957543 0)
(6.28504 1.2945 0)
(7.02059 0.121804 0)
(6.38077 1.5219 0)
(6.95727 0.543538 0)
(6.21923 1.69405 0)
(6.77389 0.66478 0)
(6.13998 1.98604 0)
(6.55135 1.03404 0)
(6.10888 2.43823 0)
(7.13675 1.27949 0)
(6.39174 3.34329 0)
(8.85259 2.41183 0)
(5.7819 5.10427 0)
(9.44184 3.51585 0)
(7.1776 9.49932 0)
(9.36329 -0.0394164 0)
(9.47941 0.0232316 0)
(9.10577 0.0412138 0)
(9.12361 0.307939 0)
(9.60498 0.257417 0)
(9.50629 0.370334 0)
(10.0407 0.610749 0)
(10.9941 0.321512 0)
(11.3835 -0.100354 0)
(11.978 -0.799713 0)
(12.805 -1.62677 0)
(13.361 -2.51217 0)
(13.4972 -3.05439 0)
(13.7953 -3.23587 0)
(14.1872 -3.62545 0)
(13.9394 -3.71348 0)
(13.8104 -3.69377 0)
(13.5892 -3.63269 0)
(12.9453 -2.8545 0)
(12.6878 -2.35728 0)
(12.2948 -1.46488 0)
(11.8545 0.322183 0)
(12.1262 0.859838 0)
(12.1039 1.28741 0)
(12.3619 1.68405 0)
(12.9167 1.0249 0)
(12.4581 0.636399 0)
(12.3546 -0.151728 0)
(12.0768 -1.22741 0)
(10.7891 -1.37127 0)
(10.3186 -1.7733 0)
(10.1115 -2.51728 0)
(9.12738 -2.29614 0)
(8.53914 -2.20043 0)
(8.55055 -2.95139 0)
(7.79957 -2.81793 0)
(6.4152 -1.50741 0)
(5.34371 -1.27919 0)
(4.44588 -3.67934 0)
(3.71267 -6.643 0)
(3.57467 -7.99734 0)
(3.64112 -7.4771 0)
(2.87569 -6.61375 0)
(3.70078 -5.1369 0)
(3.74302 -3.88851 0)
(4.26206 -1.50891 0)
(4.70899 0.289686 0)
(5.05709 2.90352 0)
(5.32323 3.98154 0)
(5.48903 4.97914 0)
(6.80199 5.69325 0)
(6.76174 7.46029 0)
(8.05793 8.04549 0)
(7.0953 8.6239 0)
(7.99974 6.7684 0)
(6.73615 6.5049 0)
(7.53067 3.97266 0)
(6.7992 4.49017 0)
(7.52476 1.97511 0)
(6.97693 2.86182 0)
(7.68584 -0.0201599 0)
(7.44138 -0.0746519 0)
(7.8604 -2.8765 0)
(7.36022 -1.84447 0)
(7.28885 -3.93957 0)
(6.73881 -1.67899 0)
(6.81706 -3.19564 0)
(6.15928 -0.869103 0)
(6.42664 -2.31565 0)
(5.68193 0.0464878 0)
(5.96619 -1.93404 0)
(5.57643 0.564104 0)
(5.96934 -1.41017 0)
(5.3621 0.754861 0)
(6.04214 -1.30262 0)
(5.48987 1.0896 0)
(6.08426 -1.1374 0)
(5.41754 1.04854 0)
(6.36122 -0.991621 0)
(5.56035 1.32528 0)
(6.4465 -0.899627 0)
(5.68147 1.23231 0)
(6.88794 -0.691691 0)
(5.89964 1.52145 0)
(7.11131 -0.536819 0)
(6.1903 1.50551 0)
(7.66198 -0.254848 0)
(6.55507 1.79377 0)
(7.85017 0.130203 0)
(6.8371 2.05469 0)
(7.9976 0.46356 0)
(6.73564 2.43944 0)
(7.53912 0.943186 0)
(6.06054 2.94889 0)
(7.27694 1.15307 0)
(4.90013 3.59542 0)
(8.95182 1.66926 0)
(5.84044 5.17278 0)
(11.3772 2.21629 0)
(8.96047 8.64002 0)
(10.8808 -0.00318416 0)
(11.2352 -0.045873 0)
(10.9709 0.0395479 0)
(10.8684 0.263962 0)
(11.5002 0.142871 0)
(11.3492 0.316822 0)
(11.7255 0.380785 0)
(12.5811 0.0215004 0)
(12.9989 -0.287743 0)
(13.4648 -1.03257 0)
(14.0095 -1.80233 0)
(14.4047 -2.6178 0)
(14.386 -3.20402 0)
(14.3475 -3.30129 0)
(14.3686 -3.57762 0)
(13.9989 -3.6544 0)
(13.8459 -3.53099 0)
(13.573 -3.34642 0)
(13.1283 -2.7049 0)
(13.1472 -2.22869 0)
(12.5489 -1.26848 0)
(12.0309 0.338994 0)
(12.3301 0.827269 0)
(12.0533 1.27859 0)
(12.1928 1.60833 0)
(12.6109 1.03719 0)
(12.0829 0.679813 0)
(11.9511 -0.0443343 0)
(11.3986 -0.873992 0)
(10.2914 -1.09524 0)
(10.0562 -1.71223 0)
(9.82095 -2.27128 0)
(8.87469 -1.95978 0)
(8.54873 -2.11102 0)
(8.64364 -2.83455 0)
(7.78857 -2.42396 0)
(6.28933 -0.983167 0)
(5.13148 -0.898728 0)
(4.23879 -3.36011 0)
(3.30305 -6.42848 0)
(3.02796 -7.86826 0)
(2.93675 -7.35138 0)
(2.27617 -6.56921 0)
(2.89568 -5.18484 0)
(2.59569 -4.07311 0)
(3.20851 -1.58627 0)
(3.55299 0.172288 0)
(3.76592 2.72481 0)
(4.67272 3.87111 0)
(4.81862 4.81306 0)
(5.98063 5.35462 0)
(6.00238 7.12577 0)
(7.41718 7.7375 0)
(6.83456 8.57272 0)
(7.78915 6.75447 0)
(6.88067 6.57824 0)
(7.58057 3.90281 0)
(6.89501 4.52528 0)
(7.48748 1.92675 0)
(7.23754 2.80666 0)
(7.93685 -0.0631022 0)
(7.90558 -0.112541 0)
(8.18139 -2.86285 0)
(7.76189 -1.70501 0)
(7.57517 -3.75006 0)
(6.92867 -1.48389 0)
(6.8126 -3.13024 0)
(6.2645 -0.777823 0)
(6.47993 -2.35097 0)
(5.92824 0.207287 0)
(6.09306 -2.01597 0)
(5.69511 0.660963 0)
(6.04362 -1.46662 0)
(5.42218 0.875104 0)
(5.97807 -1.46773 0)
(5.49199 1.24042 0)
(5.98449 -1.26702 0)
(5.34807 1.16868 0)
(6.18669 -1.20247 0)
(5.47684 1.50684 0)
(6.29139 -1.10506 0)
(5.46355 1.37843 0)
(6.72723 -0.991516 0)
(5.68266 1.74098 0)
(7.13482 -0.860537 0)
(5.80043 1.65211 0)
(8.03484 -0.756131 0)
(6.26469 2.01396 0)
(9.00985 -0.361056 0)
(6.63016 2.1294 0)
(10.473 -0.122462 0)
(7.14316 2.52367 0)
(11.7069 0.646052 0)
(6.95239 3.09824 0)
(12.1937 1.29527 0)
(5.80993 3.91583 0)
(11.0432 1.56342 0)
(5.38759 5.70985 0)
(9.36337 1.32238 0)
(9.06307 8.10173 0)
(12.1216 -0.000509307 0)
(12.5032 -0.179991 0)
(12.3001 0.0145612 0)
(12.2158 0.250761 0)
(12.746 -0.0190831 0)
(12.6277 0.226692 0)
(13.1298 0.232963 0)
(13.7806 -0.178673 0)
(14.1265 -0.450577 0)
(14.5537 -1.21913 0)
(14.8325 -1.89079 0)
(15.0337 -2.64596 0)
(14.815 -3.23226 0)
(14.4146 -3.21282 0)
(14.2574 -3.4781 0)
(13.9507 -3.58631 0)
(13.7452 -3.44045 0)
(13.5976 -3.26065 0)
(13.404 -2.69821 0)
(13.4509 -2.1522 0)
(12.7798 -1.12808 0)
(12.385 0.35312 0)
(12.6476 0.926161 0)
(12.1301 1.39669 0)
(12.2988 1.5571 0)
(12.3336 1.08905 0)
(11.6653 0.803342 0)
(11.4271 0.15657 0)
(10.8478 -0.524133 0)
(10.1329 -0.91259 0)
(10.0102 -1.64397 0)
(9.55145 -2.00424 0)
(8.75553 -1.73867 0)
(8.68315 -2.07182 0)
(8.79198 -2.65149 0)
(7.81608 -1.93986 0)
(6.22874 -0.400303 0)
(4.95658 -0.446884 0)
(4.04409 -3.01873 0)
(2.86721 -6.20116 0)
(2.4296 -7.73649 0)
(2.23937 -7.22336 0)
(1.73968 -6.45085 0)
(2.07664 -5.24091 0)
(1.43045 -4.10683 0)
(2.09783 -1.63977 0)
(2.36557 -0.0642266 0)
(2.7524 2.64941 0)
(3.51037 3.18196 0)
(3.94199 4.62807 0)
(5.55281 5.20155 0)
(5.40908 7.05263 0)
(6.82712 7.51168 0)
(6.47761 8.52311 0)
(7.43308 6.67674 0)
(6.79467 6.71231 0)
(7.58168 3.90486 0)
(7.05592 4.7073 0)
(7.669 1.91239 0)
(7.58978 2.69642 0)
(8.24994 -0.180404 0)
(8.25955 -0.167558 0)
(8.43639 -2.88904 0)
(7.92966 -1.60312 0)
(7.80249 -3.64617 0)
(7.12142 -1.26679 0)
(6.94751 -2.99054 0)
(6.2389 -0.53763 0)
(6.29523 -2.3811 0)
(5.82757 0.424892 0)
(5.96806 -2.10453 0)
(5.58146 0.804281 0)
(6.03668 -1.58068 0)
(5.37153 1.06317 0)
(5.94342 -1.67734 0)
(5.43585 1.39945 0)
(6.05493 -1.42397 0)
(5.23976 1.3422 0)
(6.19578 -1.46369 0)
(5.36749 1.71164 0)
(6.3221 -1.3228 0)
(5.234 1.58445 0)
(6.63604 -1.28912 0)
(5.3607 1.98802 0)
(6.99581 -1.10128 0)
(5.16927 1.95015 0)
(7.61035 -1.0829 0)
(5.30743 2.34094 0)
(8.62111 -0.727399 0)
(5.21043 2.43487 0)
(10.0112 -0.629704 0)
(5.56333 2.82357 0)
(12.0457 -0.0424518 0)
(6.47739 3.29868 0)
(13.712 0.46423 0)
(7.76423 4.20401 0)
(13.9869 0.86715 0)
(8.68774 5.81642 0)
(11.4559 1.50274 0)
(9.03722 7.13472 0)
(13.0409 -0.0231861 0)
(13.3343 -0.302664 0)
(12.9316 -0.0947696 0)
(13.0459 0.198694 0)
(13.4128 -0.0978076 0)
(13.1957 0.0952758 0)
(13.8683 0.0374413 0)
(14.3521 -0.345719 0)
(14.6558 -0.582906 0)
(15.0097 -1.34888 0)
(15.0685 -1.93799 0)
(15.1554 -2.58522 0)
(14.7158 -3.14515 0)
(14.1489 -3.08161 0)
(14.0753 -3.37298 0)
(14.0286 -3.54211 0)
(13.8831 -3.34966 0)
(13.776 -3.1909 0)
(13.6922 -2.75489 0)
(13.7465 -2.10012 0)
(12.9223 -0.935736 0)
(12.5845 0.374053 0)
(12.7669 0.941533 0)
(12.2851 1.44336 0)
(12.2402 1.62126 0)
(11.9372 1.31204 0)
(11.3561 0.977731 0)
(11.0864 0.345899 0)
(10.5063 -0.2812 0)
(10.1153 -0.848186 0)
(9.96164 -1.50837 0)
(9.41134 -1.72179 0)
(8.80605 -1.57667 0)
(8.86181 -2.07427 0)
(8.81847 -2.49384 0)
(7.77624 -1.45915 0)
(6.15276 0.210687 0)
(4.79783 0.00704591 0)
(3.84863 -2.60747 0)
(2.53446 -5.8812 0)
(1.75453 -7.51516 0)
(1.52147 -7.10346 0)
(1.12577 -6.32877 0)
(1.08941 -5.18026 0)
(0.430596 -4.08523 0)
(1.01714 -1.67807 0)
(1.18924 -0.343618 0)
(1.75312 2.54295 0)
(2.97638 3.08267 0)
(3.10102 4.33022 0)
(4.44142 4.48811 0)
(4.79179 6.73523 0)
(6.21647 7.07621 0)
(6.11841 8.43019 0)
(7.17906 6.53072 0)
(6.79269 6.69356 0)
(7.30326 3.7289 0)
(7.192 4.57477 0)
(7.78008 1.73854 0)
(7.94582 2.50918 0)
(8.41927 -0.265464 0)
(8.67166 -0.215687 0)
(8.5544 -2.77764 0)
(8.23626 -1.44273 0)
(7.77056 -3.49343 0)
(7.33743 -1.12312 0)
(7.07104 -2.86914 0)
(6.53383 -0.385077 0)
(6.39805 -2.32513 0)
(5.98883 0.539889 0)
(5.96867 -2.11318 0)
(5.63928 0.89421 0)
(5.87917 -1.64113 0)
(5.44038 1.18018 0)
(5.74072 -1.79777 0)
(5.43014 1.50884 0)
(5.86511 -1.52698 0)
(5.25065 1.4582 0)
(5.89318 -1.63749 0)
(5.36083 1.83745 0)
(6.06377 -1.47439 0)
(5.23221 1.67876 0)
(6.20692 -1.5056 0)
(5.37895 2.07456 0)
(6.5173 -1.28056 0)
(5.21674 1.97432 0)
(6.69612 -1.35139 0)
(5.39811 2.32471 0)
(7.19062 -0.949509 0)
(5.09946 2.52878 0)
(7.25296 -1.04807 0)
(5.26266 3.02087 0)
(8.16108 -0.586438 0)
(5.76899 3.72628 0)
(9.03564 -0.364833 0)
(7.11398 4.72412 0)
(11.2885 0.217524 0)
(9.08392 5.95893 0)
(13.1292 2.05212 0)
(10.063 6.39737 0)
(13.424 -0.0395223 0)
(13.6588 -0.240612 0)
(13.0645 -0.0843657 0)
(13.2698 0.148981 0)
(13.5764 -0.111216 0)
(13.4811 -0.0645035 0)
(14.1257 -0.151404 0)
(14.3171 -0.450123 0)
(14.6044 -0.722939 0)
(14.8708 -1.45734 0)
(14.7996 -1.99626 0)
(14.7481 -2.52883 0)
(14.2753 -2.99407 0)
(13.9521 -2.98734 0)
(14.0489 -3.32848 0)
(14.0251 -3.52224 0)
(13.8518 -3.37435 0)
(13.8431 -3.19424 0)
(13.7323 -2.72489 0)
(13.4828 -1.97087 0)
(12.8441 -0.766346 0)
(12.658 0.398639 0)
(12.6441 1.04232 0)
(12.2003 1.63577 0)
(12.0514 1.78268 0)
(11.6774 1.47722 0)
(11.1662 1.11382 0)
(10.7895 0.544608 0)
(10.5022 -0.0871864 0)
(10.2225 -0.730279 0)
(9.80843 -1.34393 0)
(9.22569 -1.46189 0)
(8.85839 -1.466 0)
(8.96588 -2.04397 0)
(8.77312 -2.22655 0)
(7.58618 -0.904732 0)
(5.934 0.819515 0)
(4.60889 0.494948 0)
(3.6905 -2.17564 0)
(2.19536 -5.42317 0)
(1.06318 -7.20495 0)
(0.626728 -6.97592 0)
(0.340027 -6.21502 0)
(0.259886 -5.04328 0)
(-0.541506 -3.98635 0)
(0.141361 -1.83334 0)
(0.362256 -0.522893 0)
(0.819523 2.1671 0)
(1.82047 2.03516 0)
(2.6814 4.44273 0)
(3.94267 4.26258 0)
(4.02502 6.76972 0)
(5.51078 6.58942 0)
(5.64201 8.18658 0)
(6.88196 6.28791 0)
(6.64604 6.66592 0)
(7.23741 3.63999 0)
(7.47507 4.53583 0)
(7.91705 1.6755 0)
(8.29229 2.36881 0)
(8.57495 -0.379463 0)
(8.97462 -0.255039 0)
(8.71632 -2.69527 0)
(8.46526 -1.28021 0)
(7.78379 -3.26151 0)
(7.33705 -0.907247 0)
(6.89003 -2.73727 0)
(6.47495 -0.182065 0)
(6.33728 -2.31399 0)
(6.00299 0.71405 0)
(6.03849 -2.14164 0)
(5.62864 1.0118 0)
(5.93768 -1.73961 0)
(5.46889 1.33655 0)
(5.83602 -1.94464 0)
(5.36818 1.61831 0)
(5.9397 -1.66118 0)
(5.25841 1.62629 0)
(5.92284 -1.87919 0)
(5.28188 1.97702 0)
(6.12499 -1.65571 0)
(5.16647 1.89188 0)
(6.17866 -1.82036 0)
(5.25581 2.24235 0)
(6.53411 -1.52582 0)
(5.13662 2.23939 0)
(6.61438 -1.74783 0)
(5.2795 2.47163 0)
(7.16401 -1.25708 0)
(5.32605 2.80139 0)
(7.08238 -1.47889 0)
(5.67521 3.00466 0)
(7.56454 -1.15983 0)
(6.31528 3.91733 0)
(7.52399 -1.08817 0)
(6.91598 4.92402 0)
(8.97765 -0.479265 0)
(8.12542 5.65683 0)
(11.8596 1.74898 0)
(10.8434 5.84315 0)
(13.3414 -0.0450209 0)
(13.5253 -0.108788 0)
(13.1733 -0.0271623 0)
(13.4289 0.0836239 0)
(13.7967 -0.185291 0)
(13.776 -0.23357 0)
(13.9479 -0.232037 0)
(13.9656 -0.489109 0)
(14.3788 -0.843698 0)
(14.5676 -1.49187 0)
(14.4661 -1.98152 0)
(14.3977 -2.38922 0)
(14.0487 -2.85724 0)
(13.9896 -2.9958 0)
(13.9922 -3.33032 0)
(13.8897 -3.51119 0)
(13.6793 -3.3493 0)
(13.4864 -3.14943 0)
(13.2488 -2.60378 0)
(12.76 -1.77644 0)
(12.2161 -0.61254 0)
(12.1664 0.470385 0)
(12.1994 1.12297 0)
(11.9359 1.68499 0)
(11.7091 1.87861 0)
(11.3887 1.67432 0)
(10.8714 1.31081 0)
(10.5132 0.680691 0)
(10.4025 0.0164383 0)
(10.0753 -0.586263 0)
(9.52807 -1.0932 0)
(9.00515 -1.27646 0)
(8.75201 -1.46363 0)
(8.8595 -2.00189 0)
(8.57143 -1.89461 0)
(7.30623 -0.341143 0)
(5.64907 1.41625 0)
(4.45833 0.969262 0)
(3.56692 -1.70671 0)
(1.97047 -4.85478 0)
(0.393907 -6.7632 0)
(-0.272504 -6.84759 0)
(-0.553249 -6.04424 0)
(-0.589281 -4.92622 0)
(-1.01873 -3.9368 0)
(-0.344442 -1.96829 0)
(-0.39287 -0.728093 0)
(0.139464 2.16531 0)
(1.48402 1.92632 0)
(1.66994 3.88625 0)
(2.85543 3.26686 0)
(3.66852 6.57295 0)
(5.01431 6.05063 0)
(5.17406 8.02339 0)
(6.50291 6.02608 0)
(6.48815 6.61119 0)
(7.16037 3.41601 0)
(7.88781 4.33159 0)
(7.90712 1.55101 0)
(8.58434 2.13041 0)
(8.69796 -0.445971 0)
(9.25917 -0.320394 0)
(8.79927 -2.53025 0)
(8.6066 -1.15128 0)
(7.88624 -2.98326 0)
(7.48433 -0.721167 0)
(6.83839 -2.50115 0)
(6.5483 -0.0486609 0)
(6.11697 -2.18427 0)
(6.03242 0.788235 0)
(5.82571 -2.05912 0)
(5.66846 1.08702 0)
(5.69982 -1.74715 0)
(5.52773 1.39705 0)
(5.62625 -1.97322 0)
(5.39169 1.69491 0)
(5.69303 -1.76247 0)
(5.31408 1.7129 0)
(5.69046 -1.96999 0)
(5.2793 2.07821 0)
(5.85012 -1.80896 0)
(5.25257 1.98632 0)
(5.87894 -1.97347 0)
(5.27034 2.3396 0)
(6.14652 -1.74105 0)
(5.24216 2.36831 0)
(6.18331 -1.98289 0)
(5.35333 2.61374 0)
(6.54506 -1.58165 0)
(5.42478 3.02764 0)
(6.51705 -1.85955 0)
(5.70938 3.26625 0)
(7.04258 -1.60356 0)
(6.40241 4.14577 0)
(7.38731 -1.27038 0)
(6.94313 4.73151 0)
(8.05884 -0.585099 0)
(7.81984 5.19439 0)
(9.53522 1.19182 0)
(10.6593 5.21221 0)
(13.1796 -0.0404907 0)
(13.3621 -0.0628565 0)
(13.3195 -0.0686199 0)
(13.599 0.00837115 0)
(13.8656 -0.222308 0)
(13.581 -0.234318 0)
(13.558 -0.17939 0)
(13.891 -0.597829 0)
(14.3079 -1.00997 0)
(14.3248 -1.47991 0)
(14.2295 -1.92269 0)
(14.1813 -2.28384 0)
(13.9836 -2.78775 0)
(13.9298 -3.01914 0)
(13.7278 -3.2388 0)
(13.444 -3.42656 0)
(13.1771 -3.30693 0)
(12.7744 -2.98688 0)
(12.2486 -2.3326 0)
(11.6489 -1.53399 0)
(11.3694 -0.541945 0)
(11.4248 0.433524 0)
(11.4334 1.16322 0)
(11.2403 1.80879 0)
(11.0311 2.03941 0)
(10.8015 1.84599 0)
(10.4019 1.43536 0)
(10.1907 0.75667 0)
(10.0471 0.128699 0)
(9.58964 -0.391918 0)
(9.09034 -0.905134 0)
(8.72238 -1.16758 0)
(8.54895 -1.44301 0)
(8.5736 -1.89704 0)
(8.15229 -1.54023 0)
(6.88417 0.226338 0)
(5.29471 1.94568 0)
(4.32903 1.39454 0)
(3.56596 -1.19147 0)
(1.87033 -4.19609 0)
(0.0556895 -6.2403 0)
(-1.01844 -6.63934 0)
(-1.35298 -6.00316 0)
(-1.07896 -4.94901 0)
(-1.24905 -3.98918 0)
(-0.289347 -2.09271 0)
(-1.1182 -0.713644 0)
(-0.692914 1.51514 0)
(0.209798 0.920785 0)
(1.19596 4.1708 0)
(2.31197 2.92068 0)
(2.76801 6.55719 0)
(4.024 5.28967 0)
(4.99214 7.7666 0)
(6.12725 5.67473 0)
(6.45376 6.41161 0)
(7.01421 3.11404 0)
(7.94941 4.14729 0)
(7.95602 1.47892 0)
(8.79488 1.97643 0)
(8.86781 -0.556402 0)
(9.4112 -0.354542 0)
(8.80539 -2.38588 0)
(8.56847 -0.95489 0)
(7.80612 -2.7683 0)
(7.4777 -0.522799 0)
(6.88471 -2.32599 0)
(6.63462 0.0986175 0)
(6.26259 -2.07702 0)
(6.05448 0.884018 0)
(5.97504 -1.97921 0)
(5.7028 1.1585 0)
(5.75262 -1.717 0)
(5.55079 1.48794 0)
(5.72805 -1.96948 0)
(5.37776 1.74832 0)
(5.72089 -1.77758 0)
(5.32488 1.81536 0)
(5.73483 -2.07372 0)
(5.26422 2.14386 0)
(5.85307 -1.94758 0)
(5.22922 2.15136 0)
(5.89207 -2.19657 0)
(5.22112 2.48223 0)
(6.12074 -1.98077 0)
(5.2899 2.59995 0)
(6.21475 -2.30149 0)
(5.35732 2.80357 0)
(6.43683 -1.93808 0)
(5.66685 3.32066 0)
(6.62392 -2.16141 0)
(5.97459 3.38594 0)
(6.771 -1.94627 0)
(6.61439 4.14371 0)
(7.13676 -1.29728 0)
(7.11177 4.56621 0)
(7.48667 -0.567435 0)
(7.9839 4.6126 0)
(8.42464 0.98662 0)
(10.0232 4.39253 0)
(13.1368 -0.0459142 0)
(13.3748 -0.0610437 0)
(13.3731 -0.13809 0)
(13.4838 -0.0352478 0)
(13.6241 -0.143008 0)
(13.4589 -0.238267 0)
(13.7197 -0.330386 0)
(14.0975 -0.737563 0)
(14.1589 -1.02606 0)
(14.0693 -1.39349 0)
(14.0168 -1.87947 0)
(13.9583 -2.24116 0)
(13.7498 -2.69967 0)
(13.4884 -2.97522 0)
(13.1319 -3.13995 0)
(12.7651 -3.26511 0)
(12.1605 -3.0902 0)
(11.3849 -2.67516 0)
(10.8146 -2.0721 0)
(10.4029 -1.41378 0)
(10.1908 -0.515172 0)
(10.1182 0.45658 0)
(10.195 1.22054 0)
(10.1382 1.85488 0)
(10.0712 2.10735 0)
(10.0477 1.95873 0)
(9.79781 1.50319 0)
(9.63548 0.817915 0)
(9.38367 0.2896 0)
(8.96415 -0.213676 0)
(8.64293 -0.773376 0)
(8.40751 -1.08264 0)
(8.22482 -1.3893 0)
(8.10984 -1.73985 0)
(7.58008 -1.1291 0)
(6.3387 0.767307 0)
(4.90629 2.39892 0)
(4.26063 1.74375 0)
(3.65018 -0.691613 0)
(2.0241 -3.49641 0)
(0.0155317 -5.61515 0)
(-1.2927 -6.31721 0)
(-1.80084 -5.93466 0)
(-1.44121 -5.2022 0)
(-1.2861 -4.32785 0)
(-0.110895 -2.09304 0)
(-2.23136 -0.495888 0)
(-0.825706 1.49211 0)
(-0.58873 0.862148 0)
(0.441269 3.62999 0)
(0.928312 1.89426 0)
(2.35273 6.50133 0)
(3.05446 4.42701 0)
(4.70101 7.6571 0)
(5.33432 5.23991 0)
(6.40182 6.12025 0)
(6.97639 2.92921 0)
(7.90446 3.90564 0)
(7.82653 1.3039 0)
(9.06866 1.69707 0)
(8.84375 -0.623279 0)
(9.60896 -0.377477 0)
(8.62139 -2.09852 0)
(8.66574 -0.804101 0)
(7.56522 -2.43979 0)
(7.46438 -0.366052 0)
(6.55454 -2.0896 0)
(6.62288 0.179926 0)
(5.99282 -1.87807 0)
(6.08374 0.884301 0)
(5.72405 -1.84896 0)
(5.78202 1.18462 0)
(5.54536 -1.64773 0)
(5.61058 1.44155 0)
(5.54199 -1.84961 0)
(5.43356 1.76407 0)
(5.49393 -1.73169 0)
(5.40734 1.81444 0)
(5.5344 -1.96775 0)
(5.29571 2.19882 0)
(5.60191 -1.90985 0)
(5.31827 2.18692 0)
(5.6798 -2.17335 0)
(5.28016 2.52001 0)
(5.82191 -2.08068 0)
(5.39842 2.65724 0)
(5.97706 -2.36676 0)
(5.45123 2.92225 0)
(6.11125 -2.15511 0)
(5.77721 3.356 0)
(6.42631 -2.25493 0)
(6.07589 3.42496 0)
(6.6193 -2.00008 0)
(6.65244 4.12906 0)
(7.1526 -1.25373 0)
(7.26368 4.2219 0)
(7.65433 -0.421107 0)
(8.14499 3.96842 0)
(8.72325 1.08096 0)
(9.67564 3.54726 0)
(13.2259 -0.0807002 0)
(13.4148 -0.059579 0)
(13.3302 -0.111257 0)
(13.3472 -0.00229809 0)
(13.5696 -0.139376 0)
(13.6854 -0.379201 0)
(13.8499 -0.42571 0)
(13.8638 -0.685992 0)
(13.8084 -1.0035 0)
(13.808 -1.36268 0)
(13.7664 -1.80788 0)
(13.6023 -2.17593 0)
(13.2656 -2.58321 0)
(12.851 -2.79948 0)
(12.2227 -2.91773 0)
(11.4117 -2.97588 0)
(10.4856 -2.73068 0)
(9.65124 -2.33919 0)
(9.15324 -1.85118 0)
(8.7889 -1.24346 0)
(8.46785 -0.386054 0)
(8.44571 0.495677 0)
(8.73205 1.17837 0)
(8.83741 1.79671 0)
(9.03724 2.07487 0)
(9.11272 1.95106 0)
(8.94558 1.52745 0)
(8.91663 0.931462 0)
(8.66582 0.439103 0)
(8.36619 -0.0911628 0)
(8.10992 -0.663116 0)
(7.79605 -1.00685 0)
(7.52607 -1.33053 0)
(7.32644 -1.52402 0)
(6.77082 -0.714594 0)
(5.65534 1.2456 0)
(4.49981 2.72965 0)
(4.25839 1.98991 0)
(3.88751 -0.235765 0)
(2.37753 -2.77063 0)
(0.343228 -4.92333 0)
(-1.21683 -5.78681 0)
(-1.89911 -5.76139 0)
(-1.78252 -5.53884 0)
(-1.83571 -4.70648 0)
(-0.856702 -2.03503 0)
(-3.29815 -0.2422 0)
(-1.44261 0.886327 0)
(-2.11997 0.477782 0)
(-0.262463 3.4495 0)
(-0.0234138 1.52411 0)
(1.66052 6.48388 0)
(1.45284 3.37258 0)
(4.36442 7.46484 0)
(4.61658 4.56273 0)
(6.28892 5.70461 0)
(6.62533 2.6831 0)
(7.8886 3.66132 0)
(7.83209 1.15918 0)
(9.26512 1.46424 0)
(8.88899 -0.652136 0)
(9.5815 -0.37491 0)
(8.49967 -1.88991 0)
(8.57725 -0.661426 0)
(7.57283 -2.17105 0)
(7.42829 -0.218283 0)
(6.62268 -1.84147 0)
(6.67511 0.211103 0)
(6.00656 -1.69566 0)
(6.11526 0.875395 0)
(5.76736 -1.71234 0)
(5.80944 1.1388 0)
(5.56485 -1.51436 0)
(5.63643 1.41175 0)
(5.53557 -1.76632 0)
(5.46233 1.74197 0)
(5.49468 -1.66364 0)
(5.43087 1.79558 0)
(5.52264 -1.92366 0)
(5.30438 2.17937 0)
(5.58983 -1.8935 0)
(5.34766 2.19978 0)
(5.66417 -2.13305 0)
(5.29348 2.57687 0)
(5.80221 -2.05704 0)
(5.43571 2.72951 0)
(5.99267 -2.36641 0)
(5.48992 2.98408 0)
(6.09939 -2.16022 0)
(5.86473 3.42009 0)
(6.45785 -2.19985 0)
(6.20877 3.42206 0)
(6.69893 -1.94849 0)
(6.72319 3.89776 0)
(7.22095 -1.10581 0)
(7.31075 3.76921 0)
(7.92828 -0.232574 0)
(8.18259 3.2809 0)
(9.09603 1.07792 0)
(9.72383 2.85142 0)
(13.2415 -0.0878909 0)
(13.3247 -0.00987804 0)
(13.2849 -0.0857619 0)
(13.3596 -0.0470207 0)
(13.559 -0.188983 0)
(13.5456 -0.419927 0)
(13.4742 -0.416947 0)
(13.5098 -0.642473 0)
(13.5632 -0.993382 0)
(13.4665 -1.33827 0)
(13.2654 -1.73678 0)
(12.9667 -2.0357 0)
(12.37 -2.3636 0)
(11.5687 -2.56457 0)
(10.6185 -2.5791 0)
(9.55887 -2.53008 0)
(8.57421 -2.32499 0)
(7.86802 -2.03911 0)
(7.35919 -1.62494 0)
(6.87821 -1.02713 0)
(6.66818 -0.318854 0)
(6.89151 0.371441 0)
(7.10355 1.0727 0)
(7.32937 1.69609 0)
(7.78473 1.97004 0)
(7.86642 1.95022 0)
(7.94726 1.5406 0)
(7.99561 0.987583 0)
(7.74183 0.549626 0)
(7.63044 0.00158308 0)
(7.40581 -0.541794 0)
(6.9938 -0.886023 0)
(6.65271 -1.21545 0)
(6.36373 -1.28638 0)
(5.77719 -0.314617 0)
(4.83781 1.64499 0)
(4.06383 2.90702 0)
(4.3281 2.10083 0)
(4.26307 0.150309 0)
(2.94195 -2.07634 0)
(0.904318 -4.19735 0)
(-0.793807 -5.27556 0)
(-1.67716 -5.43328 0)
(-2.20278 -5.47443 0)
(-2.91624 -4.31223 0)
(-2.98393 -1.56021 0)
(-4.55343 0.0498262 0)
(-1.4113 0.477717 0)
(-3.61873 0.56383 0)
(-0.661965 3.4071 0)
(-1.43538 0.616478 0)
(1.18708 6.2553 0)
(0.0533748 2.29352 0)
(4.14559 7.13418 0)
(3.6642 3.85498 0)
(6.11747 5.27568 0)
(6.15724 2.45306 0)
(7.73365 3.21055 0)
(7.88122 0.896303 0)
(9.25452 1.18943 0)
(8.71492 -0.706921 0)
(9.48929 -0.324185 0)
(8.24187 -1.60429 0)
(8.51714 -0.532236 0)
(7.35999 -1.85535 0)
(7.38152 -0.103511 0)
(6.46015 -1.63206 0)
(6.7211 0.239172 0)
(5.87411 -1.46964 0)
(6.18595 0.767154 0)
(5.68184 -1.51025 0)
(5.86797 1.05356 0)
(5.41071 -1.36717 0)
(5.75123 1.24381 0)
(5.38419 -1.56054 0)
(5.49534 1.59943 0)
(5.31466 -1.52259 0)
(5.5378 1.64416 0)
(5.31585 -1.73141 0)
(5.33937 2.05473 0)
(5.37895 -1.78131 0)
(5.44189 2.11906 0)
(5.46297 -1.99813 0)
(5.35694 2.5007 0)
(5.5702 -2.03532 0)
(5.51619 2.65819 0)
(5.79931 -2.25228 0)
(5.58483 2.97435 0)
(5.94946 -2.15838 0)
(5.91567 3.26283 0)
(6.3693 -2.12611 0)
(6.23182 3.22474 0)
(6.70895 -1.78881 0)
(6.62772 3.49974 0)
(7.31898 -0.930467 0)
(7.28353 3.20182 0)
(8.07173 -0.0437188 0)
(8.18238 2.62659 0)
(9.16478 0.986767 0)
(9.79118 2.35403 0)
(12.9698 -0.0824789 0)
(13.0534 0.00998981 0)
(13 -0.0683456 0)
(13.0124 -0.0569626 0)
(13.1299 -0.173359 0)
(13.0399 -0.388202 0)
(12.99 -0.43137 0)
(12.9863 -0.657618 0)
(12.8822 -0.973842 0)
(12.6631 -1.23533 0)
(12.258 -1.57365 0)
(11.6534 -1.8487 0)
(10.8421 -2.04254 0)
(9.84423 -2.12835 0)
(8.69346 -2.11316 0)
(7.59077 -2.09663 0)
(6.6771 -1.9832 0)
(5.97283 -1.74122 0)
(5.45347 -1.3901 0)
(5.14035 -0.945645 0)
(5.0462 -0.351994 0)
(5.07156 0.363094 0)
(5.27874 1.00208 0)
(5.82403 1.49166 0)
(6.20133 1.8561 0)
(6.4237 1.85964 0)
(6.80139 1.445 0)
(6.78465 1.03142 0)
(6.71968 0.596021 0)
(6.75209 0.0396619 0)
(6.40453 -0.410343 0)
(5.94109 -0.745534 0)
(5.62767 -1.07937 0)
(5.29348 -1.02291 0)
(4.70793 0.0518777 0)
(3.97695 1.92308 0)
(3.67366 2.89098 0)
(4.46132 2.0364 0)
(4.76441 0.428406 0)
(3.64826 -1.42778 0)
(1.63449 -3.42635 0)
(-0.304747 -4.76996 0)
(-1.24264 -5.13185 0)
(-2.38312 -5.08145 0)
(-4.00374 -3.65802 0)
(-4.82607 -1.19794 0)
(-4.94175 -0.355631 0)
(-1.66861 -0.0413531 0)
(-5.40884 0.47145 0)
(-0.880128 2.29901 0)
(-5.57746 0.583403 0)
(0.932029 6.35654 0)
(-2.77101 1.5394 0)
(3.51142 6.70346 0)
(2.25517 2.95653 0)
(5.85875 4.79755 0)
(5.92488 2.23664 0)
(7.79239 2.7728 0)
(7.74962 0.708126 0)
(9.23693 1.02835 0)
(8.41301 -0.656136 0)
(9.33728 -0.268639 0)
(7.7736 -1.35202 0)
(8.4789 -0.440767 0)
(7.0557 -1.57136 0)
(7.37808 -0.00816876 0)
(6.33309 -1.38201 0)
(6.81263 0.231471 0)
(5.73833 -1.22842 0)
(6.27749 0.687883 0)
(5.55092 -1.3214 0)
(5.94309 0.964175 0)
(5.30221 -1.18749 0)
(5.84092 1.09675 0)
(5.24915 -1.36337 0)
(5.5655 1.4595 0)
(5.24762 -1.37438 0)
(5.61983 1.46017 0)
(5.20757 -1.52596 0)
(5.38713 1.87048 0)
(5.34964 -1.62115 0)
(5.51866 1.89003 0)
(5.38726 -1.79151 0)
(5.36801 2.3188 0)
(5.55217 -1.8393 0)
(5.58025 2.42487 0)
(5.78941 -2.08306 0)
(5.63609 2.74914 0)
(5.97987 -1.94446 0)
(5.92791 2.96001 0)
(6.43089 -1.91707 0)
(6.29269 2.82729 0)
(6.79429 -1.55885 0)
(6.59312 2.98384 0)
(7.39509 -0.716917 0)
(7.28591 2.63112 0)
(8.15692 0.121501 0)
(8.28493 2.05528 0)
(9.18874 0.848836 0)
(9.83451 1.91672 0)
(12.1621 -0.0675369 0)
(12.2262 0.0369896 0)
(12.1563 -0.0235662 0)
(12.1692 -0.0589887 0)
(12.2042 -0.166146 0)
(12.0768 -0.363645 0)
(12.0143 -0.42548 0)
(11.8854 -0.589536 0)
(11.6501 -0.876232 0)
(11.2812 -1.11261 0)
(10.6997 -1.33929 0)
(9.95396 -1.52274 0)
(9.00347 -1.64478 0)
(7.86907 -1.67438 0)
(6.65639 -1.65743 0)
(5.5655 -1.66782 0)
(4.74939 -1.64619 0)
(4.20494 -1.5376 0)
(3.7525 -1.25685 0)
(3.38477 -0.813792 0)
(3.22728 -0.274125 0)
(3.29416 0.288872 0)
(3.60103 0.823453 0)
(4.02332 1.34993 0)
(4.48245 1.67628 0)
(5.09266 1.60213 0)
(5.37184 1.35585 0)
(5.43214 1.02999 0)
(5.71874 0.553085 0)
(5.68825 0.113829 0)
(5.22121 -0.227598 0)
(4.8051 -0.609958 0)
(4.48963 -0.942085 0)
(4.08505 -0.744004 0)
(3.54088 0.396226 0)
(3.07811 2.0456 0)
(3.34449 2.64955 0)
(4.64804 1.79912 0)
(5.32029 0.585445 0)
(4.43643 -0.821835 0)
(2.45194 -2.6018 0)
(0.192036 -4.09702 0)
(-1.09633 -4.65868 0)
(-2.57678 -4.55692 0)
(-4.34824 -3.42791 0)
(-5.14905 -1.54027 0)
(-5.58438 -0.788001 0)
(-3.6512 -0.0225668 0)
(-7.8289 1.33574 0)
(-3.43143 2.73699 0)
(-9.8438 0.0135398 0)
(0.735422 5.63757 0)
(-5.83414 0.230249 0)
(3.82917 6.27826 0)
(0.922163 2.0842 0)
(5.7669 4.02144 0)
(5.27096 1.80178 0)
(7.96003 2.20955 0)
(7.22884 0.526266 0)
(9.00127 0.789287 0)
(8.06985 -0.651697 0)
(9.04244 -0.207072 0)
(7.56952 -1.11485 0)
(8.54166 -0.40432 0)
(6.99583 -1.23357 0)
(7.43826 0.0133554 0)
(6.46517 -1.15138 0)
(6.91682 0.227509 0)
(5.68798 -0.983246 0)
(6.41998 0.559857 0)
(5.57083 -1.06925 0)
(5.96439 0.844485 0)
(5.20533 -1.00409 0)
(5.96505 0.926956 0)
(5.11495 -1.11331 0)
(5.60738 1.2352 0)
(5.08208 -1.1861 0)
(5.70527 1.27012 0)
(5.00513 -1.27194 0)
(5.46012 1.57831 0)
(5.13085 -1.43302 0)
(5.58088 1.66215 0)
(5.16805 -1.53387 0)
(5.4522 1.98478 0)
(5.33423 -1.67309 0)
(5.63968 2.09526 0)
(5.61124 -1.81557 0)
(5.67021 2.3947 0)
(5.84148 -1.75785 0)
(5.89321 2.49902 0)
(6.35829 -1.69551 0)
(6.20387 2.38715 0)
(6.75078 -1.2932 0)
(6.52692 2.44622 0)
(7.34514 -0.529458 0)
(7.31547 2.05338 0)
(8.15691 0.228056 0)
(8.36792 1.56304 0)
(9.13256 0.713169 0)
(9.76622 1.54982 0)
(10.8393 -0.0545033 0)
(10.8705 0.0292709 0)
(10.773 -0.00986319 0)
(10.7752 -0.0505959 0)
(10.779 -0.140593 0)
(10.6409 -0.312268 0)
(10.5231 -0.388002 0)
(10.3252 -0.524391 0)
(9.98526 -0.736073 0)
(9.49897 -0.895222 0)
(8.85453 -1.05022 0)
(8.01257 -1.15968 0)
(6.95482 -1.19743 0)
(5.76943 -1.1757 0)
(4.63377 -1.19699 0)
(3.74276 -1.33399 0)
(3.03753 -1.40274 0)
(2.42705 -1.29399 0)
(1.9425 -1.04486 0)
(1.62329 -0.702898 0)
(1.48396 -0.272421 0)
(1.53939 0.214111 0)
(1.80088 0.69116 0)
(2.26457 1.11694 0)
(2.88784 1.37159 0)
(3.39478 1.43559 0)
(3.75148 1.27447 0)
(4.29288 0.874234 0)
(4.63024 0.485274 0)
(4.40139 0.236359 0)
(4.02326 -0.0710652 0)
(3.7266 -0.483901 0)
(3.35339 -0.760787 0)
(2.8877 -0.487241 0)
(2.43481 0.609421 0)
(2.29736 1.95462 0)
(3.17664 2.16448 0)
(4.88574 1.38033 0)
(5.84807 0.611624 0)
(5.25238 -0.287451 0)
(3.38709 -1.7367 0)
(0.860882 -3.26652 0)
(-1.22238 -3.92439 0)
(-3.32936 -3.65878 0)
(-5.31156 -2.46089 0)
(-6.19204 -1.03323 0)
(-6.63994 -0.472798 0)
(-5.72307 0.0694595 0)
(-8.31897 1.14041 0)
(-3.39161 1.87258 0)
(-7.46277 -1.16994 0)
(2.19319 5.85156 0)
(-4.19906 -0.0526267 0)
(3.68975 4.99496 0)
(1.00044 1.48303 0)
(5.51692 3.20382 0)
(4.70451 1.36438 0)
(7.89324 1.72993 0)
(6.68334 0.45667 0)
(8.92239 0.553898 0)
(7.70376 -0.55846 0)
(8.81235 -0.158972 0)
(7.4202 -0.969357 0)
(8.52048 -0.366161 0)
(6.73349 -0.934105 0)
(7.69479 -0.00564748 0)
(6.35138 -0.926692 0)
(6.98338 0.284293 0)
(5.52888 -0.74682 0)
(6.69944 0.40656 0)
(5.26363 -0.824619 0)
(6.11097 0.770069 0)
(5.01033 -0.845656 0)
(6.1685 0.729745 0)
(4.82542 -0.845985 0)
(5.79754 1.0509 0)
(4.92605 -1.01014 0)
(5.86978 1.03403 0)
(4.82183 -0.985881 0)
(5.62573 1.32152 0)
(5.03737 -1.20173 0)
(5.70926 1.35049 0)
(5.0795 -1.22638 0)
(5.51855 1.67656 0)
(5.28364 -1.38282 0)
(5.7264 1.68966 0)
(5.57145 -1.49718 0)
(5.63337 1.99779 0)
(5.79448 -1.43407 0)
(5.83991 2.0271 0)
(6.33453 -1.39592 0)
(6.13188 1.90857 0)
(6.73141 -1.0101 0)
(6.51997 1.92176 0)
(7.28961 -0.360406 0)
(7.33993 1.55418 0)
(8.16627 0.311021 0)
(8.52641 1.16365 0)
(9.12007 0.561628 0)
(9.72092 1.1898 0)
(9.07394 -0.0450775 0)
(9.05664 0.0144688 0)
(8.97153 -0.000912921 0)
(8.98908 -0.0551762 0)
(8.97757 -0.128703 0)
(8.83488 -0.252467 0)
(8.66702 -0.318829 0)
(8.39918 -0.40436 0)
(8.00933 -0.545412 0)
(7.46677 -0.652764 0)
(6.7662 -0.728519 0)
(5.89659 -0.755276 0)
(4.84473 -0.731112 0)
(3.79994 -0.736772 0)
(2.9011 -0.850293 0)
(2.10525 -1.0217 0)
(1.38376 -1.1141 0)
(0.75006 -1.06646 0)
(0.242869 -0.878604 0)
(-0.0972036 -0.591025 0)
(-0.259265 -0.229145 0)
(-0.218702 0.171128 0)
(0.0466091 0.569039 0)
(0.547484 0.924011 0)
(1.18042 1.15498 0)
(1.84993 1.17895 0)
(2.57978 0.955985 0)
(3.1459 0.67972 0)
(3.24856 0.520575 0)
(3.1152 0.351353 0)
(3.01153 0.0166781 0)
(2.77678 -0.377433 0)
(2.29507 -0.564018 0)
(1.73873 -0.231098 0)
(1.39627 0.745785 0)
(1.76795 1.61501 0)
(3.20884 1.44131 0)
(5.04567 0.81286 0)
(6.19792 0.530406 0)
(5.92547 0.147726 0)
(4.3884 -0.871746 0)
(1.91721 -2.23121 0)
(-0.573133 -2.97335 0)
(-3.08744 -2.78341 0)
(-5.31584 -1.98456 0)
(-6.76508 -0.887486 0)
(-6.98879 -0.295691 0)
(-5.57137 -0.0604652 0)
(-6.96694 1.55929 0)
(-1.87217 1.85739 0)
(-6.50518 -2.01043 0)
(2.89384 3.94473 0)
(-3.47446 0.011175 0)
(2.95335 3.55376 0)
(0.778096 1.01086 0)
(5.17755 2.48782 0)
(3.97156 0.904456 0)
(7.69537 1.25273 0)
(5.91589 0.304255 0)
(8.99795 0.217627 0)
(6.88215 -0.461043 0)
(9.13969 -0.269776 0)
(7.07315 -0.822141 0)
(8.81393 -0.336545 0)
(6.42205 -0.677987 0)
(8.19107 -0.0779455 0)
(5.83537 -0.599997 0)
(7.25463 0.273438 0)
(5.29092 -0.518771 0)
(6.83675 0.334543 0)
(4.72172 -0.492634 0)
(6.3899 0.571676 0)
(4.70508 -0.612105 0)
(6.08751 0.614721 0)
(4.41316 -0.561616 0)
(6.02341 0.7474 0)
(4.5526 -0.752359 0)
(5.76222 0.853976 0)
(4.4608 -0.710107 0)
(5.83263 0.954452 0)
(4.67333 -0.930946 0)
(5.65737 1.08202 0)
(4.68657 -0.923235 0)
(5.69195 1.25819 0)
(5.03404 -1.11316 0)
(5.74661 1.27641 0)
(5.17385 -1.14864 0)
(5.61233 1.55981 0)
(5.60081 -1.13704 0)
(5.90737 1.47082 0)
(6.10328 -1.09677 0)
(5.99962 1.43435 0)
(6.50812 -0.763598 0)
(6.38635 1.46026 0)
(7.16591 -0.219339 0)
(7.36506 1.07211 0)
(8.12047 0.260288 0)
(8.61599 0.818461 0)
(9.13745 0.403363 0)
(9.6313 0.873909 0)
(6.96327 -0.00974068 0)
(6.93144 0.0185126 0)
(6.89422 -0.000780764 0)
(6.91577 -0.0464985 0)
(6.86898 -0.0898364 0)
(6.71714 -0.170296 0)
(6.51835 -0.216068 0)
(6.22292 -0.262942 0)
(5.81417 -0.337676 0)
(5.26717 -0.382227 0)
(4.58582 -0.391435 0)
(3.79746 -0.364525 0)
(2.98844 -0.350552 0)
(2.2407 -0.405332 0)
(1.50553 -0.541143 0)
(0.722942 -0.715355 0)
(-0.0794533 -0.830162 0)
(-0.799037 -0.819087 0)
(-1.35667 -0.695475 0)
(-1.72497 -0.484696 0)
(-1.8874 -0.209758 0)
(-1.8216 0.0872975 0)
(-1.52478 0.380276 0)
(-0.982263 0.63801 0)
(-0.270917 0.798084 0)
(0.518913 0.811055 0)
(1.21333 0.719902 0)
(1.68021 0.614498 0)
(1.97401 0.504514 0)
(2.22556 0.315642 0)
(2.29066 0.0474522 0)
(1.9872 -0.207596 0)
(1.4261 -0.29423 0)
(0.966171 -0.0062492 0)
(0.996871 0.633844 0)
(2.01417 0.997386 0)
(3.58269 0.626089 0)
(4.91624 0.166617 0)
(5.97483 0.249586 0)
(6.13747 0.395598 0)
(5.19436 -0.129199 0)
(2.95586 -1.19926 0)
(0.0935227 -1.97928 0)
(-2.41916 -1.86495 0)
(-4.09847 -1.15368 0)
(-5.40355 -0.580858 0)
(-5.82893 -0.258697 0)
(-4.29646 -0.975149 0)
(-7.36432 0.348654 0)
(1.97217 0.902603 0)
(-7.43936 -1.1519 0)
(1.33117 2.99247 0)
(-4.54152 -0.119061 0)
(3.16774 2.68678 0)
(0.010126 0.72853 0)
(5.78529 1.63147 0)
(3.52729 0.572661 0)
(7.84069 0.718858 0)
(5.77937 0.118429 0)
(9.15017 -0.0105527 0)
(6.58663 -0.41746 0)
(9.31405 -0.417006 0)
(6.1586 -0.643706 0)
(8.53793 -0.311539 0)
(5.15542 -0.466391 0)
(7.80184 -0.0140474 0)
(4.34911 -0.304413 0)
(7.25977 0.200292 0)
(4.11442 -0.288231 0)
(6.93216 0.305577 0)
(3.86894 -0.288987 0)
(6.80585 0.376237 0)
(3.97987 -0.341778 0)
(6.51862 0.45797 0)
(3.96611 -0.371006 0)
(6.52545 0.504116 0)
(4.11913 -0.428065 0)
(6.22508 0.60442 0)
(4.21408 -0.470093 0)
(6.27231 0.64992 0)
(4.38737 -0.548022 0)
(5.96408 0.776095 0)
(4.50664 -0.599206 0)
(5.99627 0.84414 0)
(4.80829 -0.706474 0)
(5.76712 0.929532 0)
(4.89753 -0.740313 0)
(5.71197 1.05911 0)
(5.36634 -0.789164 0)
(5.82769 1.0218 0)
(5.6775 -0.732209 0)
(5.89915 1.01794 0)
(6.07075 -0.507589 0)
(6.42308 0.99369 0)
(6.9473 -0.150034 0)
(7.49464 0.652073 0)
(7.82507 0.186587 0)
(8.62653 0.501313 0)
(8.84681 0.273247 0)
(9.58314 0.568403 0)
(4.59212 -0.00254276 0)
(4.56681 1.26444e-05 0)
(4.55408 -0.010478 0)
(4.5456 -0.0322092 0)
(4.47555 -0.0504319 0)
(4.33191 -0.0915019 0)
(4.13048 -0.110512 0)
(3.85301 -0.119327 0)
(3.49392 -0.135341 0)
(3.05064 -0.125699 0)
(2.56557 -0.0965028 0)
(2.08701 -0.0700834 0)
(1.62652 -0.074582 0)
(1.15734 -0.137244 0)
(0.604761 -0.260481 0)
(-0.11988 -0.406119 0)
(-0.99684 -0.511971 0)
(-1.86769 -0.533053 0)
(-2.58741 -0.46713 0)
(-3.07969 -0.337804 0)
(-3.30428 -0.167508 0)
(-3.25525 0.0196215 0)
(-2.9465 0.221458 0)
(-2.36801 0.399772 0)
(-1.61186 0.518513 0)
(-0.777578 0.540526 0)
(-0.00368173 0.491897 0)
(0.67651 0.413433 0)
(1.26853 0.324249 0)
(1.72693 0.221886 0)
(1.90312 0.098317 0)
(1.74456 -0.039326 0)
(1.37483 -0.111041 0)
(1.1766 0.0141955 0)
(1.56896 0.244757 0)
(2.71329 0.336568 0)
(3.75757 0.145353 0)
(4.12381 -0.0562196 0)
(4.41778 0.0701388 0)
(4.87213 0.385431 0)
(5.22543 0.345042 0)
(4.21991 -0.156004 0)
(1.69643 -0.813123 0)
(-1.14296 -1.06283 0)
(-2.68341 -0.763481 0)
(-3.21845 -0.531562 0)
(-3.88312 -0.178485 0)
(-0.536604 -0.344996 0)
(-7.06331 -0.268381 0)
(2.50026 0.623134 0)
(-7.09405 -0.837963 0)
(2.3432 2.33503 0)
(-2.90747 -0.0489324 0)
(2.89009 1.42592 0)
(1.3026 0.555986 0)
(5.40246 0.751263 0)
(4.24384 0.263421 0)
(6.96851 0.205025 0)
(5.88099 -0.0894516 0)
(7.60996 -0.208856 0)
(5.6327 -0.349174 0)
(6.87896 -0.274541 0)
(4.15511 -0.293864 0)
(5.91132 -0.130009 0)
(3.00169 -0.162406 0)
(5.47752 0.0142128 0)
(2.46312 -0.109593 0)
(5.43494 0.0942338 0)
(2.29699 -0.103136 0)
(5.49798 0.129178 0)
(2.25947 -0.11834 0)
(5.64129 0.161065 0)
(2.28053 -0.13713 0)
(5.77001 0.184812 0)
(2.38248 -0.163892 0)
(5.91711 0.218414 0)
(2.48324 -0.18416 0)
(6.04325 0.25258 0)
(2.69671 -0.222135 0)
(6.15895 0.293157 0)
(2.88412 -0.249304 0)
(6.21863 0.346696 0)
(3.2106 -0.30024 0)
(6.27387 0.395404 0)
(3.53542 -0.341384 0)
(6.19808 0.455408 0)
(3.90269 -0.37686 0)
(6.1934 0.511355 0)
(4.42036 -0.399622 0)
(6.1398 0.526592 0)
(4.86199 -0.357351 0)
(6.194 0.524205 0)
(5.40789 -0.239836 0)
(6.62298 0.466186 0)
(6.26879 -0.0629378 0)
(7.32213 0.299915 0)
(7.022 0.121711 0)
(8.17105 0.205006 0)
(7.82097 0.148205 0)
(9.07798 0.21385 0)
(1.72213 0.0221035 0)
(1.70937 0.00272305 0)
(1.70722 0.00217349 0)
(1.69033 -0.00199264 0)
(1.64319 -0.00405656 0)
(1.5584 -0.00884437 0)
(1.44193 -0.00296311 0)
(1.31449 0.00843682 0)
(1.18547 0.0160365 0)
(1.06257 0.0232202 0)
(0.972823 0.0303809 0)
(0.933257 0.0405282 0)
(0.921848 0.0429649 0)
(0.873957 0.0236484 0)
(0.685859 -0.0196628 0)
(0.249958 -0.0816218 0)
(-0.472284 -0.1351 0)
(-1.35649 -0.172264 0)
(-2.21958 -0.180734 0)
(-2.93592 -0.160566 0)
(-3.42257 -0.116746 0)
(-3.61809 -0.0598193 0)
(-3.50265 0.0171321 0)
(-3.08328 0.0863198 0)
(-2.42468 0.131109 0)
(-1.64734 0.135771 0)
(-0.892239 0.113894 0)
(-0.231971 0.089693 0)
(0.309969 0.0714549 0)
(0.724753 0.0550683 0)
(0.969521 0.0267436 0)
(0.990189 -0.0170475 0)
(0.813826 -0.0567944 0)
(0.682691 -0.0565628 0)
(0.867609 -0.0318741 0)
(1.32362 0.0154928 0)
(1.64271 0.0292032 0)
(1.66334 0.0141951 0)
(1.70692 0.0449701 0)
(2.05463 0.101906 0)
(2.73242 0.149299 0)
(3.14826 0.178177 0)
(2.88296 0.00598759 0)
(1.46777 -0.232228 0)
(-0.00303888 -0.265679 0)
(-0.695696 -0.368302 0)
(-2.39025 -0.651737 0)
(-2.06957 -0.117724 0)
(-5.14203 0.00449715 0)
(-0.929318 0.336568 0)
(-5.30622 -0.440756 0)
(-0.826526 0.470291 0)
(-1.51105 -0.128506 0)
(0.132242 0.230332 0)
(1.49533 0.0562036 0)
(2.80218 0.0634368 0)
(2.89396 -0.0437005 0)
(3.62306 -0.0449201 0)
(3.22814 -0.0686409 0)
(3.43265 -0.0359865 0)
(2.58029 -0.0306216 0)
(2.78037 -0.000361896 0)
(1.75636 -0.0367806 0)
(2.22751 -0.00455821 0)
(1.16325 -0.0420961 0)
(1.97468 0.00905458 0)
(0.890842 -0.0330541 0)
(1.94492 0.0265972 0)
(0.821653 -0.0365059 0)
(1.99608 0.0319012 0)
(0.809476 -0.0394658 0)
(2.07649 0.0381449 0)
(0.82992 -0.0455931 0)
(2.1741 0.0414786 0)
(0.863399 -0.0482647 0)
(2.27514 0.0447145 0)
(0.904941 -0.0533482 0)
(2.40514 0.0488248 0)
(0.975096 -0.0579973 0)
(2.52665 0.0515927 0)
(1.04468 -0.065443 0)
(2.67721 0.0562818 0)
(1.1724 -0.0744428 0)
(2.80443 0.064891 0)
(1.32312 -0.0862669 0)
(2.92905 0.0738387 0)
(1.5524 -0.105263 0)
(3.02243 0.0975492 0)
(1.90205 -0.119903 0)
(3.09278 0.107549 0)
(2.29743 -0.124216 0)
(3.19139 0.118458 0)
(2.8087 -0.112105 0)
(3.4472 0.104027 0)
(3.36192 -0.0582256 0)
(3.85896 0.0563615 0)
(3.83887 -0.00931889 0)
(4.35148 -0.00549381 0)
(4.21811 0.0108429 0)
(4.92303 -0.0791802 0)
(0.522801 -0.181829 0)
(1.19329 -0.0767216 0)
(1.78346 -0.0157451 0)
(1.92589 0.14431 0)
(0.981499 0.240351 0)
(-0.364094 0.0987777 0)
(-0.881147 -0.0774328 0)
(-0.998008 0.0438458 0)
(-1.52029 0.204919 0)
(-2.17935 0.176767 0)
(-2.63612 0.0883089 0)
(-2.83551 0.0901984 0)
(-2.8148 0.0601579 0)
(-2.67732 -0.052642 0)
(-1.92086 -0.138103 0)
(-0.928054 -0.174205 0)
(0.430026 -0.217579 0)
(1.95469 -0.0113784 0)
(2.60418 0.23247 0)
(1.96511 0.223924 0)
(0.667085 0.0734473 0)
(0.212666 -0.0782263 0)
(1.00721 -0.306682 0)
(2.1166 -0.372055 0)
(2.83972 -0.241606 0)
(1.78805 0.126027 0)
(-0.67265 0.369056 0)
(-3.04814 0.436093 0)
(-4.72631 0.3911 0)
(-5.68744 0.28971 0)
(-6.15519 0.229275 0)
(-6.09908 0.125651 0)
(-5.25432 -0.133366 0)
(-4.42907 -0.0739574 0)
(-2.69841 -0.244462 0)
(-0.82992 -0.296282 0)
(1.09946 -0.172527 0)
(2.51652 -0.0234824 0)
(3.44729 0.0819442 0)
(3.95303 0.122425 0)
(4.18212 0.118673 0)
(4.22885 0.114386 0)
(4.04495 0.123577 0)
(3.55422 0.0905348 0)
(2.85696 -0.0102787 0)
(2.18904 -0.076631 0)
(1.70277 -0.054909 0)
(1.41057 -0.0154768 0)
(1.20032 0.0134713 0)
(0.933677 0.0473587 0)
(0.550676 0.0725587 0)
(0.13243 0.0708059 0)
(-0.177368 0.0460615 0)
(-0.331724 0.0190959 0)
(-0.380375 0.00595898 0)
(-0.422009 0.0115168 0)
(-0.497617 0.0219563 0)
(-0.612187 0.0288746 0)
(-0.745392 0.0316329 0)
(-0.857542 0.0257387 0)
(-0.887547 0.00403731 0)
(-0.843299 -0.00864116 0)
(-0.710145 -0.0253598 0)
(-0.51791 -0.0334283 0)
(-0.294125 -0.0346018 0)
(-0.0777878 -0.0332013 0)
(0.11945 -0.0278952 0)
(0.280379 -0.0214625 0)
(0.399379 -0.0155684 0)
(0.484964 -0.0104081 0)
(0.536523 -0.00591756 0)
(0.563606 -0.00321366 0)
(0.570923 -0.000506916 0)
(0.562115 0.00138638 0)
(0.541408 0.00310536 0)
(0.510511 0.00384345 0)
(0.469921 0.0055078 0)
(0.421341 0.00586661 0)
(0.363045 0.00720853 0)
(0.297335 0.00785425 0)
(0.220779 0.00874831 0)
(0.136788 0.00945017 0)
(0.0421577 0.00985933 0)
(-0.0576907 0.0103715 0)
(-0.162642 0.00774082 0)
(-0.259046 -0.000160092 0)
(-0.325115 -0.0142568 0)
(-0.343268 -0.0259529 0)
(-0.326808 -0.0257203 0)
(-0.294192 -0.0139453 0)
(-0.251689 -0.00793106 0)
(-0.159393 -0.0253566 0)
(0.0693215 -0.0601841 0)
(0.401859 -0.0839868 0)
(0.650301 -0.0514203 0)
(0.386702 0.0569177 0)
(-0.703012 0.19708 0)
(-1.69864 0.201213 0)
(-1.74751 -0.0174902 0)
(-0.663337 -0.269372 0)
(0.600834 -0.538476 0)
(1.15164 -0.477329 0)
(2.56395 -0.244825 0)
(2.37552 0.230575 0)
(1.64468 0.761899 0)
(0.034335 0.743491 0)
(-1.79011 0.29419 0)
(-2.8784 0.263548 0)
(-2.83558 0.319663 0)
(-2.84712 0.321272 0)
(-3.76987 0.169719 0)
(-3.91644 -0.0132501 0)
(-3.65113 -0.0553926 0)
(-3.28751 -0.293133 0)
(-2.7265 -0.596526 0)
(-1.39072 -0.749113 0)
(-0.108275 -1.02803 0)
(1.59403 -0.89945 0)
(3.71127 -0.130992 0)
(4.43645 0.50856 0)
(2.88802 0.627604 0)
(2.43256 4.33306e-05 0)
(2.99531 -0.679398 0)
(2.75532 -0.440358 0)
(0.951698 0.558881 0)
(-2.40894 1.44698 0)
(-5.53776 1.56171 0)
(-7.30761 1.19893 0)
(-8.06586 0.728901 0)
(-8.09338 0.23348 0)
(-7.6328 -0.1058 0)
(-6.67378 -0.336796 0)
(-5.14257 -0.835028 0)
(-4.75494 -0.757701 0)
(-1.99772 -1.3572 0)
(-0.403462 -1.34042 0)
(1.74888 -1.19124 0)
(3.52996 -0.896 0)
(5.06226 -0.607893 0)
(6.33218 -0.37634 0)
(7.35805 -0.206286 0)
(8.21516 -0.0427194 0)
(8.72759 0.177503 0)
(8.82207 0.462924 0)
(8.38598 0.671637 0)
(7.03621 0.632915 0)
(5.1486 0.419193 0)
(3.5735 0.244909 0)
(2.54915 0.193413 0)
(1.88974 0.233016 0)
(1.32193 0.273485 0)
(0.819306 0.247686 0)
(0.478536 0.153302 0)
(0.308907 0.0610408 0)
(0.275066 0.0199842 0)
(0.227945 0.0309099 0)
(0.162054 0.0590967 0)
(0.0624753 0.0759929 0)
(-0.0597992 0.0722128 0)
(-0.138496 0.0470667 0)
(-0.118009 -0.0163934 0)
(-0.0401385 -0.0637034 0)
(0.187548 -0.114461 0)
(0.433436 -0.144738 0)
(0.732377 -0.147987 0)
(1.02693 -0.140411 0)
(1.27289 -0.119726 0)
(1.49655 -0.0915515 0)
(1.6472 -0.0674524 0)
(1.76427 -0.0428353 0)
(1.83246 -0.0251027 0)
(1.86693 -0.00844036 0)
(1.87727 0.00111747 0)
(1.86141 0.013343 0)
(1.83047 0.0198215 0)
(1.78326 0.0275377 0)
(1.71988 0.0342918 0)
(1.64591 0.0406042 0)
(1.55224 0.0473689 0)
(1.44866 0.0545803 0)
(1.32275 0.0612763 0)
(1.18329 0.0686551 0)
(1.02214 0.0743697 0)
(0.842816 0.0793803 0)
(0.644955 0.07998 0)
(0.429695 0.0718327 0)
(0.200889 0.0542258 0)
(-0.0381216 0.0272741 0)
(-0.270488 0.00363241 0)
(-0.446447 -0.018899 0)
(-0.513312 -0.0458691 0)
(-0.479015 -0.112593 0)
(-0.335402 -0.193621 0)
(-0.095317 -0.184652 0)
(-0.0653244 0.0820964 0)
(-0.64024 0.450028 0)
(-1.73197 0.608891 0)
(-2.20979 0.263963 0)
(-1.81225 -0.357406 0)
(-0.565757 -0.860259 0)
(0.645285 -0.930837 0)
(1.42764 -1.0217 0)
(2.72964 -0.446063 0)
(2.29374 0.535758 0)
(1.77988 1.2416 0)
(0.653713 1.3872 0)
(-1.45447 0.924539 0)
(-2.9585 0.455127 0)
(-2.77625 0.240618 0)
(-2.93662 0.606673 0)
(-4.461 0.553174 0)
(-4.9673 0.0597272 0)
(-4.85376 -0.0982558 0)
(-4.16923 -0.460905 0)
(-4.18858 -0.923643 0)
(-2.43716 -1.25909 0)
(-1.35557 -1.60851 0)
(0.163364 -1.80001 0)
(2.70391 -0.908442 0)
(4.32178 0.494832 0)
(3.54509 1.04713 0)
(3.91228 0.0524972 0)
(3.27811 -0.466279 0)
(1.24859 0.487822 0)
(-1.77112 1.8685 0)
(-5.23884 2.62337 0)
(-7.19259 2.26596 0)
(-7.64614 1.46308 0)
(-7.57618 0.799618 0)
(-6.95237 0.0587746 0)
(-6.47366 -0.505468 0)
(-5.6831 -0.723265 0)
(-3.78106 -1.27323 0)
(-3.67309 -1.26598 0)
(-1.30538 -2.27974 0)
(0.243626 -2.14648 0)
(2.17735 -1.94828 0)
(3.84839 -1.54163 0)
(5.23791 -1.17071 0)
(6.52125 -0.880422 0)
(7.68657 -0.686994 0)
(8.81765 -0.47348 0)
(9.82239 -0.13689 0)
(10.5147 0.252616 0)
(10.951 0.736398 0)
(10.6539 1.22586 0)
(9.08756 1.38503 0)
(6.75564 1.1085 0)
(4.62591 0.729642 0)
(3.21941 0.551945 0)
(2.34331 0.516604 0)
(1.73564 0.438008 0)
(1.37616 0.261243 0)
(1.18587 0.0941746 0)
(1.16171 0.0244127 0)
(1.11417 0.0483134 0)
(1.01809 0.0876183 0)
(0.911909 0.123241 0)
(0.742563 0.113074 0)
(0.6101 0.0620106 0)
(0.642737 -0.0315955 0)
(0.665798 -0.117857 0)
(0.946708 -0.212051 0)
(1.23254 -0.262355 0)
(1.56581 -0.274941 0)
(1.9561 -0.260968 0)
(2.23678 -0.221353 0)
(2.53069 -0.17428 0)
(2.72177 -0.125312 0)
(2.8717 -0.0853122 0)
(2.97221 -0.0467393 0)
(3.01937 -0.0209133 0)
(3.04841 0.00327732 0)
(3.03726 0.0214951 0)
(3.0135 0.0377018 0)
(2.96736 0.0492312 0)
(2.9029 0.0658312 0)
(2.82817 0.0755258 0)
(2.72586 0.0918845 0)
(2.61847 0.105067 0)
(2.47637 0.12142 0)
(2.32613 0.137645 0)
(2.13831 0.153823 0)
(1.93509 0.169883 0)
(1.69171 0.180762 0)
(1.42982 0.186902 0)
(1.12783 0.180367 0)
(0.809415 0.16768 0)
(0.458741 0.136433 0)
(0.114192 0.0920408 0)
(-0.20224 0.0170429 0)
(-0.419818 -0.0945332 0)
(-0.5225 -0.232499 0)
(-0.50785 -0.178352 0)
(-0.589656 0.227734 0)
(-1.13693 0.742034 0)
(-1.8699 0.809392 0)
(-1.89085 0.292919 0)
(-1.5659 -0.656441 0)
(-0.572478 -1.36661 0)
(0.682827 -1.47774 0)
(1.66883 -1.42053 0)
(2.34787 -0.609605 0)
(2.44386 0.646026 0)
(2.12316 1.5341 0)
(1.16019 2.01651 0)
(-1.01166 1.64097 0)
(-2.49838 0.822427 0)
(-2.75236 0.40073 0)
(-3.98993 1.11822 0)
(-5.43664 0.997236 0)
(-6.06597 0.0875694 0)
(-5.81001 -0.207148 0)
(-5.20668 -0.627953 0)
(-5.34622 -1.33414 0)
(-3.53327 -1.89984 0)
(-2.4947 -2.23102 0)
(-1.21332 -2.63938 0)
(1.03844 -1.71283 0)
(3.08686 0.242953 0)
(3.67341 0.920767 0)
(4.22499 0.214082 0)
(2.65128 0.244862 0)
(-0.23394 1.64961 0)
(-3.62586 3.12675 0)
(-6.28435 3.49413 0)
(-6.66517 2.55183 0)
(-6.40973 1.41339 0)
(-6.18597 0.623285 0)
(-5.31252 -0.134009 0)
(-4.76734 -0.795507 0)
(-4.33116 -1.21489 0)
(-2.6238 -1.85636 0)
(-2.14744 -1.75328 0)
(-0.333658 -3.02031 0)
(1.0384 -2.98186 0)
(2.70154 -2.71545 0)
(4.24996 -2.17552 0)
(5.50162 -1.70372 0)
(6.55536 -1.38395 0)
(7.64669 -1.16729 0)
(8.67864 -0.962406 0)
(9.76652 -0.541459 0)
(10.6531 -0.0242661 0)
(11.2793 0.501425 0)
(11.8803 1.28237 0)
(11.5898 1.98887 0)
(9.79875 2.08872 0)
(7.27308 1.6535 0)
(5.0766 1.1671 0)
(3.65859 0.898216 0)
(2.79233 0.685676 0)
(2.3233 0.388576 0)
(2.08366 0.138719 0)
(1.99257 0.0319672 0)
(1.93491 0.080549 0)
(1.73916 0.150888 0)
(1.52723 0.202132 0)
(1.25369 0.210119 0)
(0.958958 0.116267 0)
(0.94536 -0.0342901 0)
(0.905929 -0.166436 0)
(1.19816 -0.348819 0)
(1.53968 -0.413182 0)
(1.91987 -0.450061 0)
(2.43092 -0.430203 0)
(2.78438 -0.363638 0)
(3.18795 -0.291959 0)
(3.46024 -0.212604 0)
(3.67955 -0.14233 0)
(3.84256 -0.0885173 0)
(3.92554 -0.0341724 0)
(4.002 -0.0110209 0)
(4.00097 0.0339288 0)
(4.01891 0.0432042 0)
(3.96957 0.0759826 0)
(3.9433 0.0881091 0)
(3.8606 0.114797 0)
(3.79439 0.13066 0)
(3.67678 0.15815 0)
(3.57152 0.179712 0)
(3.406 0.208367 0)
(3.25584 0.235671 0)
(3.02995 0.26343 0)
(2.81577 0.291073 0)
(2.52094 0.309194 0)
(2.22178 0.323722 0)
(1.84638 0.31877 0)
(1.4537 0.305195 0)
(1.00589 0.258199 0)
(0.565868 0.183078 0)
(0.145654 0.0346726 0)
(-0.239666 -0.14018 0)
(-0.521464 -0.144149 0)
(-0.660481 0.365782 0)
(-1.07025 0.88987 0)
(-1.57388 0.953149 0)
(-1.41775 0.223519 0)
(-1.23815 -0.850408 0)
(-0.593592 -1.8631 0)
(0.628505 -2.00276 0)
(1.44449 -1.78573 0)
(2.1055 -0.789463 0)
(2.30153 0.640046 0)
(2.23283 1.77437 0)
(1.45487 2.564 0)
(-0.599202 2.35389 0)
(-2.20086 1.30496 0)
(-3.20944 0.903945 0)
(-4.99798 1.79125 0)
(-6.08389 1.39349 0)
(-6.8155 0.139779 0)
(-6.40271 -0.312748 0)
(-5.84505 -0.78398 0)
(-5.99128 -1.70644 0)
(-4.62522 -2.46194 0)
(-3.5894 -2.80397 0)
(-2.40661 -3.29882 0)
(-0.516411 -2.71539 0)
(2.01952 -0.502745 0)
(3.44738 0.510839 0)
(3.75712 0.502503 0)
(1.69135 1.18832 0)
(-1.43263 2.84285 0)
(-4.58013 4.13943 0)
(-6.10593 3.89378 0)
(-5.52254 2.51084 0)
(-5.02461 1.23758 0)
(-4.75494 0.369178 0)
(-3.98182 -0.350027 0)
(-3.40726 -1.00489 0)
(-2.54364 -1.43905 0)
(-1.38804 -2.17239 0)
(-0.625265 -2.19479 0)
(0.809021 -3.52255 0)
(1.84799 -3.62886 0)
(3.26694 -3.32274 0)
(4.48989 -2.70582 0)
(5.66969 -2.11838 0)
(6.59376 -1.77011 0)
(7.50374 -1.57556 0)
(8.56613 -1.35653 0)
(9.56043 -0.940337 0)
(10.643 -0.304855 0)
(11.1672 0.276769 0)
(11.774 1.04924 0)
(12.4145 2.13253 0)
(11.8131 2.81005 0)
(9.72197 2.66223 0)
(7.21159 2.05332 0)
(5.22465 1.49968 0)
(3.97957 1.05719 0)
(3.22535 0.574093 0)
(2.85515 0.216715 0)
(2.60491 0.0693191 0)
(2.46127 0.150846 0)
(2.10578 0.266311 0)
(1.74445 0.344305 0)
(1.30829 0.35127 0)
(0.960577 0.215734 0)
(0.839519 -0.0242495 0)
(0.823598 -0.224139 0)
(1.13086 -0.494638 0)
(1.45326 -0.591445 0)
(1.93518 -0.657085 0)
(2.43811 -0.6401 0)
(2.87205 -0.548705 0)
(3.37983 -0.463727 0)
(3.68128 -0.337305 0)
(4.07795 -0.253536 0)
(4.21684 -0.148328 0)
(4.48828 -0.0946698 0)
(4.51441 -0.0226306 0)
(4.67811 0.00567883 0)
(4.62867 0.0602066 0)
(4.7281 0.068643 0)
(4.62699 0.121967 0)
(4.68517 0.125097 0)
(4.54146 0.175769 0)
(4.56539 0.188159 0)
(4.38464 0.236284 0)
(4.36176 0.261036 0)
(4.14401 0.30776 0)
(4.05398 0.344648 0)
(3.78934 0.387155 0)
(3.60543 0.427911 0)
(3.2741 0.455695 0)
(2.96288 0.485594 0)
(2.54112 0.481102 0)
(2.08367 0.470489 0)
(1.55907 0.39111 0)
(1.0079 0.26506 0)
(0.409056 0.0427299 0)
(-0.160246 -0.00379507 0)
(-0.397769 0.433578 0)
(-0.798158 1.08377 0)
(-0.983803 0.936962 0)
(-0.931 0.238904 0)
(-0.804925 -0.98581 0)
(-0.348868 -2.21903 0)
(0.496514 -2.41826 0)
(1.14152 -2.0738 0)
(1.65475 -0.912155 0)
(1.84899 0.624018 0)
(1.91225 1.9913 0)
(1.32722 3.10416 0)
(-0.509198 3.02965 0)
(-2.13243 1.87374 0)
(-3.57258 1.56158 0)
(-5.71268 2.37629 0)
(-6.36591 1.66778 0)
(-6.86153 0.127324 0)
(-6.44135 -0.518867 0)
(-5.80097 -0.968431 0)
(-5.94345 -1.94881 0)
(-5.28397 -2.88473 0)
(-4.58044 -3.40935 0)
(-3.11877 -3.91859 0)
(-1.92096 -3.64054 0)
(0.836722 -1.43288 0)
(2.60504 0.167288 0)
(2.78115 0.925216 0)
(0.718925 2.16255 0)
(-2.19698 3.9687 0)
(-4.58961 4.98933 0)
(-4.92298 4.10633 0)
(-4.35751 2.43052 0)
(-3.84507 1.0466 0)
(-3.47481 0.133244 0)
(-2.73645 -0.540565 0)
(-2.4901 -1.40093 0)
(-1.32998 -2.01188 0)
(-0.373211 -2.63296 0)
(0.770041 -2.60681 0)
(1.82386 -3.92812 0)
(2.63391 -4.22935 0)
(3.79814 -3.84587 0)
(4.7746 -3.14819 0)
(5.68252 -2.54426 0)
(6.5977 -2.12946 0)
(7.38462 -1.96513 0)
(8.47553 -1.76929 0)
(9.46723 -1.36539 0)
(10.5546 -0.652165 0)
(11.2567 0.0980686 0)
(11.4954 0.800223 0)
(12.2772 1.92351 0)
(12.6721 3.11431 0)
(11.4998 3.49382 0)
(9.20071 3.03212 0)
(6.9377 2.28965 0)
(5.23169 1.59264 0)
(4.18095 0.878672 0)
(3.50769 0.37192 0)
(3.10181 0.181825 0)
(2.75645 0.281333 0)
(2.28945 0.446736 0)
(1.84309 0.532848 0)
(1.28576 0.526656 0)
(1.02816 0.32738 0)
(0.773455 0.0147876 0)
(0.88689 -0.291721 0)
(1.13017 -0.61981 0)
(1.51571 -0.776105 0)
(2.0131 -0.854101 0)
(2.36551 -0.834112 0)
(3.02178 -0.750072 0)
(3.2484 -0.625359 0)
(3.87445 -0.503042 0)
(3.94041 -0.361929 0)
(4.46712 -0.261768 0)
(4.43899 -0.151764 0)
(4.85861 -0.101307 0)
(4.71785 0.00164532 0)
(5.05474 0.00405421 0)
(4.87025 0.094318 0)
(5.12587 0.0867157 0)
(4.91131 0.167281 0)
(5.1104 0.160869 0)
(4.88234 0.238699 0)
(5.03038 0.24561 0)
(4.78392 0.318088 0)
(4.87182 0.345869 0)
(4.61712 0.413274 0)
(4.61699 0.458497 0)
(4.34381 0.518356 0)
(4.20741 0.573293 0)
(3.893 0.613588 0)
(3.57697 0.660791 0)
(3.16645 0.653648 0)
(2.6334 0.643937 0)
(2.07746 0.531719 0)
(1.32318 0.368088 0)
(0.514491 0.187874 0)
(0.0116392 0.607887 0)
(-0.238838 1.07379 0)
(-0.32905 1.04387 0)
(-0.372354 0.229324 0)
(-0.359534 -1.01683 0)
(-0.12877 -2.34919 0)
(0.328809 -2.70925 0)
(0.751283 -2.27608 0)
(1.14231 -1.04765 0)
(1.2995 0.590189 0)
(1.34116 2.15045 0)
(0.903981 3.59479 0)
(-0.584129 3.68963 0)
(-1.99658 2.4902 0)
(-3.66817 2.25505 0)
(-5.83004 2.91665 0)
(-5.77301 1.87552 0)
(-5.90572 0.143851 0)
(-5.62142 -0.671671 0)
(-5.20601 -1.12307 0)
(-5.06227 -1.95742 0)
(-5.12381 -2.99353 0)
(-4.88404 -3.90894 0)
(-3.81525 -4.4382 0)
(-2.91214 -4.29145 0)
(-0.510049 -2.3984 0)
(1.44207 -0.181175 0)
(1.65741 1.30619 0)
(-0.0891072 3.06859 0)
(-2.63806 4.86444 0)
(-3.97444 5.4436 0)
(-3.42509 4.10808 0)
(-3.19603 2.36012 0)
(-2.72693 0.794047 0)
(-2.28538 -0.252439 0)
(-1.42266 -0.776057 0)
(-1.13241 -1.67651 0)
(-0.116847 -2.48649 0)
(0.343379 -3.16651 0)
(2.08518 -3.07506 0)
(2.76609 -4.15319 0)
(3.40062 -4.65373 0)
(4.28425 -4.26666 0)
(5.07526 -3.42533 0)
(5.70083 -2.84389 0)
(6.53437 -2.45633 0)
(7.34221 -2.3399 0)
(8.47074 -2.18653 0)
(9.5452 -1.74586 0)
(10.5121 -1.01686 0)
(11.4483 -0.0663101 0)
(11.5699 0.676615 0)
(11.8649 1.66528 0)
(12.7063 3.07685 0)
(12.5115 4.01083 0)
(10.7989 3.91636 0)
(8.52818 3.19057 0)
(6.568 2.28965 0)
(5.15193 1.32425 0)
(4.12995 0.639233 0)
(3.50337 0.361356 0)
(3.00051 0.485201 0)
(2.48583 0.631298 0)
(1.97979 0.783923 0)
(1.40461 0.675559 0)
(1.11544 0.47926 0)
(0.838885 0.0278233 0)
(0.99015 -0.347256 0)
(1.21222 -0.780887 0)
(1.77916 -0.95611 0)
(1.89755 -1.0361 0)
(2.77941 -1.04115 0)
(2.89699 -0.940698 0)
(3.67328 -0.796248 0)
(3.61523 -0.632469 0)
(4.31805 -0.490151 0)
(4.19004 -0.348572 0)
(4.8119 -0.259073 0)
(4.55051 -0.128828 0)
(5.07486 -0.0831349 0)
(4.80765 0.00870961 0)
(5.23609 0.0233481 0)
(4.92163 0.127375 0)
(5.29407 0.108232 0)
(4.97597 0.216018 0)
(5.30672 0.195273 0)
(4.9624 0.3062 0)
(5.24823 0.302601 0)
(4.91355 0.404011 0)
(5.15445 0.426591 0)
(4.81507 0.521879 0)
(4.95143 0.573282 0)
(4.63993 0.654076 0)
(4.61493 0.723371 0)
(4.30672 0.773937 0)
(4.03382 0.844734 0)
(3.6392 0.824799 0)
(3.05729 0.838057 0)
(2.45915 0.689447 0)
(1.40486 0.569997 0)
(0.66501 0.655828 0)
(0.417588 1.25321 0)
(0.328346 0.99694 0)
(0.20961 0.285206 0)
(0.0432487 -1.01079 0)
(0.0137758 -2.40336 0)
(0.127798 -2.86264 0)
(0.291096 -2.39969 0)
(0.507244 -1.122 0)
(0.658815 0.570301 0)
(0.663262 2.25814 0)
(0.304564 3.93046 0)
(-0.639674 4.25381 0)
(-1.82989 3.1219 0)
(-3.69731 2.9793 0)
(-5.49371 3.35264 0)
(-4.52622 1.87798 0)
(-4.66349 0.215816 0)
(-4.04105 -0.735269 0)
(-4.18044 -1.24618 0)
(-3.84699 -1.85394 0)
(-4.17058 -2.87988 0)
(-4.20822 -4.07907 0)
(-4.44289 -4.75927 0)
(-3.17614 -4.86965 0)
(-1.76921 -3.19618 0)
(0.276573 -0.588243 0)
(0.621469 1.57791 0)
(-0.54844 3.8782 0)
(-2.69337 5.51397 0)
(-3.24769 5.41599 0)
(-2.41122 3.85015 0)
(-2.12414 2.252 0)
(-1.39067 0.633016 0)
(-0.777641 -0.525531 0)
(0.0396196 -0.972333 0)
(0.297263 -1.84055 0)
(1.42875 -2.69855 0)
(1.43041 -3.5296 0)
(3.02366 -3.58865 0)
(3.7918 -4.37727 0)
(3.95931 -4.99447 0)
(4.91938 -4.60627 0)
(5.33279 -3.62622 0)
(5.7825 -3.1031 0)
(6.5669 -2.77447 0)
(7.38267 -2.75142 0)
(8.54481 -2.66649 0)
(9.77511 -2.15395 0)
(10.63 -1.40808 0)
(11.6202 -0.310312 0)
(11.9283 0.697927 0)
(11.732 1.48257 0)
(12.4008 2.84939 0)
(12.8157 4.20799 0)
(11.8697 4.61924 0)
(9.92341 4.06537 0)
(7.80191 3.08464 0)
(6.13647 1.90892 0)
(4.78406 1.02261 0)
(4.00514 0.625063 0)
(3.2797 0.711907 0)
(2.78427 0.863756 0)
(2.09456 1.01441 0)
(1.61717 0.870344 0)
(1.15069 0.607434 0)
(0.987216 0.0650084 0)
(1.02988 -0.452208 0)
(1.56868 -0.940679 0)
(1.51268 -1.08758 0)
(2.43392 -1.27035 0)
(2.67179 -1.26443 0)
(3.42431 -1.12313 0)
(3.35886 -0.925364 0)
(4.13267 -0.765518 0)
(4.01366 -0.612289 0)
(4.71573 -0.448672 0)
(4.40327 -0.319292 0)
(5.02147 -0.192929 0)
(4.69784 -0.118951 0)
(5.26321 -0.0520349 0)
(4.83886 0.0397688 0)
(5.34769 0.067453 0)
(4.94249 0.147927 0)
(5.41466 0.148195 0)
(4.95845 0.264266 0)
(5.39354 0.24863 0)
(4.95863 0.370931 0)
(5.38396 0.356602 0)
(4.92515 0.494102 0)
(5.28458 0.511841 0)
(4.86604 0.634491 0)
(5.14801 0.681376 0)
(4.77928 0.789013 0)
(4.8675 0.86916 0)
(4.53095 0.94424 0)
(4.33563 1.02855 0)
(3.92195 1.01131 0)
(3.35993 1.07761 0)
(2.58193 0.886359 0)
(1.43576 1.0036 0)
(1.02042 1.15962 0)
(1.04559 1.17506 0)
(0.7254 0.40899 0)
(0.421843 -0.912136 0)
(0.258678 -2.33567 0)
(-0.0960396 -2.86008 0)
(-0.27475 -2.40561 0)
(-0.250975 -1.15694 0)
(-0.0949319 0.567693 0)
(-0.0443177 2.35932 0)
(-0.286739 4.14697 0)
(-0.721602 4.61012 0)
(-1.88137 3.61671 0)
(-3.76155 3.50563 0)
(-4.98112 3.42546 0)
(-3.31537 1.56472 0)
(-3.98969 0.119456 0)
(-2.45378 -0.812485 0)
(-2.98636 -1.25927 0)
(-2.6772 -1.73441 0)
(-2.93504 -2.65516 0)
(-3.14484 -3.85968 0)
(-4.0034 -4.863 0)
(-3.23215 -5.27384 0)
(-2.68587 -3.77481 0)
(-0.666627 -1.00917 0)
(-0.152386 1.7795 0)
(-0.795538 4.43507 0)
(-2.19193 5.99807 0)
(-2.17833 5.29324 0)
(-1.7184 3.58988 0)
(-1.27414 1.96772 0)
(-0.193397 0.226645 0)
(0.645419 -0.909373 0)
(1.51772 -1.20483 0)
(1.64527 -2.08879 0)
(2.58931 -3.05259 0)
(2.78682 -3.85253 0)
(3.79201 -3.95177 0)
(4.57883 -4.52587 0)
(4.60473 -5.23641 0)
(5.35161 -4.89695 0)
(5.71153 -3.6583 0)
(5.74051 -3.31638 0)
(6.69826 -3.08295 0)
(7.51693 -3.14643 0)
(8.6263 -3.20659 0)
(10.0882 -2.56429 0)
(10.8095 -1.76897 0)
(11.7199 -0.60035 0)
(12.3363 0.677793 0)
(12.0126 1.51914 0)
(12.0099 2.62266 0)
(12.7858 4.1779 0)
(12.415 5.04547 0)
(10.9247 4.86945 0)
(8.94182 3.91619 0)
(7.0437 2.61295 0)
(5.51441 1.49512 0)
(4.40164 0.962078 0)
(3.65011 0.986298 0)
(2.97332 1.09827 0)
(2.39093 1.2865 0)
(1.73546 1.03161 0)
(1.42707 0.795432 0)
(0.985359 0.0431712 0)
(1.55194 -0.54247 0)
(1.25454 -1.0239 0)
(2.08802 -1.29692 0)
(2.47013 -1.55765 0)
(3.22452 -1.4444 0)
(3.16081 -1.24272 0)
(3.92384 -1.06345 0)
(3.91916 -0.924631 0)
(4.57018 -0.708656 0)
(4.32673 -0.531648 0)
(4.88578 -0.361283 0)
(4.66536 -0.277764 0)
(5.19429 -0.152575 0)
(4.82575 -0.081052 0)
(5.29495 0.0258232 0)
(4.95259 0.0512158 0)
(5.41911 0.112097 0)
(4.97809 0.184277 0)
(5.4005 0.224354 0)
(5.01486 0.296621 0)
(5.43326 0.308009 0)
(4.98878 0.43268 0)
(5.38473 0.445042 0)
(4.9347 0.584969 0)
(5.36505 0.591636 0)
(4.91172 0.742944 0)
(5.24907 0.792511 0)
(4.82833 0.936886 0)
(4.97996 1.01857 0)
(4.68342 1.12555 0)
(4.48182 1.21544 0)
(4.1272 1.24931 0)
(3.48108 1.36925 0)
(2.52384 1.18783 0)
(1.74499 1.44141 0)
(1.53815 1.10854 0)
(1.27201 0.564004 0)
(0.8032 -0.73593 0)
(0.389087 -2.13939 0)
(-0.319017 -2.69129 0)
(-0.865595 -2.32068 0)
(-1.08424 -1.1751 0)
(-0.922544 0.519931 0)
(-0.745806 2.38531 0)
(-0.767903 4.24112 0)
(-0.710681 4.87228 0)
(-1.91369 4.14932 0)
(-3.51281 4.05853 0)
(-4.17757 3.49962 0)
(-2.12406 1.35121 0)
(-3.31445 -0.103393 0)
(-1.37858 -1.10847 0)
(-1.78803 -1.35826 0)
(-1.7192 -1.7014 0)
(-1.84957 -2.49721 0)
(-2.09684 -3.57627 0)
(-2.68403 -4.72598 0)
(-3.04742 -5.33906 0)
(-2.92325 -4.27234 0)
(-1.2513 -1.48085 0)
(-0.496814 1.82482 0)
(-1.00325 4.67071 0)
(-1.55226 6.16085 0)
(-0.701827 5.35933 0)
(-0.66501 3.58059 0)
(-0.196475 1.71997 0)
(0.905495 -0.152071 0)
(1.75065 -1.35161 0)
(2.63314 -1.40893 0)
(2.98521 -2.07668 0)
(3.69318 -3.21273 0)
(3.7616 -4.11421 0)
(4.81012 -4.19973 0)
(5.03261 -4.65106 0)
(5.48512 -5.4018 0)
(5.59779 -5.15527 0)
(6.06807 -3.63672 0)
(5.70356 -3.50728 0)
(6.70428 -3.49009 0)
(7.77832 -3.56478 0)
(8.68338 -3.78526 0)
(10.2476 -3.03892 0)
(11.116 -2.06097 0)
(11.7093 -0.950298 0)
(12.5921 0.598963 0)
(12.4074 1.64697 0)
(11.963 2.54296 0)
(12.4163 4.00703 0)
(12.6297 5.28589 0)
(11.6066 5.48107 0)
(9.81356 4.73473 0)
(7.87045 3.34708 0)
(6.14077 2.08987 0)
(4.92108 1.36491 0)
(3.94071 1.31629 0)
(3.4137 1.35233 0)
(2.50751 1.57871 0)
(2.19132 1.23087 0)
(1.33079 0.998264 0)
(1.60969 -0.0216001 0)
(1.31161 -0.514674 0)
(1.72839 -1.21907 0)
(2.15628 -1.56029 0)
(2.95108 -1.79292 0)
(3.0195 -1.54258 0)
(3.71946 -1.40538 0)
(3.93431 -1.24618 0)
(4.42565 -1.02913 0)
(4.37956 -0.789521 0)
(4.66694 -0.559165 0)
(4.74144 -0.479088 0)
(5.03325 -0.298991 0)
(4.90069 -0.211645 0)
(5.15173 -0.0629253 0)
(5.03606 -0.0467765 0)
(5.3356 0.0541096 0)
(5.05765 0.0994664 0)
(5.33529 0.194109 0)
(5.0952 0.213137 0)
(5.42594 0.270326 0)
(5.05415 0.352991 0)
(5.39564 0.39969 0)
(5.00395 0.50654 0)
(5.43128 0.520502 0)
(4.98246 0.659793 0)
(5.40732 0.700521 0)
(4.86029 0.872282 0)
(5.32763 0.928131 0)
(4.83596 1.07565 0)
(5.11082 1.17624 0)
(4.74932 1.31933 0)
(4.52685 1.46809 0)
(4.31691 1.5623 0)
(3.42985 1.69499 0)
(2.53361 1.46808 0)
(2.17449 1.44232 0)
(1.55281 0.72769 0)
(1.19822 -0.605992 0)
(0.515592 -1.87176 0)
(-0.504616 -2.35501 0)
(-1.49385 -2.06931 0)
(-2.02904 -1.08539 0)
(-1.89995 0.497164 0)
(-1.44158 2.35824 0)
(-1.20297 4.19399 0)
(-0.694598 5.0919 0)
(-1.8201 4.69692 0)
(-3.16846 4.46755 0)
(-3.43472 3.31548 0)
(-1.19597 1.1696 0)
(-2.04818 -0.257661 0)
(-0.4121 -1.34259 0)
(-0.441706 -1.35559 0)
(-0.564726 -1.64963 0)
(-0.832573 -2.38254 0)
(-1.02465 -3.43773 0)
(-1.41955 -4.44168 0)
(-2.04819 -5.15311 0)
(-2.57502 -4.58524 0)
(-1.41854 -1.90466 0)
(-0.545898 1.71115 0)
(-0.772883 4.84167 0)
(-0.969179 5.92803 0)
(0.588387 5.18425 0)
(0.704012 3.54062 0)
(1.17499 1.47093 0)
(1.95693 -0.499321 0)
(2.42556 -1.81089 0)
(3.2053 -1.64805 0)
(3.73049 -2.1791 0)
(4.71741 -3.37306 0)
(4.64113 -4.32073 0)
(5.65383 -4.3336 0)
(5.45453 -4.76037 0)
(6.18428 -5.5291 0)
(5.78141 -5.31265 0)
(6.25226 -3.56049 0)
(5.79908 -3.6313 0)
(6.56844 -3.97287 0)
(8.08755 -3.99129 0)
(8.73056 -4.31491 0)
(10.2246 -3.57307 0)
(11.35 -2.32532 0)
(11.6414 -1.24058 0)
(12.6158 0.409422 0)
(12.759 1.80602 0)
(12.0647 2.59751 0)
(12.1254 3.86676 0)
(12.5031 5.32195 0)
(11.9751 5.95514 0)
(10.462 5.47972 0)
(8.6579 4.12968 0)
(6.68768 2.70337 0)
(5.37952 1.8314 0)
(4.32967 1.63906 0)
(3.67761 1.63831 0)
(2.84668 1.85169 0)
(2.32538 1.43628 0)
(1.79597 1.13922 0)
(1.67501 -0.0194632 0)
(1.70598 -0.523706 0)
(1.82301 -1.4523 0)
(2.54648 -1.75934 0)
(2.77229 -1.97138 0)
(3.39983 -1.72962 0)
(3.9185 -1.62857 0)
(4.30129 -1.37541 0)
(4.54325 -1.09468 0)
(4.5088 -0.808981 0)
(4.85568 -0.67918 0)
(4.88863 -0.513622 0)
(5.01929 -0.345413 0)
(4.97748 -0.192827 0)
(5.15747 -0.14876 0)
(5.21275 -0.0391786 0)
(5.16844 0.0231829 0)
(5.24118 0.133867 0)
(5.18911 0.141601 0)
(5.38448 0.219608 0)
(5.14988 0.274934 0)
(5.34724 0.361822 0)
(5.11827 0.412563 0)
(5.41007 0.46939 0)
(5.11273 0.557723 0)
(5.38969 0.63006 0)
(4.97567 0.78101 0)
(5.40504 0.820592 0)
(4.93489 0.976964 0)
(5.39718 1.06037 0)
(4.80533 1.24407 0)
(5.22313 1.38994 0)
(4.70332 1.5327 0)
(4.65671 1.77233 0)
(4.38085 1.85622 0)
(3.35145 2.0183 0)
(2.83997 1.43026 0)
(2.22392 1.08617 0)
(1.83092 -0.125183 0)
(0.682601 -1.42314 0)
(-0.628186 -1.88951 0)
(-1.95187 -1.69624 0)
(-2.90602 -0.969762 0)
(-2.94034 0.391539 0)
(-2.18859 2.22646 0)
(-1.61291 4.05599 0)
(-0.918701 5.17519 0)
(-1.75292 5.0739 0)
(-2.66816 4.63722 0)
(-2.64742 2.87839 0)
(-0.749606 0.808402 0)
(-0.818882 -0.5163 0)
(0.283701 -1.63041 0)
(0.521931 -1.38586 0)
(0.707386 -1.52277 0)
(0.402475 -2.2112 0)
(0.10943 -3.30761 0)
(-0.333057 -4.26088 0)
(-0.511545 -4.8529 0)
(-1.73135 -4.59398 0)
(-1.11291 -2.28296 0)
(-0.304522 1.43618 0)
(-0.136267 4.86151 0)
(0.0969435 5.53506 0)
(1.50557 4.66704 0)
(1.97591 3.30452 0)
(2.65159 1.31409 0)
(3.04392 -0.635655 0)
(2.91881 -2.1513 0)
(3.47581 -2.07702 0)
(4.35709 -2.49817 0)
(5.50837 -3.71202 0)
(5.54967 -4.6296 0)
(6.25743 -4.46418 0)
(5.95938 -4.84429 0)
(6.71408 -5.56649 0)
(5.90813 -5.34414 0)
(6.2672 -3.49719 0)
(6.03305 -3.76729 0)
(6.50238 -4.49724 0)
(8.1792 -4.51147 0)
(8.84443 -4.7613 0)
(10.0716 -4.12062 0)
(11.3651 -2.59282 0)
(11.5926 -1.48134 0)
(12.3751 0.156954 0)
(12.9527 1.86381 0)
(12.2245 2.79891 0)
(11.8812 3.79992 0)
(12.2235 5.28399 0)
(12.1076 6.26977 0)
(10.9003 6.10607 0)
(9.12282 4.88325 0)
(7.38611 3.4401 0)
(5.87203 2.34711 0)
(4.75008 2.04424 0)
(4.01729 1.90483 0)
(3.11748 2.18208 0)
(2.86135 1.60953 0)
(1.99928 1.3659 0)
(2.29343 -0.0467818 0)
(1.80816 -0.476905 0)
(2.30885 -1.67603 0)
(2.57019 -1.86097 0)
(3.01586 -2.25615 0)
(3.68064 -1.94864 0)
(4.02103 -1.84493 0)
(4.6629 -1.4591 0)
(4.50698 -1.14233 0)
(5.00106 -0.883148 0)
(4.84384 -0.751395 0)
(5.17022 -0.51385 0)
(4.87591 -0.360185 0)
(5.25405 -0.248375 0)
(5.10643 -0.173012 0)
(5.29214 -0.0486798 0)
(5.12519 0.0515887 0)
(5.31049 0.0755642 0)
(5.29306 0.157883 0)
(5.28061 0.200354 0)
(5.26851 0.322841 0)
(5.23126 0.325457 0)
(5.38203 0.416987 0)
(5.22094 0.461655 0)
(5.35151 0.578367 0)
(5.11172 0.668548 0)
(5.38185 0.734937 0)
(5.1246 0.858895 0)
(5.39744 0.945039 0)
(4.99517 1.14833 0)
(5.4051 1.20223 0)
(4.87406 1.46431 0)
(5.18047 1.61219 0)
(4.68585 1.86052 0)
(4.64825 2.10956 0)
(4.27862 2.06815 0)
(3.57843 2.07014 0)
(2.55913 1.20071 0)
(1.58951 0.100299 0)
(0.609916 -1.15881 0)
(-0.65244 -1.3367 0)
(-2.04835 -1.21778 0)
(-3.39287 -0.704561 0)
(-3.82918 0.295048 0)
(-2.97518 1.9402 0)
(-1.97403 3.80343 0)
(-1.09756 5.19455 0)
(-1.64335 5.32617 0)
(-1.95331 4.86105 0)
(-1.41112 2.65401 0)
(-0.100007 0.3991 0)
(0.275538 -0.836559 0)
(0.866449 -1.85543 0)
(1.04023 -1.65304 0)
(1.49703 -1.56963 0)
(1.60569 -2.08299 0)
(1.4743 -3.13908 0)
(0.809904 -4.18858 0)
(1.07373 -4.60725 0)
(-0.358456 -4.37925 0)
(-0.305348 -2.57408 0)
(0.327004 1.19527 0)
(0.435299 4.67161 0)
(1.76263 5.1653 0)
(2.4346 4.33975 0)
(3.23848 3.08032 0)
(4.01952 1.17133 0)
(4.24867 -0.662117 0)
(3.97539 -2.30074 0)
(4.116 -2.44684 0)
(5.31114 -2.75419 0)
(6.56104 -3.89289 0)
(6.45999 -4.63811 0)
(6.76473 -4.35367 0)
(6.39741 -4.87648 0)
(7.12761 -5.53884 0)
(5.94196 -5.24976 0)
(6.28761 -3.45048 0)
(6.25453 -3.86785 0)
(6.49109 -4.92479 0)
(8.09128 -5.05945 0)
(8.96486 -5.14934 0)
(9.79608 -4.60183 0)
(11.1944 -2.88808 0)
(11.4269 -1.65576 0)
(12.0043 -0.120543 0)
(12.8455 1.86885 0)
(12.3515 3.00568 0)
(11.692 3.83642 0)
(11.8953 5.21565 0)
(11.9793 6.45397 0)
(11.1526 6.64347 0)
(9.62738 5.59229 0)
(7.66899 4.06933 0)
(6.29682 2.84585 0)
(4.94165 2.45427 0)
(4.55427 2.20356 0)
(3.33817 2.48202 0)
(3.35187 1.77963 0)
(2.26882 1.54063 0)
(2.72969 -0.0589386 0)
(2.10966 -0.438339 0)
(2.73173 -1.87884 0)
(2.84043 -1.99508 0)
(3.49263 -2.50634 0)
(3.65114 -2.11819 0)
(4.4257 -2.04133 0)
(4.4862 -1.5824 0)
(5.06567 -1.21391 0)
(4.90746 -0.962831 0)
(5.3492 -0.728514 0)
(4.93804 -0.542416 0)
(5.36448 -0.360212 0)
(5.03179 -0.311481 0)
(5.4353 -0.142724 0)
(5.02494 -0.0674888 0)
(5.43886 0.039145 0)
(5.17006 0.0449839 0)
(5.44045 0.165689 0)
(5.15959 0.232126 0)
(5.38072 0.280472 0)
(5.29539 0.339365 0)
(5.35303 0.385984 0)
(5.29263 0.520004 0)
(5.22775 0.559222 0)
(5.36835 0.663675 0)
(5.23044 0.725549 0)
(5.39967 0.865213 0)
(5.1136 0.981322 0)
(5.44961 1.09502 0)
(4.99806 1.2869 0)
(5.38719 1.4578 0)
(4.89191 1.68499 0)
(5.28428 1.84759 0)
(4.9679 2.14558 0)
(4.65032 2.35558 0)
(4.4447 2.05947 0)
(3.49482 2.0214 0)
(2.32953 0.606756 0)
(0.8565 -0.327474 0)
(-0.596761 -0.77865 0)
(-1.95584 -0.65803 0)
(-3.36396 -0.342442 0)
(-4.19948 0.272446 0)
(-3.63168 1.5728 0)
(-2.41492 3.31081 0)
(-1.09509 5.00254 0)
(-1.2471 5.30593 0)
(-0.990987 4.7674 0)
(0.177874 2.37517 0)
(1.00538 0.164809 0)
(1.54908 -1.01096 0)
(2.13762 -1.84803 0)
(1.95606 -1.84907 0)
(2.22422 -1.84705 0)
(2.56124 -2.12792 0)
(2.97813 -2.97708 0)
(2.12661 -4.08778 0)
(2.46646 -4.42834 0)
(1.34271 -4.05871 0)
(0.88062 -2.68147 0)
(1.20971 1.01258 0)
(1.15633 4.23928 0)
(3.38584 4.66816 0)
(3.54086 4.09307 0)
(4.58638 2.78646 0)
(5.30392 0.995508 0)
(5.69252 -0.576727 0)
(5.68946 -2.30786 0)
(5.49284 -2.75773 0)
(6.45794 -3.11111 0)
(7.42117 -4.22968 0)
(7.12844 -4.8243 0)
(7.18833 -4.39462 0)
(6.80948 -4.9704 0)
(7.38648 -5.52128 0)
(6.0047 -5.12755 0)
(6.42999 -3.47491 0)
(6.19417 -3.96842 0)
(6.50556 -5.2786 0)
(7.98163 -5.64959 0)
(8.98642 -5.45906 0)
(9.56794 -4.99839 0)
(10.8904 -3.1858 0)
(11.1491 -1.80346 0)
(11.5221 -0.377815 0)
(12.5289 1.75613 0)
(12.2817 3.21115 0)
(11.5401 3.96896 0)
(11.5434 5.15371 0)
(11.7621 6.54288 0)
(11.1924 7.06505 0)
(9.86173 6.21697 0)
(8.17427 4.8321 0)
(6.8162 3.46821 0)
(5.44054 2.8895 0)
(4.88351 2.46977 0)
(3.72555 2.76491 0)
(3.78242 1.91914 0)
(2.76522 1.75305 0)
(3.27302 -0.0789617 0)
(2.61287 -0.358213 0)
(3.15302 -2.12018 0)
(3.38411 -2.06569 0)
(3.63954 -2.75747 0)
(4.28539 -2.21368 0)
(4.28574 -2.29369 0)
(4.98171 -1.65487 0)
(4.81072 -1.36922 0)
(5.46696 -0.948929 0)
(5.12426 -0.799275 0)
(5.54801 -0.480842 0)
(5.10048 -0.430862 0)
(5.5471 -0.242759 0)
(5.06203 -0.198342 0)
(5.519 -0.0192515 0)
(5.09544 -0.0407587 0)
(5.55371 0.109235 0)
(5.09107 0.12945 0)
(5.51884 0.253948 0)
(5.18654 0.243895 0)
(5.51221 0.351631 0)
(5.20392 0.415402 0)
(5.4073 0.502675 0)
(5.29367 0.569682 0)
(5.3987 0.635247 0)
(5.34365 0.762707 0)
(5.28984 0.85974 0)
(5.392 0.981593 0)
(5.18716 1.15087 0)
(5.38943 1.28773 0)
(5.02741 1.49164 0)
(5.51041 1.64828 0)
(4.81474 1.92586 0)
(5.37322 2.14665 0)
(5.00836 2.42633 0)
(4.50719 2.54787 0)
(3.90704 2.08841 0)
(2.86839 1.60612 0)
(0.271269 -0.140499 0)
(-0.429045 -0.285285 0)
(-1.44709 -0.165925 0)
(-2.69868 0.078845 0)
(-3.8225 0.398652 0)
(-3.78331 1.28208 0)
(-2.75204 2.70006 0)
(-1.09552 4.54351 0)
(-0.480193 5.03482 0)
(0.264429 4.38617 0)
(1.55495 2.03494 0)
(2.22094 -0.0660938 0)
(2.6992 -1.31122 0)
(3.37009 -1.93001 0)
(3.43359 -1.85458 0)
(3.34156 -1.88574 0)
(3.44705 -2.19851 0)
(4.31567 -2.89099 0)
(3.74129 -3.95717 0)
(3.67693 -4.26744 0)
(3.11837 -3.74466 0)
(2.38526 -2.57562 0)
(2.07511 0.834188 0)
(2.49744 3.70628 0)
(4.76189 4.12668 0)
(4.98734 3.82628 0)
(6.0509 2.49494 0)
(6.59817 0.80821 0)
(7.04434 -0.649562 0)
(7.25841 -2.38938 0)
(6.86791 -2.93969 0)
(7.56252 -3.15629 0)
(8.38217 -4.15945 0)
(7.81983 -4.66825 0)
(7.63379 -4.19844 0)
(7.24158 -4.82064 0)
(7.52535 -5.34345 0)
(6.19601 -4.89296 0)
(6.57618 -3.42587 0)
(5.91646 -4.02914 0)
(6.64843 -5.5967 0)
(7.82888 -6.21948 0)
(8.90136 -5.77394 0)
(9.34742 -5.29396 0)
(10.5266 -3.45037 0)
(10.8112 -1.92363 0)
(10.9996 -0.604475 0)
(12.0019 1.58961 0)
(12.1004 3.33896 0)
(11.3005 4.11967 0)
(11.1504 5.15004 0)
(11.465 6.57149 0)
(11.1011 7.36298 0)
(10.0388 6.78992 0)
(8.33568 5.41301 0)
(7.0291 3.92607 0)
(5.53137 3.29759 0)
(5.35591 2.73896 0)
(3.88958 3.10197 0)
(4.54423 2.06418 0)
(2.97539 1.96155 0)
(3.91729 -0.0804771 0)
(2.78464 -0.290832 0)
(3.80259 -2.27816 0)
(3.3277 -2.13143 0)
(4.33696 -3.00971 0)
(4.26726 -2.29919 0)
(4.88657 -2.44288 0)
(4.82115 -1.71108 0)
(5.20055 -1.49031 0)
(5.29932 -1.02574 0)
(5.54418 -0.819297 0)
(5.44641 -0.493573 0)
(5.58062 -0.38148 0)
(5.40662 -0.28034 0)
(5.53082 -0.135929 0)
(5.28192 -0.0823443 0)
(5.50803 0.0344239 0)
(5.2227 0.0292259 0)
(5.50762 0.203475 0)
(5.19684 0.16786 0)
(5.54085 0.310352 0)
(5.18892 0.304794 0)
(5.50241 0.451633 0)
(5.24063 0.46945 0)
(5.50641 0.563089 0)
(5.29653 0.652664 0)
(5.41572 0.737447 0)
(5.37081 0.883004 0)
(5.36847 0.968795 0)
(5.41833 1.13691 0)
(5.38579 1.27511 0)
(5.50988 1.46758 0)
(5.29235 1.71002 0)
(5.59779 1.92458 0)
(4.84915 2.20414 0)
(5.36925 2.43811 0)
(4.964 2.65308 0)
(4.13251 2.79597 0)
(3.32779 1.71696 0)
(2.52346 1.12641 0)
(-0.258415 0.0500536 0)
(-0.907651 0.230738 0)
(-1.80273 0.498958 0)
(-2.85675 0.693399 0)
(-3.22125 1.22748 0)
(-2.58552 2.15235 0)
(-1.12369 3.85507 0)
(0.305196 4.54582 0)
(1.44948 3.80904 0)
(2.69013 1.67004 0)
(3.46794 -0.300112 0)
(3.96249 -1.64722 0)
(4.48645 -2.17367 0)
(4.55791 -2.00189 0)
(4.46345 -1.9328 0)
(4.44105 -2.31958 0)
(5.33349 -3.00883 0)
(5.49483 -3.90143 0)
(4.94721 -4.18682 0)
(4.79313 -3.52031 0)
(4.18687 -2.38304 0)
(3.14741 0.637728 0)
(4.17011 3.105 0)
(6.08243 3.60337 0)
(6.63426 3.56423 0)
(7.63532 2.29264 0)
(7.96693 0.671771 0)
(8.33466 -0.755065 0)
(8.62171 -2.45468 0)
(8.09195 -3.02326 0)
(8.3592 -3.30169 0)
(8.9605 -4.35214 0)
(8.31622 -4.6684 0)
(7.90221 -4.09661 0)
(7.5368 -4.76356 0)
(7.59724 -5.2652 0)
(6.34623 -4.70642 0)
(6.58252 -3.31826 0)
(5.58677 -4.12389 0)
(6.76345 -5.93739 0)
(7.65063 -6.74582 0)
(8.57905 -6.05136 0)
(8.88917 -5.55744 0)
(9.97329 -3.72133 0)
(10.408 -2.03578 0)
(10.4848 -0.782974 0)
(11.3903 1.37984 0)
(11.6673 3.4268 0)
(11.0413 4.28205 0)
(10.7472 5.15772 0)
(11.0818 6.56527 0)
(10.8842 7.61285 0)
(10.1124 7.23427 0)
(8.53495 6.09305 0)
(7.55151 4.54632 0)
(5.93844 3.78234 0)
(5.78459 3.01481 0)
(4.28864 3.31006 0)
(4.8847 2.14929 0)
(3.59043 2.14695 0)
(4.24399 -0.0829887 0)
(3.55429 -0.228533 0)
(4.10354 -2.42971 0)
(3.98103 -2.19242 0)
(4.3742 -3.2733 0)
(4.62489 -2.31621 0)
(4.95952 -2.61957 0)
(5.18124 -1.67587 0)
(5.24909 -1.65539 0)
(5.39887 -1.00455 0)
(5.45636 -0.938255 0)
(5.58025 -0.422769 0)
(5.61092 -0.469566 0)
(5.67301 -0.174799 0)
(5.53788 -0.179843 0)
(5.60156 0.0158123 0)
(5.42625 -0.0338903 0)
(5.56471 0.122446 0)
(5.30677 0.1332 0)
(5.54724 0.247951 0)
(5.245 0.234014 0)
(5.54519 0.386174 0)
(5.21675 0.374098 0)
(5.5797 0.528484 0)
(5.22248 0.520762 0)
(5.5514 0.699768 0)
(5.2767 0.728033 0)
(5.51024 0.879978 0)
(5.32541 0.985366 0)
(5.42394 1.12907 0)
(5.38021 1.30097 0)
(5.32035 1.46283 0)
(5.52552 1.64593 0)
(5.26299 1.99048 0)
(5.61355 2.22557 0)
(4.79324 2.60662 0)
(5.05817 2.81636 0)
(4.72912 2.92659 0)
(3.14385 3.0186 0)
(0.743762 1.71442 0)
(-0.0640806 0.25944 0)
(-0.301629 0.445943 0)
(-0.660415 0.807009 0)
(-1.3846 0.994893 0)
(-1.9832 1.31415 0)
(-1.63319 1.7859 0)
(-0.815184 3.0942 0)
(1.05731 3.85387 0)
(2.50575 3.21915 0)
(3.80447 1.38273 0)
(4.86453 -0.49546 0)
(5.26504 -1.87576 0)
(5.70915 -2.23109 0)
(5.84061 -1.96028 0)
(5.62176 -1.98416 0)
(5.77297 -2.44201 0)
(6.52725 -3.19056 0)
(7.09751 -3.85221 0)
(6.40179 -4.07043 0)
(6.33968 -3.38018 0)
(5.9834 -2.16946 0)
(4.68819 0.49292 0)
(5.81864 2.54987 0)
(7.43162 3.16453 0)
(8.18749 3.30352 0)
(9.19883 2.07414 0)
(9.32673 0.542363 0)
(9.62597 -0.782667 0)
(9.94626 -2.45321 0)
(9.29535 -3.05302 0)
(9.31766 -3.23199 0)
(9.65301 -4.16657 0)
(8.80097 -4.41031 0)
(8.19872 -3.88961 0)
(7.81142 -4.56974 0)
(7.70465 -5.0636 0)
(6.51455 -4.4594 0)
(6.51938 -3.10068 0)
(5.367 -4.23741 0)
(6.69126 -6.29974 0)
(7.13426 -7.11387 0)
(8.07328 -6.22274 0)
(8.17798 -5.78626 0)
(9.18282 -4.0333 0)
(9.88062 -2.1742 0)
(9.91693 -0.9101 0)
(10.7514 1.18406 0)
(11.1337 3.39918 0)
(10.6113 4.45056 0)
(10.2813 5.1746 0)
(10.688 6.5429 0)
(10.5761 7.74043 0)
(10.0247 7.61097 0)
(8.56805 6.61451 0)
(7.72462 4.95989 0)
(6.00994 4.14617 0)
(6.06545 3.24947 0)
(4.61352 3.56974 0)
(5.41973 2.24946 0)
(4.0404 2.36878 0)
(5.02763 -0.0577323 0)
(3.9028 -0.176581 0)
(4.92034 -2.54188 0)
(4.27768 -2.18582 0)
(4.97794 -3.47016 0)
(4.78793 -2.36666 0)
(5.22616 -2.83914 0)
(5.44692 -1.67599 0)
(5.46958 -1.73169 0)
(5.55535 -0.95775 0)
(5.43553 -1.03279 0)
(5.6561 -0.434957 0)
(5.57626 -0.530984 0)
(5.75963 -0.152464 0)
(5.62857 -0.190181 0)
(5.78531 0.0431421 0)
(5.60402 -0.0119323 0)
(5.70777 0.133705 0)
(5.52006 0.175711 0)
(5.59432 0.229048 0)
(5.4772 0.29555 0)
(5.4686 0.326815 0)
(5.46682 0.433554 0)
(5.38444 0.456754 0)
(5.50547 0.588597 0)
(5.36894 0.597222 0)
(5.58726 0.766333 0)
(5.41082 0.839872 0)
(5.66956 1.0095 0)
(5.54104 1.11244 0)
(5.62067 1.30173 0)
(5.58578 1.48155 0)
(5.46025 1.70787 0)
(5.40641 1.96963 0)
(5.3556 2.23763 0)
(5.77525 2.56075 0)
(4.8492 3.02044 0)
(4.95909 3.25403 0)
(4.26609 2.90133 0)
(2.60803 3.28433 0)
(0.0711303 0.2056 0)
(0.315322 0.528604 0)
(0.304629 0.933276 0)
(0.184992 1.22175 0)
(-0.199997 1.47587 0)
(0.177583 1.708 0)
(0.422806 2.58655 0)
(2.06979 3.09282 0)
(3.60074 2.60547 0)
(5.05448 1.04702 0)
(6.33053 -0.739142 0)
(6.51031 -2.16916 0)
(6.33248 -2.44767 0)
(6.67305 -1.95249 0)
(6.76102 -2.03438 0)
(6.98295 -2.55541 0)
(7.99548 -3.33108 0)
(8.49252 -3.86547 0)
(7.97605 -3.84951 0)
(7.75691 -3.29199 0)
(7.61764 -2.01615 0)
(6.45225 0.391601 0)
(7.35838 2.04709 0)
(8.69541 2.74026 0)
(9.52244 3.04337 0)
(10.6116 1.89543 0)
(10.6503 0.485101 0)
(10.8177 -0.768261 0)
(10.9766 -2.43322 0)
(10.1935 -2.98254 0)
(9.91959 -3.08854 0)
(9.98233 -4.03314 0)
(9.09697 -4.22827 0)
(8.44025 -3.68694 0)
(8.01121 -4.36049 0)
(7.70658 -4.84826 0)
(6.5318 -4.12552 0)
(6.32105 -2.84228 0)
(5.36712 -4.36487 0)
(6.37606 -6.5729 0)
(6.38934 -7.41558 0)
(7.61441 -6.38456 0)
(7.68129 -5.96301 0)
(8.3923 -4.31605 0)
(9.20438 -2.40108 0)
(9.34453 -1.04366 0)
(10.0411 1.02899 0)
(10.4633 3.36876 0)
(10.144 4.51258 0)
(9.78697 5.23968 0)
(10.1873 6.48581 0)
(10.2029 7.84566 0)
(9.92863 7.91449 0)
(8.56537 7.12802 0)
(8.00249 5.46739 0)
(6.2426 4.64144 0)
(6.44017 3.42754 0)
(4.95653 3.77195 0)
(5.85496 2.26625 0)
(4.52926 2.49761 0)
(5.45101 -0.0564429 0)
(4.44296 -0.13445 0)
(5.24856 -2.63065 0)
(4.71828 -2.1685 0)
(5.49147 -3.60868 0)
(5.10913 -2.31443 0)
(5.48643 -3.05474 0)
(5.43693 -1.62015 0)
(5.69517 -1.86271 0)
(5.62829 -0.805315 0)
(5.66354 -1.14784 0)
(5.64339 -0.309464 0)
(5.62654 -0.676274 0)
(5.63541 -0.0511823 0)
(5.73533 -0.327424 0)
(5.73081 0.1448 0)
(5.79849 -0.111626 0)
(5.76054 0.24347 0)
(5.80449 0.113129 0)
(5.75152 0.326386 0)
(5.72901 0.255145 0)
(5.65713 0.430561 0)
(5.59983 0.410846 0)
(5.58125 0.535905 0)
(5.44358 0.525408 0)
(5.48243 0.687279 0)
(5.28583 0.707009 0)
(5.50434 0.862926 0)
(5.35611 0.888644 0)
(5.58168 1.14338 0)
(5.49786 1.25075 0)
(5.76726 1.45646 0)
(5.66253 1.73206 0)
(5.6062 2.02091 0)
(5.48536 2.24231 0)
(5.28976 2.67253 0)
(5.68509 2.99836 0)
(4.92045 3.78433 0)
(3.85713 4.18395 0)
(1.47197 3.95119 0)
(0.0601938 0.189455 0)
(0.704182 0.328131 0)
(1.42623 0.907729 0)
(1.66814 1.29099 0)
(1.49282 1.43804 0)
(2.07872 1.57097 0)
(2.32711 2.20716 0)
(3.61452 2.38075 0)
(4.9151 1.90202 0)
(6.39145 0.554826 0)
(7.69976 -0.956562 0)
(7.86248 -2.12444 0)
(7.10199 -2.49469 0)
(7.20236 -2.12376 0)
(7.96204 -2.22718 0)
(8.17415 -2.84431 0)
(9.33535 -3.58596 0)
(9.90597 -4.01443 0)
(9.37941 -3.73274 0)
(9.18086 -3.14746 0)
(8.93252 -1.92525 0)
(8.07323 0.342112 0)
(8.82703 1.65696 0)
(9.78674 2.31718 0)
(10.5943 2.73807 0)
(11.6822 1.65884 0)
(11.6601 0.410239 0)
(11.7033 -0.72033 0)
(11.6749 -2.33456 0)
(10.7417 -2.83325 0)
(10.2857 -2.915 0)
(10.2119 -3.81758 0)
(9.29196 -3.93233 0)
(8.50017 -3.43608 0)
(8.15081 -4.1479 0)
(7.69016 -4.62129 0)
(6.49152 -3.76907 0)
(6.14131 -2.66498 0)
(5.34594 -4.42845 0)
(6.04943 -6.69962 0)
(5.7079 -7.71065 0)
(7.3126 -6.62958 0)
(7.45277 -6.11723 0)
(7.80224 -4.54282 0)
(8.47254 -2.64675 0)
(8.69726 -1.13953 0)
(9.34614 0.854701 0)
(9.73218 3.29777 0)
(9.45776 4.60396 0)
(9.25817 5.24351 0)
(9.69712 6.40882 0)
(9.74838 7.88676 0)
(9.6921 8.08704 0)
(8.42392 7.50638 0)
(8.19204 5.8489 0)
(6.38323 4.98374 0)
(6.77111 3.58938 0)
(5.3564 3.95782 0)
(6.31364 2.35008 0)
(5.03084 2.65704 0)
(5.95448 -0.0126176 0)
(5.00329 -0.0807328 0)
(5.76164 -2.69974 0)
(5.16372 -2.20555 0)
(5.82812 -3.74341 0)
(5.53602 -2.24392 0)
(5.82521 -3.12119 0)
(5.54242 -1.59881 0)
(5.76958 -1.99685 0)
(5.66928 -0.751216 0)
(5.81924 -1.22582 0)
(5.75226 -0.206418 0)
(5.67303 -0.714919 0)
(5.63356 0.0142667 0)
(5.66707 -0.419844 0)
(5.67072 0.216558 0)
(5.66859 -0.199753 0)
(5.74088 0.293099 0)
(5.76151 0.0268103 0)
(5.85222 0.379553 0)
(5.80226 0.215069 0)
(5.88372 0.472797 0)
(5.85076 0.382193 0)
(5.93119 0.586628 0)
(5.79253 0.592893 0)
(5.78436 0.717573 0)
(5.7472 0.740506 0)
(5.70091 0.856507 0)
(5.59577 1.01778 0)
(5.43399 1.08178 0)
(5.63228 1.24195 0)
(5.55613 1.4138 0)
(5.73796 1.72233 0)
(5.90861 2.00389 0)
(5.89911 2.23558 0)
(5.8182 2.73421 0)
(5.21249 2.99642 0)
(5.80603 3.70548 0)
(5.2102 4.20119 0)
(2.9467 6.11739 0)
(1.05273 -0.166808 0)
(0.677975 -0.0521836 0)
(1.83866 0.48794 0)
(2.84879 1.18788 0)
(3.22218 1.43321 0)
(3.97375 1.50483 0)
(4.50763 1.91761 0)
(5.60397 1.92184 0)
(6.63157 1.4127 0)
(7.92968 0.1836 0)
(8.80738 -1.10385 0)
(8.70333 -2.04109 0)
(8.0714 -2.39461 0)
(8.28062 -2.27793 0)
(9.40855 -2.45156 0)
(9.90616 -3.01957 0)
(10.6807 -3.76941 0)
(11.3906 -4.02648 0)
(10.6229 -3.6035 0)
(10.5014 -3.03204 0)
(10.1216 -1.84849 0)
(9.31519 0.274422 0)
(10.0425 1.3614 0)
(10.7559 1.98323 0)
(11.4977 2.4681 0)
(12.4847 1.46081 0)
(12.3903 0.372183 0)
(12.1881 -0.657055 0)
(12.135 -2.18271 0)
(11.2025 -2.60631 0)
(10.5606 -2.70724 0)
(10.4265 -3.57703 0)
(9.55113 -3.62994 0)
(8.68694 -3.21323 0)
(8.28308 -3.90752 0)
(7.69021 -4.32009 0)
(6.5481 -3.3519 0)
(6.02645 -2.46059 0)
(5.25084 -4.37439 0)
(5.68268 -6.74054 0)
(5.18644 -7.95874 0)
(6.8394 -6.95736 0)
(7.01924 -6.26891 0)
(7.21178 -4.66357 0)
(7.74214 -2.88588 0)
(8.05334 -1.25693 0)
(8.52908 0.730025 0)
(8.97129 3.21691 0)
(8.82367 4.54853 0)
(8.58774 5.30618 0)
(9.12209 6.31989 0)
(9.21681 7.87836 0)
(9.53687 8.24837 0)
(8.25446 7.93164 0)
(8.27649 6.18822 0)
(6.641 5.44819 0)
(7.08654 3.74192 0)
(5.69912 4.1321 0)
(6.66476 2.31993 0)
(5.51188 2.77177 0)
(6.34222 -0.0299826 0)
(5.52014 -0.0529897 0)
(6.29905 -2.75223 0)
(5.56478 -2.15715 0)
(6.10237 -3.92641 0)
(5.73308 -2.16978 0)
(6.10845 -3.19541 0)
(5.74839 -1.40572 0)
(5.90304 -2.1449 0)
(5.65282 -0.612887 0)
(5.87894 -1.43278 0)
(5.81744 -0.035244 0)
(5.82483 -0.866439 0)
(5.76683 0.193916 0)
(5.7881 -0.569405 0)
(5.75301 0.391623 0)
(5.63009 -0.369257 0)
(5.72439 0.458226 0)
(5.65135 -0.144873 0)
(5.77974 0.528132 0)
(5.59301 0.035668 0)
(5.78253 0.586887 0)
(5.74597 0.226411 0)
(5.84971 0.706335 0)
(5.75424 0.443058 0)
(5.87701 0.800118 0)
(5.92821 0.653068 0)
(5.87473 0.988691 0)
(5.82999 0.908361 0)
(5.87719 1.20233 0)
(5.69651 1.16456 0)
(5.73518 1.54909 0)
(5.55259 1.52654 0)
(5.87774 2.0684 0)
(5.87203 2.13845 0)
(6.03446 2.95312 0)
(5.93884 3.11308 0)
(4.91627 4.4696 0)
(5.37064 4.66895 0)
(2.59902 6.83301 0)
(4.8761 0.527383 0)
(-2.0532 -0.0182343 0)
(1.50091 -0.0604685 0)
(0.823458 -0.00714094 0)
(1.40896 -0.00438796 0)
(1.48313 4.63063e-05 0)
(1.54739 -3.99066e-05 0)
(1.59425 0.000226896 0)
(1.6075 0.000338732 0)
(1.62586 8.4251e-05 0)
(9.75054 0.747786 0)
(-0.589608 0.273103 0)
(3.90558 -0.263176 0)
(2.88155 -0.0244808 0)
(3.67378 -0.055831 0)
(3.91864 -0.0212373 0)
(4.06116 -0.0125818 0)
(4.18186 -0.00680495 0)
(4.22131 -0.00345438 0)
(4.27913 -0.00239615 0)
(12.6281 1.22601 0)
(2.31909 0.507668 0)
(5.98686 -0.397311 0)
(5.02013 -0.051453 0)
(5.68423 -0.105052 0)
(6.00566 -0.0555252 0)
(6.17664 -0.0325401 0)
(6.34156 -0.0188315 0)
(6.3953 -0.0107815 0)
(6.48426 -0.00717436 0)
(14.9263 1.56287 0)
(5.67163 0.77252 0)
(8.15936 -0.447075 0)
(7.29342 -0.0770464 0)
(7.70255 -0.141159 0)
(7.99432 -0.091443 0)
(8.14231 -0.0558772 0)
(8.31433 -0.0338083 0)
(8.36638 -0.0207749 0)
(8.47102 -0.0137582 0)
(16.1035 1.75958 0)
(8.78789 1.05015 0)
(10.2952 -0.4038 0)
(9.55244 -0.0871699 0)
(9.69915 -0.152743 0)
(9.89996 -0.116269 0)
(9.98866 -0.0751479 0)
(10.1301 -0.047067 0)
(10.1639 -0.0304857 0)
(10.2613 -0.0207909 0)
(16.0198 1.48607 0)
(11.0992 1.15655 0)
(12.0467 -0.346489 0)
(11.5411 -0.0972781 0)
(11.5292 -0.145966 0)
(11.645 -0.126708 0)
(11.6717 -0.0862655 0)
(11.7649 -0.0549442 0)
(11.7729 -0.036584 0)
(11.8436 -0.0263236 0)
(15.5017 1.32102 0)
(12.6004 1.16069 0)
(13.2476 -0.290267 0)
(13.0282 -0.124658 0)
(12.9892 -0.138305 0)
(13.0772 -0.12964 0)
(13.0782 -0.0921621 0)
(13.1386 -0.0585118 0)
(13.1311 -0.0383376 0)
(13.1739 -0.0291456 0)
(14.9094 1.28678 0)
(13.5551 1.13296 0)
(13.997 -0.220538 0)
(13.9502 -0.156768 0)
(13.9127 -0.136743 0)
(14.0082 -0.130788 0)
(14.0143 -0.0980423 0)
(14.0869 -0.0627579 0)
(14.0892 -0.0400626 0)
(14.1431 -0.0310853 0)
(13.87 1.14896 0)
(13.8287 1.02004 0)
(14.1813 -0.165368 0)
(14.2202 -0.184843 0)
(14.1588 -0.141673 0)
(14.2794 -0.131418 0)
(14.2762 -0.104298 0)
(14.401 -0.0696345 0)
(14.4129 -0.0459966 0)
(14.5404 -0.036521 0)
(12.5931 0.908857 0)
(13.4091 0.817012 0)
(13.799 -0.141453 0)
(13.9185 -0.209559 0)
(13.8479 -0.154597 0)
(14.0103 -0.135471 0)
(14.0014 -0.111573 0)
(14.1806 -0.079043 0)
(14.1906 -0.0559499 0)
(14.3876 -0.0464071 0)
(11.6828 0.711104 0)
(12.733 0.606104 0)
(13.2183 -0.136113 0)
(13.433 -0.230195 0)
(13.3878 -0.174401 0)
(13.5879 -0.144538 0)
(13.5955 -0.122241 0)
(13.8131 -0.0916445 0)
(13.8245 -0.0698779 0)
(14.0571 -0.0600048 0)
(11.3704 0.589113 0)
(12.2739 0.44033 0)
(12.8207 -0.135462 0)
(13.0892 -0.248972 0)
(13.0886 -0.199126 0)
(13.2887 -0.157413 0)
(13.3226 -0.134673 0)
(13.5481 -0.10524 0)
(13.5655 -0.0851843 0)
(13.7993 -0.074452 0)
(11.3584 0.490846 0)
(12.1289 0.298108 0)
(12.7325 -0.146762 0)
(12.981 -0.270232 0)
(13.0653 -0.229594 0)
(13.2015 -0.176493 0)
(13.2915 -0.151755 0)
(13.4572 -0.121111 0)
(13.5041 -0.103371 0)
(13.6646 -0.0890995 0)
(11.3815 0.365816 0)
(12.1503 0.157442 0)
(12.8077 -0.16566 0)
(13.0117 -0.290387 0)
(13.1863 -0.258314 0)
(13.2053 -0.195046 0)
(13.3375 -0.166489 0)
(13.331 -0.131361 0)
(13.3889 -0.114891 0)
(13.3439 -0.0941919 0)
(11.3064 0.229113 0)
(12.1898 0.0185416 0)
(12.8489 -0.198355 0)
(13.0544 -0.31575 0)
(13.1462 -0.281745 0)
(12.982 -0.206649 0)
(12.9607 -0.166867 0)
(12.7289 -0.12621 0)
(12.6944 -0.107213 0)
(12.4493 -0.0832713 0)
(11.2502 0.0690514 0)
(12.2273 -0.105862 0)
(12.8241 -0.242809 0)
(12.7855 -0.326276 0)
(12.492 -0.26975 0)
(12.0403 -0.181785 0)
(11.8031 -0.135156 0)
(11.4362 -0.0974991 0)
(11.3297 -0.0806383 0)
(11.0105 -0.0619981 0)
(11.1746 -0.111426 0)
(12.0363 -0.215761 0)
(12.1169 -0.261226 0)
(11.5343 -0.280186 0)
(10.8819 -0.205313 0)
(10.2868 -0.125018 0)
(9.96976 -0.0880282 0)
(9.59663 -0.0626066 0)
(9.47686 -0.0518382 0)
(9.16787 -0.040492 0)
(10.6966 -0.265266 0)
(10.6726 -0.230964 0)
(10.1076 -0.194593 0)
(9.24993 -0.178386 0)
(8.51042 -0.118381 0)
(7.95699 -0.0660937 0)
(7.66907 -0.0451485 0)
(7.36711 -0.0325828 0)
(7.26517 -0.0272388 0)
(7.01532 -0.0218438 0)
(8.50064 -0.248488 0)
(7.73638 -0.13311 0)
(6.97317 -0.0921092 0)
(6.2008 -0.0776934 0)
(5.60227 -0.0455112 0)
(5.21303 -0.0221326 0)
(5.02265 -0.0147804 0)
(4.82844 -0.0113154 0)
(4.76135 -0.00947083 0)
(4.59741 -0.00813916 0)
(3.66541 -0.122017 0)
(3.13122 -0.0138286 0)
(2.68644 -0.00372704 0)
(2.31991 -0.0032494 0)
(2.05788 0.000641415 0)
(1.918 0.00153647 0)
(1.86 0.00078089 0)
(1.79684 0.000128481 0)
(1.77386 0.00020961 0)
(1.7162 -0.000267085 0)
)
;

boundaryField
{
    inlet
    {
        type            fixedValue;
        value           uniform (10 0 0);
    }
    outlet
    {
        type            zeroGradient;
    }
    walls
    {
        type            fixedValue;
        value           uniform (0 0 0);
    }
    frontAndBack
    {
        type            empty;
    }
}


// ************************************************************************* //
