/*--------------------------------*- C++ -*----------------------------------*\
| =========                 |                                                 |
| \\      /  F ield         | OpenFOAM: The Open Source CFD Toolbox           |
|  \\    /   O peration     | Version:  2.4.0                                 |
|   \\  /    A nd           | Web:      www.OpenFOAM.org                      |
|    \\/     M anipulation  |                                                 |
\*---------------------------------------------------------------------------*/
FoamFile
{
    version     2.0;
    format      ascii;
    class       volVectorField;
    location    "0.054";
    object      U;
}
// * * * * * * * * * * * * * * * * * * * * * * * * * * * * * * * * * * * * * //

dimensions      [0 1 -1 0 0 0 0];

internalField   nonuniform List<vector> 
4400
(
(5.40311 0.316858 0)
(3.31958 0.0606915 0)
(2.57958 0.00151401 0)
(2.2425 -0.00232022 0)
(2.07721 -0.0011481 0)
(2.01334 -0.00134896 0)
(1.96188 -0.000137665 0)
(1.9533 -0.00166855 0)
(2.00205 -0.00103228 0)
(1.80185 -0.0490489 0)
(8.67855 0.857141 0)
(7.55652 0.34438 0)
(6.61106 0.116605 0)
(5.93651 0.0536944 0)
(5.50418 0.0277235 0)
(5.31005 0.0118793 0)
(5.15079 0.0103503 0)
(5.09964 -0.00461447 0)
(5.1449 0.00286372 0)
(4.87264 -0.0528692 0)
(9.87559 0.936784 0)
(10.022 0.477183 0)
(9.46025 0.214007 0)
(8.79361 0.127193 0)
(8.23964 0.0770285 0)
(7.96584 0.0378919 0)
(7.72554 0.0298454 0)
(7.65678 -0.00208102 0)
(7.64315 0.00621624 0)
(7.29268 -0.0674369 0)
(10.0889 0.8056 0)
(11.1641 0.497845 0)
(11.2294 0.267639 0)
(10.8825 0.192734 0)
(10.4056 0.133965 0)
(10.1448 0.0730921 0)
(9.87281 0.0545167 0)
(9.84488 0.00567087 0)
(9.73032 0.0195856 0)
(9.34105 -0.110193 0)
(9.98741 0.644844 0)
(11.393 0.435542 0)
(11.9336 0.249932 0)
(12.035 0.211885 0)
(11.8318 0.170782 0)
(11.7117 0.10425 0)
(11.5021 0.0754798 0)
(11.5836 0.0171039 0)
(11.3691 0.0423429 0)
(11.0715 -0.177591 0)
(9.92564 0.514044 0)
(11.3051 0.355737 0)
(11.994 0.191937 0)
(12.3447 0.178138 0)
(12.4312 0.166569 0)
(12.4857 0.109736 0)
(12.4777 0.0782734 0)
(12.7194 0.0216373 0)
(12.4533 0.0624156 0)
(12.4116 -0.221101 0)
(9.94525 0.399694 0)
(11.1881 0.279104 0)
(11.9232 0.141966 0)
(12.3127 0.128799 0)
(12.5512 0.138162 0)
(12.5849 0.0877872 0)
(12.8357 0.0477743 0)
(13.1353 0.0203175 0)
(12.9118 0.0489826 0)
(13.2651 -0.225377 0)
(9.98604 0.284615 0)
(11.1298 0.20641 0)
(11.8642 0.0881071 0)
(12.2693 0.0809424 0)
(12.4933 0.112634 0)
(12.5331 0.0668778 0)
(12.9381 0.00131164 0)
(13.0182 0.0207924 0)
(13.0193 0.00299694 0)
(13.6406 -0.277538 0)
(9.99777 0.177324 0)
(11.1275 0.116918 0)
(11.8543 0.0550212 0)
(12.2143 0.0383493 0)
(12.3691 0.0841337 0)
(12.6347 0.0176737 0)
(12.9041 -0.0143836 0)
(12.815 0.00753755 0)
(13.2121 -0.0554934 0)
(13.5235 -0.330938 0)
(9.99628 0.062417 0)
(11.1223 0.0350626 0)
(11.8619 0.0132259 0)
(12.1601 0.00591134 0)
(12.3645 0.0388689 0)
(12.6819 -0.0101246 0)
(12.7632 -0.0259173 0)
(12.8742 -0.0258348 0)
(13.2814 -0.105141 0)
(13.136 -0.308306 0)
(9.98606 -0.0456153 0)
(11.1301 -0.0576481 0)
(11.876 -0.0117874 0)
(12.1385 -0.0306709 0)
(12.3958 -0.00928913 0)
(12.6438 -0.0406021 0)
(12.7552 -0.0476421 0)
(12.9628 -0.0605408 0)
(13.1373 -0.117652 0)
(13.103 -0.318614 0)
(9.98938 -0.159341 0)
(11.157 -0.143134 0)
(11.8761 -0.0484656 0)
(12.1623 -0.0683575 0)
(12.4292 -0.0501549 0)
(12.6288 -0.0641199 0)
(12.7972 -0.0726739 0)
(12.9355 -0.0832896 0)
(13.0718 -0.141939 0)
(13.2637 -0.376306 0)
(10.0306 -0.272242 0)
(11.1627 -0.229579 0)
(11.9135 -0.0806614 0)
(12.1964 -0.106045 0)
(12.493 -0.096365 0)
(12.6102 -0.0902345 0)
(12.8249 -0.0943881 0)
(12.879 -0.101429 0)
(13.1089 -0.173279 0)
(13.2215 -0.375979 0)
(10.0735 -0.392063 0)
(11.1654 -0.302391 0)
(11.9936 -0.126983 0)
(12.228 -0.148404 0)
(12.5511 -0.133755 0)
(12.5709 -0.108538 0)
(12.8314 -0.114403 0)
(12.7858 -0.123728 0)
(13.025 -0.195854 0)
(12.92 -0.383899 0)
(10.0779 -0.515153 0)
(11.2198 -0.36909 0)
(12.0628 -0.180248 0)
(12.2366 -0.189417 0)
(12.4755 -0.167824 0)
(12.3761 -0.127402 0)
(12.542 -0.127015 0)
(12.3275 -0.129641 0)
(12.4295 -0.198963 0)
(12.0382 -0.349427 0)
(10.0987 -0.64779 0)
(11.2917 -0.441198 0)
(11.994 -0.240646 0)
(11.9414 -0.221087 0)
(11.8878 -0.174598 0)
(11.5819 -0.120524 0)
(11.5587 -0.112785 0)
(11.2034 -0.111638 0)
(11.1727 -0.17305 0)
(10.5834 -0.275621 0)
(10.1525 -0.808121 0)
(11.0839 -0.50062 0)
(11.2824 -0.262466 0)
(10.8088 -0.200064 0)
(10.4521 -0.137191 0)
(10.023 -0.086993 0)
(9.89328 -0.0801966 0)
(9.49818 -0.0808288 0)
(9.40035 -0.131667 0)
(8.73108 -0.195273 0)
(9.90705 -0.937495 0)
(9.96759 -0.478518 0)
(9.50122 -0.211274 0)
(8.73995 -0.131799 0)
(8.26816 -0.0792355 0)
(7.86228 -0.047869 0)
(7.71006 -0.04572 0)
(7.35826 -0.0493549 0)
(7.23279 -0.0845151 0)
(6.57407 -0.118611 0)
(8.69309 -0.857467 0)
(7.52665 -0.345211 0)
(6.634 -0.115517 0)
(5.90312 -0.0560701 0)
(5.51484 -0.0287545 0)
(5.23353 -0.0171635 0)
(5.11318 -0.0183866 0)
(4.86081 -0.0224205 0)
(4.73288 -0.0397824 0)
(4.19704 -0.0562458 0)
(5.40569 -0.316724 0)
(3.31134 -0.0607719 0)
(2.58439 -0.0013303 0)
(2.23065 0.00192916 0)
(2.07616 0.00121657 0)
(1.97684 0.000384088 0)
(1.92657 -0.000788134 0)
(1.82186 -0.0018897 0)
(1.73707 -0.00435899 0)
(1.48099 0.00192914 0)
(2.61801 0.111788 0)
(3.36291 0.172791 0)
(4.43857 -0.0501079 0)
(5.44357 -0.878373 0)
(5.86547 -1.78786 0)
(5.79105 -2.38367 0)
(5.386 -2.47749 0)
(4.40624 -2.03874 0)
(3.85192 -1.73228 0)
(2.67857 -1.14436 0)
(2.83199 1.98384 0)
(3.68905 4.42672 0)
(6.64118 3.40352 0)
(7.90888 2.65503 0)
(8.4013 2.0187 0)
(9.90975 0.0348602 0)
(10.2567 -1.85765 0)
(10.5545 -3.12936 0)
(10.8901 -3.86646 0)
(11.4441 -4.37593 0)
(12.46 -5.48456 0)
(13.0001 -6.42811 0)
(12.2919 -6.51211 0)
(12.1876 -6.68486 0)
(12.3466 -7.11381 0)
(11.7867 -7.25175 0)
(10.6896 -6.92816 0)
(9.92845 -6.15008 0)
(9.53442 -5.56836 0)
(9.75428 -4.99056 0)
(10.1758 -3.8728 0)
(10.2799 -2.74641 0)
(10.8025 -1.35523 0)
(11.0071 0.290609 0)
(10.4276 1.41746 0)
(10.3835 2.41759 0)
(10.9481 3.73771 0)
(10.9361 4.78382 0)
(10.3028 5.03999 0)
(9.6445 4.70472 0)
(9.22819 4.06023 0)
(8.795 3.39669 0)
(8.42506 2.55455 0)
(7.84537 1.93465 0)
(7.54 1.16575 0)
(6.91316 1.05435 0)
(6.94727 0.421699 0)
(6.23997 0.870474 0)
(6.67472 -0.0133791 0)
(5.71652 0.942613 0)
(6.57191 -0.389086 0)
(5.32521 1.00938 0)
(6.57118 -0.605676 0)
(5.08806 0.900029 0)
(6.61895 -0.611166 0)
(5.00862 0.680813 0)
(6.55501 -0.55044 0)
(5.19343 0.584447 0)
(6.19995 -0.557423 0)
(5.55594 0.635854 0)
(5.73768 -0.60457 0)
(5.77072 0.718417 0)
(5.45258 -0.661813 0)
(5.79878 0.754699 0)
(5.35545 -0.669144 0)
(5.75621 0.683069 0)
(5.45686 -0.55682 0)
(5.65805 0.608842 0)
(5.59655 -0.496687 0)
(5.65943 0.677366 0)
(5.62596 -0.569433 0)
(5.71554 0.724776 0)
(5.71854 -0.472553 0)
(5.73216 0.642194 0)
(5.86426 -0.361656 0)
(5.75287 0.75868 0)
(5.96998 -0.401325 0)
(5.88831 0.733424 0)
(6.06581 -0.138044 0)
(5.95172 0.73259 0)
(6.22556 -0.0858768 0)
(6.09032 0.809811 0)
(6.21829 0.18956 0)
(6.12767 0.821043 0)
(6.30402 0.333575 0)
(6.07116 0.931284 0)
(6.10781 0.676668 0)
(5.81028 1.02136 0)
(5.85783 0.827279 0)
(5.55395 1.17553 0)
(5.46405 1.10044 0)
(5.39052 1.50016 0)
(5.39761 1.35693 0)
(5.68908 2.08902 0)
(6.06501 2.03798 0)
(5.42287 2.91451 0)
(6.29306 2.83932 0)
(5.42528 4.77142 0)
(6.12476 5.20687 0)
(3.42819 9.4145 0)
(5.53919 -0.0564526 0)
(5.92332 -0.137143 0)
(6.70061 -0.347358 0)
(7.46175 -1.06139 0)
(7.63248 -1.85706 0)
(7.76091 -2.23691 0)
(7.38452 -2.17334 0)
(6.09952 -1.81872 0)
(6.04471 -1.3325 0)
(4.77122 -0.678668 0)
(3.46461 1.52654 0)
(4.86553 3.4071 0)
(7.77179 2.60064 0)
(9.07164 2.14135 0)
(9.81085 1.62522 0)
(11.0061 -0.218911 0)
(11.2139 -2.028 0)
(11.4751 -3.31482 0)
(11.907 -4.10607 0)
(12.6728 -4.72247 0)
(13.5335 -5.70459 0)
(13.2811 -6.3445 0)
(12.3916 -6.31139 0)
(12.2926 -6.60396 0)
(12.0396 -6.98134 0)
(11.178 -6.80763 0)
(9.74969 -6.40291 0)
(8.96595 -5.91318 0)
(8.77833 -5.60055 0)
(9.03323 -5.12757 0)
(9.52174 -3.99478 0)
(9.6299 -2.84556 0)
(10.0082 -1.46505 0)
(10.2666 0.309146 0)
(9.72367 1.53095 0)
(9.52837 2.39278 0)
(10.0324 3.62441 0)
(10.1553 4.80601 0)
(9.69904 5.19869 0)
(9.12517 4.89302 0)
(8.72956 4.22762 0)
(8.31511 3.55933 0)
(8.01344 2.73141 0)
(7.49852 2.13607 0)
(7.32954 1.3453 0)
(6.71744 1.21967 0)
(6.89758 0.53371 0)
(6.06208 0.987512 0)
(6.7443 0.041225 0)
(5.48191 1.04338 0)
(6.76106 -0.386908 0)
(5.04923 1.12073 0)
(6.75944 -0.666621 0)
(4.92198 1.04033 0)
(6.52953 -0.742904 0)
(5.14322 0.861467 0)
(6.01318 -0.745323 0)
(5.55109 0.791827 0)
(5.43464 -0.753131 0)
(5.794 0.817589 0)
(5.14394 -0.749238 0)
(5.77773 0.858358 0)
(5.16977 -0.778255 0)
(5.67746 0.86809 0)
(5.37699 -0.770899 0)
(5.56389 0.782929 0)
(5.66843 -0.651954 0)
(5.40296 0.744808 0)
(5.85909 -0.64047 0)
(5.42122 0.842204 0)
(5.81718 -0.725303 0)
(5.55956 0.860045 0)
(5.89214 -0.635294 0)
(5.48123 0.822186 0)
(6.01674 -0.555499 0)
(5.5442 0.923923 0)
(5.9894 -0.603942 0)
(5.64433 0.921872 0)
(6.13679 -0.363699 0)
(5.64869 0.912103 0)
(6.17667 -0.307149 0)
(5.85839 1.0216 0)
(6.23005 -0.0717986 0)
(5.94516 0.998678 0)
(6.33429 0.10494 0)
(6.11589 1.17734 0)
(6.27551 0.38851 0)
(6.19702 1.26007 0)
(6.18614 0.586654 0)
(6.16956 1.50073 0)
(5.89092 0.85237 0)
(5.83954 1.80382 0)
(5.7238 1.11892 0)
(5.45586 2.28598 0)
(6.13923 1.83947 0)
(5.76328 3.41141 0)
(5.95075 2.63914 0)
(4.92381 4.8884 0)
(8.49744 4.31799 0)
(5.87376 9.82054 0)
(8.16059 -0.312545 0)
(8.47914 -0.432661 0)
(8.95895 -0.55957 0)
(9.60359 -1.14776 0)
(9.48698 -1.84949 0)
(9.42746 -2.18023 0)
(9.09469 -1.94434 0)
(8.10415 -1.55117 0)
(7.70299 -1.07918 0)
(7.01329 -0.209899 0)
(5.61998 1.40139 0)
(6.32168 2.46053 0)
(8.81031 1.79719 0)
(9.97345 1.55072 0)
(10.8631 1.13677 0)
(11.9398 -0.483777 0)
(12.3588 -2.11931 0)
(12.7811 -3.37681 0)
(13.2989 -4.2287 0)
(13.6819 -4.98658 0)
(13.8691 -5.77146 0)
(13.1492 -6.02654 0)
(12.164 -6.03917 0)
(12.2094 -6.39641 0)
(11.6475 -6.64775 0)
(10.3497 -6.29443 0)
(8.88011 -5.89703 0)
(8.14132 -5.7487 0)
(7.9979 -5.68704 0)
(8.20044 -5.27302 0)
(8.63047 -4.16698 0)
(8.84901 -2.93429 0)
(9.103 -1.51014 0)
(9.3246 0.315648 0)
(8.91443 1.6021 0)
(8.66273 2.43193 0)
(9.0185 3.60044 0)
(9.21173 4.8179 0)
(8.92652 5.32292 0)
(8.47366 5.08032 0)
(8.1768 4.39531 0)
(7.82214 3.71705 0)
(7.58303 2.89057 0)
(7.12745 2.2923 0)
(7.04332 1.46775 0)
(6.43826 1.32587 0)
(6.7335 0.604119 0)
(5.82583 1.05907 0)
(6.70104 0.0791651 0)
(5.27234 1.10858 0)
(6.78929 -0.388154 0)
(4.9171 1.20371 0)
(6.70259 -0.728424 0)
(4.99909 1.15475 0)
(6.21475 -0.867923 0)
(5.45775 1.00312 0)
(5.52154 -0.898724 0)
(5.8648 0.933235 0)
(5.15132 -0.876256 0)
(5.87654 0.932955 0)
(5.3062 -0.839883 0)
(5.62801 0.951192 0)
(5.70223 -0.856267 0)
(5.42892 0.951253 0)
(5.98535 -0.860741 0)
(5.44231 0.867588 0)
(6.04864 -0.752853 0)
(5.4354 0.832329 0)
(6.11269 -0.7844 0)
(5.44859 0.998461 0)
(6.02702 -0.935059 0)
(5.61675 1.00515 0)
(6.01532 -0.785369 0)
(5.56728 0.914477 0)
(6.18742 -0.753865 0)
(5.59363 1.1062 0)
(6.22828 -0.847037 0)
(5.72429 1.04699 0)
(6.37766 -0.568425 0)
(5.77219 1.09456 0)
(6.49166 -0.616004 0)
(5.99887 1.19298 0)
(6.57214 -0.304969 0)
(6.12636 1.22285 0)
(6.71093 -0.196812 0)
(6.33123 1.38827 0)
(6.76764 0.20113 0)
(6.35207 1.50928 0)
(6.81347 0.395857 0)
(6.35174 1.71261 0)
(6.6868 0.853415 0)
(5.91093 1.94312 0)
(6.52522 1.05868 0)
(5.6282 2.29045 0)
(6.76737 1.34212 0)
(5.85154 3.45887 0)
(8.4165 2.63298 0)
(4.89384 5.45661 0)
(8.82868 3.74021 0)
(6.68773 9.91958 0)
(10.3343 -0.492939 0)
(10.5799 -0.640708 0)
(10.8302 -0.68247 0)
(11.4575 -1.12266 0)
(11.0178 -1.79319 0)
(10.9217 -2.0302 0)
(10.5273 -1.67919 0)
(9.81314 -1.29326 0)
(9.20416 -0.784569 0)
(8.72026 0.0714389 0)
(7.99673 1.41184 0)
(8.32493 1.98583 0)
(10.1494 1.34224 0)
(11.0279 1.17952 0)
(11.951 0.753316 0)
(13.0569 -0.691621 0)
(13.5567 -2.22587 0)
(13.8542 -3.51786 0)
(14.1731 -4.31996 0)
(14.1354 -4.95027 0)
(13.608 -5.5665 0)
(12.7098 -5.66561 0)
(11.9826 -5.82277 0)
(12.0157 -6.29723 0)
(11.2397 -6.26147 0)
(9.51117 -5.70521 0)
(7.98479 -5.41719 0)
(7.40575 -5.59068 0)
(7.198 -5.72972 0)
(7.36792 -5.32985 0)
(7.61929 -4.25801 0)
(7.81487 -2.99022 0)
(8.00421 -1.54755 0)
(8.14769 0.328171 0)
(7.86885 1.68354 0)
(7.74814 2.42688 0)
(8.06761 3.48137 0)
(8.23536 4.75868 0)
(8.03445 5.38731 0)
(7.74392 5.19411 0)
(7.55761 4.51867 0)
(7.26112 3.84271 0)
(7.10537 3.00303 0)
(6.69407 2.39826 0)
(6.73551 1.57457 0)
(6.11752 1.41219 0)
(6.60079 0.688606 0)
(5.55734 1.10889 0)
(6.69621 0.134948 0)
(5.00851 1.15233 0)
(6.8444 -0.394437 0)
(4.71237 1.30916 0)
(6.69439 -0.857706 0)
(4.97679 1.36718 0)
(6.03722 -1.10064 0)
(5.59095 1.24955 0)
(5.32287 -1.10119 0)
(5.916 1.0933 0)
(5.22209 -0.960401 0)
(5.69469 0.991868 0)
(5.63805 -0.864393 0)
(5.31706 0.997291 0)
(5.94096 -0.928205 0)
(5.25823 1.0636 0)
(5.78926 -1.02888 0)
(5.47062 1.01134 0)
(5.58954 -0.920576 0)
(5.42841 0.956675 0)
(5.67217 -0.942907 0)
(5.40415 1.15402 0)
(5.55224 -1.1176 0)
(5.57003 1.15663 0)
(5.63194 -0.941892 0)
(5.34378 1.07795 0)
(5.92932 -0.942321 0)
(5.40437 1.2836 0)
(5.94569 -1.05654 0)
(5.46363 1.24776 0)
(6.29185 -0.814846 0)
(5.43385 1.30131 0)
(6.49382 -0.904529 0)
(5.68988 1.42971 0)
(6.8614 -0.636336 0)
(5.76973 1.41632 0)
(7.32375 -0.553129 0)
(6.14322 1.63109 0)
(7.67942 -0.187481 0)
(6.40497 1.73144 0)
(8.10571 0.0825369 0)
(6.64096 2.05757 0)
(8.04823 0.600861 0)
(6.55523 2.41727 0)
(7.55104 0.870285 0)
(5.85437 2.89267 0)
(6.92695 0.956249 0)
(4.76947 3.57923 0)
(8.78785 1.68534 0)
(5.89594 5.32106 0)
(11.5441 2.59762 0)
(8.28739 9.28795 0)
(11.9787 -0.666372 0)
(12.1336 -0.788931 0)
(12.2228 -0.758611 0)
(12.7381 -1.08371 0)
(12.279 -1.63051 0)
(11.9107 -1.88628 0)
(11.4668 -1.4893 0)
(10.9943 -1.09304 0)
(10.4673 -0.556361 0)
(10.0867 0.235925 0)
(9.85468 1.29876 0)
(10.1965 1.61521 0)
(11.5195 1.04641 0)
(12.1582 0.905696 0)
(13.0779 0.359058 0)
(14.0888 -0.965578 0)
(14.4095 -2.37136 0)
(14.438 -3.5677 0)
(14.2524 -4.29821 0)
(13.8225 -4.84756 0)
(13.1829 -5.26419 0)
(12.3756 -5.37527 0)
(12.0755 -5.70701 0)
(11.8823 -6.07961 0)
(10.5998 -5.68356 0)
(8.50965 -5.01305 0)
(6.94549 -5.00982 0)
(6.50176 -5.47702 0)
(6.23751 -5.75686 0)
(6.39588 -5.36608 0)
(6.56415 -4.29614 0)
(6.67555 -2.97588 0)
(6.72427 -1.51172 0)
(6.80372 0.297447 0)
(6.67369 1.6897 0)
(6.69563 2.48907 0)
(6.98911 3.49957 0)
(7.15657 4.73647 0)
(7.08206 5.39493 0)
(6.92499 5.25592 0)
(6.85176 4.59616 0)
(6.64402 3.91144 0)
(6.57582 3.09173 0)
(6.22091 2.49969 0)
(6.39709 1.68198 0)
(5.82301 1.4823 0)
(6.42854 0.770607 0)
(5.33523 1.1418 0)
(6.58746 0.199719 0)
(4.81882 1.18454 0)
(6.74695 -0.3891 0)
(4.62252 1.398 0)
(6.53533 -0.95486 0)
(5.06099 1.52878 0)
(5.77876 -1.24099 0)
(5.76108 1.39054 0)
(5.10832 -1.17127 0)
(5.98492 1.14177 0)
(5.15609 -0.965081 0)
(5.65351 0.991888 0)
(5.56074 -0.903943 0)
(5.35663 1.04474 0)
(5.63066 -1.06182 0)
(5.45481 1.17972 0)
(5.38848 -1.2007 0)
(5.60861 1.12488 0)
(5.41338 -1.00906 0)
(5.46579 1.01859 0)
(5.65497 -1.01422 0)
(5.38117 1.27702 0)
(5.62101 -1.27433 0)
(5.54625 1.27755 0)
(5.70208 -1.03654 0)
(5.33009 1.14663 0)
(5.99193 -1.0906 0)
(5.35859 1.4697 0)
(5.87485 -1.28309 0)
(5.45912 1.37145 0)
(6.13675 -0.980256 0)
(5.33343 1.48424 0)
(6.2536 -1.21111 0)
(5.56219 1.62061 0)
(6.56101 -0.892906 0)
(5.52073 1.61914 0)
(7.03225 -0.996151 0)
(5.8824 1.874 0)
(7.72021 -0.646392 0)
(6.13493 1.91826 0)
(8.7476 -0.546905 0)
(6.76912 2.2362 0)
(9.92308 0.058156 0)
(7.16141 2.57941 0)
(11.0439 0.622623 0)
(6.97909 3.18828 0)
(11.2943 1.47309 0)
(5.09207 3.97195 0)
(10.2846 1.68374 0)
(4.38334 5.9156 0)
(10.0842 1.33957 0)
(8.99351 8.57344 0)
(13.1956 -0.800221 0)
(13.0934 -0.927914 0)
(13.0536 -0.839872 0)
(13.4369 -1.03035 0)
(13.015 -1.44114 0)
(12.5396 -1.68206 0)
(11.9948 -1.28598 0)
(11.6353 -0.936868 0)
(11.1924 -0.417001 0)
(10.938 0.340671 0)
(11.1044 1.11946 0)
(11.5695 1.27325 0)
(12.5617 0.817829 0)
(13.0559 0.65458 0)
(14 0.00691078 0)
(14.7278 -1.18442 0)
(14.824 -2.42982 0)
(14.5603 -3.4985 0)
(14.0097 -4.13292 0)
(13.407 -4.65128 0)
(12.8435 -5.03891 0)
(12.314 -5.21745 0)
(12.1175 -5.56265 0)
(11.37 -5.65825 0)
(9.40309 -4.93027 0)
(7.25209 -4.22787 0)
(5.85213 -4.58367 0)
(5.42741 -5.34777 0)
(5.07482 -5.75449 0)
(5.18882 -5.38636 0)
(5.30491 -4.30164 0)
(5.40759 -2.94729 0)
(5.34779 -1.44212 0)
(5.34399 0.301364 0)
(5.38479 1.60671 0)
(5.60104 2.40502 0)
(5.90175 3.42448 0)
(6.03736 4.67176 0)
(6.03157 5.35789 0)
(6.01707 5.23854 0)
(6.08195 4.61502 0)
(5.96057 3.97932 0)
(5.99539 3.1734 0)
(5.75304 2.53795 0)
(6.06516 1.70913 0)
(5.48258 1.46402 0)
(6.20889 0.807543 0)
(5.00288 1.11436 0)
(6.45467 0.239441 0)
(4.53803 1.16678 0)
(6.67258 -0.412152 0)
(4.44562 1.45865 0)
(6.4521 -1.09592 0)
(4.99905 1.71229 0)
(5.66794 -1.42757 0)
(5.77342 1.57064 0)
(5.03576 -1.2615 0)
(5.95804 1.19931 0)
(5.20208 -0.964692 0)
(5.52738 0.999618 0)
(5.69979 -0.939842 0)
(5.24152 1.13364 0)
(5.77379 -1.18138 0)
(5.39606 1.31945 0)
(5.61723 -1.30006 0)
(5.43975 1.21788 0)
(5.77672 -1.0683 0)
(5.28346 1.12647 0)
(5.85333 -1.17322 0)
(5.37788 1.46203 0)
(5.63747 -1.47641 0)
(5.44523 1.39935 0)
(5.79529 -1.14962 0)
(5.21053 1.27796 0)
(5.95577 -1.32819 0)
(5.38034 1.6625 0)
(5.8142 -1.47188 0)
(5.30063 1.48432 0)
(6.25469 -1.19343 0)
(5.22857 1.69206 0)
(6.29328 -1.4693 0)
(5.32642 1.79262 0)
(6.74556 -1.14702 0)
(5.23704 1.86041 0)
(7.10162 -1.28434 0)
(5.30447 2.12711 0)
(7.87063 -0.943873 0)
(5.2191 2.22197 0)
(8.90838 -0.964832 0)
(5.32135 2.52637 0)
(10.63 -0.491655 0)
(5.7123 2.81238 0)
(12.7103 -0.144827 0)
(6.62839 3.2501 0)
(14.7126 0.649262 0)
(7.42211 4.27732 0)
(14.581 1.05387 0)
(7.89478 6.0961 0)
(10.9329 1.33711 0)
(8.71319 7.80447 0)
(13.7721 -0.809208 0)
(13.3951 -0.955808 0)
(13.2625 -0.897641 0)
(13.4587 -1.00863 0)
(13.1925 -1.26149 0)
(12.7335 -1.43486 0)
(12.0947 -1.08719 0)
(11.8452 -0.801953 0)
(11.4095 -0.328498 0)
(11.364 0.330212 0)
(11.7451 0.878807 0)
(12.3287 0.92124 0)
(13.0654 0.558003 0)
(13.5902 0.396594 0)
(14.5178 -0.253406 0)
(14.8638 -1.28657 0)
(14.826 -2.37289 0)
(14.3281 -3.32303 0)
(13.6942 -3.92533 0)
(13.2564 -4.40599 0)
(12.7436 -4.79483 0)
(12.2689 -5.03305 0)
(11.7998 -5.2116 0)
(10.5005 -4.91222 0)
(7.91812 -4.04188 0)
(5.82064 -3.61681 0)
(4.74916 -4.28486 0)
(4.36572 -5.19657 0)
(3.94089 -5.69239 0)
(3.95549 -5.36911 0)
(3.96428 -4.28085 0)
(4.02961 -2.88007 0)
(3.94975 -1.39152 0)
(3.93276 0.275861 0)
(4.08732 1.53691 0)
(4.39917 2.38524 0)
(4.69152 3.4287 0)
(4.85067 4.62415 0)
(4.95693 5.276 0)
(5.07314 5.19584 0)
(5.24393 4.6291 0)
(5.23583 3.98559 0)
(5.43437 3.16261 0)
(5.26783 2.51026 0)
(5.72483 1.75399 0)
(5.15452 1.48556 0)
(6.03419 0.911794 0)
(4.81295 1.12782 0)
(6.32972 0.335985 0)
(4.44303 1.17048 0)
(6.50017 -0.372557 0)
(4.44345 1.50252 0)
(6.25879 -1.141 0)
(5.05542 1.81851 0)
(5.52687 -1.49491 0)
(5.83695 1.64939 0)
(4.96159 -1.2528 0)
(5.98065 1.17729 0)
(5.20819 -0.901986 0)
(5.47213 0.977153 0)
(5.73492 -0.959991 0)
(5.23092 1.2212 0)
(5.64885 -1.322 0)
(5.52643 1.443 0)
(5.30853 -1.41791 0)
(5.55532 1.27691 0)
(5.37523 -1.15489 0)
(5.38948 1.20187 0)
(5.33522 -1.30011 0)
(5.52117 1.54719 0)
(5.2107 -1.56652 0)
(5.45106 1.47544 0)
(5.4658 -1.21762 0)
(5.25612 1.35815 0)
(5.52375 -1.46454 0)
(5.37362 1.82402 0)
(5.5252 -1.61242 0)
(5.26168 1.57904 0)
(5.87953 -1.31172 0)
(5.18961 1.86474 0)
(5.78972 -1.7033 0)
(5.29509 1.91168 0)
(6.23807 -1.30218 0)
(5.10853 1.9918 0)
(6.3272 -1.54683 0)
(5.24938 2.21568 0)
(6.86247 -1.1535 0)
(5.03171 2.3115 0)
(7.13178 -1.24996 0)
(4.98106 2.66255 0)
(7.95317 -0.85516 0)
(4.84723 3.13807 0)
(8.61073 -0.798449 0)
(5.33041 3.74712 0)
(10.4438 -0.250055 0)
(7.13411 4.82013 0)
(12.4203 0.311413 0)
(9.20856 6.22116 0)
(13.4553 1.89947 0)
(9.67276 6.8551 0)
(13.6308 -0.723608 0)
(13.1643 -0.852004 0)
(13.1041 -0.86717 0)
(13.1284 -0.949533 0)
(13.0532 -1.10844 0)
(12.6332 -1.18247 0)
(12.0196 -0.885566 0)
(11.8245 -0.657226 0)
(11.4641 -0.271205 0)
(11.652 0.230749 0)
(12.046 0.639411 0)
(12.7045 0.624936 0)
(13.1669 0.356379 0)
(13.7496 0.149684 0)
(14.404 -0.463707 0)
(14.5282 -1.31599 0)
(14.4364 -2.34276 0)
(13.8944 -3.16958 0)
(13.4813 -3.65118 0)
(13.2794 -4.13698 0)
(12.7288 -4.55709 0)
(11.9256 -4.80558 0)
(10.9469 -4.82295 0)
(9.20617 -4.12321 0)
(6.61569 -3.08626 0)
(4.7019 -3.01023 0)
(3.7169 -4.00219 0)
(3.34473 -5.03818 0)
(2.84978 -5.59609 0)
(2.7062 -5.30929 0)
(2.59979 -4.25925 0)
(2.65717 -2.82942 0)
(2.58507 -1.35409 0)
(2.63809 0.160823 0)
(2.88874 1.35284 0)
(3.23519 2.26576 0)
(3.49737 3.36367 0)
(3.64147 4.54176 0)
(3.81435 5.17486 0)
(4.06311 5.09412 0)
(4.39555 4.54056 0)
(4.52662 3.91464 0)
(4.86497 3.13878 0)
(4.82186 2.47216 0)
(5.41166 1.74783 0)
(4.87519 1.40773 0)
(5.76891 0.919658 0)
(4.47212 1.03274 0)
(6.04192 0.359853 0)
(4.08764 1.08494 0)
(6.3023 -0.396727 0)
(4.18033 1.47722 0)
(6.16726 -1.24703 0)
(4.86101 1.89902 0)
(5.51895 -1.64209 0)
(5.69706 1.73684 0)
(4.9855 -1.29038 0)
(5.89269 1.13185 0)
(5.20266 -0.826933 0)
(5.42014 0.921652 0)
(5.68606 -0.978292 0)
(5.21723 1.3206 0)
(5.55991 -1.45242 0)
(5.57535 1.54622 0)
(5.26977 -1.45926 0)
(5.56436 1.29108 0)
(5.4687 -1.1709 0)
(5.33327 1.2844 0)
(5.56643 -1.42461 0)
(5.42618 1.68601 0)
(5.54964 -1.65384 0)
(5.34154 1.53542 0)
(5.75107 -1.32932 0)
(5.21874 1.50619 0)
(5.74365 -1.68466 0)
(5.32441 1.94797 0)
(5.80951 -1.73176 0)
(5.18341 1.66961 0)
(6.00459 -1.56404 0)
(5.22884 2.05687 0)
(5.97999 -1.9194 0)
(5.18689 1.98209 0)
(6.4337 -1.53298 0)
(5.07568 2.23279 0)
(6.42102 -1.88574 0)
(5.19495 2.29042 0)
(6.97753 -1.43251 0)
(5.09383 2.52575 0)
(7.00317 -1.63071 0)
(5.16216 2.68148 0)
(7.53531 -1.24279 0)
(5.4538 3.27501 0)
(7.27887 -1.28347 0)
(5.82122 3.86202 0)
(7.68789 -1.1544 0)
(6.86071 5.15507 0)
(9.31097 -0.444553 0)
(8.13254 6.14087 0)
(12.631 1.88316 0)
(10.6188 6.34156 0)
(13.0243 -0.616985 0)
(12.9305 -0.751156 0)
(13.0705 -0.799293 0)
(12.9656 -0.887025 0)
(12.8807 -1.02023 0)
(12.5069 -0.967149 0)
(12.1104 -0.738768 0)
(11.9503 -0.595491 0)
(11.8327 -0.328897 0)
(12.0956 0.0599264 0)
(12.4718 0.364492 0)
(12.9739 0.364847 0)
(13.0505 0.221413 0)
(13.4861 -0.0347325 0)
(13.8542 -0.529088 0)
(14.0443 -1.32595 0)
(14.0259 -2.28853 0)
(13.6646 -2.94513 0)
(13.3552 -3.47225 0)
(13.0467 -3.99692 0)
(12.4298 -4.29348 0)
(11.462 -4.35699 0)
(10.1091 -4.08279 0)
(7.81849 -3.17539 0)
(5.25591 -2.23718 0)
(3.63995 -2.46933 0)
(2.77523 -3.71095 0)
(2.36842 -4.82899 0)
(1.77245 -5.422 0)
(1.42717 -5.1914 0)
(1.22441 -4.20495 0)
(1.30337 -2.83305 0)
(1.26985 -1.34791 0)
(1.3956 0.080811 0)
(1.66173 1.23349 0)
(1.94657 2.22462 0)
(2.14865 3.36454 0)
(2.34501 4.46677 0)
(2.68463 5.00226 0)
(3.10392 4.91162 0)
(3.57177 4.42001 0)
(3.82896 3.81523 0)
(4.34699 3.03858 0)
(4.42262 2.32482 0)
(5.09039 1.705 0)
(4.50187 1.35069 0)
(5.46347 1.02411 0)
(4.21322 1.02068 0)
(5.87124 0.466412 0)
(4.15356 1.04762 0)
(6.18299 -0.34062 0)
(4.44 1.4264 0)
(6.02671 -1.22215 0)
(5.03213 1.88757 0)
(5.4775 -1.63308 0)
(5.71424 1.72634 0)
(5.01304 -1.21634 0)
(5.91263 1.03026 0)
(5.14273 -0.686521 0)
(5.50198 0.802887 0)
(5.60643 -0.920085 0)
(5.24687 1.35927 0)
(5.56782 -1.51119 0)
(5.58385 1.65854 0)
(5.23941 -1.4408 0)
(5.61202 1.31496 0)
(5.34238 -1.12675 0)
(5.37872 1.33332 0)
(5.3711 -1.46933 0)
(5.49179 1.74349 0)
(5.18433 -1.70984 0)
(5.42734 1.57702 0)
(5.30141 -1.39251 0)
(5.28875 1.5647 0)
(5.30186 -1.76149 0)
(5.36944 2.02839 0)
(5.35776 -1.82875 0)
(5.20189 1.76256 0)
(5.54449 -1.68193 0)
(5.22885 2.1802 0)
(5.59493 -2.05647 0)
(5.15896 2.09774 0)
(5.92124 -1.70975 0)
(5.10135 2.36835 0)
(5.96393 -2.11047 0)
(5.14739 2.44216 0)
(6.41351 -1.70584 0)
(5.0868 2.75626 0)
(6.38173 -1.98204 0)
(5.21436 2.92761 0)
(6.99032 -1.65386 0)
(5.51217 3.54571 0)
(7.04911 -1.78784 0)
(5.92932 4.01873 0)
(7.62578 -1.57541 0)
(6.95477 5.06377 0)
(8.50893 -0.70291 0)
(7.70634 5.66536 0)
(10.1704 1.22571 0)
(10.7364 5.70623 0)
(12.9013 -0.576573 0)
(13.2418 -0.793868 0)
(13.2366 -0.744241 0)
(12.9148 -0.732978 0)
(12.7522 -0.859352 0)
(12.5833 -0.828889 0)
(12.4621 -0.682506 0)
(12.3188 -0.584739 0)
(12.3203 -0.413556 0)
(12.4736 -0.113022 0)
(12.413 0.201964 0)
(12.4371 0.361665 0)
(12.6434 0.205755 0)
(13.2042 -0.139962 0)
(13.5336 -0.604453 0)
(13.7731 -1.3762 0)
(13.7473 -2.19721 0)
(13.4644 -2.79423 0)
(13.1278 -3.34693 0)
(12.6089 -3.78209 0)
(11.8241 -3.93311 0)
(10.6437 -3.85774 0)
(8.93306 -3.2977 0)
(6.38259 -2.14763 0)
(3.89099 -1.42082 0)
(2.55317 -2.0709 0)
(1.84559 -3.49283 0)
(1.3007 -4.60381 0)
(0.628646 -5.19879 0)
(0.144543 -5.03562 0)
(-0.101804 -4.13585 0)
(-0.0559343 -2.84392 0)
(-0.0346673 -1.40475 0)
(0.154557 -0.0244383 0)
(0.396232 1.11065 0)
(0.625037 2.15348 0)
(0.836041 3.29658 0)
(1.11893 4.31031 0)
(1.58907 4.77859 0)
(2.15563 4.69324 0)
(2.7704 4.22869 0)
(3.19478 3.60729 0)
(3.89128 2.87513 0)
(4.02948 2.18677 0)
(4.72509 1.70952 0)
(4.2063 1.29624 0)
(5.17605 1.06199 0)
(4.15615 0.894181 0)
(5.62006 0.459176 0)
(4.2072 0.88804 0)
(5.87751 -0.348298 0)
(4.40951 1.33346 0)
(5.8126 -1.26591 0)
(4.86267 1.89244 0)
(5.49027 -1.70643 0)
(5.46282 1.76013 0)
(5.12082 -1.22153 0)
(5.76601 0.964434 0)
(5.12058 -0.578491 0)
(5.52068 0.66138 0)
(5.5056 -0.826659 0)
(5.25965 1.31852 0)
(5.48274 -1.52965 0)
(5.59548 1.70636 0)
(5.06545 -1.42066 0)
(5.72208 1.27919 0)
(5.11872 -1.09152 0)
(5.45937 1.34851 0)
(5.25486 -1.53729 0)
(5.50308 1.82399 0)
(5.23604 -1.67096 0)
(5.40889 1.56955 0)
(5.43925 -1.33669 0)
(5.2834 1.64008 0)
(5.45369 -1.83695 0)
(5.33519 2.07837 0)
(5.5993 -1.81147 0)
(5.15968 1.80754 0)
(5.69832 -1.81917 0)
(5.23473 2.27911 0)
(5.7755 -2.17802 0)
(5.13801 2.14929 0)
(5.97025 -1.90773 0)
(5.12686 2.55771 0)
(6.07228 -2.33428 0)
(5.12866 2.54939 0)
(6.32639 -1.98505 0)
(5.26275 3.02423 0)
(6.37091 -2.28654 0)
(5.43846 3.01433 0)
(6.62455 -2.09921 0)
(5.79371 3.86235 0)
(6.7137 -2.01474 0)
(6.19408 4.11374 0)
(6.98366 -1.7901 0)
(7.04552 4.89103 0)
(7.60967 -0.639937 0)
(7.80915 5.17784 0)
(8.29137 0.894559 0)
(10.0636 4.93952 0)
(13.2697 -0.653692 0)
(13.2939 -0.753067 0)
(12.9632 -0.522996 0)
(12.8435 -0.589629 0)
(12.8744 -0.828475 0)
(12.7958 -0.82624 0)
(12.6797 -0.697442 0)
(12.4468 -0.589462 0)
(12.2844 -0.400926 0)
(12.0184 -0.0210589 0)
(11.8547 0.344347 0)
(12.3906 0.274435 0)
(12.9697 -0.0780259 0)
(13.1692 -0.338375 0)
(13.1863 -0.67396 0)
(13.4214 -1.31231 0)
(13.3589 -2.08353 0)
(13.0255 -2.68496 0)
(12.6681 -3.12944 0)
(11.9644 -3.47336 0)
(10.8675 -3.53227 0)
(9.44864 -3.19831 0)
(7.4384 -2.34008 0)
(4.82981 -1.14536 0)
(2.72841 -0.75365 0)
(1.73875 -1.7249 0)
(0.98651 -3.19349 0)
(0.301225 -4.32878 0)
(-0.424693 -4.94685 0)
(-1.04206 -4.84989 0)
(-1.36277 -4.05152 0)
(-1.41659 -2.79291 0)
(-1.40573 -1.42269 0)
(-1.20489 -0.116887 0)
(-0.991894 1.0204 0)
(-0.785994 2.10077 0)
(-0.544615 3.2275 0)
(-0.137586 4.14595 0)
(0.554677 4.50645 0)
(1.31011 4.3921 0)
(2.05903 3.96951 0)
(2.6428 3.35908 0)
(3.46425 2.6966 0)
(3.67311 2.01939 0)
(4.34763 1.64992 0)
(3.98625 1.17119 0)
(4.84121 1.05637 0)
(4.1379 0.765597 0)
(5.31392 0.502901 0)
(4.33531 0.776813 0)
(5.64387 -0.269502 0)
(4.57916 1.22309 0)
(5.69709 -1.17279 0)
(4.92117 1.76991 0)
(5.52083 -1.6159 0)
(5.37513 1.6777 0)
(5.20984 -1.13951 0)
(5.7331 0.874281 0)
(5.02315 -0.443912 0)
(5.6979 0.495512 0)
(5.24049 -0.662387 0)
(5.431 1.17941 0)
(5.36056 -1.46583 0)
(5.57194 1.6975 0)
(5.08632 -1.3946 0)
(5.77717 1.26097 0)
(5.0725 -1.00752 0)
(5.53334 1.29827 0)
(5.29311 -1.4506 0)
(5.44006 1.80523 0)
(5.24089 -1.60352 0)
(5.45079 1.56502 0)
(5.21681 -1.32931 0)
(5.36665 1.63762 0)
(5.2266 -1.77011 0)
(5.36002 2.06183 0)
(5.2776 -1.74266 0)
(5.24291 1.85671 0)
(5.32157 -1.78713 0)
(5.2645 2.31072 0)
(5.4773 -2.10678 0)
(5.16314 2.22627 0)
(5.58938 -1.95753 0)
(5.18853 2.59519 0)
(5.79049 -2.39825 0)
(5.20526 2.65118 0)
(5.97827 -2.21646 0)
(5.28552 3.1366 0)
(6.18477 -2.5191 0)
(5.48923 3.25859 0)
(6.40453 -2.34038 0)
(5.96496 3.92451 0)
(6.77436 -2.18325 0)
(6.45797 4.05485 0)
(7.09535 -1.82162 0)
(7.16964 4.61281 0)
(7.64333 -0.591658 0)
(8.09709 4.58013 0)
(8.40667 0.982292 0)
(9.56061 3.97243 0)
(13.1739 -0.582817 0)
(12.9653 -0.545575 0)
(12.9116 -0.432272 0)
(12.9941 -0.62403 0)
(12.9961 -0.799371 0)
(12.8142 -0.723881 0)
(12.4822 -0.614406 0)
(12.1524 -0.4583 0)
(12.0722 -0.227089 0)
(11.9782 -0.010197 0)
(12.3094 0.0143972 0)
(12.778 -0.0702903 0)
(12.7365 -0.0703623 0)
(12.6551 -0.207187 0)
(12.8424 -0.646579 0)
(13.1376 -1.32849 0)
(12.893 -2.04757 0)
(12.3985 -2.55206 0)
(11.8267 -2.88664 0)
(10.8628 -3.05324 0)
(9.4397 -2.95226 0)
(7.82524 -2.43881 0)
(5.82255 -1.38545 0)
(3.44733 -0.257403 0)
(1.88815 -0.221666 0)
(1.06991 -1.39372 0)
(0.257993 -2.89874 0)
(-0.470453 -4.04798 0)
(-1.26627 -4.65298 0)
(-2.05767 -4.60874 0)
(-2.53808 -3.91473 0)
(-2.70643 -2.73699 0)
(-2.77578 -1.4391 0)
(-2.61478 -0.18575 0)
(-2.42812 0.96702 0)
(-2.19216 2.0339 0)
(-1.81042 3.07479 0)
(-1.17686 3.85268 0)
(-0.307529 4.13437 0)
(0.518086 4.04671 0)
(1.40924 3.65772 0)
(2.18816 3.03118 0)
(3.07131 2.45053 0)
(3.33558 1.82523 0)
(3.93752 1.58151 0)
(3.82805 1.0601 0)
(4.50732 1.03998 0)
(4.29881 0.633329 0)
(5.01522 0.495371 0)
(4.71888 0.625564 0)
(5.32567 -0.236971 0)
(4.9277 1.07288 0)
(5.46525 -1.09245 0)
(4.96231 1.65462 0)
(5.53753 -1.55079 0)
(5.14323 1.62788 0)
(5.36941 -1.11393 0)
(5.55301 0.837328 0)
(5.02022 -0.381167 0)
(5.78796 0.384131 0)
(5.03022 -0.534506 0)
(5.59237 1.04402 0)
(5.27849 -1.37066 0)
(5.49892 1.64283 0)
(5.07311 -1.31414 0)
(5.81639 1.15515 0)
(4.80326 -0.866802 0)
(5.71342 1.15989 0)
(4.97953 -1.37987 0)
(5.50635 1.76313 0)
(5.03324 -1.54751 0)
(5.53241 1.49351 0)
(4.97845 -1.20742 0)
(5.46107 1.54981 0)
(5.12764 -1.69612 0)
(5.34868 2.02937 0)
(5.24354 -1.66123 0)
(5.31926 1.7844 0)
(5.35132 -1.73836 0)
(5.21377 2.27758 0)
(5.51758 -2.04557 0)
(5.21135 2.21172 0)
(5.57156 -1.90179 0)
(5.24355 2.62879 0)
(5.77844 -2.33591 0)
(5.19717 2.71926 0)
(5.847 -2.17546 0)
(5.40515 3.25145 0)
(6.12251 -2.49356 0)
(5.63859 3.19457 0)
(6.25538 -2.38715 0)
(6.02824 3.98649 0)
(6.57296 -2.04335 0)
(6.55193 3.98949 0)
(7.04536 -1.67003 0)
(7.18309 4.187 0)
(7.81364 -0.410936 0)
(8.14295 3.95202 0)
(8.91553 1.12593 0)
(9.50008 3.1712 0)
(12.9869 -0.512376 0)
(12.9656 -0.533575 0)
(12.9629 -0.441521 0)
(12.8493 -0.564289 0)
(12.7444 -0.704147 0)
(12.4779 -0.56452 0)
(12.1369 -0.474332 0)
(12.0839 -0.474084 0)
(12.2052 -0.359341 0)
(12.1088 -0.182789 0)
(12.165 -0.0235414 0)
(12.1629 0.097294 0)
(12.2548 -0.025155 0)
(12.4283 -0.367531 0)
(12.5206 -0.738063 0)
(12.4701 -1.25038 0)
(12.0018 -1.82839 0)
(11.4314 -2.29142 0)
(10.5381 -2.56028 0)
(9.23611 -2.55891 0)
(7.74438 -2.28728 0)
(6.15413 -1.63888 0)
(4.29449 -0.49412 0)
(2.36192 0.449321 0)
(1.26213 0.193532 0)
(0.553659 -1.09069 0)
(-0.240879 -2.58853 0)
(-1.09692 -3.72741 0)
(-1.98766 -4.32401 0)
(-2.90652 -4.30217 0)
(-3.58012 -3.68643 0)
(-3.86823 -2.63064 0)
(-3.99829 -1.44913 0)
(-3.88504 -0.261361 0)
(-3.69314 0.861195 0)
(-3.38004 1.88377 0)
(-2.85046 2.82894 0)
(-2.08209 3.50468 0)
(-1.14699 3.76165 0)
(-0.167383 3.64527 0)
(0.954798 3.24576 0)
(1.84331 2.66169 0)
(2.65608 2.22117 0)
(3.00094 1.66305 0)
(3.55974 1.48171 0)
(3.81261 0.91782 0)
(4.24764 0.938434 0)
(4.57993 0.478301 0)
(4.67763 0.460724 0)
(5.13039 0.464068 0)
(4.90068 -0.143369 0)
(5.28751 0.882869 0)
(5.17107 -0.904989 0)
(5.08326 1.44244 0)
(5.48751 -1.37552 0)
(5.01697 1.48724 0)
(5.44865 -1.04097 0)
(5.42212 0.791535 0)
(4.94675 -0.332597 0)
(5.94504 0.273822 0)
(4.66016 -0.354954 0)
(5.91779 0.805294 0)
(4.97738 -1.15379 0)
(5.54003 1.52884 0)
(4.96251 -1.27356 0)
(5.88398 1.12611 0)
(4.54615 -0.813388 0)
(5.9236 0.990902 0)
(4.87336 -1.18126 0)
(5.44618 1.58369 0)
(5.17061 -1.40696 0)
(5.54683 1.41882 0)
(4.9613 -1.1148 0)
(5.52027 1.39427 0)
(5.14084 -1.49706 0)
(5.31412 1.86808 0)
(5.18784 -1.55909 0)
(5.39385 1.686 0)
(5.16854 -1.58582 0)
(5.23872 2.13665 0)
(5.34593 -1.93407 0)
(5.31773 2.15874 0)
(5.32399 -1.85131 0)
(5.24065 2.53774 0)
(5.5904 -2.25083 0)
(5.35981 2.71285 0)
(5.68253 -2.21013 0)
(5.46834 3.12139 0)
(6.01853 -2.42852 0)
(5.68489 3.26784 0)
(6.22692 -2.34855 0)
(6.12057 3.84294 0)
(6.72213 -2.00748 0)
(6.59599 3.56617 0)
(7.28225 -1.51887 0)
(7.15882 3.63966 0)
(8.03391 -0.239164 0)
(8.16355 3.27875 0)
(9.10717 1.11324 0)
(9.62012 2.56666 0)
(12.6272 -0.494258 0)
(12.5163 -0.435141 0)
(12.3747 -0.308559 0)
(12.262 -0.488202 0)
(12.1529 -0.604125 0)
(11.9524 -0.472026 0)
(11.7566 -0.507874 0)
(11.6394 -0.497758 0)
(11.5684 -0.243483 0)
(11.3835 -0.0695443 0)
(11.4186 -0.0275802 0)
(11.528 -0.0548483 0)
(11.6165 -0.14061 0)
(11.5545 -0.317178 0)
(11.5286 -0.654345 0)
(11.3664 -1.13522 0)
(10.7316 -1.63623 0)
(9.9124 -1.98425 0)
(8.78175 -2.07279 0)
(7.40459 -1.94712 0)
(5.97705 -1.63426 0)
(4.57275 -0.909655 0)
(2.9737 0.218243 0)
(1.54245 0.943501 0)
(0.867092 0.497601 0)
(0.331465 -0.803464 0)
(-0.503302 -2.23983 0)
(-1.51067 -3.37132 0)
(-2.5133 -3.965 0)
(-3.53495 -3.95218 0)
(-4.39068 -3.40564 0)
(-4.8567 -2.46539 0)
(-5.06673 -1.40233 0)
(-5.01304 -0.298023 0)
(-4.79736 0.766698 0)
(-4.39908 1.71 0)
(-3.74555 2.54578 0)
(-2.85791 3.10708 0)
(-1.76353 3.28923 0)
(-0.580111 3.1295 0)
(0.594063 2.79819 0)
(1.43907 2.32861 0)
(2.20973 1.98873 0)
(2.76526 1.45853 0)
(3.32198 1.28322 0)
(3.90257 0.747673 0)
(4.03396 0.784049 0)
(4.81645 0.361547 0)
(4.28913 0.40953 0)
(5.47463 0.339061 0)
(4.40629 -0.0627819 0)
(5.67989 0.677535 0)
(4.81256 -0.700021 0)
(5.2689 1.2003 0)
(5.41039 -1.17254 0)
(4.89633 1.33421 0)
(5.55493 -0.97697 0)
(5.22286 0.778104 0)
(5.01756 -0.348107 0)
(5.93088 0.253579 0)
(4.4117 -0.250961 0)
(6.22184 0.607816 0)
(4.61679 -0.935651 0)
(5.67324 1.3756 0)
(4.98602 -1.17792 0)
(5.75655 1.10582 0)
(4.53823 -0.670252 0)
(6.08721 0.774458 0)
(4.6773 -0.921765 0)
(5.52737 1.40382 0)
(4.99948 -1.31115 0)
(5.62113 1.30777 0)
(4.60733 -0.957226 0)
(5.72958 1.16436 0)
(4.79489 -1.31667 0)
(5.39101 1.68869 0)
(4.9527 -1.40239 0)
(5.49528 1.47633 0)
(4.89728 -1.35573 0)
(5.35723 1.88113 0)
(5.22423 -1.74978 0)
(5.31523 1.9773 0)
(5.13069 -1.58539 0)
(5.37137 2.28126 0)
(5.501 -2.06984 0)
(5.39314 2.52599 0)
(5.50788 -1.95504 0)
(5.47069 2.97737 0)
(5.92358 -2.27071 0)
(5.78865 2.98754 0)
(6.17802 -2.12899 0)
(6.08677 3.46811 0)
(6.65989 -1.74941 0)
(6.55376 3.11001 0)
(7.29111 -1.22699 0)
(7.07 3.04628 0)
(8.06521 -0.0833096 0)
(8.22015 2.64018 0)
(9.14018 1.03567 0)
(9.71911 2.08772 0)
(11.595 -0.376972 0)
(11.4686 -0.328723 0)
(11.4013 -0.277488 0)
(11.2935 -0.429552 0)
(11.1116 -0.525605 0)
(10.9081 -0.402315 0)
(10.6698 -0.393199 0)
(10.4882 -0.391691 0)
(10.4417 -0.234251 0)
(10.2437 -0.125354 0)
(10.2597 -0.0674131 0)
(10.3066 -0.000624582 0)
(10.2972 -0.0730757 0)
(10.2009 -0.323512 0)
(10.0632 -0.630494 0)
(9.75312 -0.966592 0)
(9.08904 -1.33063 0)
(8.16441 -1.54986 0)
(6.86671 -1.53856 0)
(5.51312 -1.37289 0)
(4.21804 -1.02279 0)
(2.99649 -0.290131 0)
(1.87202 0.740832 0)
(1.05614 1.2453 0)
(0.794692 0.68523 0)
(0.418775 -0.511395 0)
(-0.453095 -1.83935 0)
(-1.61096 -2.93813 0)
(-2.80789 -3.53803 0)
(-3.93155 -3.55576 0)
(-4.8902 -3.08616 0)
(-5.52535 -2.27727 0)
(-5.85185 -1.34032 0)
(-5.87075 -0.341586 0)
(-5.63511 0.630192 0)
(-5.15304 1.46083 0)
(-4.37781 2.17159 0)
(-3.3612 2.62147 0)
(-2.15218 2.75936 0)
(-0.938723 2.63412 0)
(0.180964 2.39057 0)
(1.08405 1.99332 0)
(1.93402 1.68273 0)
(2.7104 1.20208 0)
(3.1919 1.03091 0)
(3.96788 0.599227 0)
(3.79546 0.619123 0)
(4.93064 0.284755 0)
(3.88655 0.337518 0)
(5.73449 0.225819 0)
(3.86495 0.0115613 0)
(6.14483 0.424667 0)
(4.27774 -0.445268 0)
(5.71011 0.858884 0)
(5.13648 -0.871862 0)
(4.90974 1.11211 0)
(5.48085 -0.846652 0)
(5.11195 0.717681 0)
(4.88811 -0.388404 0)
(5.9853 0.240449 0)
(4.10162 -0.208279 0)
(6.49502 0.401499 0)
(4.11098 -0.652463 0)
(6.01124 1.06012 0)
(4.73524 -0.990845 0)
(5.65187 1.07817 0)
(4.41132 -0.667739 0)
(6.25035 0.644537 0)
(4.10371 -0.694786 0)
(5.86169 1.0922 0)
(4.7352 -1.11631 0)
(5.52291 1.23874 0)
(4.4981 -0.863945 0)
(5.9283 0.933713 0)
(4.64397 -1.03191 0)
(5.32708 1.43823 0)
(5.03274 -1.23232 0)
(5.59434 1.31029 0)
(4.80011 -1.17097 0)
(5.36169 1.58824 0)
(5.18748 -1.51756 0)
(5.41951 1.77275 0)
(4.99769 -1.46321 0)
(5.44683 1.91582 0)
(5.36416 -1.82466 0)
(5.45392 2.27568 0)
(5.39471 -1.78589 0)
(5.59543 2.5078 0)
(5.88358 -2.04694 0)
(5.86092 2.60584 0)
(6.16998 -1.87979 0)
(5.9328 2.99072 0)
(6.75754 -1.55127 0)
(6.5529 2.49611 0)
(7.36793 -0.993196 0)
(7.04036 2.44689 0)
(8.03266 0.0283605 0)
(8.32001 2.06621 0)
(9.12061 0.947364 0)
(9.74333 1.66157 0)
(10.1599 -0.289864 0)
(10.0543 -0.272136 0)
(9.96103 -0.240455 0)
(9.80089 -0.350945 0)
(9.56486 -0.403144 0)
(9.38539 -0.324119 0)
(9.15161 -0.345873 0)
(8.93446 -0.339042 0)
(8.84319 -0.166268 0)
(8.65613 -0.0576147 0)
(8.65327 -0.0491398 0)
(8.67482 -0.0305224 0)
(8.65824 -0.0861644 0)
(8.52695 -0.255468 0)
(8.33056 -0.499176 0)
(7.90025 -0.777618 0)
(7.13906 -0.991687 0)
(6.14303 -1.05721 0)
(4.85151 -0.989185 0)
(3.61583 -0.815491 0)
(2.55845 -0.491161 0)
(1.73324 0.148893 0)
(1.13301 1.01438 0)
(0.935895 1.32213 0)
(1.07757 0.768892 0)
(0.867098 -0.249733 0)
(0.0294985 -1.40505 0)
(-1.30371 -2.43062 0)
(-2.78715 -3.03808 0)
(-4.10208 -3.09824 0)
(-5.15656 -2.70247 0)
(-5.90298 -2.0268 0)
(-6.31779 -1.23705 0)
(-6.4019 -0.373616 0)
(-6.15281 0.46208 0)
(-5.60989 1.16092 0)
(-4.75928 1.75338 0)
(-3.6876 2.118 0)
(-2.47034 2.2391 0)
(-1.26131 2.14203 0)
(-0.1101 1.93217 0)
(0.916102 1.58986 0)
(1.80017 1.31041 0)
(2.64779 0.939373 0)
(3.05609 0.772403 0)
(3.88063 0.480038 0)
(3.63937 0.436038 0)
(4.87156 0.236944 0)
(3.71872 0.214624 0)
(5.79993 0.15651 0)
(3.53026 0.0153938 0)
(6.52645 0.21153 0)
(3.56748 -0.219067 0)
(6.54337 0.449583 0)
(4.38484 -0.524381 0)
(5.52574 0.828779 0)
(5.28063 -0.676871 0)
(4.90991 0.751321 0)
(4.97698 -0.393523 0)
(5.69977 0.291863 0)
(3.89124 -0.171886 0)
(6.62457 0.266854 0)
(3.43101 -0.419599 0)
(6.48804 0.722218 0)
(4.21814 -0.739533 0)
(5.69512 0.977051 0)
(4.36676 -0.62458 0)
(6.20323 0.598392 0)
(3.7423 -0.488959 0)
(6.26599 0.749855 0)
(4.52651 -0.850963 0)
(5.45205 1.13864 0)
(4.61457 -0.761873 0)
(6.0411 0.71375 0)
(4.36174 -0.70788 0)
(5.60451 1.13385 0)
(4.89878 -1.08455 0)
(5.6687 1.12829 0)
(4.43638 -0.862615 0)
(5.68996 1.21865 0)
(4.93731 -1.28196 0)
(5.48898 1.52056 0)
(4.70929 -1.12621 0)
(5.61199 1.54181 0)
(5.16577 -1.51201 0)
(5.5236 1.8985 0)
(5.20421 -1.43594 0)
(5.57101 2.08232 0)
(5.73584 -1.72556 0)
(5.83832 2.14412 0)
(6.00228 -1.5085 0)
(5.85286 2.42408 0)
(6.65061 -1.28307 0)
(6.44225 1.9793 0)
(7.28863 -0.695381 0)
(7.07743 1.89268 0)
(7.97475 0.0901557 0)
(8.39055 1.57331 0)
(9.13101 0.843915 0)
(9.80202 1.27208 0)
(8.3662 -0.201605 0)
(8.25244 -0.217638 0)
(8.11191 -0.200578 0)
(7.91802 -0.263251 0)
(7.70783 -0.312441 0)
(7.51602 -0.257723 0)
(7.26819 -0.240945 0)
(7.05992 -0.236745 0)
(6.94682 -0.12465 0)
(6.80864 -0.0501566 0)
(6.78726 -0.0420027 0)
(6.77552 -0.01881 0)
(6.72185 -0.0513912 0)
(6.58489 -0.18498 0)
(6.33663 -0.362375 0)
(5.83324 -0.502776 0)
(5.03996 -0.599982 0)
(4.04867 -0.591723 0)
(2.97113 -0.499384 0)
(2.06904 -0.387098 0)
(1.35204 -0.158937 0)
(0.94474 0.372155 0)
(0.841709 1.07045 0)
(1.21543 1.24061 0)
(1.70853 0.759009 0)
(1.75238 -0.0208386 0)
(0.99556 -0.920568 0)
(-0.492384 -1.80634 0)
(-2.27723 -2.42204 0)
(-3.91395 -2.57509 0)
(-5.17161 -2.27791 0)
(-6.03926 -1.73555 0)
(-6.54393 -1.08848 0)
(-6.69125 -0.378105 0)
(-6.44548 0.301397 0)
(-5.87688 0.856631 0)
(-5.00323 1.33152 0)
(-3.91549 1.61525 0)
(-2.68465 1.70761 0)
(-1.43359 1.62602 0)
(-0.23478 1.44788 0)
(0.835959 1.18458 0)
(1.7305 0.953408 0)
(2.53797 0.690131 0)
(3.01871 0.524724 0)
(3.68991 0.348647 0)
(3.68745 0.247082 0)
(4.54508 0.178142 0)
(3.83762 0.0728141 0)
(5.32962 0.124134 0)
(3.56844 -0.0519061 0)
(6.1051 0.129369 0)
(3.1165 -0.129882 0)
(6.7162 0.170655 0)
(2.99091 -0.18191 0)
(6.68705 0.326071 0)
(3.74007 -0.315129 0)
(5.85089 0.518269 0)
(4.38043 -0.366729 0)
(5.69153 0.441368 0)
(3.81252 -0.25514 0)
(6.43468 0.293228 0)
(3.03734 -0.231898 0)
(6.81217 0.367327 0)
(3.30296 -0.376008 0)
(6.24222 0.665861 0)
(4.06545 -0.525341 0)
(5.92047 0.633156 0)
(3.758 -0.350975 0)
(6.35805 0.441843 0)
(3.73215 -0.473538 0)
(5.84319 0.820391 0)
(4.36082 -0.660306 0)
(5.7106 0.669447 0)
(3.88557 -0.45874 0)
(6.05544 0.703754 0)
(4.1798 -0.810116 0)
(5.50175 1.02797 0)
(4.24233 -0.670706 0)
(5.95686 0.806856 0)
(4.3003 -0.945882 0)
(5.43264 1.30832 0)
(4.63038 -0.912569 0)
(5.87515 1.06177 0)
(4.76268 -1.17674 0)
(5.46421 1.57325 0)
(5.06327 -1.13327 0)
(5.83554 1.48168 0)
(5.58925 -1.39439 0)
(5.73022 1.66756 0)
(5.81211 -1.13259 0)
(5.86344 1.83748 0)
(6.55583 -1.0236 0)
(6.51104 1.37362 0)
(7.19193 -0.496329 0)
(7.05283 1.42441 0)
(7.88236 0.124203 0)
(8.34878 1.11578 0)
(9.12765 0.648481 0)
(9.8935 0.915373 0)
(6.29941 -0.127662 0)
(6.15452 -0.159309 0)
(5.97991 -0.143903 0)
(5.79536 -0.181605 0)
(5.59748 -0.209996 0)
(5.38719 -0.167342 0)
(5.15634 -0.158488 0)
(4.96885 -0.158819 0)
(4.83127 -0.0755298 0)
(4.71544 -0.0200501 0)
(4.68541 -0.020707 0)
(4.65818 -0.00192787 0)
(4.59863 -0.0140606 0)
(4.46871 -0.0921174 0)
(4.19124 -0.190079 0)
(3.66836 -0.244829 0)
(2.98863 -0.231448 0)
(2.26621 -0.186715 0)
(1.59622 -0.159918 0)
(1.07158 -0.120667 0)
(0.702057 0.0272374 0)
(0.634177 0.40976 0)
(0.963849 0.903979 0)
(1.79396 0.974387 0)
(2.64997 0.626248 0)
(2.98607 0.108509 0)
(2.39246 -0.467026 0)
(0.871898 -1.10836 0)
(-1.16818 -1.67705 0)
(-3.18138 -1.92804 0)
(-4.77801 -1.77876 0)
(-5.86052 -1.40594 0)
(-6.48173 -0.923094 0)
(-6.68296 -0.388516 0)
(-6.44155 0.118558 0)
(-5.87156 0.529909 0)
(-4.9992 0.885132 0)
(-3.89462 1.08916 0)
(-2.66263 1.15127 0)
(-1.4109 1.08803 0)
(-0.233253 0.947173 0)
(0.785191 0.762323 0)
(1.63059 0.591393 0)
(2.31044 0.41618 0)
(2.783 0.293722 0)
(3.21731 0.196282 0)
(3.34543 0.113479 0)
(3.77008 0.104837 0)
(3.48344 0.00302079 0)
(4.22227 0.0923013 0)
(3.3039 -0.0821956 0)
(4.70729 0.116499 0)
(2.91749 -0.138802 0)
(5.2443 0.15485 0)
(2.48191 -0.135066 0)
(5.79115 0.168275 0)
(2.25586 -0.0823632 0)
(6.08923 0.170319 0)
(2.44006 -0.122068 0)
(6.05465 0.234192 0)
(2.62797 -0.192411 0)
(6.17358 0.279104 0)
(2.46526 -0.213681 0)
(6.54055 0.273288 0)
(2.27868 -0.175498 0)
(6.74495 0.297402 0)
(2.70045 -0.241402 0)
(6.44812 0.411228 0)
(3.10944 -0.30417 0)
(6.52008 0.393196 0)
(2.97159 -0.262875 0)
(6.57889 0.427454 0)
(3.51641 -0.354644 0)
(6.19808 0.52398 0)
(3.56787 -0.368167 0)
(6.49206 0.497883 0)
(3.64973 -0.410086 0)
(6.08932 0.667535 0)
(4.12434 -0.486841 0)
(6.21143 0.631227 0)
(3.99478 -0.510402 0)
(5.90691 0.839948 0)
(4.57281 -0.630704 0)
(5.96359 0.798566 0)
(4.43383 -0.684766 0)
(5.65027 1.08089 0)
(4.96482 -0.793762 0)
(5.83662 1.0057 0)
(5.13886 -0.899304 0)
(5.45738 1.23675 0)
(5.48765 -0.784858 0)
(5.89793 1.22911 0)
(6.23415 -0.752434 0)
(6.31478 0.959505 0)
(6.55826 -0.265658 0)
(7.08516 0.972611 0)
(7.69165 0.0977768 0)
(8.3671 0.689677 0)
(8.93522 0.386077 0)
(9.95164 0.537475 0)
(4.0134 -0.0724989 0)
(3.83939 -0.102212 0)
(3.66454 -0.0871471 0)
(3.49149 -0.102425 0)
(3.29295 -0.113945 0)
(3.08787 -0.0884054 0)
(2.88501 -0.0814278 0)
(2.70882 -0.0788574 0)
(2.57887 -0.032658 0)
(2.50373 -0.00385857 0)
(2.48177 -0.00366634 0)
(2.46263 0.0139953 0)
(2.42729 0.0184598 0)
(2.33302 -0.00423612 0)
(2.11038 -0.00711877 0)
(1.75851 0.00949593 0)
(1.43056 0.00899206 0)
(1.18741 0.00249419 0)
(0.993448 -0.00955642 0)
(0.821715 -0.00392303 0)
(0.760129 0.0686262 0)
(0.934964 0.278004 0)
(1.54382 0.541937 0)
(2.60264 0.539649 0)
(3.6302 0.341292 0)
(4.21672 0.161058 0)
(3.95483 -0.000772769 0)
(2.68504 -0.356553 0)
(0.680534 -0.854423 0)
(-1.58939 -1.16549 0)
(-3.64041 -1.14227 0)
(-5.16734 -0.962833 0)
(-6.10442 -0.681071 0)
(-6.48838 -0.357254 0)
(-6.34807 -0.0409679 0)
(-5.82589 0.224007 0)
(-4.98589 0.449525 0)
(-3.90965 0.576833 0)
(-2.7484 0.617761 0)
(-1.59093 0.579787 0)
(-0.534907 0.493384 0)
(0.340519 0.388437 0)
(1.03983 0.299623 0)
(1.56227 0.208243 0)
(1.93221 0.143363 0)
(2.21516 0.0966995 0)
(2.34338 0.0504077 0)
(2.55773 0.0536879 0)
(2.45663 -0.00889953 0)
(2.7889 0.0497284 0)
(2.37112 -0.0552085 0)
(3.01029 0.0624293 0)
(2.16306 -0.0844449 0)
(3.26059 0.0854873 0)
(1.92505 -0.086869 0)
(3.58342 0.116772 0)
(1.73995 -0.0797791 0)
(3.95806 0.121972 0)
(1.62525 -0.0651711 0)
(4.25707 0.086152 0)
(1.57416 -0.0627306 0)
(4.46887 0.0857524 0)
(1.52596 -0.0909505 0)
(4.69255 0.123359 0)
(1.45976 -0.0959281 0)
(5.00217 0.139915 0)
(1.47606 -0.0843804 0)
(5.2233 0.12041 0)
(1.65508 -0.105555 0)
(5.31667 0.158811 0)
(1.77926 -0.126156 0)
(5.53873 0.184998 0)
(1.9153 -0.131446 0)
(5.68542 0.194296 0)
(2.13937 -0.170428 0)
(5.83642 0.234279 0)
(2.23129 -0.174695 0)
(6.03086 0.254439 0)
(2.54299 -0.225461 0)
(6.1031 0.302036 0)
(2.69361 -0.240799 0)
(6.27575 0.34422 0)
(3.11084 -0.30676 0)
(6.25783 0.406166 0)
(3.31198 -0.336669 0)
(6.32391 0.482296 0)
(3.89129 -0.413755 0)
(6.26254 0.53219 0)
(4.18914 -0.431289 0)
(6.10742 0.622133 0)
(4.80695 -0.423064 0)
(6.3711 0.60995 0)
(5.50948 -0.355239 0)
(6.47679 0.541346 0)
(5.97878 -0.104119 0)
(7.31143 0.412437 0)
(7.06325 0.0757429 0)
(8.27736 0.293907 0)
(8.12756 0.17355 0)
(9.46277 0.18817 0)
(1.34728 0.0095185 0)
(1.20177 -0.0199016 0)
(1.07259 -0.0141504 0)
(0.945282 -0.0182998 0)
(0.797248 -0.0210627 0)
(0.659314 -0.0122996 0)
(0.538164 -0.00923047 0)
(0.425581 -0.00942716 0)
(0.351896 0.00214315 0)
(0.333891 0.00963077 0)
(0.343068 0.0109583 0)
(0.371067 0.022307 0)
(0.422112 0.0361876 0)
(0.480082 0.04913 0)
(0.541638 0.0543678 0)
(0.604888 0.0432965 0)
(0.661809 0.0244045 0)
(0.691585 0.00744335 0)
(0.679699 -0.00722535 0)
(0.637443 -0.0164304 0)
(0.658464 -0.00515315 0)
(0.904508 0.0415542 0)
(1.50243 0.0776771 0)
(2.24708 0.0304829 0)
(2.77755 -0.0218475 0)
(3.04765 0.0112178 0)
(3.23809 0.0997211 0)
(3.31647 0.100351 0)
(2.71108 -0.0638301 0)
(1.21409 -0.245633 0)
(-0.669113 -0.315008 0)
(-2.42907 -0.338564 0)
(-3.80981 -0.312555 0)
(-4.74814 -0.249476 0)
(-5.20291 -0.155507 0)
(-5.17265 -0.0497455 0)
(-4.73001 0.0480379 0)
(-3.97364 0.114627 0)
(-3.07062 0.146709 0)
(-2.13547 0.14568 0)
(-1.28163 0.124623 0)
(-0.583038 0.0939431 0)
(-0.0488146 0.0726454 0)
(0.334436 0.0475804 0)
(0.597538 0.0300436 0)
(0.780992 0.0188663 0)
(0.877821 0.00644296 0)
(0.977549 0.01069 0)
(0.958522 -0.00837635 0)
(1.06949 0.0128189 0)
(0.926896 -0.020769 0)
(1.12054 0.0186345 0)
(0.836323 -0.0297955 0)
(1.15812 0.0263501 0)
(0.748817 -0.0302241 0)
(1.22791 0.0329894 0)
(0.723502 -0.0244489 0)
(1.34998 0.0289749 0)
(0.724282 -0.025643 0)
(1.47279 0.0277075 0)
(0.689476 -0.0385799 0)
(1.56346 0.0287491 0)
(0.622028 -0.0451698 0)
(1.63079 0.0311773 0)
(0.585581 -0.0393943 0)
(1.73225 0.0380884 0)
(0.61049 -0.0430253 0)
(1.84332 0.0386485 0)
(0.62948 -0.0470515 0)
(1.91758 0.0305462 0)
(0.64304 -0.0386186 0)
(2.02438 0.0416738 0)
(0.710608 -0.0481046 0)
(2.15027 0.0445768 0)
(0.772546 -0.049862 0)
(2.2431 0.0426649 0)
(0.818726 -0.0554363 0)
(2.39191 0.0538392 0)
(0.919256 -0.0576947 0)
(2.51841 0.045502 0)
(0.976293 -0.0662158 0)
(2.68671 0.0614904 0)
(1.11486 -0.0703913 0)
(2.83966 0.0561106 0)
(1.22472 -0.0893869 0)
(3.00352 0.079859 0)
(1.48919 -0.10505 0)
(3.11405 0.0922473 0)
(1.75892 -0.129047 0)
(3.2141 0.118681 0)
(2.27312 -0.15231 0)
(3.32579 0.140147 0)
(2.80944 -0.13401 0)
(3.48768 0.124939 0)
(3.39467 -0.100431 0)
(3.96117 0.0763765 0)
(3.94737 -0.0235909 0)
(4.54887 0.00312265 0)
(4.45102 0.0112314 0)
(5.18705 -0.0848545 0)
(0.14462 -0.0466495 0)
(0.455627 -0.0459919 0)
(0.991517 -0.0744073 0)
(1.65175 -0.138527 0)
(2.87615 -0.129855 0)
(3.83207 0.0797175 0)
(4.18171 0.36439 0)
(2.86191 0.377622 0)
(0.821519 0.0727655 0)
(-0.192361 -0.0781472 0)
(-0.0880416 -0.129585 0)
(0.816447 -0.158422 0)
(1.72168 -0.125945 0)
(2.47527 -0.210592 0)
(2.54518 -0.108549 0)
(0.915191 0.231858 0)
(-1.02504 0.340941 0)
(-2.42774 0.27988 0)
(-3.31014 0.194303 0)
(-3.79253 0.0983454 0)
(-4.12529 0.106676 0)
(-4.46681 0.139107 0)
(-4.63988 0.103078 0)
(-4.65671 0.098718 0)
(-4.58293 0.0702571 0)
(-4.08313 -0.0757182 0)
(-3.31315 -0.0883817 0)
(-2.37682 -0.120783 0)
(-1.47589 -0.175805 0)
(-0.496507 -0.12486 0)
(0.257256 -0.0989006 0)
(0.869544 -0.0561991 0)
(1.26563 -0.0116168 0)
(1.46702 0.0216577 0)
(1.49575 0.0397765 0)
(1.40138 0.0457127 0)
(1.23198 0.0426086 0)
(1.02824 0.0358609 0)
(0.824625 0.0285752 0)
(0.646917 0.0214665 0)
(0.512571 0.0142132 0)
(0.428089 0.00798547 0)
(0.393142 0.00235807 0)
(0.397289 -0.00438783 0)
(0.428822 -0.0086733 0)
(0.474041 -0.0101239 0)
(0.525528 -0.0104468 0)
(0.574675 -0.00947965 0)
(0.620747 -0.00847342 0)
(0.659906 -0.00710623 0)
(0.69402 -0.00593811 0)
(0.72217 -0.00512803 0)
(0.745328 -0.0040215 0)
(0.765449 -0.00385875 0)
(0.780503 -0.00280516 0)
(0.795321 -0.00296757 0)
(0.804855 -0.00212235 0)
(0.815384 -0.00197538 0)
(0.82138 -0.00174668 0)
(0.827394 -0.000763222 0)
(0.831068 -0.00138803 0)
(0.83244 -0.000108112 0)
(0.833806 -0.000852428 0)
(0.831656 7.31188e-05 0)
(0.829624 0.000244698 0)
(0.825359 4.15442e-05 0)
(0.818918 0.00110298 0)
(0.81243 0.000577476 0)
(0.801921 0.00117027 0)
(0.791056 0.00184678 0)
(0.777367 0.000926389 0)
(0.759803 0.003107 0)
(0.742051 0.00164463 0)
(0.716941 0.00373124 0)
(0.691716 0.00353464 0)
(0.658635 0.00421408 0)
(0.621585 0.00553466 0)
(0.578564 0.00575487 0)
(0.525743 0.00716942 0)
(0.468069 0.00839541 0)
(0.395678 0.00934691 0)
(0.31728 0.0114289 0)
(0.220367 0.0127562 0)
(0.115272 0.0143722 0)
(-0.0102738 0.0160869 0)
(-0.14469 0.0175172 0)
(-0.294456 0.0164317 0)
(-0.442266 0.00985872 0)
(-0.567285 -0.00761912 0)
(-0.625118 -0.0293859 0)
(-0.610396 -0.0471789 0)
(-0.533157 -0.0491239 0)
(-0.451249 -0.0439094 0)
(-0.444929 -0.00832056 0)
(-0.662954 0.0502917 0)
(-1.17433 0.119572 0)
(-1.69663 0.123509 0)
(-1.85333 0.0421102 0)
(-1.41514 -0.108745 0)
(-0.48258 -0.204643 0)
(0.143984 -0.19713 0)
(0.431665 -0.281621 0)
(1.35947 -0.378382 0)
(1.89954 -0.674757 0)
(3.40437 -0.853332 0)
(4.73644 -0.582432 0)
(5.97251 0.156111 0)
(6.13155 1.00596 0)
(4.36503 1.08409 0)
(2.24556 0.459053 0)
(1.61972 -0.298565 0)
(2.29145 -0.757135 0)
(3.28903 -0.639461 0)
(2.78096 -0.0474038 0)
(0.194009 0.871618 0)
(-2.98945 1.32498 0)
(-4.91687 1.07903 0)
(-6.02701 0.719851 0)
(-6.47043 0.398026 0)
(-6.69842 0.174028 0)
(-6.77216 0.189427 0)
(-6.54074 0.0934684 0)
(-6.29875 -0.0861792 0)
(-5.99171 -0.0810782 0)
(-5.06873 -0.237948 0)
(-4.20577 -0.536621 0)
(-3.47801 -0.601539 0)
(-1.80692 -0.66769 0)
(-1.09249 -0.626775 0)
(0.0575777 -0.570475 0)
(0.850357 -0.462927 0)
(1.5356 -0.348524 0)
(2.05156 -0.223186 0)
(2.42271 -0.10507 0)
(2.65299 -0.00360956 0)
(2.75251 0.0742389 0)
(2.73833 0.122858 0)
(2.63647 0.142833 0)
(2.48366 0.137037 0)
(2.32146 0.112057 0)
(2.18686 0.0758922 0)
(2.09572 0.0392982 0)
(2.05205 0.00738432 0)
(2.04665 -0.0149785 0)
(2.07234 -0.0287614 0)
(2.1099 -0.0334644 0)
(2.15679 -0.034418 0)
(2.19921 -0.031082 0)
(2.2425 -0.0277913 0)
(2.27689 -0.0232814 0)
(2.30902 -0.0193393 0)
(2.33475 -0.0165006 0)
(2.35503 -0.0125924 0)
(2.37518 -0.0118427 0)
(2.3853 -0.00797214 0)
(2.40198 -0.00845519 0)
(2.40528 -0.00514225 0)
(2.41744 -0.00527976 0)
(2.41848 -0.00360771 0)
(2.42296 -0.00206897 0)
(2.42515 -0.00229564 0)
(2.42053 0.000814675 0)
(2.42339 0.000115911 0)
(2.4134 0.00200039 0)
(2.41095 0.00360073 0)
(2.40178 0.00246793 0)
(2.38884 0.00701241 0)
(2.38105 0.00478589 0)
(2.36059 0.00866175 0)
(2.34506 0.00959815 0)
(2.32554 0.0100776 0)
(2.29285 0.0145839 0)
(2.27491 0.014766 0)
(2.22681 0.0184089 0)
(2.19779 0.0229615 0)
(2.14263 0.0235736 0)
(2.08887 0.0325149 0)
(2.02631 0.0333365 0)
(1.94415 0.0427401 0)
(1.86109 0.0481216 0)
(1.7509 0.0562866 0)
(1.63227 0.0662793 0)
(1.48698 0.0756649 0)
(1.32199 0.0868855 0)
(1.12945 0.0978424 0)
(0.908283 0.108273 0)
(0.660507 0.113901 0)
(0.380787 0.111242 0)
(0.0792054 0.0915597 0)
(-0.246224 0.0548836 0)
(-0.562967 0.0148237 0)
(-0.840273 -0.0207324 0)
(-1.03871 0.000149352 0)
(-1.222 0.0940586 0)
(-1.5048 0.241338 0)
(-1.93259 0.287863 0)
(-2.16512 0.191715 0)
(-2.00057 -0.131612 0)
(-1.43505 -0.48897 0)
(-0.419528 -0.655773 0)
(0.0444404 -0.284414 0)
(0.385643 -0.541333 0)
(1.08517 -0.691764 0)
(2.09547 -1.09666 0)
(2.9062 -1.54016 0)
(4.90921 -1.102 0)
(5.5251 -0.172455 0)
(6.69459 1.13001 0)
(6.18064 1.61609 0)
(3.99134 1.19311 0)
(3.41247 -0.10347 0)
(3.38093 -0.900791 0)
(2.65644 -0.238626 0)
(0.574666 1.07396 0)
(-2.72114 2.11136 0)
(-5.31157 2.15303 0)
(-6.04502 1.5203 0)
(-6.65257 0.93232 0)
(-6.74193 0.452345 0)
(-6.54623 0.120168 0)
(-6.56481 0.0500432 0)
(-5.77698 -0.0262811 0)
(-5.40783 -0.196655 0)
(-5.2807 -0.416778 0)
(-4.08558 -0.640458 0)
(-3.03945 -0.860617 0)
(-2.17619 -1.06598 0)
(-0.821183 -1.15458 0)
(0.148823 -1.01133 0)
(1.1328 -0.926586 0)
(1.84951 -0.743462 0)
(2.39257 -0.566501 0)
(2.76037 -0.391127 0)
(3.00567 -0.230257 0)
(3.16821 -0.0931568 0)
(3.26968 0.0144586 0)
(3.32161 0.0946555 0)
(3.33312 0.144123 0)
(3.3195 0.161204 0)
(3.3001 0.149075 0)
(3.29332 0.114442 0)
(3.3049 0.0696209 0)
(3.34136 0.023725 0)
(3.3911 -0.00960978 0)
(3.45172 -0.0328844 0)
(3.50497 -0.0427976 0)
(3.55828 -0.0476346 0)
(3.59606 -0.0445403 0)
(3.63341 -0.0416549 0)
(3.65773 -0.0354285 0)
(3.68116 -0.0302846 0)
(3.69942 -0.0257165 0)
(3.71063 -0.0198126 0)
(3.72799 -0.0183999 0)
(3.72867 -0.01231 0)
(3.7461 -0.012784 0)
(3.74077 -0.00787433 0)
(3.75392 -0.00709265 0)
(3.74984 -0.00559571 0)
(3.752 -0.000797768 0)
(3.75455 -0.00390428 0)
(3.74408 0.00403783 0)
(3.74932 -0.000406866 0)
(3.73486 0.00630575 0)
(3.73084 0.00580486 0)
(3.72371 0.00713728 0)
(3.70348 0.012047 0)
(3.70062 0.011113 0)
(3.67525 0.0150357 0)
(3.65683 0.0207715 0)
(3.64392 0.0160586 0)
(3.5967 0.0319902 0)
(3.59286 0.0222471 0)
(3.52968 0.040227 0)
(3.50694 0.0370778 0)
(3.45014 0.0484392 0)
(3.38641 0.0565196 0)
(3.33502 0.0640425 0)
(3.23391 0.0777631 0)
(3.16317 0.0897167 0)
(3.03382 0.105059 0)
(2.92273 0.123299 0)
(2.7548 0.144357 0)
(2.59505 0.1638 0)
(2.36646 0.192906 0)
(2.14479 0.212549 0)
(1.83874 0.238854 0)
(1.53391 0.252238 0)
(1.14097 0.255235 0)
(0.741555 0.24174 0)
(0.263303 0.201058 0)
(-0.205626 0.155346 0)
(-0.694802 0.112889 0)
(-1.08225 0.200673 0)
(-1.42104 0.340209 0)
(-1.69597 0.40476 0)
(-1.83288 0.186396 0)
(-1.59796 -0.247846 0)
(-1.18075 -0.79713 0)
(-0.467062 -1.04704 0)
(0.0155055 -0.371438 0)
(0.423399 -0.713057 0)
(0.664545 -1.05129 0)
(1.99339 -1.56215 0)
(2.43972 -2.16734 0)
(4.55365 -1.63471 0)
(4.85527 -0.448074 0)
(6.17469 0.94282 0)
(6.45842 1.93302 0)
(4.71282 1.77315 0)
(4.23991 0.1017 0)
(3.26195 -0.510473 0)
(1.35228 0.631546 0)
(-1.58072 2.23513 0)
(-4.63614 3.07638 0)
(-5.81623 2.57071 0)
(-5.96603 1.74698 0)
(-5.89747 1.07129 0)
(-6.07266 0.461146 0)
(-5.5671 0.0142394 0)
(-5.41149 -0.168235 0)
(-4.88792 -0.340993 0)
(-4.32012 -0.306421 0)
(-3.85229 -0.59788 0)
(-3.03405 -1.04561 0)
(-1.94186 -1.35285 0)
(-0.745802 -1.52869 0)
(0.527244 -1.60361 0)
(1.61878 -1.44681 0)
(2.61053 -1.25305 0)
(3.33922 -0.973563 0)
(3.81465 -0.699411 0)
(4.03755 -0.458254 0)
(4.06219 -0.257719 0)
(3.98109 -0.0974235 0)
(3.87223 0.0202832 0)
(3.76711 0.102706 0)
(3.67239 0.146746 0)
(3.60069 0.151902 0)
(3.56789 0.124173 0)
(3.59148 0.0735537 0)
(3.67396 0.0174836 0)
(3.81418 -0.0321936 0)
(3.98407 -0.0630917 0)
(4.16622 -0.0792216 0)
(4.32504 -0.0769515 0)
(4.46291 -0.0723632 0)
(4.55934 -0.0596119 0)
(4.63444 -0.0522655 0)
(4.67944 -0.0414369 0)
(4.71081 -0.034869 0)
(4.73199 -0.0292915 0)
(4.73844 -0.0215456 0)
(4.75396 -0.022085 0)
(4.74732 -0.011589 0)
(4.76213 -0.0170994 0)
(4.75162 -0.00503474 0)
(4.76125 -0.0114166 0)
(4.75539 -0.00198097 0)
(4.75392 -0.0034768 0)
(4.75501 -0.000654362 0)
(4.74448 0.00480101 0)
(4.74527 0.00268387 0)
(4.73658 0.00884323 0)
(4.72574 0.0110546 0)
(4.7238 0.00836475 0)
(4.7057 0.022735 0)
(4.69321 0.00963614 0)
(4.69309 0.0318218 0)
(4.64065 0.0186331 0)
(4.67683 0.0370759 0)
(4.5815 0.0331029 0)
(4.63268 0.0458693 0)
(4.5292 0.0471599 0)
(4.54947 0.0633877 0)
(4.47008 0.0628825 0)
(4.43942 0.0870205 0)
(4.37236 0.0881253 0)
(4.31296 0.114207 0)
(4.2154 0.128791 0)
(4.15177 0.148929 0)
(3.99677 0.184186 0)
(3.9169 0.200778 0)
(3.70296 0.251676 0)
(3.57471 0.273031 0)
(3.29569 0.331136 0)
(3.08228 0.356123 0)
(2.72345 0.405325 0)
(2.38128 0.425536 0)
(1.9206 0.433408 0)
(1.41126 0.430363 0)
(0.829315 0.38084 0)
(0.17923 0.366039 0)
(-0.401613 0.348013 0)
(-0.85762 0.476498 0)
(-1.12282 0.436377 0)
(-1.22707 0.228211 0)
(-1.10567 -0.367815 0)
(-0.850117 -0.972714 0)
(-0.448388 -1.40168 0)
(0.0132845 -0.451192 0)
(0.178943 -0.809709 0)
(0.541082 -1.30829 0)
(1.32352 -1.97362 0)
(2.04576 -2.71032 0)
(3.59234 -2.14382 0)
(4.22684 -0.713329 0)
(5.40675 0.670194 0)
(5.87284 2.11209 0)
(4.80089 2.13296 0)
(4.36165 0.490224 0)
(2.79835 0.213746 0)
(0.159423 1.70944 0)
(-3.02746 3.35593 0)
(-5.23318 3.84756 0)
(-5.34915 2.86789 0)
(-5.83347 1.76898 0)
(-5.39816 1.04571 0)
(-5.22718 0.377875 0)
(-4.81375 -0.202977 0)
(-4.36551 -0.303591 0)
(-3.81082 -0.479439 0)
(-3.48467 -0.572492 0)
(-2.75965 -0.885568 0)
(-1.99802 -1.38554 0)
(-0.801781 -1.85242 0)
(0.45623 -2.06966 0)
(1.78976 -2.10616 0)
(2.98279 -1.92121 0)
(4.00789 -1.62701 0)
(4.79278 -1.24271 0)
(5.31295 -0.842986 0)
(5.56038 -0.474088 0)
(5.51282 -0.187524 0)
(5.22747 -0.00392755 0)
(4.86033 0.11416 0)
(4.52742 0.186888 0)
(4.2549 0.218633 0)
(4.0374 0.204927 0)
(3.87896 0.149804 0)
(3.80075 0.0638879 0)
(3.81316 -0.0293015 0)
(3.92031 -0.112192 0)
(4.0961 -0.160391 0)
(4.31655 -0.180927 0)
(4.538 -0.167395 0)
(4.74542 -0.149094 0)
(4.91318 -0.115336 0)
(5.04611 -0.094137 0)
(5.14051 -0.0665832 0)
(5.20318 -0.0528268 0)
(5.24825 -0.0379786 0)
(5.26621 -0.0277544 0)
(5.2889 -0.0243041 0)
(5.28429 -0.0134924 0)
(5.2998 -0.0167544 0)
(5.28539 -0.00647394 0)
(5.29974 -0.00808187 0)
(5.27837 -0.00522056 0)
(5.29935 0.00426671 0)
(5.26156 -0.00679346 0)
(5.30524 0.0158921 0)
(5.23246 -0.00405251 0)
(5.31457 0.0195472 0)
(5.1999 0.00873731 0)
(5.31227 0.015748 0)
(5.18245 0.0248354 0)
(5.27961 0.0183123 0)
(5.18918 0.0293626 0)
(5.21682 0.0402465 0)
(5.20161 0.0215202 0)
(5.15012 0.0728228 0)
(5.18402 0.0209992 0)
(5.10602 0.0949877 0)
(5.11456 0.0467267 0)
(5.08717 0.101505 0)
(4.99536 0.094053 0)
(5.06662 0.113105 0)
(4.85424 0.144873 0)
(4.99549 0.15039 0)
(4.71028 0.198838 0)
(4.85957 0.208594 0)
(4.52611 0.276835 0)
(4.65985 0.28244 0)
(4.28144 0.379486 0)
(4.33604 0.387915 0)
(3.95036 0.489327 0)
(3.84147 0.517424 0)
(3.43966 0.590158 0)
(3.1044 0.630309 0)
(2.61947 0.640543 0)
(2.03015 0.678244 0)
(1.37837 0.6042 0)
(0.599642 0.643557 0)
(0.0377719 0.585414 0)
(-0.337267 0.563069 0)
(-0.547548 0.201554 0)
(-0.492332 -0.376264 0)
(-0.486284 -1.05722 0)
(-0.231331 -1.61423 0)
(-0.0423117 -0.451032 0)
(-0.0096595 -0.902634 0)
(0.16024 -1.48107 0)
(0.730723 -2.30809 0)
(1.38268 -3.17281 0)
(2.46088 -2.61818 0)
(3.52501 -1.05625 0)
(4.51173 0.407024 0)
(5.03213 2.12481 0)
(4.58774 2.2475 0)
(4.06894 0.940602 0)
(2.16025 1.15068 0)
(-0.725627 2.85702 0)
(-3.67551 4.35361 0)
(-4.8959 4.25055 0)
(-4.85164 3.07582 0)
(-5.4469 1.75988 0)
(-5.31095 0.860183 0)
(-4.61979 0.208535 0)
(-4.07243 -0.423296 0)
(-3.63561 -0.610341 0)
(-2.92673 -0.699972 0)
(-2.5235 -0.765201 0)
(-1.81056 -1.18446 0)
(-0.867163 -1.82574 0)
(0.378486 -2.38479 0)
(1.80606 -2.645 0)
(3.1529 -2.63276 0)
(4.36913 -2.39553 0)
(5.39475 -1.99652 0)
(6.17411 -1.50358 0)
(6.66792 -1.01192 0)
(6.91401 -0.546156 0)
(6.94537 -0.114291 0)
(6.6902 0.187166 0)
(6.16244 0.331251 0)
(5.55011 0.368444 0)
(5.02427 0.358195 0)
(4.62839 0.311227 0)
(4.34209 0.223955 0)
(4.1595 0.0998758 0)
(4.07995 -0.0372188 0)
(4.10909 -0.16187 0)
(4.22419 -0.237402 0)
(4.4035 -0.274229 0)
(4.60543 -0.258688 0)
(4.80847 -0.234894 0)
(4.9875 -0.183537 0)
(5.13535 -0.15046 0)
(5.24855 -0.104921 0)
(5.32792 -0.0805708 0)
(5.38095 -0.0557292 0)
(5.41513 -0.0358359 0)
(5.42654 -0.0334747 0)
(5.44702 -0.00985349 0)
(5.42701 -0.0248512 0)
(5.45941 0.0028834 0)
(5.40745 -0.0167665 0)
(5.46705 0.00537744 0)
(5.3823 -0.00203629 0)
(5.46799 0.000424504 0)
(5.36451 0.0148686 0)
(5.45299 -0.0010112 0)
(5.36614 0.0217974 0)
(5.41564 0.0115013 0)
(5.38414 0.0133494 0)
(5.36768 0.0399093 0)
(5.39423 -2.95941e-05 0)
(5.3379 0.0675172 0)
(5.36936 0.000481211 0)
(5.3376 0.0802248 0)
(5.31209 0.0220706 0)
(5.35083 0.0834395 0)
(5.22764 0.0560117 0)
(5.38654 0.0887203 0)
(5.09147 0.099307 0)
(5.44502 0.102656 0)
(4.94787 0.145478 0)
(5.43591 0.140696 0)
(4.85991 0.195631 0)
(5.36074 0.193852 0)
(4.74908 0.277491 0)
(5.26568 0.260209 0)
(4.63014 0.37953 0)
(5.07008 0.372307 0)
(4.49909 0.50129 0)
(4.7876 0.516166 0)
(4.28536 0.650154 0)
(4.34454 0.685797 0)
(3.88834 0.791374 0)
(3.66 0.856154 0)
(3.13478 0.872923 0)
(2.56974 0.95964 0)
(1.86694 0.855788 0)
(1.13444 0.887009 0)
(0.664907 0.653343 0)
(0.362517 0.336113 0)
(0.246532 -0.365716 0)
(-0.014303 -1.07458 0)
(0.0826052 -1.6722 0)
(-0.064507 -0.41102 0)
(-0.23413 -0.87922 0)
(-0.228539 -1.55613 0)
(0.0647751 -2.52163 0)
(0.518516 -3.46754 0)
(1.28622 -3.08595 0)
(2.64646 -1.43167 0)
(3.37644 0.181943 0)
(4.02282 2.03525 0)
(3.98205 2.27481 0)
(3.38032 1.43762 0)
(1.39098 2.10294 0)
(-1.40971 3.91417 0)
(-3.82018 5.08281 0)
(-4.24923 4.33407 0)
(-4.55666 3.31112 0)
(-4.6329 1.96237 0)
(-4.86981 0.736958 0)
(-4.20083 -0.103552 0)
(-3.37416 -0.705946 0)
(-2.7018 -0.882794 0)
(-1.99782 -0.941269 0)
(-1.42658 -1.02686 0)
(-0.674721 -1.51939 0)
(0.457332 -2.30423 0)
(1.87786 -2.96136 0)
(3.30412 -3.24569 0)
(4.62584 -3.18808 0)
(5.81838 -2.88525 0)
(6.84867 -2.38645 0)
(7.63809 -1.76227 0)
(8.14289 -1.12101 0)
(8.29517 -0.562925 0)
(8.17448 -0.0904535 0)
(7.93912 0.327141 0)
(7.50534 0.596338 0)
(6.81633 0.671211 0)
(6.04554 0.612398 0)
(5.39261 0.494322 0)
(4.92 0.348751 0)
(4.61455 0.174511 0)
(4.44459 -0.00817952 0)
(4.40102 -0.179147 0)
(4.44862 -0.286583 0)
(4.56936 -0.346744 0)
(4.72128 -0.334324 0)
(4.88736 -0.313054 0)
(5.04333 -0.246192 0)
(5.17418 -0.207736 0)
(5.28487 -0.140922 0)
(5.35246 -0.112511 0)
(5.41553 -0.0697085 0)
(5.43032 -0.0495013 0)
(5.46615 -0.035799 0)
(5.44859 -0.0135197 0)
(5.47746 -0.0230883 0)
(5.44081 0.00397843 0)
(5.47513 -0.0137501 0)
(5.42585 0.00682371 0)
(5.46589 0.00286152 0)
(5.41487 -0.000602854 0)
(5.44699 0.0252917 0)
(5.41365 -0.00852101 0)
(5.41852 0.0394 0)
(5.41219 -0.00136606 0)
(5.40409 0.036708 0)
(5.3838 0.0220121 0)
(5.4188 0.0293609 0)
(5.33169 0.0418536 0)
(5.42944 0.042453 0)
(5.29608 0.0401164 0)
(5.42102 0.0772036 0)
(5.23197 0.0444619 0)
(5.4872 0.0915643 0)
(5.05332 0.0953083 0)
(5.61527 0.0801908 0)
(4.90013 0.158819 0)
(5.59778 0.109276 0)
(4.88552 0.194318 0)
(5.51176 0.172989 0)
(4.80543 0.257391 0)
(5.47965 0.239673 0)
(4.71375 0.345823 0)
(5.37135 0.342825 0)
(4.62382 0.472568 0)
(5.25016 0.462185 0)
(4.52624 0.636713 0)
(5.00369 0.640385 0)
(4.3995 0.8227 0)
(4.64988 0.851053 0)
(4.12476 1.00165 0)
(4.04155 1.0977 0)
(3.4759 1.11595 0)
(3.05152 1.22886 0)
(2.30491 1.06948 0)
(1.7757 0.931737 0)
(1.29337 0.427361 0)
(1.08289 -0.174185 0)
(0.551281 -0.956565 0)
(0.431667 -1.59558 0)
(-0.116914 -0.308178 0)
(-0.45512 -0.803024 0)
(-0.613456 -1.56627 0)
(-0.61663 -2.63005 0)
(-0.392482 -3.65279 0)
(0.115571 -3.50407 0)
(1.58724 -1.75287 0)
(2.07011 0.0123493 0)
(2.71911 1.90195 0)
(3.03646 2.30328 0)
(2.53234 1.98217 0)
(0.597922 3.05724 0)
(-1.99717 4.88306 0)
(-3.92638 5.58908 0)
(-3.84633 4.38323 0)
(-4.65468 3.34063 0)
(-4.04113 1.97241 0)
(-4.15747 0.671166 0)
(-3.59353 -0.372281 0)
(-2.68125 -1.10195 0)
(-1.7696 -1.26805 0)
(-0.945221 -1.21464 0)
(-0.309241 -1.32051 0)
(0.676835 -1.92817 0)
(2.02682 -2.83858 0)
(3.47426 -3.57856 0)
(4.86453 -3.83281 0)
(6.04227 -3.7136 0)
(7.08792 -3.3621 0)
(8.08372 -2.77971 0)
(8.89744 -2.05906 0)
(9.45457 -1.30126 0)
(9.76209 -0.553337 0)
(9.62403 0.0473963 0)
(9.18355 0.496017 0)
(8.65959 0.822377 0)
(7.9989 0.985719 0)
(7.15622 0.956339 0)
(6.29478 0.782773 0)
(5.59287 0.552095 0)
(5.12186 0.297834 0)
(4.85041 0.053264 0)
(4.74633 -0.169486 0)
(4.74041 -0.309285 0)
(4.80797 -0.39455 0)
(4.89906 -0.387688 0)
(5.01631 -0.375097 0)
(5.12837 -0.295973 0)
(5.23467 -0.257993 0)
(5.32134 -0.170834 0)
(5.38347 -0.141757 0)
(5.42773 -0.0813773 0)
(5.45295 -0.0608893 0)
(5.46076 -0.0392512 0)
(5.4752 -0.0130064 0)
(5.45549 -0.0270448 0)
(5.47757 0.0132409 0)
(5.4402 -0.0225075 0)
(5.46782 0.0235478 0)
(5.43166 -0.011058 0)
(5.44652 0.0211226 0)
(5.42781 0.00812739 0)
(5.429 0.0125515 0)
(5.40731 0.0287385 0)
(5.43959 0.00641429 0)
(5.35859 0.0448838 0)
(5.45908 0.0122869 0)
(5.32998 0.0445307 0)
(5.42906 0.0434942 0)
(5.34369 0.0285216 0)
(5.40003 0.0788096 0)
(5.26833 0.0447023 0)
(5.51764 0.0642295 0)
(5.05462 0.1213 0)
(5.63766 0.0393264 0)
(4.99549 0.166058 0)
(5.50256 0.101488 0)
(5.09736 0.161374 0)
(5.39285 0.17327 0)
(4.99992 0.225803 0)
(5.42292 0.220993 0)
(4.89409 0.301603 0)
(5.37264 0.323908 0)
(4.76254 0.410555 0)
(5.38003 0.428457 0)
(4.63242 0.560173 0)
(5.26444 0.589016 0)
(4.53268 0.770553 0)
(5.10932 0.753348 0)
(4.46453 1.00783 0)
(4.77521 1.02542 0)
(4.25307 1.22113 0)
(4.31594 1.32409 0)
(3.71091 1.33671 0)
(3.44742 1.41998 0)
(2.75968 1.0948 0)
(2.21692 0.723672 0)
(1.79931 -0.0466441 0)
(0.988123 -0.728216 0)
(0.571932 -1.32572 0)
(-0.151769 -0.154645 0)
(-0.638454 -0.643801 0)
(-1.00666 -1.46447 0)
(-1.26005 -2.65981 0)
(-1.29844 -3.7753 0)
(-1.03899 -3.83599 0)
(0.437114 -2.0725 0)
(0.795551 -0.110339 0)
(1.40984 1.69968 0)
(2.09444 2.26964 0)
(1.67944 2.47829 0)
(-0.203476 3.91213 0)
(-2.44586 5.67771 0)
(-3.90883 5.91382 0)
(-3.54375 4.56671 0)
(-4.64096 3.29287 0)
(-3.58685 1.78085 0)
(-3.45851 0.483665 0)
(-2.79354 -0.702952 0)
(-1.79795 -1.56314 0)
(-0.805613 -1.71328 0)
(0.0781798 -1.58733 0)
(0.915892 -1.72861 0)
(2.17971 -2.44021 0)
(3.74199 -3.42549 0)
(5.1224 -4.19481 0)
(6.37925 -4.37836 0)
(7.4027 -4.15604 0)
(8.22114 -3.79094 0)
(9.04064 -3.17719 0)
(9.89529 -2.33341 0)
(10.4373 -1.48537 0)
(10.7757 -0.64834 0)
(10.8783 0.151784 0)
(10.5149 0.733676 0)
(9.86846 1.09801 0)
(9.13868 1.30754 0)
(8.26695 1.33188 0)
(7.29014 1.14908 0)
(6.38236 0.839843 0)
(5.70475 0.483783 0)
(5.2871 0.147994 0)
(5.11004 -0.141311 0)
(5.06243 -0.313469 0)
(5.09353 -0.42051 0)
(5.12932 -0.415456 0)
(5.19155 -0.416525 0)
(5.25071 -0.326382 0)
(5.31654 -0.29909 0)
(5.37931 -0.188849 0)
(5.41441 -0.170234 0)
(5.45951 -0.0838102 0)
(5.45717 -0.0763129 0)
(5.48433 -0.0331537 0)
(5.46516 -0.0201889 0)
(5.47633 -0.0190361 0)
(5.46359 0.00882895 0)
(5.45634 -0.013269 0)
(5.45832 0.0172602 0)
(5.44244 0.00135453 0)
(5.43522 0.0123075 0)
(5.4536 0.018888 0)
(5.38543 0.0138084 0)
(5.48109 0.0217501 0)
(5.34153 0.0295878 0)
(5.47566 0.0179294 0)
(5.35168 0.0422098 0)
(5.419 0.0317182 0)
(5.36776 0.045618 0)
(5.42409 0.0433899 0)
(5.25352 0.0816153 0)
(5.55096 0.0194333 0)
(5.11077 0.140021 0)
(5.53115 0.0352708 0)
(5.23667 0.124635 0)
(5.27428 0.134777 0)
(5.36058 0.11415 0)
(5.2502 0.16716 0)
(5.17062 0.211623 0)
(5.34127 0.193998 0)
(5.08253 0.260973 0)
(5.29588 0.308527 0)
(4.92913 0.349772 0)
(5.38029 0.397084 0)
(4.76994 0.472511 0)
(5.3335 0.560977 0)
(4.6184 0.652165 0)
(5.3308 0.703195 0)
(4.53459 0.899185 0)
(5.14581 0.909322 0)
(4.45391 1.20293 0)
(4.8793 1.18999 0)
(4.34904 1.43866 0)
(4.49635 1.51763 0)
(3.84674 1.47729 0)
(3.77025 1.44514 0)
(2.92615 0.891511 0)
(2.42504 0.409169 0)
(1.39213 -0.567979 0)
(0.474592 -0.833769 0)
(-0.170746 0.0320347 0)
(-0.788648 -0.4196 0)
(-1.29481 -1.27748 0)
(-1.81832 -2.56651 0)
(-2.12753 -3.82208 0)
(-2.12848 -4.14118 0)
(-0.735992 -2.45851 0)
(-0.180016 -0.320238 0)
(0.474768 1.36798 0)
(1.37233 2.17719 0)
(0.955958 2.93821 0)
(-0.767595 4.71081 0)
(-2.72969 6.33415 0)
(-3.35851 6.07731 0)
(-2.99026 4.83844 0)
(-3.91065 3.40716 0)
(-2.88487 1.6026 0)
(-2.59793 0.300133 0)
(-1.73943 -1.02891 0)
(-0.693644 -2.00229 0)
(0.369406 -2.14133 0)
(1.27557 -1.95374 0)
(2.1998 -2.16877 0)
(3.69131 -2.97553 0)
(5.37946 -3.95263 0)
(6.56758 -4.72064 0)
(7.55269 -4.87303 0)
(8.50349 -4.52731 0)
(9.23686 -4.10473 0)
(9.82884 -3.54591 0)
(10.5841 -2.68086 0)
(11.2888 -1.6687 0)
(11.5658 -0.733775 0)
(11.6984 0.162979 0)
(11.5728 0.917168 0)
(11.0037 1.39373 0)
(10.2132 1.65289 0)
(9.32639 1.72595 0)
(8.32724 1.56747 0)
(7.28927 1.21479 0)
(6.40811 0.753909 0)
(5.79646 0.299659 0)
(5.50185 -0.0868177 0)
(5.39572 -0.303315 0)
(5.40045 -0.430941 0)
(5.39032 -0.420049 0)
(5.40564 -0.435486 0)
(5.40225 -0.33352 0)
(5.42742 -0.326808 0)
(5.44831 -0.191949 0)
(5.46376 -0.194825 0)
(5.48816 -0.0773475 0)
(5.47741 -0.0912842 0)
(5.49538 -0.0236293 0)
(5.47312 -0.0244204 0)
(5.47875 -0.0162844 0)
(5.47077 0.0176035 0)
(5.44831 -0.0231012 0)
(5.47995 0.0379701 0)
(5.40803 -0.0155198 0)
(5.49604 0.0323718 0)
(5.36852 0.0136189 0)
(5.49978 0.0108229 0)
(5.35372 0.044228 0)
(5.47071 0.0017588 0)
(5.37151 0.0566495 0)
(5.42858 0.0109971 0)
(5.36663 0.0679726 0)
(5.44196 0.0119319 0)
(5.29703 0.100681 0)
(5.46175 0.011964 0)
(5.32032 0.105792 0)
(5.2914 0.0821531 0)
(5.51284 0.0563611 0)
(5.10046 0.162592 0)
(5.47606 0.10029 0)
(5.25125 0.124843 0)
(5.23015 0.22179 0)
(5.28442 0.162917 0)
(5.27659 0.224605 0)
(5.16323 0.288633 0)
(5.14907 0.308242 0)
(5.26557 0.354673 0)
(5.0181 0.403359 0)
(5.22273 0.52928 0)
(4.82568 0.538013 0)
(5.35125 0.676373 0)
(4.64891 0.729523 0)
(5.3137 0.881805 0)
(4.47898 1.0421 0)
(5.20856 1.08122 0)
(4.52693 1.3645 0)
(4.90957 1.37762 0)
(4.44989 1.62436 0)
(4.54136 1.63964 0)
(3.98567 1.49904 0)
(3.59372 1.33873 0)
(3.0137 0.607627 0)
(1.453 0.186432 0)
(0.360279 -0.890447 0)
(-0.186329 0.249705 0)
(-0.853437 -0.153697 0)
(-1.52484 -1.01711 0)
(-2.26472 -2.37497 0)
(-2.87173 -3.77386 0)
(-3.10481 -4.33985 0)
(-1.82923 -2.80987 0)
(-0.877745 -0.579299 0)
(-0.151249 1.00454 0)
(0.769237 2.08058 0)
(0.372569 3.34807 0)
(-1.01446 5.37298 0)
(-2.61244 6.8297 0)
(-2.39949 5.9668 0)
(-2.19107 4.96751 0)
(-2.62473 3.4725 0)
(-1.92316 1.36119 0)
(-1.4432 -0.0614543 0)
(-0.474755 -1.47365 0)
(0.58874 -2.48011 0)
(1.58862 -2.64164 0)
(2.40098 -2.38606 0)
(3.41081 -2.67874 0)
(4.92415 -3.61565 0)
(6.54495 -4.5401 0)
(7.73364 -5.18895 0)
(8.43415 -5.30252 0)
(9.2643 -4.91295 0)
(10.0426 -4.39376 0)
(10.6489 -3.77821 0)
(11.0884 -2.96471 0)
(11.7903 -1.91949 0)
(12.2431 -0.83066 0)
(12.2986 0.158608 0)
(12.2383 1.0209 0)
(11.8817 1.64187 0)
(11.1983 1.99172 0)
(10.3163 2.11787 0)
(9.30419 1.99974 0)
(8.21917 1.64312 0)
(7.21758 1.10378 0)
(6.42451 0.524163 0)
(5.97152 0.0130026 0)
(5.76248 -0.272052 0)
(5.7235 -0.42871 0)
(5.66823 -0.405788 0)
(5.64309 -0.434401 0)
(5.57826 -0.315699 0)
(5.55881 -0.339917 0)
(5.53449 -0.175685 0)
(5.521 -0.216825 0)
(5.52742 -0.0551486 0)
(5.49557 -0.113397 0)
(5.51651 0.0032801 0)
(5.47036 -0.0448604 0)
(5.4993 0.00955937 0)
(5.44919 -0.000181484 0)
(5.48704 -0.0030356 0)
(5.42562 0.0278412 0)
(5.48856 -0.00646824 0)
(5.39032 0.0372766 0)
(5.49862 0.00406217 0)
(5.35967 0.0361609 0)
(5.48748 0.0160759 0)
(5.36501 0.0395835 0)
(5.44224 0.0195675 0)
(5.39147 0.0571344 0)
(5.39556 0.0172236 0)
(5.41152 0.0783679 0)
(5.32979 0.0358501 0)
(5.47986 0.0672912 0)
(5.20129 0.0973216 0)
(5.54254 0.052355 0)
(5.19509 0.118495 0)
(5.38519 0.136511 0)
(5.33597 0.0768207 0)
(5.30722 0.20585 0)
(5.15434 0.172382 0)
(5.52031 0.163778 0)
(4.99568 0.279886 0)
(5.38272 0.27652 0)
(5.09514 0.304807 0)
(5.33328 0.361313 0)
(4.98864 0.468054 0)
(5.17251 0.487788 0)
(5.15982 0.581569 0)
(4.97117 0.642231 0)
(5.20422 0.809672 0)
(4.66772 0.881686 0)
(5.32613 1.03052 0)
(4.55101 1.15481 0)
(5.28988 1.27144 0)
(4.40904 1.56107 0)
(5.05327 1.55123 0)
(4.29761 1.75373 0)
(4.57353 1.72826 0)
(3.81009 1.40089 0)
(3.24466 1.25607 0)
(2.59454 0.34469 0)
(1.12542 0.198782 0)
(-0.167522 0.472145 0)
(-0.85573 0.150489 0)
(-1.61603 -0.685901 0)
(-2.57479 -2.07245 0)
(-3.41018 -3.62043 0)
(-3.87572 -4.44472 0)
(-2.89003 -3.25562 0)
(-1.40177 -0.987742 0)
(-0.629191 0.62242 0)
(0.236722 2.00255 0)
(-0.0828611 3.6989 0)
(-1.18218 5.84022 0)
(-2.22692 7.06289 0)
(-1.52853 5.75236 0)
(-1.63892 4.9331 0)
(-1.23173 3.42847 0)
(-0.668523 1.17898 0)
(0.0588211 -0.368558 0)
(1.00507 -1.80211 0)
(1.95001 -2.85043 0)
(2.7212 -3.05125 0)
(3.40787 -2.75802 0)
(4.49022 -3.14885 0)
(6.03216 -4.20987 0)
(7.38371 -5.12481 0)
(8.58896 -5.63786 0)
(9.31948 -5.63259 0)
(10.0312 -5.22229 0)
(10.8106 -4.69805 0)
(11.5222 -4.01396 0)
(11.8936 -3.15341 0)
(12.2613 -2.09804 0)
(12.7441 -0.899204 0)
(12.7722 0.174725 0)
(12.6432 1.07251 0)
(12.4452 1.80288 0)
(11.9286 2.28808 0)
(11.1239 2.5009 0)
(10.1794 2.42923 0)
(9.13073 2.09021 0)
(8.08723 1.50901 0)
(7.16111 0.82179 0)
(6.54443 0.174501 0)
(6.18821 -0.200837 0)
(6.07106 -0.40461 0)
(5.95343 -0.371214 0)
(5.89188 -0.414538 0)
(5.76479 -0.272757 0)
(5.70687 -0.337423 0)
(5.62957 -0.138359 0)
(5.59046 -0.233407 0)
(5.5683 -0.0182856 0)
(5.52356 -0.135792 0)
(5.52797 0.0386271 0)
(5.48872 -0.0649668 0)
(5.4821 0.0376416 0)
(5.49015 -0.0147023 0)
(5.42499 0.0170301 0)
(5.51791 0.0178856 0)
(5.36933 0.0103313 0)
(5.53215 0.0283607 0)
(5.35255 0.0199536 0)
(5.49148 0.0301516 0)
(5.39482 0.0268327 0)
(5.40798 0.0339042 0)
(5.45494 0.0383675 0)
(5.33971 0.0296987 0)
(5.48133 0.0668493 0)
(5.30207 0.0263404 0)
(5.48908 0.0858226 0)
(5.26512 0.0529915 0)
(5.48216 0.0855259 0)
(5.26338 0.0853725 0)
(5.43676 0.114266 0)
(5.2228 0.114406 0)
(5.53214 0.119801 0)
(4.99489 0.213638 0)
(5.65363 0.123351 0)
(4.98424 0.235288 0)
(5.46512 0.280283 0)
(5.03436 0.242974 0)
(5.52871 0.337478 0)
(4.85357 0.393486 0)
(5.43788 0.465708 0)
(4.96577 0.477855 0)
(5.3408 0.58247 0)
(4.94002 0.716466 0)
(5.08227 0.775616 0)
(5.12205 0.927793 0)
(4.90899 0.981717 0)
(5.25944 1.18667 0)
(4.58841 1.37115 0)
(5.19753 1.44412 0)
(4.50106 1.75682 0)
(4.92008 1.72528 0)
(4.25416 1.86464 0)
(4.29466 1.74457 0)
(3.30302 1.35767 0)
(1.85344 1.35395 0)
(0.459003 0.277868 0)
(-0.119028 0.681118 0)
(-0.782179 0.455477 0)
(-1.59606 -0.309009 0)
(-2.69235 -1.68279 0)
(-3.66167 -3.37124 0)
(-4.32316 -4.45466 0)
(-3.75536 -3.72733 0)
(-1.9547 -1.46778 0)
(-1.20829 0.296758 0)
(-0.269391 1.91964 0)
(-0.338712 4.02247 0)
(-1.28232 6.14016 0)
(-1.92346 7.11254 0)
(-0.868718 5.61443 0)
(-1.37275 4.77103 0)
(0.0164544 3.14521 0)
(0.727665 0.875643 0)
(1.51343 -0.730943 0)
(2.32458 -2.14797 0)
(3.0453 -3.24126 0)
(3.4255 -3.42996 0)
(3.99484 -3.10385 0)
(5.22575 -3.62666 0)
(7.05486 -4.76725 0)
(8.36752 -5.6143 0)
(9.22447 -6.08677 0)
(10.1252 -5.97772 0)
(10.7667 -5.51059 0)
(11.6025 -4.97164 0)
(12.2779 -4.17763 0)
(12.7139 -3.26953 0)
(12.8854 -2.28114 0)
(13.3044 -0.971069 0)
(13.3578 0.277953 0)
(12.9769 1.17702 0)
(12.6898 1.91521 0)
(12.3675 2.50648 0)
(11.7312 2.82948 0)
(10.8743 2.8285 0)
(9.90538 2.5301 0)
(8.914 1.94055 0)
(7.94646 1.17998 0)
(7.20924 0.405577 0)
(6.69009 -0.0719699 0)
(6.45799 -0.344788 0)
(6.24914 -0.311325 0)
(6.14507 -0.37707 0)
(5.95334 -0.205741 0)
(5.86289 -0.32149 0)
(5.73144 -0.0779829 0)
(5.66408 -0.247052 0)
(5.6216 0.0380734 0)
(5.53841 -0.164147 0)
(5.57199 0.0892514 0)
(5.45803 -0.0950373 0)
(5.54551 0.0760329 0)
(5.41536 -0.0375791 0)
(5.52522 0.0407303 0)
(5.4025 0.00381891 0)
(5.49741 0.0276414 0)
(5.40978 0.0128017 0)
(5.45251 0.0467882 0)
(5.43752 0.00161712 0)
(5.38759 0.0626243 0)
(5.47891 0.0112175 0)
(5.33325 0.0456451 0)
(5.49279 0.056073 0)
(5.31902 0.0197689 0)
(5.47757 0.090131 0)
(5.29849 0.040774 0)
(5.49157 0.0757765 0)
(5.24006 0.0986135 0)
(5.51698 0.0674794 0)
(5.19845 0.137892 0)
(5.50554 0.0999843 0)
(5.18569 0.161551 0)
(5.44458 0.171149 0)
(5.227 0.156107 0)
(5.36566 0.269594 0)
(5.13825 0.228849 0)
(5.4972 0.285909 0)
(4.97382 0.343014 0)
(5.43584 0.432831 0)
(5.00438 0.399258 0)
(5.45647 0.534542 0)
(4.87968 0.607538 0)
(5.31089 0.712964 0)
(5.00351 0.796427 0)
(5.18934 0.863143 0)
(5.16639 1.08176 0)
(4.76769 1.17297 0)
(5.29115 1.39215 0)
(4.60022 1.5166 0)
(5.24879 1.6291 0)
(4.47796 1.90681 0)
(5.01608 1.8746 0)
(3.91381 2.03683 0)
(3.71201 1.95035 0)
(2.79119 1.23096 0)
(1.21659 1.4865 0)
(-0.0597409 0.852644 0)
(-0.620029 0.762013 0)
(-1.46373 0.0915742 0)
(-2.58739 -1.26131 0)
(-3.54825 -3.05411 0)
(-4.3775 -4.35798 0)
(-4.31306 -4.10737 0)
(-2.69681 -1.99546 0)
(-1.7091 -0.102056 0)
(-0.677593 1.75805 0)
(-0.476207 4.17002 0)
(-0.99649 6.40981 0)
(-1.34698 7.1104 0)
(0.230649 5.61151 0)
(-0.592913 4.66359 0)
(1.19635 2.72512 0)
(2.17355 0.525974 0)
(2.93786 -1.02748 0)
(3.74319 -2.36547 0)
(4.40885 -3.41621 0)
(4.32 -3.62155 0)
(4.65434 -3.45266 0)
(6.17093 -4.33176 0)
(8.07259 -5.57265 0)
(9.54894 -6.10744 0)
(9.99943 -6.46318 0)
(10.8557 -6.34672 0)
(11.4675 -5.80498 0)
(12.1781 -5.30435 0)
(12.8627 -4.46716 0)
(13.2892 -3.34285 0)
(13.4022 -2.30935 0)
(13.6503 -1.07961 0)
(13.8686 0.341663 0)
(13.4875 1.36346 0)
(12.9748 2.05823 0)
(12.5773 2.68503 0)
(12.0493 3.10406 0)
(11.3511 3.16457 0)
(10.5046 2.91846 0)
(9.60195 2.35387 0)
(8.65615 1.55932 0)
(7.8624 0.689178 0)
(7.20908 0.116433 0)
(6.85743 -0.238321 0)
(6.53868 -0.217315 0)
(6.38953 -0.318813 0)
(6.12861 -0.115079 0)
(6.02075 -0.293557 0)
(5.82447 0.0068913 0)
(5.75336 -0.259223 0)
(5.65695 0.118337 0)
(5.58615 -0.203127 0)
(5.56982 0.166797 0)
(5.49821 -0.146248 0)
(5.50861 0.147143 0)
(5.47785 -0.0903001 0)
(5.45397 0.101451 0)
(5.48749 -0.0408484 0)
(5.42689 0.0710462 0)
(5.45874 -0.00906845 0)
(5.46393 0.0571362 0)
(5.37144 0.0137322 0)
(5.52669 0.0455464 0)
(5.31113 0.0242114 0)
(5.52083 0.0590844 0)
(5.33516 0.0111838 0)
(5.46619 0.0957923 0)
(5.34274 0.0146892 0)
(5.4751 0.0979114 0)
(5.28709 0.0615771 0)
(5.47158 0.0901883 0)
(5.32639 0.0870906 0)
(5.36219 0.137563 0)
(5.37202 0.0998797 0)
(5.35845 0.168591 0)
(5.2701 0.175293 0)
(5.41933 0.173649 0)
(5.18485 0.255411 0)
(5.44594 0.242279 0)
(5.13086 0.294155 0)
(5.40209 0.382978 0)
(5.08312 0.363499 0)
(5.50259 0.472887 0)
(4.89352 0.515819 0)
(5.49401 0.656987 0)
(4.87549 0.656949 0)
(5.54696 0.806004 0)
(4.85965 0.919895 0)
(5.27316 1.05858 0)
(5.01748 1.25901 0)
(5.01321 1.30888 0)
(5.24389 1.57637 0)
(4.64663 1.75653 0)
(5.13542 1.82433 0)
(4.19644 2.18124 0)
(4.63262 2.10514 0)
(3.3699 2.34165 0)
(2.26582 2.51646 0)
(0.658899 1.40971 0)
(0.00847558 0.974917 0)
(-0.412326 0.996472 0)
(-1.23325 0.478213 0)
(-2.23609 -0.857905 0)
(-3.03618 -2.70945 0)
(-3.95625 -4.1624 0)
(-4.42287 -4.29266 0)
(-3.47773 -2.52766 0)
(-2.01045 -0.56152 0)
(-0.991958 1.51555 0)
(-0.574344 4.11388 0)
(-0.694236 6.54141 0)
(-0.535669 6.76423 0)
(1.4956 5.4227 0)
(0.955389 4.50374 0)
(2.48514 2.30505 0)
(3.60094 0.135114 0)
(4.29899 -1.34033 0)
(5.0827 -2.63648 0)
(5.74289 -3.59431 0)
(5.36275 -3.73237 0)
(5.75349 -3.81462 0)
(7.8466 -4.98297 0)
(9.42859 -6.1904 0)
(10.4067 -6.43991 0)
(10.7306 -6.64363 0)
(11.3292 -6.63949 0)
(12.0936 -6.06359 0)
(12.4742 -5.53068 0)
(13.1558 -4.69305 0)
(13.433 -3.57695 0)
(13.6129 -2.42146 0)
(13.7915 -1.1288 0)
(14.0766 0.347673 0)
(13.8869 1.54731 0)
(13.2817 2.30182 0)
(12.7482 2.88486 0)
(12.2024 3.31957 0)
(11.5558 3.45069 0)
(10.8534 3.2675 0)
(10.1295 2.72818 0)
(9.266 1.92976 0)
(8.46047 1.00338 0)
(7.71087 0.358095 0)
(7.25301 -0.0865234 0)
(6.81798 -0.0874318 0)
(6.61888 -0.23967 0)
(6.28799 -0.00253026 0)
(6.16801 -0.254966 0)
(5.91567 0.11098 0)
(5.83286 -0.265492 0)
(5.70963 0.210117 0)
(5.60582 -0.235516 0)
(5.6135 0.240329 0)
(5.47198 -0.181241 0)
(5.55492 0.196393 0)
(5.43173 -0.118047 0)
(5.48282 0.137693 0)
(5.47263 -0.0748162 0)
(5.38315 0.129119 0)
(5.53772 -0.0806072 0)
(5.30371 0.162744 0)
(5.54825 -0.0923646 0)
(5.30629 0.153313 0)
(5.48161 -0.0437377 0)
(5.3712 0.0827808 0)
(5.41785 0.0379333 0)
(5.37613 0.0454466 0)
(5.44017 0.0654362 0)
(5.31967 0.0764685 0)
(5.43203 0.0707494 0)
(5.3605 0.0817224 0)
(5.34999 0.117555 0)
(5.36847 0.106796 0)
(5.38099 0.118061 0)
(5.3008 0.181182 0)
(5.33582 0.167821 0)
(5.37645 0.169864 0)
(5.23801 0.271933 0)
(5.36683 0.243045 0)
(5.2301 0.304277 0)
(5.31678 0.361279 0)
(5.28037 0.39075 0)
(5.19313 0.474674 0)
(5.30413 0.549192 0)
(5.12156 0.588294 0)
(5.44336 0.724599 0)
(4.96303 0.772791 0)
(5.41731 0.972882 0)
(4.95534 1.04508 0)
(5.37958 1.17958 0)
(5.14924 1.41456 0)
(5.00766 1.4968 0)
(5.4391 1.77826 0)
(4.69426 1.98899 0)
(4.99892 2.19092 0)
(3.86346 2.51774 0)
(4.13389 2.49048 0)
(2.94529 2.46742 0)
(1.28466 3.09736 0)
(-0.0137297 1.01133 0)
(-0.242671 1.23928 0)
(-0.855572 0.782952 0)
(-1.58681 -0.511145 0)
(-2.09767 -2.36334 0)
(-3.00345 -3.84981 0)
(-3.918 -4.27677 0)
(-3.84476 -3.04627 0)
(-2.08147 -1.07517 0)
(-1.13143 1.14441 0)
(-0.13642 3.96398 0)
(-0.467687 6.44604 0)
(0.229972 6.0714 0)
(2.10679 4.91487 0)
(2.49454 4.12366 0)
(3.72806 1.91494 0)
(4.92949 -0.237271 0)
(5.51142 -1.64985 0)
(6.43803 -2.88467 0)
(7.07238 -3.65517 0)
(6.45582 -3.79902 0)
(7.1128 -4.40037 0)
(9.35733 -5.76939 0)
(10.6446 -6.65336 0)
(10.8132 -6.6511 0)
(11.1551 -6.8349 0)
(11.5838 -6.9962 0)
(12.4457 -6.3443 0)
(12.5629 -5.79426 0)
(13.1151 -4.87738 0)
(13.358 -3.59731 0)
(13.3353 -2.52057 0)
(13.5569 -1.26119 0)
(13.8645 0.279158 0)
(13.9583 1.63836 0)
(13.5578 2.552 0)
(12.9306 3.1651 0)
(12.256 3.56405 0)
(11.6206 3.66973 0)
(11.0033 3.51366 0)
(10.3658 3.03861 0)
(9.59741 2.2854 0)
(8.8708 1.33321 0)
(8.09991 0.638645 0)
(7.57898 0.110829 0)
(7.04426 0.0817719 0)
(6.81071 -0.139306 0)
(6.40834 0.132885 0)
(6.302 -0.212349 0)
(5.98165 0.239137 0)
(5.9225 -0.281853 0)
(5.7458 0.335286 0)
(5.64908 -0.297197 0)
(5.65012 0.35934 0)
(5.47527 -0.264733 0)
(5.61662 0.298484 0)
(5.3999 -0.197078 0)
(5.59548 0.207754 0)
(5.38566 -0.124027 0)
(5.58108 0.157109 0)
(5.37156 -0.09139 0)
(5.57136 0.16312 0)
(5.36407 -0.0962524 0)
(5.51644 0.185825 0)
(5.40358 -0.106434 0)
(5.4471 0.195815 0)
(5.41781 -0.0890604 0)
(5.45189 0.186063 0)
(5.37152 -0.047557 0)
(5.45323 0.187456 0)
(5.37562 -0.0255501 0)
(5.39473 0.195141 0)
(5.39436 0.0239735 0)
(5.37437 0.186203 0)
(5.3929 0.075507 0)
(5.31005 0.241761 0)
(5.42649 0.105569 0)
(5.29081 0.242331 0)
(5.35304 0.254845 0)
(5.32052 0.240124 0)
(5.33756 0.331139 0)
(5.28401 0.348299 0)
(5.29726 0.425199 0)
(5.29403 0.45751 0)
(5.23661 0.545052 0)
(5.37258 0.616284 0)
(5.09503 0.697208 0)
(5.43881 0.861497 0)
(4.93346 0.883206 0)
(5.60756 1.10935 0)
(4.8092 1.20583 0)
(5.47923 1.40049 0)
(5.04988 1.59775 0)
(4.91451 1.75659 0)
(5.11397 2.07574 0)
(4.48142 2.38352 0)
(4.8728 2.54627 0)
(3.40573 3.21817 0)
(2.80825 3.46948 0)
(0.888487 2.93773 0)
(0.0438816 1.1096 0)
(0.0812885 1.28222 0)
(-0.356622 1.00172 0)
(-0.597751 -0.312745 0)
(-0.773172 -2.04526 0)
(-1.51647 -3.40369 0)
(-2.68487 -4.00937 0)
(-3.44893 -3.36454 0)
(-2.04946 -1.60126 0)
(-1.04293 0.678643 0)
(0.414455 3.63944 0)
(0.349326 6.48529 0)
(1.53371 5.6584 0)
(2.65263 4.4149 0)
(3.62895 3.66086 0)
(4.8923 1.53645 0)
(6.11351 -0.620864 0)
(6.66056 -1.98844 0)
(7.5852 -3.19304 0)
(8.08271 -3.74981 0)
(7.72502 -3.89019 0)
(9.00718 -4.91699 0)
(10.6651 -6.30868 0)
(11.2729 -6.85707 0)
(11.0692 -6.71298 0)
(11.4555 -6.95901 0)
(11.991 -7.28249 0)
(12.5358 -6.59181 0)
(12.5961 -5.84332 0)
(12.7375 -5.04487 0)
(13.1047 -3.6739 0)
(13.0151 -2.46451 0)
(13.0869 -1.26507 0)
(13.2915 0.179218 0)
(13.5533 1.58239 0)
(13.5653 2.69108 0)
(13.0787 3.44454 0)
(12.252 3.85975 0)
(11.4738 3.93127 0)
(10.8721 3.76704 0)
(10.407 3.29608 0)
(9.8057 2.56179 0)
(9.13792 1.61811 0)
(8.33784 0.921356 0)
(7.78579 0.33294 0)
(7.18672 0.277207 0)
(6.95054 -0.0244735 0)
(6.48472 0.281658 0)
(6.41939 -0.165621 0)
(6.01451 0.378285 0)
(6.02744 -0.29415 0)
(5.73898 0.465631 0)
(5.74683 -0.346016 0)
(5.60561 0.465346 0)
(5.59277 -0.317529 0)
(5.51895 0.371758 0)
(5.58462 -0.2443 0)
(5.41367 0.276056 0)
(5.66926 -0.192603 0)
(5.32454 0.26253 0)
(5.69911 -0.200744 0)
(5.36457 0.287872 0)
(5.5899 -0.196379 0)
(5.49542 0.250575 0)
(5.4827 -0.136329 0)
(5.52166 0.191537 0)
(5.50743 -0.0796954 0)
(5.44557 0.181385 0)
(5.527 -0.0471068 0)
(5.43795 0.184203 0)
(5.45803 -0.0094998 0)
(5.43947 0.170245 0)
(5.45859 0.0429223 0)
(5.36445 0.179004 0)
(5.45987 0.0864603 0)
(5.3493 0.219239 0)
(5.4142 0.135999 0)
(5.31562 0.232147 0)
(5.39243 0.247113 0)
(5.36311 0.25459 0)
(5.28148 0.336462 0)
(5.39458 0.349628 0)
(5.27776 0.420405 0)
(5.41304 0.467763 0)
(5.23205 0.532283 0)
(5.44009 0.622741 0)
(5.26431 0.710455 0)
(5.35962 0.796095 0)
(5.41872 0.93296 0)
(5.20818 1.02415 0)
(5.61172 1.26014 0)
(5.18909 1.29969 0)
(5.58349 1.63447 0)
(5.12784 1.94061 0)
(4.93143 2.08394 0)
(5.09636 2.47603 0)
(4.39985 2.79646 0)
(4.73335 3.06927 0)
(3.34018 3.77174 0)
(1.49437 4.84941 0)
(0.310544 0.93449 0)
(0.277858 1.36476 0)
(0.387248 1.03108 0)
(0.69025 -0.27713 0)
(0.862474 -1.80753 0)
(0.401678 -2.92557 0)
(-0.762361 -3.51908 0)
(-2.17168 -3.31513 0)
(-1.81976 -2.02974 0)
(-0.553745 0.110569 0)
(0.905688 3.19564 0)
(1.04407 6.15367 0)
(3.24649 5.25859 0)
(3.8148 3.95103 0)
(4.65189 3.17681 0)
(6.05078 1.11413 0)
(7.17585 -0.997661 0)
(7.7854 -2.32267 0)
(8.69123 -3.43358 0)
(8.85582 -3.85297 0)
(8.83111 -4.25268 0)
(10.5002 -5.52689 0)
(11.5803 -6.61322 0)
(11.4353 -6.821 0)
(11.3034 -6.78047 0)
(11.6417 -7.23055 0)
(12.2055 -7.48927 0)
(12.334 -6.72343 0)
(12.1631 -5.83448 0)
(12.151 -4.99325 0)
(12.3526 -3.71938 0)
(12.4965 -2.48031 0)
(12.6785 -1.21481 0)
(12.6502 0.150817 0)
(12.7563 1.45937 0)
(13.0876 2.7142 0)
(12.97 3.69412 0)
(12.2016 4.16837 0)
(11.3387 4.17545 0)
(10.7216 3.95527 0)
(10.2876 3.48695 0)
(9.70442 2.81603 0)
(9.1019 1.90985 0)
(8.37035 1.21137 0)
(7.87011 0.555504 0)
(7.24507 0.475402 0)
(7.03001 0.0923345 0)
(6.51134 0.435626 0)
(6.50325 -0.119692 0)
(6.02685 0.526828 0)
(6.11516 -0.315614 0)
(5.7469 0.611625 0)
(5.82452 -0.42283 0)
(5.62645 0.598265 0)
(5.66087 -0.421804 0)
(5.57507 0.477502 0)
(5.64202 -0.338314 0)
(5.52371 0.343374 0)
(5.7201 -0.251591 0)
(5.43351 0.3113 0)
(5.83172 -0.256997 0)
(5.33616 0.379982 0)
(5.88718 -0.301892 0)
(5.34511 0.404505 0)
(5.82239 -0.277515 0)
(5.45051 0.354048 0)
(5.7347 -0.211994 0)
(5.48037 0.337735 0)
(5.71189 -0.187009 0)
(5.46139 0.364888 0)
(5.62137 -0.166881 0)
(5.53575 0.338334 0)
(5.49602 -0.0855906 0)
(5.51059 0.328451 0)
(5.48302 -0.0456204 0)
(5.43422 0.380774 0)
(5.37748 0.00867619 0)
(5.43492 0.352381 0)
(5.32102 0.141902 0)
(5.3593 0.37668 0)
(5.23165 0.238427 0)
(5.37205 0.42728 0)
(5.22511 0.359954 0)
(5.26687 0.52563 0)
(5.26675 0.51071 0)
(5.27381 0.630776 0)
(5.31877 0.7166 0)
(5.25084 0.825313 0)
(5.32832 0.932254 0)
(5.36179 1.07493 0)
(5.17915 1.16413 0)
(5.50468 1.46428 0)
(4.76079 1.57593 0)
(5.66024 1.86633 0)
(5.33926 2.16549 0)
(5.16551 2.49065 0)
(5.17682 2.99931 0)
(3.75639 3.91913 0)
(3.79854 4.29005 0)
(1.36174 4.96349 0)
(0.0293209 0.955907 0)
(0.695786 1.22761 0)
(1.36147 0.857549 0)
(2.11318 -0.391036 0)
(2.48199 -1.73008 0)
(2.31153 -2.60223 0)
(1.51868 -2.98568 0)
(-0.0836233 -2.95027 0)
(-0.818576 -2.34345 0)
(0.223919 -0.597235 0)
(2.0611 2.7912 0)
(1.45374 5.43919 0)
(4.54338 4.65149 0)
(5.26946 3.52611 0)
(5.70812 2.76926 0)
(7.30024 0.730154 0)
(8.17953 -1.36477 0)
(8.8329 -2.69575 0)
(9.53316 -3.64435 0)
(9.61658 -3.92334 0)
(10.1649 -4.60502 0)
(11.669 -5.96931 0)
(12.0568 -6.675 0)
(11.6135 -6.7422 0)
(11.7452 -6.91144 0)
(12.1136 -7.41517 0)
(12.079 -7.57701 0)
(11.8586 -6.67406 0)
(11.3813 -5.76284 0)
(11.4367 -4.95197 0)
(11.5637 -3.72186 0)
(11.6565 -2.50772 0)
(12.1243 -1.20073 0)
(12.099 0.180812 0)
(11.8751 1.36879 0)
(12.2618 2.61301 0)
(12.5553 3.78918 0)
(12.0447 4.44685 0)
(11.1563 4.48169 0)
(10.4127 4.20284 0)
(9.95142 3.70016 0)
(9.47896 3.0516 0)
(9.03094 2.16271 0)
(8.3724 1.48325 0)
(7.90882 0.7819 0)
(7.25075 0.68878 0)
(7.07643 0.212553 0)
(6.48749 0.595814 0)
(6.58626 -0.0853534 0)
(5.97787 0.681965 0)
(6.25528 -0.348949 0)
(5.67172 0.762617 0)
(6.04215 -0.497525 0)
(5.52396 0.710567 0)
(6.00612 -0.495421 0)
(5.42951 0.537112 0)
(6.14117 -0.399569 0)
(5.36894 0.387924 0)
(6.27213 -0.322027 0)
(5.39088 0.372216 0)
(6.29792 -0.338214 0)
(5.45568 0.443159 0)
(6.26206 -0.38433 0)
(5.53388 0.467186 0)
(6.19134 -0.366939 0)
(5.63264 0.41906 0)
(6.14015 -0.284221 0)
(5.66616 0.384071 0)
(6.16114 -0.232049 0)
(5.63924 0.421665 0)
(6.1375 -0.23499 0)
(5.72722 0.420202 0)
(6.02019 -0.134435 0)
(5.76903 0.380922 0)
(6.01628 -0.0628529 0)
(5.66196 0.460994 0)
(5.94898 -0.0334002 0)
(5.66435 0.420179 0)
(5.83023 0.156392 0)
(5.53829 0.421757 0)
(5.70559 0.23936 0)
(5.49363 0.453399 0)
(5.5282 0.416484 0)
(5.34869 0.510733 0)
(5.44425 0.509516 0)
(5.37082 0.616494 0)
(5.33542 0.728356 0)
(5.46709 0.78287 0)
(5.39848 0.881387 0)
(5.6373 1.08693 0)
(5.50641 1.24058 0)
(5.50212 1.46317 0)
(5.69593 1.68129 0)
(5.12312 1.8046 0)
(5.63776 2.15542 0)
(5.32336 2.68844 0)
(5.05588 2.9496 0)
(5.13973 3.87896 0)
(4.05868 4.88045 0)
(2.0894 7.14935 0)
(0.495636 0.641392 0)
(1.54829 0.793183 0)
(2.64932 0.467769 0)
(3.65358 -0.624785 0)
(4.04343 -1.78985 0)
(3.92372 -2.51389 0)
(3.583 -2.66722 0)
(2.37228 -2.43194 0)
(1.30225 -2.22765 0)
(1.3365 -1.15249 0)
(2.87659 2.38462 0)
(2.35102 4.90402 0)
(5.48805 3.98217 0)
(6.58378 3.05045 0)
(6.91141 2.36434 0)
(8.59476 0.324111 0)
(9.20764 -1.68429 0)
(9.78316 -2.94656 0)
(10.2075 -3.73196 0)
(10.3545 -4.10341 0)
(11.3079 -5.04737 0)
(12.507 -6.25381 0)
(12.2353 -6.58024 0)
(11.9782 -6.65723 0)
(12.1732 -7.09231 0)
(12.2289 -7.4338 0)
(11.6436 -7.31713 0)
(10.9825 -6.44325 0)
(10.4477 -5.63628 0)
(10.57 -4.93608 0)
(10.8891 -3.77665 0)
(10.9579 -2.59705 0)
(11.4865 -1.24147 0)
(11.5735 0.240662 0)
(11.0983 1.35515 0)
(11.3227 2.49966 0)
(11.8632 3.80114 0)
(11.6033 4.65491 0)
(10.7682 4.76335 0)
(10.0273 4.44371 0)
(9.61769 3.87241 0)
(9.19485 3.21638 0)
(8.78397 2.35737 0)
(8.1569 1.7174 0)
(7.76384 0.988592 0)
(7.1197 0.887975 0)
(7.03951 0.334881 0)
(6.38898 0.748243 0)
(6.64784 -0.0359429 0)
(5.8606 0.823699 0)
(6.42868 -0.367608 0)
(5.48907 0.903599 0)
(6.34286 -0.570487 0)
(5.26092 0.841643 0)
(6.41488 -0.59264 0)
(5.1307 0.652438 0)
(6.5559 -0.503335 0)
(5.14961 0.500847 0)
(6.5511 -0.433154 0)
(5.31954 0.500194 0)
(6.40591 -0.464543 0)
(5.45055 0.598506 0)
(6.2551 -0.538383 0)
(5.5355 0.639599 0)
(6.09544 -0.541085 0)
(5.63906 0.574885 0)
(6.03832 -0.452701 0)
(5.64098 0.524666 0)
(6.12169 -0.400922 0)
(5.60706 0.577184 0)
(6.14322 -0.43199 0)
(5.70568 0.589506 0)
(6.10427 -0.335773 0)
(5.78214 0.532478 0)
(6.18402 -0.23514 0)
(5.76237 0.614508 0)
(6.16992 -0.216131 0)
(5.8889 0.588607 0)
(6.09612 -0.0094596 0)
(5.87293 0.597818 0)
(6.0019 0.0853525 0)
(5.92048 0.65704 0)
(5.74268 0.270027 0)
(5.79357 0.719822 0)
(5.51838 0.392775 0)
(5.63862 0.82909 0)
(5.20962 0.567559 0)
(5.39987 0.929288 0)
(5.10874 0.75433 0)
(5.29868 1.11223 0)
(5.39426 1.07539 0)
(5.51432 1.44391 0)
(5.75424 1.52448 0)
(5.97446 2.04705 0)
(5.24308 2.08824 0)
(5.55633 2.90158 0)
(5.25197 3.19494 0)
(4.18695 4.47244 0)
(5.2691 4.63845 0)
(2.21495 7.55684 0)
(4.93374 0.463658 0)
(-2.4633 -0.0174108 0)
(1.53306 -0.0542591 0)
(0.590058 -0.00907692 0)
(1.37221 -0.0064098 0)
(1.41471 -0.000252009 0)
(1.50109 -6.63936e-05 0)
(1.56672 2.63523e-05 0)
(1.58686 0.000383279 0)
(1.61968 8.95593e-05 0)
(9.85937 0.705366 0)
(-1.6272 0.269261 0)
(3.99529 -0.282445 0)
(2.461 -0.0183803 0)
(3.54552 -0.0691498 0)
(3.76808 -0.0237139 0)
(3.94827 -0.016412 0)
(4.11607 -0.0101633 0)
(4.16705 -0.00577222 0)
(4.26607 -0.00426978 0)
(12.8727 1.18194 0)
(1.13473 0.512678 0)
(5.96474 -0.46103 0)
(4.50478 -0.0376435 0)
(5.47169 -0.130865 0)
(5.80359 -0.0633808 0)
(6.01592 -0.0417621 0)
(6.24897 -0.0268685 0)
(6.31245 -0.0168897 0)
(6.46351 -0.0124224 0)
(15.115 1.552 0)
(4.434 0.790499 0)
(8.00418 -0.5505 0)
(6.74211 -0.0618573 0)
(7.43002 -0.180319 0)
(7.76517 -0.107333 0)
(7.95203 -0.0718542 0)
(8.20492 -0.0474044 0)
(8.26186 -0.0316885 0)
(8.44142 -0.0235437 0)
(16.6193 1.76466 0)
(7.76325 1.07371 0)
(10.1081 -0.540907 0)
(9.03951 -0.0791651 0)
(9.409 -0.204513 0)
(9.67173 -0.142099 0)
(9.79259 -0.0984784 0)
(10.0154 -0.0663852 0)
(10.049 -0.046294 0)
(10.2242 -0.0355807 0)
(16.7896 1.61484 0)
(10.429 1.26053 0)
(11.9427 -0.478563 0)
(11.1469 -0.0891302 0)
(11.2774 -0.203661 0)
(11.4503 -0.161588 0)
(11.4973 -0.116235 0)
(11.6595 -0.0794019 0)
(11.6615 -0.0567225 0)
(11.8036 -0.0458867 0)
(16.2613 1.31808 0)
(12.249 1.27543 0)
(13.2564 -0.429248 0)
(12.8051 -0.120229 0)
(12.8278 -0.196794 0)
(12.9476 -0.171451 0)
(12.9569 -0.127141 0)
(13.0588 -0.0867254 0)
(13.0391 -0.0619857 0)
(13.1377 -0.0527747 0)
(15.5423 1.29002 0)
(13.4066 1.27009 0)
(14.072 -0.351494 0)
(13.8884 -0.154969 0)
(13.8676 -0.188674 0)
(13.966 -0.174629 0)
(13.9795 -0.134959 0)
(14.0589 -0.0915357 0)
(14.0388 -0.0650684 0)
(14.1212 -0.0575377 0)
(14.4999 1.16348 0)
(13.9477 1.18245 0)
(14.3892 -0.281985 0)
(14.346 -0.191785 0)
(14.2869 -0.186623 0)
(14.3678 -0.175582 0)
(14.373 -0.142734 0)
(14.4709 -0.0968802 0)
(14.4547 -0.0695674 0)
(14.5644 -0.0633953 0)
(13.095 0.931555 0)
(13.7428 0.996761 0)
(14.1323 -0.238946 0)
(14.1779 -0.223308 0)
(14.1115 -0.188553 0)
(14.2042 -0.173708 0)
(14.1973 -0.147755 0)
(14.3325 -0.101947 0)
(14.3231 -0.0745109 0)
(14.4692 -0.0702997 0)
(11.9621 0.672908 0)
(13.0985 0.761419 0)
(13.5727 -0.220613 0)
(13.7091 -0.251388 0)
(13.6732 -0.201535 0)
(13.8038 -0.177308 0)
(13.81 -0.156358 0)
(13.985 -0.111416 0)
(13.9882 -0.0838952 0)
(14.1656 -0.0800445 0)
(11.4644 0.526996 0)
(12.5054 0.564917 0)
(13.0906 -0.208274 0)
(13.2918 -0.273433 0)
(13.3091 -0.221225 0)
(13.4622 -0.184464 0)
(13.5072 -0.166579 0)
(13.6944 -0.12284 0)
(13.7136 -0.0958498 0)
(13.9057 -0.0911409 0)
(11.4552 0.399662 0)
(12.2536 0.398344 0)
(12.9163 -0.208111 0)
(13.1172 -0.298129 0)
(13.215 -0.251626 0)
(13.3272 -0.201583 0)
(13.4407 -0.182682 0)
(13.5564 -0.137322 0)
(13.6099 -0.112413 0)
(13.7396 -0.103344 0)
(11.4887 0.279987 0)
(12.2524 0.249583 0)
(12.9558 -0.212872 0)
(13.149 -0.319314 0)
(13.319 -0.2806 0)
(13.323 -0.219218 0)
(13.4614 -0.194798 0)
(13.392 -0.145039 0)
(13.4558 -0.122858 0)
(13.374 -0.106294 0)
(11.4298 0.124489 0)
(12.321 0.0917418 0)
(13.0227 -0.233935 0)
(13.2419 -0.347481 0)
(13.2966 -0.304405 0)
(13.1042 -0.228285 0)
(13.054 -0.18981 0)
(12.7609 -0.136179 0)
(12.7287 -0.113056 0)
(12.4409 -0.0924865 0)
(11.3688 -0.0306847 0)
(12.3652 -0.0551737 0)
(13.0197 -0.269175 0)
(12.9766 -0.355812 0)
(12.6215 -0.288215 0)
(12.1332 -0.197814 0)
(11.8551 -0.151514 0)
(11.4377 -0.103874 0)
(11.3335 -0.084284 0)
(10.9736 -0.068366 0)
(11.3403 -0.201974 0)
(12.2102 -0.189742 0)
(12.3319 -0.28111 0)
(11.7102 -0.304249 0)
(10.9807 -0.218307 0)
(10.3472 -0.135584 0)
(9.98658 -0.0985597 0)
(9.57558 -0.066283 0)
(9.45738 -0.053644 0)
(9.114 -0.0443343 0)
(10.8544 -0.330148 0)
(10.8443 -0.217531 0)
(10.2987 -0.208731 0)
(9.38266 -0.194822 0)
(8.56981 -0.125476 0)
(7.98538 -0.0714841 0)
(7.66008 -0.0507166 0)
(7.33285 -0.0343096 0)
(7.23202 -0.0276567 0)
(6.95767 -0.0236818 0)
(8.67172 -0.28294 0)
(7.88152 -0.128506 0)
(7.11619 -0.100024 0)
(6.28086 -0.0857036 0)
(5.62554 -0.0478234 0)
(5.21754 -0.0238242 0)
(5.0016 -0.0168706 0)
(4.7927 -0.0118245 0)
(4.72739 -0.00914044 0)
(4.55011 -0.00866828 0)
(3.76302 -0.13348 0)
(3.19102 -0.0122588 0)
(2.74415 -0.00509702 0)
(2.3415 -0.00389412 0)
(2.05474 0.00107934 0)
(1.91129 0.00164075 0)
(1.8441 0.000648981 0)
(1.77563 0.000141067 0)
(1.75481 0.000510626 0)
(1.69473 -0.000237973 0)
)
;

boundaryField
{
    inlet
    {
        type            fixedValue;
        value           uniform (10 0 0);
    }
    outlet
    {
        type            zeroGradient;
    }
    walls
    {
        type            fixedValue;
        value           uniform (0 0 0);
    }
    frontAndBack
    {
        type            empty;
    }
}


// ************************************************************************* //
