/*--------------------------------*- C++ -*----------------------------------*\
| =========                 |                                                 |
| \\      /  F ield         | OpenFOAM: The Open Source CFD Toolbox           |
|  \\    /   O peration     | Version:  2.4.0                                 |
|   \\  /    A nd           | Web:      www.OpenFOAM.org                      |
|    \\/     M anipulation  |                                                 |
\*---------------------------------------------------------------------------*/
FoamFile
{
    version     2.0;
    format      ascii;
    class       volScalarField;
    location    "0.019";
    object      nuSgs;
}
// * * * * * * * * * * * * * * * * * * * * * * * * * * * * * * * * * * * * * //

dimensions      [0 2 -1 0 0 0 0];

internalField   nonuniform List<scalar> 
4400
(
0.00205182
0.00193683
0.00169619
0.00154442
0.00141158
0.00136352
0.00133649
0.0013454
0.00130304
0.00140985
0.00139455
0.00172865
0.00172375
0.00168265
0.00157292
0.00151914
0.00149202
0.00146537
0.00149444
0.00149633
0.000715421
0.00118296
0.00135549
0.00142789
0.00140867
0.00136931
0.00136201
0.001303
0.00136969
0.00135305
0.000267122
0.000650019
0.000850912
0.00101407
0.0011036
0.00110839
0.00112612
0.00108182
0.00111508
0.00114225
8.66314e-05
0.000281517
0.00040734
0.000550042
0.000717467
0.000783255
0.000808194
0.000809372
0.00080376
0.000839631
2.51392e-05
9.90682e-05
0.000148096
0.000220941
0.000348479
0.000452041
0.000466695
0.000497365
0.000477237
0.00049709
7.70272e-06
3.05491e-05
4.28047e-05
6.76478e-05
0.000125159
0.000196169
0.000203651
0.000216331
0.000200792
0.000213631
4.28798e-06
1.1728e-05
1.31854e-05
1.81817e-05
3.76554e-05
5.98281e-05
6.02624e-05
6.22996e-05
5.25553e-05
5.82094e-05
3.88627e-06
8.32512e-06
8.46327e-06
8.93879e-06
1.29475e-05
1.59912e-05
1.54072e-05
1.55539e-05
1.22541e-05
1.32577e-05
3.87678e-06
7.47435e-06
7.81609e-06
8.58948e-06
9.94646e-06
1.01152e-05
9.92976e-06
9.687e-06
8.57239e-06
8.58982e-06
3.84016e-06
7.65711e-06
7.87392e-06
8.46551e-06
9.97469e-06
1.01778e-05
1.00267e-05
9.67737e-06
8.55883e-06
8.55919e-06
3.92389e-06
7.81936e-06
8.05868e-06
8.58445e-06
1.27151e-05
1.66568e-05
1.66273e-05
1.43418e-05
1.39567e-05
1.37207e-05
4.23789e-06
1.02984e-05
1.25945e-05
1.75317e-05
3.62843e-05
6.15834e-05
6.41603e-05
5.86711e-05
6.08896e-05
6.13281e-05
7.80681e-06
2.63636e-05
4.19781e-05
6.6756e-05
0.000122957
0.0001968
0.000213207
0.000210119
0.000215712
0.000227322
2.54853e-05
8.94731e-05
0.000147395
0.000220783
0.000343475
0.000453023
0.000482447
0.00048649
0.000497163
0.000520613
8.72802e-05
0.000268059
0.000413932
0.0005526
0.000707574
0.00079336
0.000810035
0.00081216
0.00082028
0.000844444
0.000268605
0.000640282
0.000860957
0.0010105
0.00109997
0.00111964
0.00111435
0.00110236
0.001106
0.00112136
0.000718399
0.00117731
0.0013623
0.00142261
0.00141137
0.00137217
0.00134685
0.00132573
0.00133194
0.00132967
0.00139396
0.00172707
0.00172588
0.00167876
0.00158292
0.00150764
0.00148711
0.00146577
0.00147336
0.00144601
0.00205082
0.00193634
0.00169815
0.00153834
0.00142246
0.0013505
0.00133655
0.00132153
0.00132644
0.00126408
0.000573006
0.000426137
0.000323286
0.000266839
0.000259516
0.000344619
0.000399555
0.000386195
0.000347748
0.000332754
0.000328236
0.000297673
0.000218415
0.000155335
0.000112451
8.62625e-05
7.35453e-05
6.66167e-05
5.75971e-05
4.62464e-05
3.47482e-05
2.47876e-05
1.69769e-05
1.12665e-05
7.30781e-06
4.67087e-06
2.9613e-06
1.86997e-06
1.17958e-06
7.45713e-07
4.74139e-07
3.04072e-07
1.96984e-07
1.28898e-07
8.50893e-08
5.65653e-08
3.78029e-08
2.53616e-08
1.70625e-08
1.1503e-08
7.76762e-09
5.25261e-09
3.55658e-09
2.41146e-09
1.63754e-09
1.11407e-09
7.59735e-10
5.19722e-10
3.57061e-10
2.46786e-10
1.72029e-10
1.21449e-10
8.73043e-11
6.43459e-11
4.94685e-11
3.99293e-11
3.3851e-11
3.22664e-11
3.28132e-11
3.49748e-11
3.97022e-11
4.83532e-11
6.13353e-11
8.11958e-11
1.09634e-10
1.51229e-10
2.12309e-10
2.99987e-10
4.32058e-10
6.11789e-10
9.33015e-10
1.25319e-09
2.27237e-09
2.60352e-09
6.88818e-09
6.38281e-09
2.94197e-08
2.58519e-08
1.68246e-07
1.64135e-07
7.55643e-07
8.11574e-07
1.82632e-06
2.09011e-06
3.21013e-06
3.16617e-06
3.95631e-06
3.64768e-06
3.6266e-06
3.40874e-06
3.99972e-06
4.01569e-06
4.25812e-06
4.66769e-06
6.51694e-06
9.62107e-06
2.25607e-05
2.864e-05
8.01692e-05
0.000201855
0.000712712
0.000593638
0.000503832
0.000392379
0.000382703
0.000433305
0.000418153
0.000322044
0.000266876
0.000276803
0.000300748
0.000285791
0.00021309
0.000150734
0.000110651
8.58631e-05
7.20736e-05
6.36579e-05
5.50652e-05
4.47936e-05
3.4159e-05
2.4624e-05
1.69546e-05
1.12593e-05
7.27868e-06
4.62253e-06
2.90865e-06
1.82641e-06
1.1507e-06
7.29866e-07
4.66834e-07
3.01298e-07
1.96205e-07
1.28834e-07
8.52101e-08
5.6693e-08
3.78945e-08
2.54184e-08
1.70952e-08
1.1521e-08
7.77717e-09
5.25752e-09
3.55901e-09
2.41258e-09
1.638e-09
1.1142e-09
7.59711e-10
5.19629e-10
3.56943e-10
2.46663e-10
1.71909e-10
1.21332e-10
8.71899e-11
6.42325e-11
4.93533e-11
3.98106e-11
3.37319e-11
3.21467e-11
3.26922e-11
3.48499e-11
3.95688e-11
4.821e-11
6.11813e-11
8.09781e-11
1.09313e-10
1.50769e-10
2.11579e-10
2.98858e-10
4.30237e-10
6.083e-10
9.31495e-10
1.24151e-09
2.30724e-09
2.59557e-09
7.43683e-09
7.07972e-09
3.75474e-08
3.74567e-08
2.63813e-07
2.65943e-07
1.44461e-06
1.29958e-06
4.1528e-06
3.41568e-06
7.75396e-06
5.80103e-06
1.00402e-05
7.90933e-06
8.25835e-06
6.80946e-06
7.43366e-06
6.1352e-06
6.74372e-06
6.09479e-06
1.34886e-05
1.37738e-05
2.42167e-05
2.86384e-05
7.52441e-05
0.000177234
0.000666839
0.00057785
0.000541165
0.000502303
0.000489308
0.000469372
0.000343084
0.000208922
0.000184147
0.000214192
0.000251901
0.00025227
0.000210423
0.000150937
0.000111447
8.71993e-05
7.24373e-05
6.2316e-05
5.25867e-05
4.23623e-05
3.23827e-05
2.35606e-05
1.64156e-05
1.10242e-05
7.18516e-06
4.58152e-06
2.8835e-06
1.80702e-06
1.13591e-06
7.19857e-07
4.60978e-07
2.9836e-07
1.94967e-07
1.28427e-07
8.51389e-08
5.67258e-08
3.79429e-08
2.54567e-08
1.71203e-08
1.1536e-08
7.7857e-09
5.26218e-09
3.56146e-09
2.4138e-09
1.63853e-09
1.11436e-09
7.59672e-10
5.19487e-10
3.56747e-10
2.46438e-10
1.7167e-10
1.21085e-10
8.69398e-11
6.39814e-11
4.91024e-11
3.95593e-11
3.3483e-11
3.18996e-11
3.24448e-11
3.46014e-11
3.93167e-11
4.79413e-11
6.08699e-11
8.06561e-11
1.08893e-10
1.50218e-10
2.10695e-10
2.97674e-10
4.27641e-10
6.05521e-10
9.22435e-10
1.23574e-09
2.29128e-09
2.64e-09
7.68138e-09
8.44706e-09
4.24227e-08
5.64812e-08
3.46327e-07
4.19664e-07
2.42675e-06
2.25278e-06
9.03153e-06
6.52728e-06
2.14813e-05
1.3709e-05
3.71999e-05
2.49324e-05
4.11606e-05
2.73337e-05
3.67585e-05
2.38056e-05
2.51819e-05
1.63973e-05
2.24581e-05
1.73488e-05
3.80724e-05
3.16149e-05
7.86913e-05
0.000152174
0.000593727
0.000542516
0.000501673
0.000489652
0.000473041
0.000401668
0.000232924
0.000144034
0.000146209
0.000202673
0.000217263
0.000216605
0.000196665
0.000146991
0.000110748
8.80699e-05
7.37952e-05
6.22582e-05
5.10333e-05
3.99762e-05
2.9962e-05
2.16268e-05
1.51229e-05
1.02819e-05
6.81171e-06
4.41234e-06
2.81331e-06
1.77929e-06
1.12467e-06
7.14827e-07
4.58528e-07
2.97174e-07
1.94453e-07
1.28251e-07
8.51133e-08
5.6753e-08
3.79789e-08
2.5486e-08
1.71404e-08
1.15485e-08
7.79296e-09
5.26617e-09
3.56353e-09
2.41478e-09
1.63892e-09
1.11442e-09
7.59549e-10
5.1926e-10
3.5646e-10
2.46118e-10
1.71332e-10
1.20737e-10
8.65865e-11
6.36275e-11
4.87477e-11
3.92024e-11
3.3129e-11
3.15491e-11
3.20947e-11
3.42508e-11
3.89633e-11
4.75489e-11
6.04931e-11
8.02381e-11
1.08367e-10
1.49577e-10
2.09673e-10
2.96512e-10
4.24525e-10
6.03835e-10
9.0363e-10
1.23814e-09
2.21123e-09
2.74546e-09
7.41685e-09
1.05558e-08
4.16281e-08
8.28285e-08
3.48974e-07
5.80196e-07
2.93402e-06
2.81766e-06
1.26032e-05
9.59739e-06
2.94451e-05
2.27058e-05
5.2635e-05
4.39228e-05
8.4543e-05
6.91548e-05
0.000122135
9.15514e-05
0.000128427
7.52051e-05
9.01883e-05
4.99163e-05
6.1514e-05
4.29097e-05
7.50492e-05
0.000122464
0.000447672
0.000425951
0.000405759
0.000402826
0.000387111
0.000283334
0.000155757
0.000104232
0.000120995
0.000179116
0.000194853
0.000189827
0.000165562
0.00012811
9.97568e-05
8.462e-05
7.38923e-05
6.27828e-05
5.09888e-05
3.93547e-05
2.89779e-05
2.04936e-05
1.40336e-05
9.39201e-06
6.1962e-06
4.05077e-06
2.628e-06
1.69505e-06
1.09034e-06
7.02155e-07
4.54296e-07
2.95929e-07
1.94169e-07
1.28247e-07
8.51725e-08
5.68118e-08
3.80227e-08
2.55151e-08
1.71584e-08
1.15591e-08
7.79887e-09
5.26929e-09
3.56503e-09
2.41536e-09
1.63898e-09
1.1142e-09
7.59182e-10
5.18823e-10
3.55993e-10
2.4564e-10
1.70853e-10
1.20262e-10
8.61153e-11
6.31608e-11
4.82825e-11
3.87372e-11
3.26686e-11
3.10929e-11
3.16394e-11
3.37973e-11
3.85106e-11
4.70739e-11
6.00087e-11
7.97185e-11
1.07746e-10
1.48864e-10
2.08527e-10
2.95398e-10
4.21088e-10
6.03513e-10
8.76387e-10
1.2559e-09
2.01234e-09
2.9498e-09
6.83218e-09
1.39888e-08
5.15193e-08
1.3688e-07
4.84501e-07
1.02696e-06
3.55874e-06
4.18418e-06
1.33424e-05
1.33253e-05
1.89699e-05
2.22953e-05
3.12387e-05
3.53886e-05
4.52262e-05
5.48671e-05
9.2763e-05
9.19312e-05
0.000179166
0.000151929
0.00028168
0.000196106
0.000244787
0.000132336
0.000113461
0.000122369
0.000265398
0.000243852
0.000229582
0.000238512
0.000232597
0.000165105
9.12229e-05
7.22991e-05
0.000102094
0.000152157
0.000153518
0.000134362
0.000113787
0.000101811
8.89926e-05
8.07101e-05
7.32348e-05
6.2931e-05
5.1213e-05
3.94867e-05
2.89027e-05
2.0268e-05
1.37438e-05
9.08663e-06
5.90829e-06
3.8114e-06
2.45681e-06
1.58933e-06
1.03344e-06
6.75297e-07
4.43078e-07
2.9178e-07
1.92842e-07
1.27914e-07
8.51399e-08
5.68479e-08
3.80616e-08
2.5543e-08
1.71759e-08
1.15693e-08
7.80457e-09
5.27226e-09
3.56642e-09
2.41586e-09
1.63899e-09
1.11394e-09
7.58781e-10
5.18347e-10
3.55478e-10
2.45105e-10
1.7031e-10
1.19715e-10
8.55675e-11
6.26148e-11
4.7736e-11
3.81883e-11
3.21229e-11
3.05514e-11
3.10993e-11
3.32597e-11
3.79752e-11
4.64949e-11
5.94585e-11
7.91232e-11
1.07048e-10
1.48083e-10
2.07277e-10
2.9433e-10
4.17037e-10
6.06298e-10
8.55851e-10
1.29527e-09
1.89312e-09
3.34691e-09
6.90261e-09
2.00397e-08
6.31612e-08
2.25971e-07
6.25144e-07
1.84157e-06
3.61726e-06
6.91871e-06
8.20217e-06
1.21899e-05
1.47982e-05
1.71145e-05
3.6897e-05
3.41013e-05
4.11375e-05
5.19331e-05
6.3779e-05
8.26046e-05
9.56668e-05
0.000120519
0.000172262
0.000181079
0.000216217
0.000194351
0.000190449
0.000144446
0.000112318
9.77187e-05
8.84131e-05
9.52313e-05
9.03297e-05
6.60929e-05
4.3359e-05
4.35638e-05
8.04902e-05
9.38064e-05
8.97591e-05
7.47126e-05
7.28263e-05
8.12976e-05
8.42462e-05
8.03884e-05
7.46344e-05
6.36173e-05
5.10071e-05
3.94713e-05
2.91434e-05
2.04622e-05
1.38213e-05
9.08942e-06
5.8773e-06
3.76869e-06
2.41524e-06
1.55572e-06
1.0098e-06
6.60529e-07
4.3485e-07
2.87681e-07
1.91016e-07
1.27193e-07
8.48979e-08
5.67879e-08
3.80597e-08
2.55544e-08
1.71867e-08
1.15767e-08
7.80899e-09
5.27459e-09
3.56748e-09
2.41618e-09
1.63888e-09
1.11359e-09
7.58299e-10
5.17793e-10
3.54886e-10
2.44496e-10
1.69694e-10
1.19096e-10
8.49471e-11
6.19966e-11
4.71164e-11
3.75661e-11
3.15047e-11
2.99371e-11
3.04864e-11
3.26502e-11
3.73699e-11
4.58523e-11
5.88412e-11
7.84498e-11
1.06284e-10
1.47245e-10
2.05953e-10
2.93774e-10
4.12318e-10
6.20262e-10
8.30588e-10
1.45284e-09
1.77133e-09
4.23596e-09
6.68728e-09
2.56215e-08
6.5302e-08
2.66601e-07
6.10788e-07
1.95585e-06
2.7447e-06
7.18578e-06
6.42731e-06
9.15586e-06
1.80569e-05
1.77614e-05
2.614e-05
3.03155e-05
3.05199e-05
3.97112e-05
5.49399e-05
6.74489e-05
0.000115414
0.000118482
0.000212502
0.00019119
0.000237077
0.000216768
0.000205206
0.000163217
2.95359e-05
2.45292e-05
2.04037e-05
2.0987e-05
2.4224e-05
2.79777e-05
2.71896e-05
3.0115e-05
4.022e-05
4.35667e-05
4.48176e-05
4.87168e-05
5.42397e-05
7.11059e-05
8.42362e-05
8.53033e-05
8.14111e-05
6.73629e-05
5.12074e-05
3.75541e-05
2.72592e-05
1.94806e-05
1.34919e-05
9.03948e-06
5.90728e-06
3.80555e-06
2.43916e-06
1.56732e-06
1.01422e-06
6.61703e-07
4.34891e-07
2.87475e-07
1.90844e-07
1.27102e-07
8.48643e-08
5.67845e-08
3.8068e-08
2.55645e-08
1.71949e-08
1.15823e-08
7.81238e-09
5.27642e-09
3.56828e-09
2.41635e-09
1.63867e-09
1.11316e-09
7.57744e-10
5.17174e-10
3.54237e-10
2.43831e-10
1.69022e-10
1.18423e-10
8.42733e-11
6.1325e-11
4.64424e-11
3.68894e-11
3.08312e-11
2.92668e-11
2.98179e-11
3.19862e-11
3.67116e-11
4.51461e-11
5.81807e-11
7.77224e-11
1.05478e-10
1.46368e-10
2.04614e-10
2.93342e-10
4.08063e-10
6.30869e-10
8.10111e-10
1.57062e-09
1.65999e-09
5.36305e-09
6.22867e-09
2.97635e-08
6.47371e-08
2.66967e-07
5.86601e-07
1.68847e-06
2.32103e-06
6.29518e-06
5.34357e-06
8.04627e-06
1.62221e-05
1.745e-05
1.63772e-05
2.41105e-05
2.36146e-05
3.1684e-05
3.37857e-05
5.25001e-05
5.11453e-05
9.79205e-05
0.000105483
0.000169864
0.000177788
0.000204841
0.000227135
0.000198106
6.70146e-06
7.39834e-06
1.03232e-05
9.69441e-06
9.47201e-06
1.43605e-05
2.73235e-05
3.01653e-05
2.96996e-05
2.93195e-05
3.2692e-05
4.57255e-05
5.30368e-05
6.76592e-05
8.98356e-05
9.29677e-05
8.99621e-05
7.38168e-05
5.39111e-05
3.75125e-05
2.54398e-05
1.69394e-05
1.11711e-05
7.36857e-06
4.88843e-06
3.26207e-06
2.18285e-06
1.45921e-06
9.72968e-07
6.47445e-07
4.30484e-07
2.86313e-07
1.90631e-07
1.27119e-07
8.49146e-08
5.6825e-08
3.80946e-08
2.55809e-08
1.72046e-08
1.1588e-08
7.81551e-09
5.278e-09
3.56892e-09
2.41643e-09
1.63842e-09
1.11272e-09
7.5719e-10
5.16558e-10
3.53583e-10
2.43156e-10
1.68337e-10
1.1773e-10
8.35747e-11
6.06254e-11
4.57382e-11
3.61812e-11
3.01249e-11
2.85618e-11
2.91146e-11
3.12874e-11
3.60189e-11
4.43972e-11
5.74983e-11
7.69526e-11
1.04649e-10
1.45447e-10
2.03341e-10
2.92338e-10
4.04744e-10
6.3382e-10
7.96471e-10
1.61543e-09
1.58438e-09
5.65032e-09
5.49405e-09
3.2008e-08
6.11334e-08
2.55863e-07
5.64184e-07
1.40562e-06
2.1536e-06
4.4198e-06
3.92112e-06
7.53784e-06
1.10596e-05
1.65554e-05
1.49886e-05
2.0611e-05
2.04978e-05
2.7718e-05
2.89467e-05
4.42205e-05
4.00806e-05
7.80426e-05
6.84437e-05
0.000134833
0.000119204
0.00016784
0.000200945
0.000199913
6.4738e-06
7.92063e-06
9.58227e-06
1.82067e-05
1.86309e-05
2.36794e-05
3.02786e-05
3.10822e-05
2.88958e-05
2.93522e-05
3.30502e-05
5.75877e-05
7.92392e-05
8.33853e-05
9.53633e-05
0.000101395
9.74214e-05
7.68986e-05
5.48171e-05
3.78061e-05
2.51525e-05
1.63772e-05
1.06123e-05
6.91618e-06
4.55616e-06
3.03539e-06
2.03885e-06
1.37477e-06
9.273e-07
6.24469e-07
4.19624e-07
2.81453e-07
1.88561e-07
1.26279e-07
8.4592e-08
5.67095e-08
3.80574e-08
2.55712e-08
1.72036e-08
1.15889e-08
7.81644e-09
5.27845e-09
3.56893e-09
2.41613e-09
1.63792e-09
1.11209e-09
7.56493e-10
5.15826e-10
3.52836e-10
2.42408e-10
1.67593e-10
1.16988e-10
8.28378e-11
5.98964e-11
4.50107e-11
3.54545e-11
2.94043e-11
2.78451e-11
2.84e-11
3.05784e-11
3.53174e-11
4.36342e-11
5.68081e-11
7.61661e-11
1.03821e-10
1.44487e-10
2.02175e-10
2.90603e-10
4.02439e-10
6.285e-10
7.90263e-10
1.58773e-09
1.54775e-09
5.36481e-09
4.88804e-09
3.02253e-08
5.28024e-08
2.31798e-07
5.06006e-07
1.29691e-06
2.05715e-06
3.65199e-06
3.41907e-06
6.28127e-06
7.65262e-06
1.41845e-05
1.34391e-05
1.75145e-05
1.75684e-05
2.44857e-05
2.44953e-05
3.59176e-05
3.33142e-05
6.178e-05
5.20871e-05
0.000106957
9.42193e-05
0.000141196
0.000149932
0.000187788
4.70142e-06
8.91805e-06
9.66147e-06
1.19097e-05
2.14951e-05
2.32885e-05
2.88036e-05
3.69024e-05
4.04681e-05
4.55902e-05
5.70556e-05
6.70372e-05
0.000106509
0.000121358
0.000120734
0.000115802
0.000100158
7.3055e-05
5.10264e-05
3.54127e-05
2.48304e-05
1.7335e-05
1.17958e-05
7.81363e-06
5.10261e-06
3.32629e-06
2.17925e-06
1.43732e-06
9.53243e-07
6.34514e-07
4.23244e-07
2.82655e-07
1.88922e-07
1.26375e-07
8.4614e-08
5.67148e-08
3.80604e-08
2.55741e-08
1.72062e-08
1.15908e-08
7.81761e-09
5.27903e-09
3.56908e-09
2.41599e-09
1.6376e-09
1.11168e-09
7.56042e-10
5.1538e-10
3.52435e-10
2.42087e-10
1.67383e-10
1.16941e-10
8.30177e-11
6.03789e-11
4.58571e-11
3.66974e-11
3.10963e-11
2.98146e-11
3.04051e-11
3.25687e-11
3.71915e-11
4.52917e-11
5.81843e-11
7.71367e-11
1.04425e-10
1.44664e-10
2.02036e-10
2.89021e-10
4.01615e-10
6.16672e-10
7.90825e-10
1.50266e-09
1.5494e-09
4.74376e-09
4.5748e-09
2.36413e-08
4.25313e-08
1.83311e-07
4.10585e-07
1.13607e-06
1.88331e-06
3.70243e-06
3.32924e-06
4.42111e-06
6.8776e-06
1.14332e-05
1.33865e-05
1.59591e-05
1.68489e-05
2.11357e-05
2.34783e-05
3.24113e-05
3.09615e-05
5.02496e-05
4.37024e-05
8.26782e-05
7.65479e-05
0.000124809
0.000126917
0.000156794
9.00364e-06
1.00842e-05
1.44616e-05
1.56629e-05
2.04808e-05
3.54994e-05
5.17376e-05
6.57483e-05
7.27796e-05
7.88947e-05
0.000100092
0.000117055
0.000132015
0.000152386
0.00014731
0.000121607
9.98266e-05
8.15412e-05
5.98065e-05
3.97566e-05
2.53604e-05
1.60933e-05
1.0307e-05
6.71557e-06
4.45649e-06
2.99635e-06
2.02674e-06
1.37181e-06
9.26604e-07
6.24105e-07
4.1929e-07
2.81186e-07
1.88391e-07
1.26194e-07
8.45633e-08
5.67113e-08
3.80729e-08
2.5591e-08
1.72235e-08
1.16076e-08
7.8342e-09
5.29608e-09
3.58754e-09
2.43703e-09
1.66265e-09
1.14248e-09
7.94871e-10
5.64817e-10
4.15414e-10
3.20826e-10
2.63127e-10
2.29682e-10
2.11031e-10
2.00945e-10
1.95728e-10
1.93046e-10
1.92361e-10
1.92656e-10
1.93664e-10
1.95888e-10
1.99613e-10
2.05436e-10
2.14067e-10
2.26715e-10
2.45504e-10
2.75431e-10
3.16167e-10
3.86724e-10
4.81604e-10
6.65249e-10
8.46612e-10
1.41804e-09
1.6117e-09
3.86807e-09
4.42947e-09
1.54714e-08
3.25577e-08
1.19561e-07
2.91453e-07
7.54617e-07
1.36099e-06
3.13103e-06
2.96086e-06
3.36882e-06
1.0162e-05
9.55905e-06
1.68933e-05
1.67817e-05
1.99824e-05
1.98069e-05
2.92257e-05
3.09046e-05
3.10004e-05
3.98555e-05
3.96907e-05
6.64275e-05
6.51813e-05
0.000104588
0.000106351
0.00012893
3.41747e-05
3.64322e-05
4.34361e-05
4.81892e-05
5.64206e-05
7.80752e-05
0.000105705
0.00011178
0.000116905
0.000128796
0.000157784
0.00018659
0.000185243
0.000169074
0.000158447
0.000145383
0.000117825
8.8018e-05
6.35377e-05
4.50664e-05
3.10761e-05
2.07329e-05
1.34878e-05
8.66244e-06
5.55126e-06
3.57406e-06
2.31865e-06
1.51589e-06
9.97461e-07
6.59533e-07
4.37679e-07
2.91305e-07
1.94406e-07
1.30106e-07
8.73611e-08
5.89047e-08
3.99429e-08
2.7307e-08
1.88996e-08
1.33294e-08
9.66947e-09
7.29558e-09
5.78011e-09
4.82356e-09
4.22005e-09
3.83082e-09
3.5724e-09
3.38872e-09
3.2564e-09
3.14863e-09
3.07089e-09
3.01705e-09
2.98036e-09
2.95599e-09
2.9398e-09
2.92889e-09
2.92185e-09
2.91861e-09
2.91649e-09
2.91573e-09
2.91624e-09
2.91819e-09
2.92302e-09
2.93108e-09
2.94357e-09
2.96389e-09
2.99234e-09
3.04227e-09
3.0979e-09
3.22241e-09
3.33094e-09
3.64977e-09
3.86367e-09
4.83861e-09
6.07031e-09
1.15296e-08
2.71e-08
7.32395e-08
1.97317e-07
4.11928e-07
7.93753e-07
1.6023e-06
2.83075e-06
4.06235e-06
1.56559e-05
1.06198e-05
2.36621e-05
2.00003e-05
2.70787e-05
2.12001e-05
3.87128e-05
3.28056e-05
3.69468e-05
3.9127e-05
4.19765e-05
6.06801e-05
6.08083e-05
8.91877e-05
9.11805e-05
0.000106015
0.000122552
0.000122552
0.00012384
0.000129393
0.000144665
0.000160763
0.000178631
0.000192111
0.000199784
0.000219839
0.000250066
0.000248331
0.000239382
0.000219133
0.000194777
0.000164986
0.000130504
9.80693e-05
7.15237e-05
5.0898e-05
3.54067e-05
2.41785e-05
1.62793e-05
1.08513e-05
7.18561e-06
4.74125e-06
3.1266e-06
2.06717e-06
1.37502e-06
9.23655e-07
6.29227e-07
4.36743e-07
3.10428e-07
2.27109e-07
1.71766e-07
1.34663e-07
1.09472e-07
9.20792e-08
7.9832e-08
7.10172e-08
6.45386e-08
5.96835e-08
5.59868e-08
5.31241e-08
5.08833e-08
4.91041e-08
4.76881e-08
4.65213e-08
4.55707e-08
4.47657e-08
4.41841e-08
4.3779e-08
4.34988e-08
4.3306e-08
4.31717e-08
4.30773e-08
4.30075e-08
4.29545e-08
4.29133e-08
4.28783e-08
4.28402e-08
4.28024e-08
4.27614e-08
4.27149e-08
4.26645e-08
4.26116e-08
4.25557e-08
4.25022e-08
4.24501e-08
4.24179e-08
4.23838e-08
4.24021e-08
4.24747e-08
4.27246e-08
4.3873e-08
4.64238e-08
5.92186e-08
8.70358e-08
1.80078e-07
2.92652e-07
5.72451e-07
1.01762e-06
3.60298e-06
6.1768e-06
2.4258e-05
1.38659e-05
3.50417e-05
2.72259e-05
3.73769e-05
2.73837e-05
5.3452e-05
4.05609e-05
4.787e-05
4.29712e-05
4.93464e-05
6.35377e-05
6.18002e-05
7.70365e-05
7.5536e-05
8.12399e-05
0.000277887
0.000273633
0.000264085
0.000261372
0.000269145
0.000284702
0.000284787
0.000287258
0.000297792
0.000322823
0.000333428
0.000329613
0.000311003
0.000272227
0.000226735
0.000181747
0.000143238
0.000111998
8.62685e-05
6.50431e-05
4.79664e-05
3.47199e-05
2.48274e-05
1.76504e-05
1.25477e-05
8.97056e-06
6.48678e-06
4.77209e-06
3.58999e-06
2.77208e-06
2.2011e-06
1.79706e-06
1.50643e-06
1.29374e-06
1.13543e-06
1.01587e-06
9.24464e-07
8.53815e-07
7.98772e-07
7.5555e-07
7.21446e-07
6.94393e-07
6.72855e-07
6.55593e-07
6.41673e-07
6.30419e-07
6.21237e-07
6.137e-07
6.0726e-07
6.02485e-07
5.98932e-07
5.96368e-07
5.94536e-07
5.93211e-07
5.92233e-07
5.91489e-07
5.90886e-07
5.9038e-07
5.89949e-07
5.89521e-07
5.89034e-07
5.88508e-07
5.87899e-07
5.87188e-07
5.86367e-07
5.8541e-07
5.84274e-07
5.82954e-07
5.81376e-07
5.79631e-07
5.77398e-07
5.7525e-07
5.72036e-07
5.69618e-07
5.66145e-07
5.65021e-07
5.71142e-07
5.91388e-07
6.72475e-07
7.50451e-07
1.42247e-06
1.38347e-06
7.90869e-06
9.79778e-06
3.70394e-05
2.05823e-05
5.32184e-05
4.02922e-05
5.35519e-05
4.17409e-05
7.44085e-05
5.38573e-05
6.19613e-05
5.39097e-05
6.9895e-05
7.1957e-05
6.52406e-05
6.52364e-05
6.48979e-05
7.60153e-05
0.000445284
0.000428457
0.000404713
0.000385237
0.000383967
0.000386497
0.000383975
0.000375985
0.000378987
0.000396167
0.000393768
0.000379362
0.000343774
0.000293078
0.000242597
0.000198393
0.000161029
0.00013023
0.000105016
8.43988e-05
6.75267e-05
5.38647e-05
4.30212e-05
3.46068e-05
2.81871e-05
2.33179e-05
1.96178e-05
1.68024e-05
1.46523e-05
1.29999e-05
1.17205e-05
1.07221e-05
9.93742e-06
9.31715e-06
8.82415e-06
8.43102e-06
8.11674e-06
7.86479e-06
7.66256e-06
7.49973e-06
7.36877e-06
7.26311e-06
7.17791e-06
7.10892e-06
7.05269e-06
7.00691e-06
6.9699e-06
6.93987e-06
6.91578e-06
6.8969e-06
6.88192e-06
6.87029e-06
6.86139e-06
6.85434e-06
6.84862e-06
6.84376e-06
6.83942e-06
6.83546e-06
6.8318e-06
6.82787e-06
6.8232e-06
6.81798e-06
6.81191e-06
6.8048e-06
6.79651e-06
6.78675e-06
6.77508e-06
6.76141e-06
6.74493e-06
6.72653e-06
6.7025e-06
6.6801e-06
6.642e-06
6.62056e-06
6.55866e-06
6.54515e-06
6.46789e-06
6.47778e-06
6.49967e-06
6.51154e-06
8.54825e-06
6.98297e-06
2.1167e-05
1.76285e-05
5.77535e-05
3.52413e-05
8.22342e-05
6.22164e-05
7.99183e-05
6.69227e-05
0.000104118
7.38601e-05
8.41283e-05
7.53626e-05
9.31471e-05
8.72536e-05
7.15411e-05
6.42815e-05
6.63992e-05
8.20112e-05
0.00057899
0.000537028
0.000502753
0.000482325
0.000462832
0.000439652
0.000432684
0.000434942
0.000434983
0.000428736
0.000411668
0.000381324
0.000344761
0.000301787
0.000257516
0.000219189
0.000188253
0.000163812
0.000144444
0.00012848
0.00011484
0.000103108
9.3137e-05
8.47836e-05
7.78615e-05
7.21703e-05
6.75171e-05
6.37204e-05
6.0625e-05
5.81016e-05
5.60456e-05
5.43703e-05
5.30061e-05
5.18958e-05
5.09921e-05
5.02571e-05
4.966e-05
4.91748e-05
4.8781e-05
4.84607e-05
4.8201e-05
4.79899e-05
4.78189e-05
4.768e-05
4.75667e-05
4.74744e-05
4.73997e-05
4.73392e-05
4.72886e-05
4.72471e-05
4.72121e-05
4.71829e-05
4.71592e-05
4.7139e-05
4.71211e-05
4.71043e-05
4.7088e-05
4.70721e-05
4.70563e-05
4.70382e-05
4.70164e-05
4.69913e-05
4.69619e-05
4.69276e-05
4.68873e-05
4.68396e-05
4.67828e-05
4.67159e-05
4.66359e-05
4.65448e-05
4.64302e-05
4.63148e-05
4.61412e-05
4.60215e-05
4.5744e-05
4.56409e-05
4.52971e-05
4.51276e-05
4.50781e-05
4.44928e-05
4.79066e-05
4.35473e-05
6.22322e-05
4.88465e-05
0.000100289
7.01918e-05
0.000133299
9.85823e-05
0.000126268
0.000104597
0.000148356
0.000106649
0.000122299
0.000109046
0.000131638
0.000115023
9.13315e-05
7.86352e-05
8.85731e-05
9.3215e-05
0.000667773
0.000599997
0.000547206
0.00051367
0.00049267
0.000473139
0.000458699
0.000455065
0.000449875
0.000432084
0.000403127
0.000373764
0.000343242
0.000312696
0.000284702
0.000262271
0.000246916
0.00023595
0.000226779
0.000218498
0.000210885
0.000203848
0.000197393
0.000191566
0.000186392
0.000181861
0.000177952
0.000174621
0.000171814
0.000169468
0.000167518
0.000165905
0.000164577
0.000163485
0.000162589
0.000161856
0.000161257
0.000160768
0.000160368
0.000160043
0.000159777
0.000159561
0.000159385
0.000159241
0.000159124
0.000159027
0.000158949
0.000158885
0.000158831
0.000158785
0.000158746
0.000158714
0.000158687
0.000158662
0.00015864
0.000158617
0.000158595
0.000158572
0.000158547
0.000158518
0.000158483
0.000158442
0.000158395
0.000158339
0.000158274
0.000158197
0.000158105
0.000157998
0.00015787
0.000157726
0.000157544
0.000157367
0.00015709
0.000156922
0.00015648
0.00015638
0.000155764
0.000155861
0.000155499
0.000155715
0.000157375
0.000155393
0.000166281
0.000147246
0.000191685
0.000148278
0.000223655
0.000165462
0.000205063
0.00016966
0.000216325
0.00016481
0.000194493
0.000170666
0.000201991
0.000170999
0.000148267
0.000144199
0.000163872
0.000171029
0.000689885
0.000601189
0.000549981
0.000518981
0.000497765
0.00048049
0.000463786
0.000440091
0.000410385
0.000382396
0.000364255
0.000353391
0.000344195
0.000337462
0.00033309
0.000331044
0.000330385
0.000329711
0.000328371
0.000326445
0.000324096
0.000321506
0.000318879
0.000316362
0.000314031
0.000311927
0.000310068
0.000308456
0.000307076
0.00030591
0.000304932
0.000304118
0.000303444
0.00030289
0.000302435
0.000302063
0.000301759
0.000301512
0.000301312
0.000301149
0.000301018
0.000300912
0.000300826
0.000300757
0.000300701
0.000300657
0.000300621
0.000300593
0.00030057
0.000300552
0.000300538
0.000300529
0.000300521
0.000300515
0.000300515
0.000300515
0.000300517
0.000300519
0.000300524
0.00030053
0.000300538
0.00030055
0.000300564
0.000300582
0.000300605
0.000300633
0.000300667
0.000300711
0.00030076
0.000300833
0.000300895
0.000301039
0.0003011
0.000301414
0.000301365
0.00030219
0.000301456
0.000304218
0.000300693
0.000310015
0.000298819
0.000323664
0.000301386
0.000334488
0.000316746
0.000294689
0.000339734
0.000283105
0.000329591
0.000298361
0.000334481
0.000284761
0.000338511
0.000317787
0.000352959
0.000316784
0.000317842
0.000342562
0.000429745
0.000451346
0.000566722
0.000507088
0.000475663
0.000448765
0.000414171
0.000368926
0.000316695
0.000264722
0.000228998
0.000216656
0.000222515
0.000234897
0.000247581
0.000260086
0.000275014
0.000291926
0.000308271
0.000321823
0.000332077
0.000339468
0.000344693
0.000348373
0.000350981
0.000352844
0.000354175
0.000355131
0.000355826
0.000356338
0.000356724
0.000357019
0.000357251
0.000357435
0.000357585
0.000357708
0.000357811
0.000357898
0.000357971
0.000358034
0.000358089
0.000358136
0.000358177
0.000358212
0.000358244
0.000358273
0.000358299
0.000358323
0.000358347
0.000358369
0.000358392
0.000358417
0.000358442
0.00035847
0.000358501
0.000358537
0.000358579
0.000358628
0.000358686
0.000358755
0.000358837
0.000358935
0.000359052
0.000359193
0.000359361
0.000359562
0.000359803
0.000360091
0.000360435
0.000360848
0.000361337
0.00036193
0.00036261
0.000363476
0.00036435
0.000365733
0.000366546
0.000369258
0.000368836
0.000375289
0.000368496
0.000389129
0.000359651
0.000420852
0.000343181
0.000471411
0.000338429
0.000532337
0.000389474
0.000538848
0.000470983
0.000554358
0.000489603
0.000541494
0.000564836
0.000623894
0.000610449
0.000631296
0.00068169
0.000849166
0.000876545
0.000922667
0.000102226
0.000203444
0.00030367
0.000401189
0.000461188
0.000483588
0.000452662
0.000382036
0.000299679
0.000231906
0.000184124
0.000160962
0.000161107
0.000181695
0.000212322
0.000245201
0.000275097
0.000299361
0.000317886
0.000331407
0.000340915
0.000347412
0.000351752
0.000354594
0.000356405
0.000357535
0.000358225
0.000358628
0.000358846
0.000358949
0.000358981
0.000358969
0.000358936
0.000358888
0.000358835
0.000358781
0.00035873
0.000358681
0.000358637
0.000358596
0.00035856
0.000358527
0.000358497
0.00035847
0.000358445
0.000358421
0.000358398
0.000358375
0.000358352
0.000358328
0.000358302
0.000358273
0.000358241
0.000358205
0.000358162
0.000358112
0.000358051
0.00035798
0.000357897
0.000357797
0.000357678
0.000357533
0.00035736
0.000357151
0.0003569
0.000356597
0.000356232
0.000355791
0.000355258
0.000354616
0.00035384
0.000352904
0.000351774
0.000350411
0.000348771
0.000346802
0.000344445
0.000341637
0.000338312
0.000334399
0.000329827
0.000324527
0.000318425
0.000311446
0.000303499
0.000294486
0.000284288
0.000272758
0.000259751
0.000245191
0.000229096
0.000211635
0.00019327
0.00017461
0.000156537
0.000139513
0.000123223
0.00010585
8.04827e-05
4.29781e-05
0.000117103
0.000206595
0.000261125
0.000280244
0.000252923
0.000198336
0.000144268
0.000112153
0.000103608
9.83566e-05
9.46409e-05
9.09779e-05
9.22244e-05
0.000100587
0.000116146
0.000136995
0.000159993
0.000183717
0.000205792
0.000224953
0.000240908
0.0002538
0.000264013
0.000272015
0.000278261
0.000283112
0.000286869
0.00028978
0.000292039
0.0002938
0.000295179
0.000296263
0.00029712
0.000297798
0.000298336
0.000298765
0.000299106
0.000299379
0.000299596
0.000299771
0.00029991
0.000300022
0.000300111
0.000300183
0.00030024
0.000300286
0.000300322
0.000300351
0.000300374
0.000300391
0.000300405
0.000300416
0.000300423
0.000300426
0.000300429
0.000300431
0.00030043
0.000300427
0.000300422
0.000300414
0.000300404
0.000300392
0.000300376
0.000300356
0.000300332
0.000300303
0.000300268
0.000300226
0.000300174
0.000300112
0.000300036
0.000299944
0.000299831
0.000299693
0.000299521
0.000299306
0.00029903
0.000298673
0.000298207
0.000297599
0.000296805
0.000295779
0.000294464
0.000292804
0.000290719
0.000288141
0.000284927
0.000281112
0.000276564
0.000271284
0.000264765
0.000257146
0.000247286
0.000235649
0.000220043
0.000201153
0.000175928
0.000145297
0.000105926
5.92759e-05
0.000113479
0.000159929
0.000167909
0.00015075
0.000125446
0.000114315
0.00011569
0.000120061
0.00012184
0.00011309
0.000103712
8.78979e-05
7.36729e-05
6.17195e-05
5.37399e-05
4.96403e-05
5.0405e-05
5.64416e-05
6.7291e-05
7.86027e-05
8.98219e-05
0.000100442
0.00011007
0.000118509
0.000125733
0.00013181
0.000136851
0.000140995
0.000144381
0.000147129
0.000149352
0.000151146
0.000152593
0.000153759
0.000154699
0.000155457
0.000156068
0.000156561
0.000156958
0.00015728
0.000157539
0.000157749
0.00015792
0.000158058
0.00015817
0.000158262
0.000158336
0.000158396
0.000158448
0.000158491
0.000158525
0.000158557
0.000158586
0.000158608
0.00015863
0.000158656
0.000158685
0.000158713
0.000158743
0.000158775
0.000158812
0.000158854
0.000158903
0.000158961
0.000159031
0.000159115
0.000159217
0.00015934
0.000159488
0.000159668
0.000159884
0.000160144
0.000160458
0.000160835
0.000161286
0.000161824
0.000162464
0.000163226
0.000164122
0.000165172
0.000166392
0.000167793
0.000169406
0.000171228
0.000173333
0.000175677
0.000178432
0.000181249
0.000184352
0.000186941
0.00018971
0.0001911
0.000191193
0.000188856
0.000184384
0.000172294
0.000157644
0.000131207
0.00010451
6.37001e-05
0.000104202
0.000122289
0.000123798
0.000121231
0.000125969
0.000144157
0.000157651
0.000162285
0.000162908
0.000153186
0.000146123
0.000129103
0.000106395
8.08321e-05
5.95025e-05
4.35095e-05
3.20425e-05
2.45647e-05
2.03582e-05
1.8939e-05
1.9158e-05
2.05232e-05
2.35166e-05
2.65558e-05
2.9432e-05
3.20786e-05
3.44494e-05
3.65271e-05
3.83165e-05
3.98374e-05
4.11168e-05
4.21847e-05
4.30702e-05
4.38017e-05
4.44027e-05
4.48967e-05
4.52999e-05
4.5631e-05
4.59003e-05
4.61212e-05
4.6301e-05
4.64472e-05
4.65682e-05
4.66651e-05
4.67455e-05
4.68126e-05
4.68666e-05
4.69123e-05
4.69529e-05
4.69867e-05
4.7015e-05
4.70437e-05
4.7072e-05
4.7095e-05
4.71189e-05
4.71498e-05
4.71852e-05
4.72228e-05
4.72632e-05
4.73091e-05
4.73633e-05
4.74271e-05
4.75022e-05
4.75917e-05
4.76995e-05
4.78293e-05
4.79853e-05
4.81742e-05
4.84025e-05
4.86777e-05
4.90089e-05
4.94078e-05
4.98872e-05
5.04638e-05
5.11522e-05
5.19739e-05
5.29444e-05
5.4088e-05
5.54176e-05
5.6957e-05
5.87199e-05
6.07259e-05
6.29917e-05
6.55642e-05
6.84259e-05
7.17593e-05
7.53517e-05
7.97964e-05
8.41609e-05
9.02174e-05
9.48166e-05
0.000102843
0.000106484
0.000114714
0.000115503
0.000118287
0.000113459
0.000107919
9.3159e-05
6.30329e-05
9.7871e-05
0.000108559
0.000119723
0.00012911
0.000156371
0.000170803
0.000175997
0.000177986
0.000176417
0.000165115
0.000159121
0.000147127
0.000133565
0.000114379
8.89122e-05
6.50202e-05
4.57524e-05
3.12058e-05
2.10724e-05
1.45112e-05
1.02455e-05
7.50733e-06
5.77588e-06
4.7391e-06
4.35542e-06
4.35042e-06
4.44094e-06
4.6857e-06
4.98207e-06
5.25742e-06
5.50481e-06
5.72152e-06
5.90787e-06
6.06632e-06
6.19939e-06
6.3109e-06
6.40319e-06
6.47993e-06
6.54287e-06
6.59486e-06
6.63756e-06
6.67232e-06
6.70126e-06
6.72464e-06
6.74373e-06
6.75994e-06
6.77285e-06
6.7845e-06
6.79612e-06
6.80681e-06
6.81761e-06
6.83004e-06
6.84301e-06
6.85513e-06
6.86916e-06
6.88694e-06
6.90716e-06
6.9293e-06
6.95403e-06
6.98279e-06
7.0172e-06
7.05811e-06
7.10671e-06
7.16491e-06
7.2348e-06
7.31862e-06
7.41915e-06
7.54024e-06
7.68578e-06
7.86046e-06
8.06974e-06
8.32071e-06
8.62057e-06
8.97968e-06
9.40588e-06
9.91345e-06
1.05106e-05
1.12149e-05
1.20351e-05
1.2988e-05
1.40921e-05
1.53534e-05
1.68167e-05
1.84769e-05
2.04222e-05
2.26332e-05
2.53047e-05
2.82732e-05
3.21149e-05
3.60776e-05
4.16638e-05
4.67534e-05
5.45876e-05
6.0254e-05
6.97858e-05
7.41642e-05
8.22846e-05
8.38168e-05
8.08178e-05
7.00108e-05
0.00010123
0.000103421
0.000125558
0.00015643
0.000177664
0.000184463
0.0001869
0.000188411
0.000186512
0.00017106
0.000164367
0.000151521
0.000139301
0.000125543
0.000108782
8.64974e-05
6.3419e-05
4.45847e-05
3.02697e-05
2.00979e-05
1.32386e-05
8.76284e-06
5.89332e-06
4.05296e-06
2.83745e-06
2.01339e-06
1.44623e-06
1.05857e-06
8.04351e-07
6.5035e-07
5.68451e-07
5.31297e-07
5.22717e-07
5.2401e-07
5.28711e-07
5.36986e-07
5.45011e-07
5.52244e-07
5.58448e-07
5.63725e-07
5.68157e-07
5.71812e-07
5.74883e-07
5.77405e-07
5.79434e-07
5.81222e-07
5.82566e-07
5.83799e-07
5.84761e-07
5.86177e-07
5.88089e-07
5.90605e-07
5.93445e-07
5.96409e-07
5.9993e-07
6.04237e-07
6.09116e-07
6.14563e-07
6.20756e-07
6.27997e-07
6.36652e-07
6.4697e-07
6.59276e-07
6.74047e-07
6.91801e-07
7.13141e-07
7.38814e-07
7.69836e-07
8.07303e-07
8.52605e-07
9.07369e-07
9.73872e-07
1.05439e-06
1.15272e-06
1.27171e-06
1.41747e-06
1.59369e-06
1.809e-06
2.06952e-06
2.3836e-06
2.7659e-06
3.22172e-06
3.77067e-06
4.45244e-06
5.21519e-06
6.29945e-06
7.3621e-06
9.11363e-06
1.0776e-05
1.34982e-05
1.63241e-05
2.03849e-05
2.54397e-05
3.08244e-05
3.93584e-05
4.58853e-05
5.74304e-05
6.52785e-05
7.35203e-05
6.92122e-05
0.000121922
0.000105157
0.000141431
0.00017774
0.000190568
0.000196638
0.000200508
0.000204575
0.000201778
0.000180121
0.000169853
0.000154071
0.000140772
0.000127778
0.000113827
9.80798e-05
7.89326e-05
5.82125e-05
4.07443e-05
2.74208e-05
1.7945e-05
1.15712e-05
7.45217e-06
4.85015e-06
3.21253e-06
2.16713e-06
1.48325e-06
1.02487e-06
7.11332e-07
4.94257e-07
3.43375e-07
2.38683e-07
1.66615e-07
1.17735e-07
8.54491e-08
6.51285e-08
5.3222e-08
4.6858e-08
4.37678e-08
4.24218e-08
4.19165e-08
4.18369e-08
4.18651e-08
4.19457e-08
4.20577e-08
4.2175e-08
4.22712e-08
4.23582e-08
4.24319e-08
4.25155e-08
4.26725e-08
4.29452e-08
4.32908e-08
4.3678e-08
4.41432e-08
4.47075e-08
4.53503e-08
4.60763e-08
4.69089e-08
4.78836e-08
4.90515e-08
5.04536e-08
5.21409e-08
5.4187e-08
5.66764e-08
5.97133e-08
6.34296e-08
6.80096e-08
7.36698e-08
8.07005e-08
8.94546e-08
1.00469e-07
1.14288e-07
1.31946e-07
1.5426e-07
1.83039e-07
2.19912e-07
2.66854e-07
3.29392e-07
4.04202e-07
5.1171e-07
6.30018e-07
8.07936e-07
1.01117e-06
1.27879e-06
1.66866e-06
2.08857e-06
2.79025e-06
3.56371e-06
4.83019e-06
6.28675e-06
8.66595e-06
1.15136e-05
1.59423e-05
2.1428e-05
2.9369e-05
3.91042e-05
5.54051e-05
6.16536e-05
6.70416e-05
0.000116281
0.000119638
0.000159497
0.000191614
0.000202957
0.000208621
0.000218845
0.000224683
0.000221288
0.000198606
0.000179822
0.000158185
0.000141526
0.00012818
0.000114709
0.000100566
8.5334e-05
6.8491e-05
5.07956e-05
3.54669e-05
2.37385e-05
1.53864e-05
9.77122e-06
6.15755e-06
3.89909e-06
2.50586e-06
1.64247e-06
1.09696e-06
7.43063e-07
5.07676e-07
3.48244e-07
2.39116e-07
1.64076e-07
1.1242e-07
7.69015e-08
5.2532e-08
3.58589e-08
2.44909e-08
1.67771e-08
1.15834e-08
8.13438e-09
5.90317e-09
4.5213e-09
3.71823e-09
3.2857e-09
3.06843e-09
2.96515e-09
2.91701e-09
2.89812e-09
2.89026e-09
2.89553e-09
2.91045e-09
2.94011e-09
2.97718e-09
3.02319e-09
3.07966e-09
3.14497e-09
3.21987e-09
3.30682e-09
3.40936e-09
3.53329e-09
3.68417e-09
3.86874e-09
4.09685e-09
4.38064e-09
4.73601e-09
5.18386e-09
5.75427e-09
6.48618e-09
7.43464e-09
8.66997e-09
1.031e-08
1.24713e-08
1.54286e-08
1.93552e-08
2.48581e-08
3.22636e-08
4.25487e-08
5.70469e-08
7.5738e-08
1.0405e-07
1.38194e-07
1.90987e-07
2.53913e-07
3.49238e-07
4.72339e-07
6.5347e-07
8.98313e-07
1.29202e-06
1.79513e-06
2.6813e-06
3.80051e-06
5.81282e-06
8.25289e-06
1.26584e-05
1.84292e-05
2.80076e-05
4.21763e-05
5.82582e-05
6.79484e-05
0.000114216
0.000123903
0.000176665
0.000202975
0.000211927
0.000222277
0.000232964
0.000234133
0.000232333
0.000227375
0.00019963
0.000168232
0.000143137
0.000127298
0.000114655
0.000100976
8.67248e-05
7.20094e-05
5.69906e-05
4.22478e-05
2.94157e-05
1.95898e-05
1.26093e-05
7.92674e-06
4.92291e-06
3.05722e-06
1.91976e-06
1.22822e-06
8.02304e-07
5.33611e-07
3.59466e-07
2.43992e-07
1.66216e-07
1.13365e-07
7.73055e-08
5.2674e-08
3.58558e-08
2.4385e-08
1.65711e-08
1.1255e-08
7.64221e-09
5.18924e-09
3.52525e-09
2.3976e-09
1.63461e-09
1.11978e-09
7.74351e-10
5.45228e-10
3.96637e-10
3.03754e-10
2.49192e-10
2.19925e-10
2.06128e-10
2.01564e-10
2.02162e-10
2.04659e-10
2.09963e-10
2.17394e-10
2.26471e-10
2.37996e-10
2.52622e-10
2.71333e-10
2.95856e-10
3.28123e-10
3.70944e-10
4.28906e-10
5.0857e-10
6.18993e-10
7.73983e-10
9.9271e-10
1.30929e-09
1.77679e-09
2.46272e-09
3.46831e-09
4.93981e-09
7.10445e-09
1.02427e-08
1.48284e-08
2.13095e-08
3.06616e-08
4.31919e-08
6.20657e-08
8.40246e-08
1.21695e-07
1.58824e-07
2.37448e-07
3.03318e-07
4.80079e-07
6.22398e-07
1.03256e-06
1.3694e-06
2.28503e-06
3.18891e-06
5.30149e-06
8.05033e-06
1.31025e-05
2.06893e-05
3.7217e-05
5.26162e-05
7.20911e-05
0.000137595
0.000127146
0.000187324
0.000208291
0.000221028
0.000230648
0.000235328
0.000235941
0.000239713
0.000249663
0.00023101
0.00018916
0.000150315
0.00012705
0.000112888
0.000100573
8.694e-05
7.28405e-05
5.89071e-05
4.56385e-05
3.35623e-05
2.33057e-05
1.54326e-05
9.87365e-06
6.1611e-06
3.78861e-06
2.32204e-06
1.4346e-06
9.015e-07
5.78708e-07
3.79137e-07
2.52366e-07
1.69756e-07
1.14873e-07
7.79599e-08
5.29646e-08
3.59878e-08
2.44457e-08
1.6599e-08
1.12673e-08
7.64667e-09
5.18937e-09
3.52234e-09
2.39174e-09
1.6251e-09
1.10526e-09
7.52718e-10
5.13653e-10
3.51522e-10
2.41574e-10
1.67096e-10
1.16788e-10
8.29383e-11
6.03903e-11
4.60505e-11
3.70293e-11
3.16739e-11
3.08374e-11
3.16441e-11
3.42121e-11
3.94356e-11
4.81563e-11
6.19635e-11
8.18509e-11
1.1115e-10
1.54224e-10
2.17306e-10
3.09536e-10
4.44589e-10
6.4229e-10
9.32863e-10
1.35951e-09
1.98918e-09
2.91686e-09
4.28563e-09
6.30777e-09
9.24897e-09
1.35759e-08
1.96586e-08
2.83411e-08
4.06372e-08
5.57218e-08
8.20011e-08
1.04069e-07
1.56132e-07
1.91952e-07
2.93824e-07
3.66576e-07
5.72274e-07
7.37075e-07
1.18174e-06
1.64308e-06
2.71372e-06
3.91832e-06
6.22929e-06
9.95176e-06
1.75497e-05
2.85801e-05
4.73779e-05
7.54109e-05
0.000187414
0.000129942
0.000197684
0.000217154
0.000226284
0.000232507
0.000235009
0.000237252
0.000251295
0.000268681
0.000269169
0.000222156
0.000166431
0.000130452
0.000111486
9.89471e-05
8.64904e-05
7.29607e-05
5.93755e-05
4.6614e-05
3.51838e-05
2.54382e-05
1.7568e-05
1.15978e-05
7.38184e-06
4.58006e-06
2.79833e-06
1.70134e-06
1.0407e-06
6.46582e-07
4.10284e-07
2.65983e-07
1.75518e-07
1.17273e-07
7.89603e-08
5.33876e-08
3.61707e-08
2.4527e-08
1.6636e-08
1.12846e-08
7.65497e-09
5.1935e-09
3.52454e-09
2.39308e-09
1.62605e-09
1.10603e-09
7.53408e-10
5.14276e-10
3.52077e-10
2.42043e-10
1.6744e-10
1.16952e-10
8.28468e-11
5.99304e-11
4.50868e-11
3.55282e-11
2.94335e-11
2.79025e-11
2.84922e-11
3.07562e-11
3.56665e-11
4.4243e-11
5.80284e-11
7.8033e-11
1.07487e-10
1.50578e-10
2.13557e-10
3.05509e-10
4.40167e-10
6.37138e-10
9.27116e-10
1.35238e-09
1.98263e-09
2.91038e-09
4.28865e-09
6.32931e-09
9.3053e-09
1.37555e-08
1.98366e-08
2.96673e-08
4.03938e-08
6.08114e-08
7.81278e-08
1.12875e-07
1.44161e-07
2.01057e-07
2.62212e-07
3.66793e-07
5.00618e-07
7.35437e-07
1.04466e-06
1.53005e-06
2.29375e-06
3.44491e-06
5.37129e-06
9.15447e-06
1.42715e-05
2.77309e-05
4.17604e-05
9.12851e-05
0.000191532
0.000138537
0.000199055
0.000219091
0.000228836
0.000234187
0.000238323
0.000241389
0.000271538
0.000290609
0.000293849
0.000266917
0.000194553
0.000140226
0.000112057
9.74423e-05
8.54368e-05
7.26048e-05
5.94132e-05
4.68187e-05
3.55871e-05
2.61024e-05
1.84532e-05
1.25708e-05
8.25809e-06
5.24837e-06
3.24965e-06
1.97935e-06
1.19928e-06
7.30706e-07
4.51882e-07
2.85276e-07
1.84005e-07
1.20868e-07
8.04502e-08
5.40024e-08
3.6427e-08
2.46361e-08
1.66839e-08
1.13063e-08
7.66524e-09
5.1986e-09
3.52727e-09
2.39473e-09
1.6272e-09
1.10695e-09
7.54233e-10
5.15056e-10
3.52839e-10
2.42794e-10
1.6818e-10
1.17686e-10
8.35792e-11
6.0652e-11
4.58003e-11
3.62477e-11
3.01517e-11
2.86081e-11
2.91916e-11
3.14408e-11
3.63263e-11
4.48963e-11
5.86361e-11
7.85592e-11
1.07953e-10
1.50934e-10
2.13754e-10
3.05441e-10
4.39832e-10
6.36179e-10
9.2601e-10
1.34999e-09
1.98263e-09
2.90956e-09
4.30553e-09
6.35774e-09
9.41677e-09
1.39376e-08
2.03071e-08
2.99843e-08
4.17151e-08
6.03509e-08
8.13109e-08
1.08208e-07
1.49275e-07
1.93194e-07
2.6121e-07
3.60907e-07
4.86527e-07
7.44053e-07
9.6379e-07
1.57553e-06
2.12416e-06
3.2678e-06
5.14652e-06
8.21154e-06
1.34546e-05
2.49123e-05
4.59418e-05
0.000108567
0.000181956
0.000143547
0.000199055
0.000222568
0.000231646
0.000237425
0.000248143
0.000252811
0.000279961
0.000293774
0.000296726
0.000286504
0.000233838
0.000159477
0.000116282
9.63182e-05
8.43186e-05
7.21155e-05
5.90896e-05
4.66356e-05
3.55795e-05
2.62089e-05
1.86546e-05
1.28527e-05
8.58998e-06
5.57786e-06
3.52979e-06
2.18681e-06
1.33551e-06
8.11625e-07
4.95938e-07
3.07467e-07
1.94452e-07
1.25519e-07
8.24385e-08
5.48317e-08
3.67704e-08
2.47795e-08
1.67451e-08
1.13333e-08
7.67764e-09
5.20465e-09
3.53048e-09
2.39664e-09
1.6285e-09
1.10795e-09
7.55093e-10
5.15845e-10
3.53594e-10
2.43532e-10
1.68903e-10
1.18402e-10
8.4295e-11
6.1362e-11
4.65048e-11
3.69581e-11
3.08645e-11
2.9313e-11
2.98915e-11
3.21286e-11
3.6992e-11
4.55899e-11
5.92203e-11
7.91336e-11
1.08432e-10
1.5128e-10
2.13939e-10
3.05331e-10
4.39445e-10
6.35003e-10
9.24758e-10
1.34673e-09
1.98244e-09
2.90631e-09
4.3226e-09
6.38946e-09
9.51888e-09
1.42164e-08
2.06453e-08
3.18544e-08
4.25884e-08
6.57504e-08
8.27719e-08
1.12615e-07
1.53546e-07
1.88879e-07
2.82263e-07
3.39165e-07
5.70915e-07
6.76742e-07
1.15276e-06
1.47759e-06
2.17903e-06
3.23112e-06
5.31432e-06
7.83964e-06
1.39042e-05
2.30476e-05
4.34422e-05
0.000110411
0.000181759
0.000146373
0.000201809
0.000223902
0.000232364
0.000237479
0.000254152
0.000260671
0.000279817
0.000281956
0.000288128
0.000285376
0.000255559
0.000184177
0.000126696
9.73939e-05
8.26515e-05
7.12295e-05
5.89026e-05
4.63855e-05
3.51384e-05
2.58505e-05
1.8493e-05
1.28307e-05
8.63704e-06
5.65559e-06
3.61586e-06
2.26765e-06
1.402e-06
8.5983e-07
5.2708e-07
3.25553e-07
2.03998e-07
1.30175e-07
8.45739e-08
5.57697e-08
3.71719e-08
2.49499e-08
1.6818e-08
1.13652e-08
7.69214e-09
5.21154e-09
3.53402e-09
2.39866e-09
1.62982e-09
1.10895e-09
7.55942e-10
5.16616e-10
3.54323e-10
2.44241e-10
1.69596e-10
1.19084e-10
8.49726e-11
6.20341e-11
4.71724e-11
3.763e-11
3.1539e-11
2.99799e-11
3.0553e-11
3.27776e-11
3.76184e-11
4.62621e-11
5.97525e-11
7.96733e-11
1.08861e-10
1.51572e-10
2.14064e-10
3.05118e-10
4.38957e-10
6.33496e-10
9.23406e-10
1.34201e-09
1.98314e-09
2.8963e-09
4.35055e-09
6.39372e-09
9.69552e-09
1.44394e-08
2.12718e-08
3.35667e-08
4.37392e-08
7.43697e-08
8.52062e-08
1.30713e-07
1.52214e-07
2.12462e-07
2.58609e-07
4.0241e-07
4.95323e-07
8.17534e-07
1.07829e-06
1.54516e-06
2.22419e-06
3.69771e-06
5.28108e-06
8.46206e-06
1.32798e-05
2.4393e-05
4.59029e-05
0.000120647
0.000214931
0.000152064
0.000201837
0.000222706
0.00023225
0.000235556
0.000248177
0.000257645
0.0002574
0.000251787
0.000267697
0.000273359
0.000257363
0.000194408
0.000138244
0.000101937
8.28472e-05
7.00887e-05
5.83018e-05
4.62823e-05
3.49846e-05
2.54344e-05
1.79654e-05
1.24214e-05
8.40527e-06
5.55465e-06
3.58715e-06
2.27005e-06
1.4145e-06
8.73414e-07
5.38301e-07
3.33582e-07
2.09126e-07
1.33127e-07
8.61287e-08
5.65327e-08
3.75285e-08
2.51119e-08
1.68909e-08
1.13983e-08
7.70753e-09
5.21902e-09
3.53788e-09
2.40085e-09
1.63122e-09
1.10997e-09
7.56779e-10
5.17365e-10
3.55024e-10
2.44916e-10
1.70252e-10
1.19726e-10
8.56074e-11
6.26604e-11
4.77917e-11
3.82505e-11
3.21598e-11
3.05921e-11
3.11597e-11
3.33721e-11
3.81908e-11
4.68545e-11
6.02339e-11
8.01674e-11
1.09241e-10
1.51803e-10
2.14119e-10
3.04789e-10
4.38353e-10
6.31632e-10
9.21912e-10
1.33584e-09
1.98435e-09
2.88018e-09
4.38912e-09
6.37862e-09
9.93908e-09
1.46527e-08
2.23068e-08
3.49943e-08
4.64367e-08
8.35418e-08
9.0473e-08
1.4612e-07
1.61231e-07
1.98792e-07
2.966e-07
3.56967e-07
5.41425e-07
8.35542e-07
1.10746e-06
1.80175e-06
2.61599e-06
3.65084e-06
5.27779e-06
8.73349e-06
1.34445e-05
2.35768e-05
4.3425e-05
0.00012277
0.00025665
0.000167499
0.000197601
0.000221831
0.00023397
0.000236163
0.00025059
0.000252842
0.000247297
0.000246438
0.000266076
0.000271902
0.000255007
0.000195863
0.000141303
0.000105896
8.46151e-05
7.01561e-05
5.76772e-05
4.58834e-05
3.48827e-05
2.53299e-05
1.77177e-05
1.20409e-05
8.01491e-06
5.2586e-06
3.40512e-06
2.17542e-06
1.37226e-06
8.57679e-07
5.3409e-07
3.33497e-07
2.10075e-07
1.34055e-07
8.6782e-08
5.69306e-08
3.77494e-08
2.52269e-08
1.69484e-08
1.14264e-08
7.72127e-09
5.22586e-09
3.54144e-09
2.40285e-09
1.63245e-09
1.11083e-09
7.57465e-10
5.17965e-10
3.55583e-10
2.45457e-10
1.70784e-10
1.20254e-10
8.61373e-11
6.31916e-11
4.83228e-11
3.87856e-11
3.26993e-11
3.11267e-11
3.16895e-11
3.38907e-11
3.86897e-11
4.73787e-11
6.06487e-11
8.05787e-11
1.09543e-10
1.51951e-10
2.14087e-10
3.04329e-10
4.37646e-10
6.29353e-10
9.2044e-10
1.32741e-09
1.99284e-09
2.84981e-09
4.5277e-09
6.31469e-09
1.06662e-08
1.4911e-08
2.39681e-08
3.78457e-08
5.11712e-08
1.02629e-07
1.02134e-07
1.86908e-07
1.86417e-07
2.46157e-07
3.03338e-07
3.43527e-07
7.68458e-07
8.29114e-07
1.57979e-06
1.95028e-06
2.57167e-06
3.56423e-06
6.20005e-06
8.90384e-06
1.45238e-05
2.62254e-05
4.49848e-05
0.000137335
0.000261302
0.000180304
0.000196277
0.000221986
0.00023171
0.000241363
0.000253598
0.000254438
0.0002518
0.000256878
0.000282766
0.000286322
0.000254942
0.000190948
0.000140643
0.000106609
8.60236e-05
7.10515e-05
5.7744e-05
4.54691e-05
3.45134e-05
2.51728e-05
1.76233e-05
1.19155e-05
7.84128e-06
5.05811e-06
3.21965e-06
2.03461e-06
1.28218e-06
8.07651e-07
5.09538e-07
3.22831e-07
2.06032e-07
1.32778e-07
8.65038e-08
5.69452e-08
3.78177e-08
2.52842e-08
1.69856e-08
1.14481e-08
7.73322e-09
5.23233e-09
3.54498e-09
2.40486e-09
1.63371e-09
1.11171e-09
7.58143e-10
5.1854e-10
3.561e-10
2.45943e-10
1.71252e-10
1.20709e-10
8.6586e-11
6.36383e-11
4.87677e-11
3.92315e-11
3.31484e-11
3.15729e-11
3.21315e-11
3.43224e-11
3.9103e-11
4.7797e-11
6.09861e-11
8.09115e-11
1.09765e-10
1.52013e-10
2.13962e-10
3.03725e-10
4.36802e-10
6.26619e-10
9.19268e-10
1.31608e-09
2.0246e-09
2.80433e-09
4.80175e-09
6.21841e-09
1.22548e-08
1.52914e-08
2.99537e-08
4.3502e-08
6.39591e-08
1.38153e-07
1.34843e-07
2.87977e-07
2.61929e-07
4.38483e-07
3.93452e-07
8.72764e-07
8.06133e-07
1.42392e-06
1.61378e-06
2.07229e-06
2.51853e-06
4.34397e-06
6.49055e-06
9.48745e-06
1.38296e-05
2.41561e-05
4.53042e-05
0.000147669
0.000262385
0.00019739
0.000201305
0.000219752
0.000226196
0.000244269
0.00025896
0.000270852
0.000278158
0.000290281
0.0003143
0.000309508
0.000258093
0.000181617
0.000133638
0.000104455
8.60448e-05
7.18482e-05
5.83915e-05
4.55421e-05
3.41855e-05
2.47818e-05
1.73955e-05
1.18025e-05
7.76845e-06
4.99148e-06
3.15376e-06
1.97343e-06
1.23112e-06
7.70291e-07
4.85626e-07
3.09335e-07
1.99266e-07
1.2976e-07
8.53144e-08
5.65432e-08
3.77124e-08
2.52737e-08
1.69974e-08
1.14606e-08
7.74202e-09
5.23779e-09
3.54821e-09
2.40677e-09
1.63488e-09
1.11249e-09
7.58733e-10
5.19029e-10
3.56536e-10
2.4635e-10
1.71642e-10
1.21087e-10
8.69564e-11
6.40021e-11
4.9126e-11
3.95881e-11
3.35035e-11
3.1921e-11
3.24749e-11
3.46554e-11
3.94183e-11
4.81044e-11
6.12188e-11
8.11489e-11
1.09897e-10
1.51979e-10
2.13732e-10
3.02981e-10
4.35823e-10
6.23376e-10
9.20834e-10
1.30162e-09
2.07403e-09
2.75285e-09
5.18301e-09
6.12146e-09
1.47565e-08
1.60451e-08
4.30954e-08
5.46599e-08
9.52038e-08
1.94026e-07
2.0905e-07
4.25773e-07
4.21523e-07
5.33672e-07
7.27183e-07
7.53613e-07
1.09033e-06
1.23969e-06
1.55586e-06
1.8138e-06
2.73882e-06
4.47357e-06
6.75534e-06
9.57121e-06
1.52923e-05
2.49861e-05
4.58348e-05
0.000170242
0.000265901
0.000231499
0.000212866
0.000220702
0.00022584
0.000237795
0.000288427
0.000335986
0.000336386
0.000330646
0.000326849
0.000314108
0.000255124
0.000174849
0.000123227
9.72466e-05
8.36161e-05
7.1734e-05
5.89665e-05
4.60509e-05
3.42729e-05
2.4554e-05
1.70471e-05
1.15473e-05
7.63044e-06
4.92565e-06
3.12096e-06
1.95377e-06
1.21742e-06
7.60469e-07
4.78887e-07
3.05078e-07
1.9684e-07
1.28523e-07
8.47563e-08
5.63268e-08
3.7647e-08
2.52651e-08
1.7005e-08
1.14697e-08
7.74883e-09
5.24212e-09
3.55078e-09
2.40826e-09
1.63576e-09
1.11305e-09
7.59122e-10
5.19331e-10
3.56797e-10
2.46594e-10
1.71879e-10
1.21323e-10
8.71927e-11
6.42402e-11
4.93644e-11
3.98256e-11
3.37425e-11
3.21583e-11
3.2709e-11
3.48811e-11
3.96288e-11
4.83052e-11
6.13928e-11
8.12749e-11
1.09914e-10
1.51832e-10
2.13389e-10
3.02117e-10
4.34723e-10
6.19755e-10
9.25049e-10
1.28534e-09
2.13818e-09
2.69719e-09
5.68461e-09
6.06596e-09
1.8369e-08
1.76839e-08
6.68778e-08
7.65298e-08
1.73069e-07
3.16056e-07
3.73895e-07
7.40715e-07
7.5224e-07
1.04559e-06
1.09103e-06
1.33033e-06
1.48517e-06
1.61125e-06
1.61802e-06
2.11433e-06
2.87194e-06
4.21331e-06
5.51816e-06
8.49718e-06
1.37486e-05
2.49049e-05
5.32604e-05
0.000183468
0.00031781
0.000295335
0.000242911
0.000230467
0.000229952
0.000250896
0.000359188
0.000380784
0.000363547
0.000340738
0.0003315
0.000307668
0.0002377
0.000168865
0.000117538
8.92957e-05
7.82574e-05
6.99032e-05
5.88562e-05
4.63953e-05
3.46072e-05
2.46406e-05
1.69257e-05
1.13139e-05
7.41895e-06
4.79086e-06
3.05123e-06
1.92296e-06
1.20548e-06
7.56283e-07
4.77534e-07
3.04686e-07
1.96763e-07
1.28548e-07
8.48109e-08
5.63834e-08
3.76935e-08
2.52985e-08
1.70269e-08
1.14831e-08
7.75668e-09
5.24658e-09
3.55325e-09
2.40961e-09
1.63651e-09
1.11349e-09
7.59399e-10
5.19524e-10
3.56942e-10
2.46712e-10
1.71982e-10
1.21418e-10
8.72844e-11
6.43332e-11
4.94613e-11
3.99263e-11
3.38493e-11
3.22676e-11
3.28168e-11
3.4984e-11
3.97219e-11
4.8383e-11
6.14084e-11
8.12982e-11
1.09835e-10
1.51583e-10
2.12906e-10
3.01082e-10
4.33438e-10
6.15734e-10
9.29956e-10
1.26847e-09
2.20971e-09
2.6427e-09
6.29522e-09
6.12679e-09
2.31063e-08
2.03545e-08
1.08123e-07
1.13138e-07
3.91785e-07
5.5216e-07
8.67692e-07
1.47912e-06
1.72867e-06
2.21713e-06
2.14644e-06
2.53941e-06
2.24074e-06
2.23723e-06
2.38549e-06
3.1002e-06
3.90904e-06
4.32037e-06
5.73405e-06
8.70139e-06
2.12459e-05
2.68382e-05
5.97058e-05
0.000207868
0.00205619
0.00105485
0.00110738
0.000931572
0.00108861
0.00116986
0.00122271
0.00126095
0.00128745
0.00131348
0.00161235
0.00130286
0.00128265
0.00122286
0.00123185
0.00127592
0.00132851
0.00137587
0.00140932
0.00144627
0.00111051
0.0015135
0.00130779
0.00127384
0.00119246
0.00117061
0.00117744
0.00120673
0.00123631
0.00128198
0.000626989
0.0014562
0.00125555
0.00122321
0.00112629
0.00103677
0.000983808
0.000977889
0.00098432
0.00102579
0.00035512
0.00119146
0.00104461
0.00103511
0.000980004
0.000877711
0.000779473
0.000718549
0.000694116
0.00071217
0.000305975
0.000856902
0.000752866
0.000747365
0.000720457
0.000651452
0.00056019
0.000481407
0.000417206
0.000399011
0.000329146
0.000598991
0.000540544
0.000501128
0.000469859
0.000428431
0.000375641
0.000315038
0.000263528
0.000201318
0.000413526
0.000469816
0.000432398
0.000377402
0.000339978
0.000309226
0.000277724
0.000235925
0.000200458
0.000138695
0.000457708
0.000439648
0.000388905
0.000334285
0.000295765
0.000265522
0.000237024
0.000200755
0.000169538
0.000115584
0.000430283
0.000412103
0.00036312
0.000303735
0.000261432
0.000231209
0.000204242
0.000171259
0.000142223
9.57235e-05
0.000342437
0.000337007
0.000302579
0.00024488
0.000209889
0.000188557
0.000168588
0.000142006
0.000117322
7.78372e-05
0.000264948
0.000261437
0.000234144
0.0001885
0.000166889
0.000157198
0.000146884
0.000128076
0.000108552
7.18741e-05
0.000205789
0.000202126
0.000181837
0.000157942
0.000151983
0.00015583
0.000160538
0.000159037
0.000150988
0.000112315
0.000168353
0.000167421
0.00015446
0.000159717
0.000189746
0.000258766
0.000307113
0.000316708
0.000315081
0.000281397
0.000154665
0.000146595
0.000166476
0.000257849
0.000404337
0.000534117
0.00059839
0.000610138
0.000605903
0.000562839
0.000151938
0.000192276
0.000357316
0.000613375
0.000813659
0.000906162
0.000936364
0.000931684
0.000914777
0.000862842
0.000254227
0.000528598
0.000892661
0.00114613
0.00123974
0.00124084
0.00122794
0.00119411
0.00116504
0.00112674
0.000685344
0.00126474
0.00152607
0.00158286
0.00154869
0.00147573
0.00142305
0.00138378
0.00136041
0.00133938
0.0015567
0.00189842
0.00190704
0.00182301
0.00167969
0.00157814
0.00152308
0.00149456
0.00148277
0.00147549
0.00208915
0.00202146
0.0018317
0.00162109
0.00145495
0.00136811
0.00133342
0.00132133
0.00132071
0.00132248
)
;

boundaryField
{
    inlet
    {
        type            zeroGradient;
    }
    outlet
    {
        type            zeroGradient;
    }
    walls
    {
        type            zeroGradient;
    }
    frontAndBack
    {
        type            empty;
    }
}


// ************************************************************************* //
